Dst Port,Protocol,Total Fwd Packets,Total Length of Fwd Packets,SYN Flag Count,ACK Flag Count,RST Flag Count,FIN Flag Count,Label
80,6,20,1480,20,0,0,0,DoS-HTTP
0,1,20,1200,0,0,0,0,DoS-ICMP
80,6,20,1200,20,0,0,0,DoS-SYN-Flood
80,17,20,1200,0,0,0,0,DoS-UDP
80,6,20,1200,20,0,0,0,DoS-SYN-Flood
80,17,20,1200,0,0,0,0,DoS-UDP
80,6,20,1200,20,0,0,0,DoS-SYN-Flood
80,6,20,1200,20,0,0,0,DoS-SYN-Flood
80,6,20,1200,20,0,0,0,DoS-SYN-Flood
803,6,4,240,4,0,0,0,PortScan
80,6,20,1480,20,0,0,0,DoS-HTTP
44384,6,2,120,2,0,0,0,PortScan
80,6,20,1480,20,0,0,0,DoS-HTTP
0,1,20,1200,0,0,0,0,DoS-ICMP
0,1,20,1200,0,0,0,0,DoS-ICMP
80,6,20,1200,20,0,0,0,DoS-SYN-Flood
80,6,20,1200,20,0,0,0,DoS-SYN-Flood
80,17,20,1200,0,0,0,0,DoS-UDP
80,17,20,1200,0,0,0,0,DoS-UDP
22,6,20,1200,20,0,0,0,SSH-Bruteforce
36520,17,20,23942,0,0,0,0,BENIGN
80,17,20,1200,0,0,0,0,DoS-UDP
80,6,20,1200,20,0,0,0,DoS-SYN-Flood
0,1,20,1200,0,0,0,0,DoS-ICMP
80,17,20,1200,0,0,0,0,DoS-UDP
14566,6,4,240,4,0,0,0,PortScan
80,17,20,1200,0,0,0,0,DoS-UDP
0,1,20,1200,0,0,0,0,DoS-ICMP
26081,6,2,120,2,0,0,0,PortScan
80,6,20,1200,20,0,0,0,DoS-SYN-Flood
0,1,20,1200,0,0,0,0,DoS-ICMP
0,1,20,840,0,0,0,0,DoS-ICMP
44456,6,2,120,2,0,0,0,PortScan
80,6,20,1480,20,0,0,0,DoS-HTTP
7685,6,4,240,4,0,0,0,PortScan
80,17,20,1200,0,0,0,0,DoS-UDP
42708,6,2,120,2,0,0,0,PortScan
26704,6,10,580,10,10,0,0,SSH-Bruteforce
80,17,20,1200,0,0,0,0,DoS-UDP
80,17,20,1200,0,0,0,0,DoS-UDP
65426,6,5,290,5,5,0,0,SSH-Bruteforce
80,6,20,1480,20,0,0,0,DoS-HTTP
0,1,20,1200,0,0,0,0,DoS-ICMP
0,1,20,840,0,0,0,0,DoS-ICMP
443,6,20,1816,0,20,0,0,BENIGN
80,6,20,1200,20,0,0,0,DoS-SYN-Flood
80,17,20,1200,0,0,0,0,DoS-UDP
80,6,20,1480,20,0,0,0,DoS-HTTP
80,6,20,1200,20,0,0,0,DoS-SYN-Flood
56638,6,2,120,2,0,0,0,PortScan
48278,6,2,120,2,0,0,0,PortScan
80,6,20,1200,20,0,0,0,DoS-SYN-Flood
80,6,20,1480,20,0,0,0,DoS-HTTP
80,17,20,1200,0,0,0,0,DoS-UDP
63368,6,2,120,2,0,0,0,PortScan
80,6,20,1200,20,0,0,0,DoS-SYN-Flood
56751,6,2,120,2,0,0,0,PortScan
80,6,20,1480,20,0,0,0,DoS-HTTP
80,6,20,1480,20,0,0,0,DoS-HTTP
80,17,20,1200,0,0,0,0,DoS-UDP
80,6,20,1200,20,0,0,0,DoS-SYN-Flood
0,1,20,1200,0,0,0,0,DoS-ICMP
24037,6,4,240,4,0,0,0,PortScan
14606,6,4,240,4,0,0,0,PortScan
80,6,20,1480,20,0,0,0,DoS-HTTP
59026,6,10,580,10,10,0,0,SSH-Bruteforce
22593,6,8,464,8,8,0,0,SSH-Bruteforce
0,1,20,1200,0,0,0,0,DoS-ICMP
80,6,20,1200,20,0,0,0,DoS-SYN-Flood
22,6,20,1200,20,0,0,0,SSH-Bruteforce
20476,6,6,348,6,6,0,0,SSH-Bruteforce
0,1,20,1200,0,0,0,0,DoS-ICMP
37820,6,2,120,2,0,0,0,PortScan
0,1,20,840,0,0,0,0,DoS-ICMP
22,6,20,1200,0,0,20,0,SSH-Bruteforce
22,6,20,1200,14,0,6,0,SSH-Bruteforce
80,6,20,1480,20,0,0,0,DoS-HTTP
29277,6,2,120,2,0,0,0,PortScan
80,6,20,1200,20,0,0,0,DoS-SYN-Flood
80,6,20,1200,20,0,0,0,DoS-SYN-Flood
80,6,20,1200,20,0,0,0,DoS-SYN-Flood
13805,6,12,696,12,12,0,0,SSH-Bruteforce
80,6,20,1200,20,0,0,0,DoS-SYN-Flood
80,17,20,1200,0,0,0,0,DoS-UDP
0,1,20,1200,0,0,0,0,DoS-ICMP
21401,6,9,522,9,9,0,0,SSH-Bruteforce
80,6,20,1480,20,0,0,0,DoS-HTTP
80,6,20,1200,20,0,0,0,DoS-SYN-Flood
30838,6,2,120,2,0,0,0,PortScan
80,6,20,1200,20,0,0,0,DoS-SYN-Flood
39334,6,4,240,4,0,0,0,PortScan
80,6,20,1480,20,0,0,0,DoS-HTTP
25610,6,8,464,8,8,0,0,SSH-Bruteforce
80,17,20,1200,0,0,0,0,DoS-UDP
80,6,20,1200,20,0,0,0,DoS-SYN-Flood
0,1,20,840,0,0,0,0,DoS-ICMP
0,1,20,840,0,0,0,0,DoS-ICMP
22,6,20,1200,20,0,0,0,SSH-Bruteforce
0,1,20,840,0,0,0,0,DoS-ICMP
80,17,20,1200,0,0,0,0,DoS-UDP
80,6,20,1480,20,0,0,0,DoS-HTTP
80,6,20,1200,20,0,0,0,DoS-SYN-Flood
22,6,20,1200,0,0,20,0,SSH-Bruteforce
80,6,20,1200,20,0,0,0,DoS-SYN-Flood
35224,6,2,120,2,0,0,0,PortScan
80,6,20,1480,20,0,0,0,DoS-HTTP
5482,6,8,464,8,8,0,0,SSH-Bruteforce
80,6,20,1480,20,0,0,0,DoS-HTTP
80,6,20,1480,20,0,0,0,DoS-HTTP
80,6,20,1200,20,0,0,0,DoS-SYN-Flood
80,6,20,1480,20,0,0,0,DoS-HTTP
57618,17,19,10784,0,0,0,0,BENIGN
80,6,20,1200,20,0,0,0,DoS-SYN-Flood
80,6,20,1200,20,0,0,0,DoS-SYN-Flood
64160,6,2,120,2,0,0,0,PortScan
80,6,20,1480,20,0,0,0,DoS-HTTP
15763,6,11,638,11,11,0,0,SSH-Bruteforce
80,6,20,1480,20,0,0,0,DoS-HTTP
62616,6,2,120,2,0,0,0,PortScan
80,17,20,1200,0,0,0,0,DoS-UDP
60516,6,20,29200,0,20,0,0,BENIGN
80,6,20,1480,20,0,0,0,DoS-HTTP
26911,6,2,120,2,0,0,0,PortScan
15458,6,2,120,2,0,0,0,PortScan
80,17,20,1200,0,0,0,0,DoS-UDP
80,6,20,1200,20,0,0,0,DoS-SYN-Flood
0,1,20,840,0,0,0,0,DoS-ICMP
16176,6,11,638,11,11,0,0,SSH-Bruteforce
80,17,20,1200,0,0,0,0,DoS-UDP
64018,6,6,348,6,6,0,0,SSH-Bruteforce
80,6,20,1480,20,0,0,0,DoS-HTTP
80,6,20,1200,20,0,0,0,DoS-SYN-Flood
80,6,20,1480,20,0,0,0,DoS-HTTP
80,6,20,1200,20,0,0,0,DoS-SYN-Flood
80,6,20,1200,20,0,0,0,DoS-SYN-Flood
80,17,20,1200,0,0,0,0,DoS-UDP
0,1,20,840,0,0,0,0,DoS-ICMP
22,6,20,1200,20,0,0,0,SSH-Bruteforce
80,6,20,1480,20,0,0,0,DoS-HTTP
80,6,20,1480,20,0,0,0,DoS-HTTP
65337,6,7,406,7,7,0,0,SSH-Bruteforce
0,1,20,1200,0,0,0,0,DoS-ICMP
297,6,6,348,6,6,0,0,SSH-Bruteforce
12923,6,9,522,9,9,0,0,SSH-Bruteforce
80,6,20,1200,20,0,0,0,DoS-SYN-Flood
80,6,20,1200,20,0,0,0,DoS-SYN-Flood
80,17,20,1200,0,0,0,0,DoS-UDP
80,6,20,1480,20,0,0,0,DoS-HTTP
80,6,20,1480,20,0,0,0,DoS-HTTP
58473,6,4,240,4,0,0,0,PortScan
5950,6,4,240,4,0,0,0,PortScan
80,17,20,1200,0,0,0,0,DoS-UDP
0,1,20,1200,0,0,0,0,DoS-ICMP
15015,6,8,464,8,8,0,0,SSH-Bruteforce
50359,6,2,120,2,0,0,0,PortScan
16492,6,2,120,2,0,0,0,PortScan
80,6,20,1480,20,0,0,0,DoS-HTTP
36520,17,20,27980,0,0,0,0,BENIGN
15089,6,8,464,8,8,0,0,SSH-Bruteforce
49318,6,2,116,2,2,0,0,SSH-Bruteforce
20757,6,2,120,2,0,0,0,PortScan
61679,6,4,240,4,0,0,0,PortScan
80,6,20,1480,20,0,0,0,DoS-HTTP
0,1,20,840,0,0,0,0,DoS-ICMP
80,17,20,1200,0,0,0,0,DoS-UDP
0,1,20,1200,0,0,0,0,DoS-ICMP
80,17,20,1200,0,0,0,0,DoS-UDP
80,17,20,1200,0,0,0,0,DoS-UDP
80,6,20,1480,20,0,0,0,DoS-HTTP
38991,6,4,232,4,4,0,0,SSH-Bruteforce
0,1,20,840,0,0,0,0,DoS-ICMP
80,6,20,1480,20,0,0,0,DoS-HTTP
0,1,20,1200,0,0,0,0,DoS-ICMP
22,6,20,1200,8,0,12,0,SSH-Bruteforce
80,17,20,1200,0,0,0,0,DoS-UDP
62611,6,4,232,4,4,0,0,SSH-Bruteforce
4364,6,4,240,4,0,0,0,PortScan
16955,6,6,348,6,6,0,0,SSH-Bruteforce
0,1,20,1200,0,0,0,0,DoS-ICMP
80,6,20,1200,20,0,0,0,DoS-SYN-Flood
0,1,20,840,0,0,0,0,DoS-ICMP
80,17,20,1200,0,0,0,0,DoS-UDP
22,6,20,1200,0,0,20,0,SSH-Bruteforce
80,17,20,1200,0,0,0,0,DoS-UDP
80,6,20,1200,20,0,0,0,DoS-SYN-Flood
39147,6,4,240,4,0,0,0,PortScan
80,6,20,1480,20,0,0,0,DoS-HTTP
22,6,20,1200,20,0,0,0,SSH-Bruteforce
55763,6,2,120,2,0,0,0,PortScan
51106,6,8,464,8,8,0,0,SSH-Bruteforce
29360,6,8,464,8,8,0,0,SSH-Bruteforce
80,6,20,1480,20,0,0,0,DoS-HTTP
0,1,20,840,0,0,0,0,DoS-ICMP
59176,6,2,120,2,0,0,0,PortScan
47437,6,4,240,4,0,0,0,PortScan
80,17,20,1200,0,0,0,0,DoS-UDP
25111,6,4,240,4,0,0,0,PortScan
80,17,20,1200,0,0,0,0,DoS-UDP
35517,6,2,120,2,0,0,0,PortScan
0,1,20,840,0,0,0,0,DoS-ICMP
31562,6,7,406,7,7,0,0,SSH-Bruteforce
22,6,20,1200,20,0,0,0,SSH-Bruteforce
63180,6,6,348,6,6,0,0,SSH-Bruteforce
80,6,20,1480,20,0,0,0,DoS-HTTP
0,1,20,840,0,0,0,0,DoS-ICMP
0,1,20,840,0,0,0,0,DoS-ICMP
80,17,20,1200,0,0,0,0,DoS-UDP
80,6,20,1200,20,0,0,0,DoS-SYN-Flood
80,6,20,1200,20,0,0,0,DoS-SYN-Flood
0,1,20,1200,0,0,0,0,DoS-ICMP
0,1,20,840,0,0,0,0,DoS-ICMP
80,6,20,1480,20,0,0,0,DoS-HTTP
22,6,20,1200,15,0,5,0,SSH-Bruteforce
80,6,20,1200,20,0,0,0,DoS-SYN-Flood
80,17,20,1200,0,0,0,0,DoS-UDP
0,1,20,840,0,0,0,0,DoS-ICMP
80,6,20,1200,20,0,0,0,DoS-SYN-Flood
17529,6,2,120,2,0,0,0,PortScan
80,6,20,1200,20,0,0,0,DoS-SYN-Flood
80,17,20,1200,0,0,0,0,DoS-UDP
0,1,20,840,0,0,0,0,DoS-ICMP
80,6,20,1200,20,0,0,0,DoS-SYN-Flood
0,1,20,840,0,0,0,0,DoS-ICMP
62348,6,2,120,2,0,0,0,PortScan
0,1,20,840,0,0,0,0,DoS-ICMP
56280,6,6,348,6,6,0,0,SSH-Bruteforce
22,6,20,1200,16,0,4,0,SSH-Bruteforce
80,6,20,1200,20,0,0,0,DoS-SYN-Flood
80,6,20,1480,20,0,0,0,DoS-HTTP
80,17,20,1200,0,0,0,0,DoS-UDP
80,6,20,1200,20,0,0,0,DoS-SYN-Flood
34785,6,2,120,2,0,0,0,PortScan
42490,6,6,348,6,6,0,0,SSH-Bruteforce
5628,6,4,240,4,0,0,0,PortScan
10737,6,6,360,6,0,0,0,PortScan
80,6,20,1200,20,0,0,0,DoS-SYN-Flood
0,1,20,840,0,0,0,0,DoS-ICMP
22580,6,7,406,7,7,0,0,SSH-Bruteforce
80,6,20,1480,20,0,0,0,DoS-HTTP
22,6,20,1200,9,0,11,0,SSH-Bruteforce
22,6,20,1200,0,0,20,0,SSH-Bruteforce
26317,6,6,348,6,6,0,0,SSH-Bruteforce
21826,6,2,120,2,0,0,0,PortScan
80,17,20,1200,0,0,0,0,DoS-UDP
0,1,20,1200,0,0,0,0,DoS-ICMP
80,6,20,1200,20,0,0,0,DoS-SYN-Flood
80,17,20,1200,0,0,0,0,DoS-UDP
0,1,20,840,0,0,0,0,DoS-ICMP
17407,6,6,348,6,6,0,0,SSH-Bruteforce
80,6,20,1200,20,0,0,0,DoS-SYN-Flood
60516,6,20,29223,0,20,0,0,BENIGN
0,1,20,1200,0,0,0,0,DoS-ICMP
53092,17,20,27980,0,0,0,0,BENIGN
22,6,20,1200,0,0,20,0,SSH-Bruteforce
80,17,20,1200,0,0,0,0,DoS-UDP
80,6,20,1200,20,0,0,0,DoS-SYN-Flood
38527,6,2,120,2,0,0,0,PortScan
80,17,20,1200,0,0,0,0,DoS-UDP
50455,6,2,120,2,0,0,0,PortScan
24474,6,4,240,4,0,0,0,PortScan
22,6,20,1200,2,0,18,0,SSH-Bruteforce
63424,6,2,120,2,0,0,0,PortScan
80,17,20,1200,0,0,0,0,DoS-UDP
80,6,20,1200,20,0,0,0,DoS-SYN-Flood
49620,6,9,522,9,9,0,0,SSH-Bruteforce
80,6,20,1200,20,0,0,0,DoS-SYN-Flood
21847,6,2,120,2,0,0,0,PortScan
6620,6,6,360,6,0,0,0,PortScan
80,6,20,1200,20,0,0,0,DoS-SYN-Flood
22,6,20,1200,0,0,20,0,SSH-Bruteforce
0,1,20,840,0,0,0,0,DoS-ICMP
80,17,20,1200,0,0,0,0,DoS-UDP
43678,17,20,27980,0,0,0,0,BENIGN
56727,6,11,638,11,11,0,0,SSH-Bruteforce
0,1,20,840,0,0,0,0,DoS-ICMP
0,1,20,840,0,0,0,0,DoS-ICMP
0,1,20,840,0,0,0,0,DoS-ICMP
53272,6,20,29080,0,20,0,0,BENIGN
80,6,20,1200,20,0,0,0,DoS-SYN-Flood
23558,6,4,240,4,0,0,0,PortScan
80,6,20,1480,20,0,0,0,DoS-HTTP
25769,6,10,580,10,10,0,0,SSH-Bruteforce
80,6,20,1480,20,0,0,0,DoS-HTTP
80,17,20,1200,0,0,0,0,DoS-UDP
80,17,20,1200,0,0,0,0,DoS-UDP
80,17,20,1200,0,0,0,0,DoS-UDP
50537,17,2,314,0,0,0,0,BENIGN
20435,6,8,464,8,8,0,0,SSH-Bruteforce
0,1,20,1200,0,0,0,0,DoS-ICMP
43867,6,2,120,2,0,0,0,PortScan
80,6,20,1480,20,0,0,0,DoS-HTTP
22,6,20,1200,0,0,20,0,SSH-Bruteforce
80,6,20,1480,20,0,0,0,DoS-HTTP
80,17,20,1200,0,0,0,0,DoS-UDP
15629,6,2,120,2,0,0,0,PortScan
80,6,20,1200,20,0,0,0,DoS-SYN-Flood
64825,6,7,406,7,7,0,0,SSH-Bruteforce
443,6,20,1480,20,0,0,0,BENIGN
80,17,20,1200,0,0,0,0,DoS-UDP
2642,6,7,406,7,7,0,0,SSH-Bruteforce
80,17,20,1200,0,0,0,0,DoS-UDP
80,17,20,1200,0,0,0,0,DoS-UDP
80,6,20,1480,20,0,0,0,DoS-HTTP
80,6,20,1480,20,0,0,0,DoS-HTTP
80,6,20,1200,20,0,0,0,DoS-SYN-Flood
80,6,20,1200,20,0,0,0,DoS-SYN-Flood
952,6,4,240,4,0,0,0,PortScan
38676,6,4,240,4,0,0,0,PortScan
80,17,20,1200,0,0,0,0,DoS-UDP
0,1,20,1200,0,0,0,0,DoS-ICMP
80,17,20,1200,0,0,0,0,DoS-UDP
80,17,20,1200,0,0,0,0,DoS-UDP
80,6,20,1480,20,0,0,0,DoS-HTTP
80,6,20,1200,20,0,0,0,DoS-SYN-Flood
50028,6,2,120,2,0,0,0,PortScan
52617,6,2,120,2,0,0,0,PortScan
0,1,20,840,0,0,0,0,DoS-ICMP
60628,6,8,464,8,8,0,0,SSH-Bruteforce
80,17,20,1200,0,0,0,0,DoS-UDP
31423,6,2,120,2,0,0,0,PortScan
1132,6,5,290,5,5,0,0,SSH-Bruteforce
22,6,20,1200,19,0,1,0,SSH-Bruteforce
36520,17,20,27980,0,0,0,0,BENIGN
80,17,20,1200,0,0,0,0,DoS-UDP
80,17,20,1200,0,0,0,0,DoS-UDP
63043,6,4,240,4,0,0,0,PortScan
5206,6,8,464,8,8,0,0,SSH-Bruteforce
59017,6,4,240,4,0,0,0,PortScan
80,17,20,1200,0,0,0,0,DoS-UDP
44293,6,2,120,2,0,0,0,PortScan
80,6,20,1200,20,0,0,0,DoS-SYN-Flood
80,6,20,1480,20,0,0,0,DoS-HTTP
80,17,20,1200,0,0,0,0,DoS-UDP
33240,6,20,29038,0,20,0,0,BENIGN
80,6,20,1200,20,0,0,0,DoS-SYN-Flood
8133,6,4,240,4,0,0,0,PortScan
80,6,20,1480,20,0,0,0,DoS-HTTP
80,17,20,1200,0,0,0,0,DoS-UDP
12970,6,9,522,9,9,0,0,SSH-Bruteforce
12477,6,4,240,4,0,0,0,PortScan
80,6,20,1200,20,0,0,0,DoS-SYN-Flood
58821,6,2,120,2,0,0,0,PortScan
80,17,20,1200,0,0,0,0,DoS-UDP
14785,6,4,240,4,0,0,0,PortScan
80,6,20,1200,20,0,0,0,DoS-SYN-Flood
0,1,20,840,0,0,0,0,DoS-ICMP
80,6,20,1200,20,0,0,0,DoS-SYN-Flood
80,17,20,1200,0,0,0,0,DoS-UDP
80,6,20,1200,20,0,0,0,DoS-SYN-Flood
62392,6,2,120,2,0,0,0,PortScan
80,17,20,1200,0,0,0,0,DoS-UDP
80,6,20,1480,20,0,0,0,DoS-HTTP
80,6,20,1200,20,0,0,0,DoS-SYN-Flood
80,6,20,1480,20,0,0,0,DoS-HTTP
80,6,20,1480,20,0,0,0,DoS-HTTP
60886,6,20,28720,0,20,0,0,BENIGN
27235,6,6,348,6,6,0,0,SSH-Bruteforce
22,6,20,1200,0,0,20,0,SSH-Bruteforce
58122,6,6,348,6,6,0,0,SSH-Bruteforce
16045,6,2,120,2,0,0,0,PortScan
0,1,20,1200,0,0,0,0,DoS-ICMP
80,6,20,1200,20,0,0,0,DoS-SYN-Flood
0,1,20,840,0,0,0,0,DoS-ICMP
0,1,20,1200,0,0,0,0,DoS-ICMP
39902,17,20,27980,0,0,0,0,BENIGN
0,1,20,1200,0,0,0,0,DoS-ICMP
80,6,20,1200,20,0,0,0,DoS-SYN-Flood
22,6,20,1200,20,0,0,0,SSH-Bruteforce
80,17,20,1200,0,0,0,0,DoS-UDP
0,1,20,1200,0,0,0,0,DoS-ICMP
65184,6,3,174,3,3,0,0,SSH-Bruteforce
50777,6,7,406,7,7,0,0,SSH-Bruteforce
80,6,20,1480,20,0,0,0,DoS-HTTP
0,1,20,840,0,0,0,0,DoS-ICMP
62799,6,5,290,5,5,0,0,SSH-Bruteforce
80,6,20,1200,20,0,0,0,DoS-SYN-Flood
0,1,20,840,0,0,0,0,DoS-ICMP
27893,6,4,240,4,0,0,0,PortScan
42295,6,6,348,6,6,0,0,SSH-Bruteforce
43040,6,4,240,4,0,0,0,PortScan
23245,6,2,120,2,0,0,0,PortScan
54767,6,4,240,4,0,0,0,PortScan
80,17,20,1200,0,0,0,0,DoS-UDP
80,17,20,1200,0,0,0,0,DoS-UDP
12821,6,6,360,6,0,0,0,PortScan
80,6,20,1480,20,0,0,0,DoS-HTTP
80,17,20,1200,0,0,0,0,DoS-UDP
80,17,20,1200,0,0,0,0,DoS-UDP
22,6,20,1200,20,0,0,0,SSH-Bruteforce
23218,6,2,120,2,0,0,0,PortScan
80,17,20,1200,0,0,0,0,DoS-UDP
80,17,20,1200,0,0,0,0,DoS-UDP
4794,6,4,240,4,0,0,0,PortScan
80,6,20,1200,20,0,0,0,DoS-SYN-Flood
2219,6,6,348,6,6,0,0,SSH-Bruteforce
80,17,20,1200,0,0,0,0,DoS-UDP
55787,6,4,240,4,0,0,0,PortScan
80,17,20,1200,0,0,0,0,DoS-UDP
22,6,20,1200,0,0,20,0,SSH-Bruteforce
22,6,20,1200,0,0,20,0,SSH-Bruteforce
61875,6,2,120,2,0,0,0,PortScan
29389,6,2,120,2,0,0,0,PortScan
80,17,20,1200,0,0,0,0,DoS-UDP
80,17,20,1200,0,0,0,0,DoS-UDP
32997,6,2,120,2,0,0,0,PortScan
23054,6,4,240,4,0,0,0,PortScan
443,6,20,1200,0,20,0,0,BENIGN
0,1,20,840,0,0,0,0,DoS-ICMP
80,6,20,1200,20,0,0,0,DoS-SYN-Flood
46483,6,2,120,2,0,0,0,PortScan
80,6,20,1200,20,0,0,0,DoS-SYN-Flood
22,6,20,1200,0,0,20,0,SSH-Bruteforce
22,6,20,1200,19,0,1,0,SSH-Bruteforce
61358,6,4,240,4,0,0,0,PortScan
28178,6,4,240,4,0,0,0,PortScan
23014,6,2,120,2,0,0,0,PortScan
0,1,20,840,0,0,0,0,DoS-ICMP
35549,6,8,464,8,8,0,0,SSH-Bruteforce
80,6,20,1200,20,0,0,0,DoS-SYN-Flood
0,1,20,1200,0,0,0,0,DoS-ICMP
0,1,20,1200,0,0,0,0,DoS-ICMP
80,6,20,1200,20,0,0,0,DoS-SYN-Flood
0,1,20,1200,0,0,0,0,DoS-ICMP
42455,6,10,580,10,10,0,0,SSH-Bruteforce
80,6,20,1200,20,0,0,0,DoS-SYN-Flood
80,6,20,1480,20,0,0,0,DoS-HTTP
0,1,20,1200,0,0,0,0,DoS-ICMP
443,6,20,2230,0,20,0,0,BENIGN
80,17,20,1200,0,0,0,0,DoS-UDP
26188,6,6,348,6,6,0,0,SSH-Bruteforce
0,1,20,840,0,0,0,0,DoS-ICMP
56445,6,2,120,2,0,0,0,PortScan
33517,6,4,240,4,0,0,0,PortScan
21192,6,8,464,8,8,0,0,SSH-Bruteforce
0,1,20,840,0,0,0,0,DoS-ICMP
80,17,20,1200,0,0,0,0,DoS-UDP
80,6,20,1480,20,0,0,0,DoS-HTTP
80,17,20,1200,0,0,0,0,DoS-UDP
294,6,4,240,4,0,0,0,PortScan
36520,17,20,27980,0,0,0,0,BENIGN
0,1,20,840,0,0,0,0,DoS-ICMP
80,17,20,1200,0,0,0,0,DoS-UDP
80,17,20,1200,0,0,0,0,DoS-UDP
0,1,20,840,0,0,0,0,DoS-ICMP
80,6,20,1200,20,0,0,0,DoS-SYN-Flood
80,6,20,1480,20,0,0,0,DoS-HTTP
80,17,20,1200,0,0,0,0,DoS-UDP
80,17,20,1200,0,0,0,0,DoS-UDP
0,1,20,840,0,0,0,0,DoS-ICMP
80,6,20,1480,20,0,0,0,DoS-HTTP
0,1,20,840,0,0,0,0,DoS-ICMP
41553,6,4,240,4,0,0,0,PortScan
21733,6,4,240,4,0,0,0,PortScan
80,6,20,1200,20,0,0,0,DoS-SYN-Flood
13802,6,9,522,9,9,0,0,SSH-Bruteforce
80,17,20,1200,0,0,0,0,DoS-UDP
80,6,20,1480,20,0,0,0,DoS-HTTP
80,6,20,1480,20,0,0,0,DoS-HTTP
80,6,20,1200,20,0,0,0,DoS-SYN-Flood
24425,6,6,348,6,6,0,0,SSH-Bruteforce
80,6,20,1200,20,0,0,0,DoS-SYN-Flood
48114,6,4,240,4,0,0,0,PortScan
53068,6,2,120,2,0,0,0,PortScan
10095,6,4,240,4,0,0,0,PortScan
23912,6,4,240,4,0,0,0,PortScan
80,6,20,1480,20,0,0,0,DoS-HTTP
22,6,20,1200,0,0,20,0,SSH-Bruteforce
80,17,20,1200,0,0,0,0,DoS-UDP
80,17,20,1200,0,0,0,0,DoS-UDP
80,6,20,1480,20,0,0,0,DoS-HTTP
80,6,20,1480,20,0,0,0,DoS-HTTP
2548,6,8,464,8,8,0,0,SSH-Bruteforce
80,17,20,1200,0,0,0,0,DoS-UDP
80,6,20,1480,20,0,0,0,DoS-HTTP
80,6,20,1480,20,0,0,0,DoS-HTTP
80,17,20,1200,0,0,0,0,DoS-UDP
36520,17,20,27349,0,0,0,0,BENIGN
80,6,20,1200,20,0,0,0,DoS-SYN-Flood
80,17,20,1200,0,0,0,0,DoS-UDP
0,1,20,840,0,0,0,0,DoS-ICMP
80,17,20,1200,0,0,0,0,DoS-UDP
80,6,20,1200,20,0,0,0,DoS-SYN-Flood
80,6,20,1480,20,0,0,0,DoS-HTTP
30130,6,2,120,2,0,0,0,PortScan
80,17,20,1200,0,0,0,0,DoS-UDP
80,6,20,1480,20,0,0,0,DoS-HTTP
80,6,20,1200,20,0,0,0,DoS-SYN-Flood
53272,6,20,26140,0,20,0,0,BENIGN
22,6,20,1200,20,0,0,0,SSH-Bruteforce
4698,6,4,240,4,0,0,0,PortScan
80,6,20,1200,20,0,0,0,DoS-SYN-Flood
80,17,20,1200,0,0,0,0,DoS-UDP
80,6,20,1200,20,0,0,0,DoS-SYN-Flood
80,6,20,1480,20,0,0,0,DoS-HTTP
33240,6,20,29080,0,20,0,0,BENIGN
80,6,20,1200,20,0,0,0,DoS-SYN-Flood
11942,6,9,522,9,9,0,0,SSH-Bruteforce
80,6,20,1480,20,0,0,0,DoS-HTTP
0,1,20,840,0,0,0,0,DoS-ICMP
80,17,20,1200,0,0,0,0,DoS-UDP
80,6,20,1480,20,0,0,0,DoS-HTTP
22,6,20,1200,0,0,20,0,SSH-Bruteforce
61552,6,2,120,2,0,0,0,PortScan
0,1,20,840,0,0,0,0,DoS-ICMP
22,6,20,1200,14,0,6,0,SSH-Bruteforce
0,1,20,1200,0,0,0,0,DoS-ICMP
80,6,20,1200,20,0,0,0,DoS-SYN-Flood
0,1,20,1200,0,0,0,0,DoS-ICMP
80,6,20,1200,20,0,0,0,DoS-SYN-Flood
80,17,20,1200,0,0,0,0,DoS-UDP
80,6,20,1480,20,0,0,0,DoS-HTTP
22,6,20,1200,0,0,20,0,SSH-Bruteforce
27445,6,6,348,6,6,0,0,SSH-Bruteforce
80,6,20,1480,20,0,0,0,DoS-HTTP
42926,6,7,406,7,7,0,0,SSH-Bruteforce
80,17,20,1200,0,0,0,0,DoS-UDP
80,6,20,1480,20,0,0,0,DoS-HTTP
80,6,20,1480,20,0,0,0,DoS-HTTP
52245,6,6,348,6,6,0,0,SSH-Bruteforce
15696,6,2,120,2,0,0,0,PortScan
16391,6,6,348,6,6,0,0,SSH-Bruteforce
54829,17,20,27980,0,0,0,0,BENIGN
26929,6,8,464,8,8,0,0,SSH-Bruteforce
80,17,20,1200,0,0,0,0,DoS-UDP
60886,6,20,29020,0,20,0,0,BENIGN
61532,6,4,240,4,0,0,0,PortScan
0,1,20,840,0,0,0,0,DoS-ICMP
0,1,20,1200,0,0,0,0,DoS-ICMP
56087,6,4,240,4,0,0,0,PortScan
22,6,20,1200,20,0,0,0,SSH-Bruteforce
26774,6,2,120,2,0,0,0,PortScan
80,6,20,1480,20,0,0,0,DoS-HTTP
80,6,20,1480,20,0,0,0,DoS-HTTP
80,17,20,1200,0,0,0,0,DoS-UDP
0,1,20,1200,0,0,0,0,DoS-ICMP
80,6,20,1200,20,0,0,0,DoS-SYN-Flood
51744,6,4,240,4,0,0,0,PortScan
36400,6,2,120,2,0,0,0,PortScan
0,1,20,840,0,0,0,0,DoS-ICMP
59804,6,20,15627,0,20,0,0,BENIGN
80,17,20,1200,0,0,0,0,DoS-UDP
80,6,20,1480,20,0,0,0,DoS-HTTP
41308,17,20,27980,0,0,0,0,BENIGN
80,6,20,1480,20,0,0,0,DoS-HTTP
0,1,20,1200,0,0,0,0,DoS-ICMP
80,6,20,1200,20,0,0,0,DoS-SYN-Flood
0,1,20,840,0,0,0,0,DoS-ICMP
80,6,20,1200,20,0,0,0,DoS-SYN-Flood
22,6,20,1200,1,0,19,0,SSH-Bruteforce
31680,6,6,348,6,6,0,0,SSH-Bruteforce
80,17,20,1200,0,0,0,0,DoS-UDP
57039,6,2,120,2,0,0,0,PortScan
11990,6,7,406,7,7,0,0,SSH-Bruteforce
80,17,20,1200,0,0,0,0,DoS-UDP
22,6,20,1200,20,0,0,0,SSH-Bruteforce
57294,6,4,240,4,0,0,0,PortScan
964,6,6,348,6,6,0,0,SSH-Bruteforce
80,6,20,1480,20,0,0,0,DoS-HTTP
80,6,20,1480,20,0,0,0,DoS-HTTP
80,6,20,1200,20,0,0,0,DoS-SYN-Flood
0,1,20,1200,0,0,0,0,DoS-ICMP
80,6,20,1480,20,0,0,0,DoS-HTTP
44962,6,4,240,4,0,0,0,PortScan
36520,17,20,27980,0,0,0,0,BENIGN
22,6,20,1200,20,0,0,0,SSH-Bruteforce
22,6,20,1200,8,0,12,0,SSH-Bruteforce
80,6,20,1200,20,0,0,0,DoS-SYN-Flood
0,1,20,1200,0,0,0,0,DoS-ICMP
57985,6,4,240,4,0,0,0,PortScan
16259,6,4,240,4,0,0,0,PortScan
80,17,20,1200,0,0,0,0,DoS-UDP
43555,6,8,464,8,8,0,0,SSH-Bruteforce
31788,6,10,580,10,10,0,0,SSH-Bruteforce
443,17,9,2176,0,0,0,0,BENIGN
80,6,20,1480,20,0,0,0,DoS-HTTP
0,1,20,840,0,0,0,0,DoS-ICMP
22160,6,2,120,2,0,0,0,PortScan
80,6,20,1480,20,0,0,0,DoS-HTTP
80,6,20,1480,20,0,0,0,DoS-HTTP
5971,6,9,522,9,9,0,0,SSH-Bruteforce
80,6,20,1200,20,0,0,0,DoS-SYN-Flood
80,6,20,1200,20,0,0,0,DoS-SYN-Flood
11774,6,6,360,6,0,0,0,PortScan
80,6,20,1200,20,0,0,0,DoS-SYN-Flood
22,6,20,1200,20,0,0,0,SSH-Bruteforce
80,6,20,1480,20,0,0,0,DoS-HTTP
9854,6,6,348,6,6,0,0,SSH-Bruteforce
80,17,20,1200,0,0,0,0,DoS-UDP
24774,6,4,240,4,0,0,0,PortScan
0,1,20,840,0,0,0,0,DoS-ICMP
22,6,20,1200,20,0,0,0,SSH-Bruteforce
7000,6,4,240,4,0,0,0,PortScan
80,17,20,1200,0,0,0,0,DoS-UDP
80,6,20,1200,20,0,0,0,DoS-SYN-Flood
0,1,20,840,0,0,0,0,DoS-ICMP
60886,6,20,28960,0,20,0,0,BENIGN
0,1,20,1200,0,0,0,0,DoS-ICMP
22,6,20,1200,0,0,20,0,SSH-Bruteforce
80,6,20,1200,20,0,0,0,DoS-SYN-Flood
36520,17,20,27980,0,0,0,0,BENIGN
22,6,20,1200,20,0,0,0,SSH-Bruteforce
22,6,20,1200,9,0,11,0,SSH-Bruteforce
80,6,20,1200,20,0,0,0,DoS-SYN-Flood
22,6,20,1200,0,0,20,0,SSH-Bruteforce
0,1,20,840,0,0,0,0,DoS-ICMP
80,17,20,1200,0,0,0,0,DoS-UDP
103,6,8,464,8,8,0,0,SSH-Bruteforce
15805,6,4,240,4,0,0,0,PortScan
52087,6,6,348,6,6,0,0,SSH-Bruteforce
80,17,20,1200,0,0,0,0,DoS-UDP
53999,6,5,290,5,5,0,0,SSH-Bruteforce
80,17,20,1200,0,0,0,0,DoS-UDP
18572,6,2,120,2,0,0,0,PortScan
80,6,20,1480,20,0,0,0,DoS-HTTP
80,6,20,1200,20,0,0,0,DoS-SYN-Flood
80,17,20,1200,0,0,0,0,DoS-UDP
80,6,20,1200,20,0,0,0,DoS-SYN-Flood
80,6,20,1200,20,0,0,0,DoS-SYN-Flood
80,17,20,1200,0,0,0,0,DoS-UDP
80,6,20,1480,20,0,0,0,DoS-HTTP
80,6,20,1480,20,0,0,0,DoS-HTTP
80,17,20,1200,0,0,0,0,DoS-UDP
80,6,20,1480,20,0,0,0,DoS-HTTP
53272,6,2,120,2,0,0,0,PortScan
80,6,20,1480,20,0,0,0,DoS-HTTP
22,6,20,1200,20,0,0,0,SSH-Bruteforce
80,17,20,1200,0,0,0,0,DoS-UDP
80,17,20,1200,0,0,0,0,DoS-UDP
80,17,20,1200,0,0,0,0,DoS-UDP
19711,6,4,240,4,0,0,0,PortScan
80,17,20,1200,0,0,0,0,DoS-UDP
22,6,20,1200,1,0,19,0,SSH-Bruteforce
11517,6,4,240,4,0,0,0,PortScan
80,17,20,1200,0,0,0,0,DoS-UDP
80,6,20,1480,20,0,0,0,DoS-HTTP
80,6,20,1200,20,0,0,0,DoS-SYN-Flood
80,6,20,1200,20,0,0,0,DoS-SYN-Flood
443,6,20,4825,9,11,0,0,BENIGN
11204,6,4,240,4,0,0,0,PortScan
80,6,20,1480,20,0,0,0,DoS-HTTP
30219,6,8,464,8,8,0,0,SSH-Bruteforce
80,6,20,1480,20,0,0,0,DoS-HTTP
80,6,20,1200,20,0,0,0,DoS-SYN-Flood
5952,6,4,240,4,0,0,0,PortScan
18998,6,2,120,2,0,0,0,PortScan
80,6,20,1480,20,0,0,0,DoS-HTTP
59158,6,2,120,2,0,0,0,PortScan
0,1,20,840,0,0,0,0,DoS-ICMP
0,1,20,840,0,0,0,0,DoS-ICMP
80,17,20,1200,0,0,0,0,DoS-UDP
0,1,20,840,0,0,0,0,DoS-ICMP
25511,6,2,120,2,0,0,0,PortScan
0,1,20,1200,0,0,0,0,DoS-ICMP
80,6,20,1480,20,0,0,0,DoS-HTTP
0,1,20,1200,0,0,0,0,DoS-ICMP
33365,6,2,120,2,0,0,0,PortScan
0,1,20,1200,0,0,0,0,DoS-ICMP
80,17,20,1200,0,0,0,0,DoS-UDP
80,6,20,1200,20,0,0,0,DoS-SYN-Flood
22,6,20,1200,0,0,20,0,SSH-Bruteforce
80,6,20,1480,20,0,0,0,DoS-HTTP
52137,6,6,348,6,6,0,0,SSH-Bruteforce
80,6,20,1480,20,0,0,0,DoS-HTTP
80,6,20,1200,20,0,0,0,DoS-SYN-Flood
18923,6,2,120,2,0,0,0,PortScan
39804,6,2,120,2,0,0,0,PortScan
9571,6,10,580,10,10,0,0,SSH-Bruteforce
80,17,20,1200,0,0,0,0,DoS-UDP
36520,17,20,27980,0,0,0,0,BENIGN
80,6,20,1480,20,0,0,0,DoS-HTTP
80,17,20,1200,0,0,0,0,DoS-UDP
19102,6,8,464,8,8,0,0,SSH-Bruteforce
80,6,20,1480,20,0,0,0,DoS-HTTP
1811,6,5,290,5,5,0,0,SSH-Bruteforce
80,6,20,1480,20,0,0,0,DoS-HTTP
61126,6,5,290,5,5,0,0,SSH-Bruteforce
80,6,20,1480,20,0,0,0,DoS-HTTP
80,6,20,1200,20,0,0,0,DoS-SYN-Flood
16629,6,4,240,4,0,0,0,PortScan
80,6,20,1480,20,0,0,0,DoS-HTTP
80,6,20,1200,20,0,0,0,DoS-SYN-Flood
80,17,20,1200,0,0,0,0,DoS-UDP
0,1,20,840,0,0,0,0,DoS-ICMP
33240,6,20,29200,0,20,0,0,BENIGN
0,1,20,840,0,0,0,0,DoS-ICMP
80,6,20,1480,20,0,0,0,DoS-HTTP
80,6,20,1200,20,0,0,0,DoS-SYN-Flood
27962,6,10,580,10,10,0,0,SSH-Bruteforce
48499,6,4,232,4,4,0,0,SSH-Bruteforce
0,1,20,1200,0,0,0,0,DoS-ICMP
22,6,20,1200,20,0,0,0,SSH-Bruteforce
33240,6,20,29320,0,20,0,0,BENIGN
0,1,20,1200,0,0,0,0,DoS-ICMP
80,17,20,1200,0,0,0,0,DoS-UDP
16292,6,4,240,4,0,0,0,PortScan
80,6,20,1200,20,0,0,0,DoS-SYN-Flood
0,1,20,1200,0,0,0,0,DoS-ICMP
80,6,20,1200,20,0,0,0,DoS-SYN-Flood
80,6,20,1480,20,0,0,0,DoS-HTTP
80,17,20,1200,0,0,0,0,DoS-UDP
80,17,20,1200,0,0,0,0,DoS-UDP
80,6,20,1480,20,0,0,0,DoS-HTTP
80,17,20,1200,0,0,0,0,DoS-UDP
5658,6,10,580,10,10,0,0,SSH-Bruteforce
36678,6,10,580,10,10,0,0,SSH-Bruteforce
0,1,20,1200,0,0,0,0,DoS-ICMP
54701,6,6,348,6,6,0,0,SSH-Bruteforce
80,17,20,1200,0,0,0,0,DoS-UDP
80,17,20,1200,0,0,0,0,DoS-UDP
41308,17,20,27980,0,0,0,0,BENIGN
4390,6,4,240,4,0,0,0,PortScan
33446,17,20,24670,0,0,0,0,BENIGN
54829,17,20,27980,0,0,0,0,BENIGN
62126,6,2,120,2,0,0,0,PortScan
0,1,20,840,0,0,0,0,DoS-ICMP
5529,6,9,522,9,9,0,0,SSH-Bruteforce
0,1,20,840,0,0,0,0,DoS-ICMP
22,6,20,1200,0,0,20,0,SSH-Bruteforce
80,6,20,1480,20,0,0,0,DoS-HTTP
49850,6,2,120,2,0,0,0,PortScan
15092,6,4,240,4,0,0,0,PortScan
80,17,20,1200,0,0,0,0,DoS-UDP
5631,6,8,464,8,8,0,0,SSH-Bruteforce
80,17,20,1200,0,0,0,0,DoS-UDP
80,6,20,1480,20,0,0,0,DoS-HTTP
80,6,20,1480,20,0,0,0,DoS-HTTP
80,6,20,1200,20,0,0,0,DoS-SYN-Flood
0,1,20,1200,0,0,0,0,DoS-ICMP
80,17,20,1200,0,0,0,0,DoS-UDP
8229,6,4,240,4,0,0,0,PortScan
80,17,20,1200,0,0,0,0,DoS-UDP
0,1,20,1200,0,0,0,0,DoS-ICMP
31447,6,9,522,9,9,0,0,SSH-Bruteforce
8091,6,4,240,4,0,0,0,PortScan
1149,6,4,240,4,0,0,0,PortScan
47407,6,5,290,5,5,0,0,SSH-Bruteforce
80,6,20,1480,20,0,0,0,DoS-HTTP
80,6,20,1480,20,0,0,0,DoS-HTTP
0,1,20,1200,0,0,0,0,DoS-ICMP
27679,6,2,120,2,0,0,0,PortScan
0,1,20,1200,0,0,0,0,DoS-ICMP
22,6,20,1200,20,0,0,0,SSH-Bruteforce
80,6,20,1200,20,0,0,0,DoS-SYN-Flood
33164,6,2,120,2,0,0,0,PortScan
80,6,20,1480,20,0,0,0,DoS-HTTP
80,17,20,1200,0,0,0,0,DoS-UDP
25222,6,2,120,2,0,0,0,PortScan
41659,6,2,120,2,0,0,0,PortScan
80,17,20,1200,0,0,0,0,DoS-UDP
0,1,20,1200,0,0,0,0,DoS-ICMP
80,17,20,1200,0,0,0,0,DoS-UDP
80,6,20,1200,20,0,0,0,DoS-SYN-Flood
80,6,20,1200,20,0,0,0,DoS-SYN-Flood
23967,6,2,120,2,0,0,0,PortScan
0,1,20,1200,0,0,0,0,DoS-ICMP
80,17,20,1200,0,0,0,0,DoS-UDP
0,1,20,1200,0,0,0,0,DoS-ICMP
0,1,20,1200,0,0,0,0,DoS-ICMP
0,1,20,1200,0,0,0,0,DoS-ICMP
4886,6,4,240,4,0,0,0,PortScan
41308,17,20,27980,0,0,0,0,BENIGN
80,6,20,1200,20,0,0,0,DoS-SYN-Flood
0,1,20,840,0,0,0,0,DoS-ICMP
80,6,20,1480,20,0,0,0,DoS-HTTP
22,6,20,1200,0,0,20,0,SSH-Bruteforce
13052,6,4,240,4,0,0,0,PortScan
0,1,20,840,0,0,0,0,DoS-ICMP
22,6,20,1200,3,0,17,0,SSH-Bruteforce
80,6,20,1200,20,0,0,0,DoS-SYN-Flood
80,17,20,1200,0,0,0,0,DoS-UDP
33322,6,9,522,9,9,0,0,SSH-Bruteforce
80,6,20,1480,20,0,0,0,DoS-HTTP
80,6,20,1200,20,0,0,0,DoS-SYN-Flood
0,1,20,840,0,0,0,0,DoS-ICMP
80,17,20,1200,0,0,0,0,DoS-UDP
80,6,20,1480,20,0,0,0,DoS-HTTP
80,17,20,1200,0,0,0,0,DoS-UDP
80,17,20,1200,0,0,0,0,DoS-UDP
61382,6,4,240,4,0,0,0,PortScan
60394,17,20,27150,0,0,0,0,BENIGN
22,6,20,1200,0,0,20,0,SSH-Bruteforce
80,17,20,1200,0,0,0,0,DoS-UDP
49265,6,4,240,4,0,0,0,PortScan
55651,6,4,240,4,0,0,0,PortScan
80,17,20,1200,0,0,0,0,DoS-UDP
80,6,20,1200,20,0,0,0,DoS-SYN-Flood
80,6,20,1200,20,0,0,0,DoS-SYN-Flood
22,6,20,1200,20,0,0,0,SSH-Bruteforce
0,1,20,840,0,0,0,0,DoS-ICMP
0,1,20,840,0,0,0,0,DoS-ICMP
62311,6,6,348,6,6,0,0,SSH-Bruteforce
36520,17,20,27980,0,0,0,0,BENIGN
80,6,20,1200,20,0,0,0,DoS-SYN-Flood
80,6,20,1200,20,0,0,0,DoS-SYN-Flood
25317,6,5,290,5,5,0,0,SSH-Bruteforce
0,1,20,840,0,0,0,0,DoS-ICMP
0,1,20,840,0,0,0,0,DoS-ICMP
28166,6,11,638,11,11,0,0,SSH-Bruteforce
16666,6,2,120,2,0,0,0,PortScan
0,1,20,1200,0,0,0,0,DoS-ICMP
0,1,20,1200,0,0,0,0,DoS-ICMP
80,6,20,1200,20,0,0,0,DoS-SYN-Flood
80,6,20,1480,20,0,0,0,DoS-HTTP
80,6,20,1200,20,0,0,0,DoS-SYN-Flood
80,6,20,1200,20,0,0,0,DoS-SYN-Flood
80,6,20,1480,20,0,0,0,DoS-HTTP
80,6,20,1480,20,0,0,0,DoS-HTTP
0,1,20,1200,0,0,0,0,DoS-ICMP
80,17,20,1200,0,0,0,0,DoS-UDP
80,17,20,1200,0,0,0,0,DoS-UDP
80,6,20,1200,20,0,0,0,DoS-SYN-Flood
0,1,20,840,0,0,0,0,DoS-ICMP
80,17,20,1200,0,0,0,0,DoS-UDP
59336,6,2,120,2,0,0,0,PortScan
80,17,20,1200,0,0,0,0,DoS-UDP
0,1,20,840,0,0,0,0,DoS-ICMP
80,6,20,1480,20,0,0,0,DoS-HTTP
0,1,20,840,0,0,0,0,DoS-ICMP
0,1,20,840,0,0,0,0,DoS-ICMP
80,6,20,1200,20,0,0,0,DoS-SYN-Flood
36520,17,20,27980,0,0,0,0,BENIGN
80,6,20,1480,20,0,0,0,DoS-HTTP
80,6,20,1480,20,0,0,0,DoS-HTTP
60516,6,20,28334,0,20,0,0,BENIGN
80,6,20,1480,20,0,0,0,DoS-HTTP
80,6,20,1480,20,0,0,0,DoS-HTTP
41471,6,2,120,2,0,0,0,PortScan
0,1,20,1200,0,0,0,0,DoS-ICMP
22,6,20,1200,20,0,0,0,SSH-Bruteforce
80,6,20,1200,20,0,0,0,DoS-SYN-Flood
0,1,20,840,0,0,0,0,DoS-ICMP
80,6,20,1480,20,0,0,0,DoS-HTTP
80,6,20,1480,20,0,0,0,DoS-HTTP
45653,6,4,240,4,0,0,0,PortScan
0,1,20,840,0,0,0,0,DoS-ICMP
0,1,20,1200,0,0,0,0,DoS-ICMP
80,6,20,1480,20,0,0,0,DoS-HTTP
80,6,20,1200,20,0,0,0,DoS-SYN-Flood
80,6,20,1200,20,0,0,0,DoS-SYN-Flood
80,6,20,1200,20,0,0,0,DoS-SYN-Flood
80,6,20,1200,20,0,0,0,DoS-SYN-Flood
80,17,20,1200,0,0,0,0,DoS-UDP
14851,6,8,464,8,8,0,0,SSH-Bruteforce
80,6,20,1480,20,0,0,0,DoS-HTTP
26737,6,4,240,4,0,0,0,PortScan
0,1,20,840,0,0,0,0,DoS-ICMP
80,6,20,1480,20,0,0,0,DoS-HTTP
80,6,20,1200,20,0,0,0,DoS-SYN-Flood
16129,6,2,120,2,0,0,0,PortScan
80,17,20,1200,0,0,0,0,DoS-UDP
31007,6,5,290,5,5,0,0,SSH-Bruteforce
80,17,20,1200,0,0,0,0,DoS-UDP
48963,6,4,240,4,0,0,0,PortScan
33656,6,2,120,2,0,0,0,PortScan
0,1,20,840,0,0,0,0,DoS-ICMP
80,17,20,1200,0,0,0,0,DoS-UDP
80,6,20,1200,20,0,0,0,DoS-SYN-Flood
34992,6,7,406,7,7,0,0,SSH-Bruteforce
80,17,20,1200,0,0,0,0,DoS-UDP
16295,6,2,120,2,0,0,0,PortScan
80,17,20,1200,0,0,0,0,DoS-UDP
80,17,20,1200,0,0,0,0,DoS-UDP
80,6,20,1200,20,0,0,0,DoS-SYN-Flood
22,6,20,1200,5,0,15,0,SSH-Bruteforce
80,6,20,1200,20,0,0,0,DoS-SYN-Flood
80,6,20,1480,20,0,0,0,DoS-HTTP
80,6,20,1480,20,0,0,0,DoS-HTTP
0,1,20,1200,0,0,0,0,DoS-ICMP
80,17,20,1200,0,0,0,0,DoS-UDP
80,17,20,1200,0,0,0,0,DoS-UDP
80,17,20,1200,0,0,0,0,DoS-UDP
43349,6,2,120,2,0,0,0,PortScan
443,17,20,6045,0,0,0,0,BENIGN
0,1,20,1200,0,0,0,0,DoS-ICMP
80,6,20,1200,20,0,0,0,DoS-SYN-Flood
80,6,20,1200,20,0,0,0,DoS-SYN-Flood
0,1,20,1200,0,0,0,0,DoS-ICMP
80,17,20,1200,0,0,0,0,DoS-UDP
80,17,20,1200,0,0,0,0,DoS-UDP
61729,6,5,290,5,5,0,0,SSH-Bruteforce
80,6,20,1480,20,0,0,0,DoS-HTTP
80,17,20,1200,0,0,0,0,DoS-UDP
33240,6,20,29140,0,20,0,0,BENIGN
80,6,20,1200,20,0,0,0,DoS-SYN-Flood
22712,6,4,240,4,0,0,0,PortScan
2103,6,4,240,4,0,0,0,PortScan
58974,6,2,120,2,0,0,0,PortScan
80,6,20,1200,20,0,0,0,DoS-SYN-Flood
80,6,20,1200,20,0,0,0,DoS-SYN-Flood
80,6,20,1200,20,0,0,0,DoS-SYN-Flood
12196,6,6,348,6,6,0,0,SSH-Bruteforce
80,6,20,1480,20,0,0,0,DoS-HTTP
80,6,20,1480,20,0,0,0,DoS-HTTP
0,1,20,840,0,0,0,0,DoS-ICMP
80,17,20,1200,0,0,0,0,DoS-UDP
41245,6,2,120,2,0,0,0,PortScan
49335,6,2,120,2,0,0,0,PortScan
2827,6,9,522,9,9,0,0,SSH-Bruteforce
80,6,20,1200,20,0,0,0,DoS-SYN-Flood
80,6,20,1200,20,0,0,0,DoS-SYN-Flood
0,1,20,1200,0,0,0,0,DoS-ICMP
54761,6,7,406,7,7,0,0,SSH-Bruteforce
1165,6,6,348,6,6,0,0,SSH-Bruteforce
80,6,20,1200,20,0,0,0,DoS-SYN-Flood
20449,6,8,464,8,8,0,0,SSH-Bruteforce
80,17,20,1200,0,0,0,0,DoS-UDP
0,1,20,840,0,0,0,0,DoS-ICMP
21775,6,9,522,9,9,0,0,SSH-Bruteforce
80,6,20,1480,20,0,0,0,DoS-HTTP
80,6,20,1480,20,0,0,0,DoS-HTTP
47119,6,6,348,6,6,0,0,SSH-Bruteforce
0,1,20,840,0,0,0,0,DoS-ICMP
80,6,20,1200,20,0,0,0,DoS-SYN-Flood
80,6,20,1480,20,0,0,0,DoS-HTTP
0,1,20,1200,0,0,0,0,DoS-ICMP
36520,17,20,27980,0,0,0,0,BENIGN
10485,6,6,348,6,6,0,0,SSH-Bruteforce
0,1,20,1200,0,0,0,0,DoS-ICMP
80,6,20,1200,20,0,0,0,DoS-SYN-Flood
80,6,20,1480,20,0,0,0,DoS-HTTP
80,17,20,1200,0,0,0,0,DoS-UDP
80,6,20,1480,20,0,0,0,DoS-HTTP
54167,6,2,120,2,0,0,0,PortScan
80,6,20,1200,20,0,0,0,DoS-SYN-Flood
80,17,20,1200,0,0,0,0,DoS-UDP
0,1,20,840,0,0,0,0,DoS-ICMP
80,6,20,1480,20,0,0,0,DoS-HTTP
0,1,20,1200,0,0,0,0,DoS-ICMP
80,6,20,1480,20,0,0,0,DoS-HTTP
0,1,20,1200,0,0,0,0,DoS-ICMP
35854,6,20,29020,0,20,0,0,BENIGN
80,6,20,1200,20,0,0,0,DoS-SYN-Flood
80,17,20,1200,0,0,0,0,DoS-UDP
80,6,20,1200,20,0,0,0,DoS-SYN-Flood
22,6,20,1200,0,0,20,0,SSH-Bruteforce
0,1,20,840,0,0,0,0,DoS-ICMP
31581,6,8,464,8,8,0,0,SSH-Bruteforce
80,6,20,1480,20,0,0,0,DoS-HTTP
59012,6,2,120,2,0,0,0,PortScan
42904,17,20,26969,0,0,0,0,BENIGN
0,1,20,1200,0,0,0,0,DoS-ICMP
30987,6,5,290,5,5,0,0,SSH-Bruteforce
0,1,20,840,0,0,0,0,DoS-ICMP
0,1,20,840,0,0,0,0,DoS-ICMP
80,17,20,1200,0,0,0,0,DoS-UDP
80,6,20,1200,20,0,0,0,DoS-SYN-Flood
0,1,20,840,0,0,0,0,DoS-ICMP
36520,17,20,27980,0,0,0,0,BENIGN
80,6,20,1200,20,0,0,0,DoS-SYN-Flood
80,17,20,1200,0,0,0,0,DoS-UDP
0,1,20,840,0,0,0,0,DoS-ICMP
80,6,20,1200,20,0,0,0,DoS-SYN-Flood
22,6,20,1200,20,0,0,0,SSH-Bruteforce
36520,17,20,27980,0,0,0,0,BENIGN
80,6,20,1480,20,0,0,0,DoS-HTTP
80,6,20,1480,20,0,0,0,DoS-HTTP
27758,6,4,232,4,4,0,0,SSH-Bruteforce
0,1,20,840,0,0,0,0,DoS-ICMP
80,17,20,1200,0,0,0,0,DoS-UDP
80,6,20,1200,20,0,0,0,DoS-SYN-Flood
80,17,20,1200,0,0,0,0,DoS-UDP
8796,6,4,240,4,0,0,0,PortScan
23130,6,9,522,9,9,0,0,SSH-Bruteforce
54965,6,2,120,2,0,0,0,PortScan
57469,6,2,120,2,0,0,0,PortScan
80,6,20,1480,20,0,0,0,DoS-HTTP
80,6,20,1200,20,0,0,0,DoS-SYN-Flood
80,6,20,1200,20,0,0,0,DoS-SYN-Flood
80,17,20,1200,0,0,0,0,DoS-UDP
0,1,20,840,0,0,0,0,DoS-ICMP
0,1,20,1200,0,0,0,0,DoS-ICMP
4846,6,4,240,4,0,0,0,PortScan
80,6,20,1480,20,0,0,0,DoS-HTTP
8223,6,6,360,6,0,0,0,PortScan
80,6,20,1200,20,0,0,0,DoS-SYN-Flood
80,6,20,1480,20,0,0,0,DoS-HTTP
80,6,20,1200,20,0,0,0,DoS-SYN-Flood
1507,6,4,240,4,0,0,0,PortScan
80,17,20,1200,0,0,0,0,DoS-UDP
80,6,20,1480,20,0,0,0,DoS-HTTP
55342,6,2,120,2,0,0,0,PortScan
80,6,20,1200,20,0,0,0,DoS-SYN-Flood
0,1,20,1200,0,0,0,0,DoS-ICMP
72,6,4,240,4,0,0,0,PortScan
0,1,20,1200,0,0,0,0,DoS-ICMP
443,17,20,8403,0,0,0,0,BENIGN
39700,6,10,580,10,10,0,0,SSH-Bruteforce
25917,6,2,120,2,0,0,0,PortScan
80,6,20,1200,20,0,0,0,DoS-SYN-Flood
80,17,20,1200,0,0,0,0,DoS-UDP
33655,6,9,522,9,9,0,0,SSH-Bruteforce
80,6,20,1480,20,0,0,0,DoS-HTTP
80,6,20,1480,20,0,0,0,DoS-HTTP
80,6,20,1480,20,0,0,0,DoS-HTTP
0,1,20,840,0,0,0,0,DoS-ICMP
0,1,20,840,0,0,0,0,DoS-ICMP
80,6,20,1200,20,0,0,0,DoS-SYN-Flood
80,6,20,1480,20,0,0,0,DoS-HTTP
80,6,20,1200,20,0,0,0,DoS-SYN-Flood
3507,6,9,522,9,9,0,0,SSH-Bruteforce
57250,6,8,464,8,8,0,0,SSH-Bruteforce
80,17,20,1200,0,0,0,0,DoS-UDP
0,1,20,840,0,0,0,0,DoS-ICMP
80,17,20,1200,0,0,0,0,DoS-UDP
484,6,4,240,4,0,0,0,PortScan
80,6,20,1480,20,0,0,0,DoS-HTTP
62784,6,5,290,5,5,0,0,SSH-Bruteforce
80,6,20,1200,20,0,0,0,DoS-SYN-Flood
10627,6,9,522,9,9,0,0,SSH-Bruteforce
80,6,20,1200,20,0,0,0,DoS-SYN-Flood
80,17,20,1200,0,0,0,0,DoS-UDP
80,17,20,1200,0,0,0,0,DoS-UDP
443,17,9,712,0,0,0,0,BENIGN
0,1,20,840,0,0,0,0,DoS-ICMP
80,6,20,1200,20,0,0,0,DoS-SYN-Flood
80,6,20,1480,20,0,0,0,DoS-HTTP
80,17,20,1200,0,0,0,0,DoS-UDP
30906,6,5,290,5,5,0,0,SSH-Bruteforce
80,6,20,1200,20,0,0,0,DoS-SYN-Flood
45753,6,4,232,4,4,0,0,SSH-Bruteforce
80,6,20,1200,20,0,0,0,DoS-SYN-Flood
80,17,20,1200,0,0,0,0,DoS-UDP
46297,6,7,406,7,7,0,0,SSH-Bruteforce
80,6,20,1480,20,0,0,0,DoS-HTTP
80,6,20,1200,20,0,0,0,DoS-SYN-Flood
32870,6,2,120,2,0,0,0,PortScan
54829,17,20,21996,0,0,0,0,BENIGN
80,6,20,1200,20,0,0,0,DoS-SYN-Flood
0,1,20,1200,0,0,0,0,DoS-ICMP
80,6,20,1480,20,0,0,0,DoS-HTTP
60585,6,8,464,8,8,0,0,SSH-Bruteforce
0,1,20,840,0,0,0,0,DoS-ICMP
80,6,20,1200,20,0,0,0,DoS-SYN-Flood
64947,6,2,120,2,0,0,0,PortScan
80,6,20,1200,20,0,0,0,DoS-SYN-Flood
80,6,20,1480,20,0,0,0,DoS-HTTP
59046,6,2,120,2,0,0,0,PortScan
22,6,20,1200,0,0,20,0,SSH-Bruteforce
13387,6,11,638,11,11,0,0,SSH-Bruteforce
0,1,20,1200,0,0,0,0,DoS-ICMP
80,17,20,1200,0,0,0,0,DoS-UDP
12855,6,4,240,4,0,0,0,PortScan
80,6,20,1480,20,0,0,0,DoS-HTTP
33660,6,2,120,2,0,0,0,PortScan
80,6,20,1200,20,0,0,0,DoS-SYN-Flood
80,6,20,1480,20,0,0,0,DoS-HTTP
80,6,20,1480,20,0,0,0,DoS-HTTP
80,6,20,1480,20,0,0,0,DoS-HTTP
80,17,20,1200,0,0,0,0,DoS-UDP
54627,6,7,406,7,7,0,0,SSH-Bruteforce
80,6,20,1480,20,0,0,0,DoS-HTTP
80,17,20,1200,0,0,0,0,DoS-UDP
80,6,20,1200,20,0,0,0,DoS-SYN-Flood
37044,6,2,120,2,0,0,0,PortScan
80,6,20,1480,20,0,0,0,DoS-HTTP
80,6,20,1480,20,0,0,0,DoS-HTTP
80,17,20,1200,0,0,0,0,DoS-UDP
1359,6,4,232,4,4,0,0,SSH-Bruteforce
80,6,20,1480,20,0,0,0,DoS-HTTP
0,1,20,840,0,0,0,0,DoS-ICMP
0,1,20,840,0,0,0,0,DoS-ICMP
19417,6,7,406,7,7,0,0,SSH-Bruteforce
36890,6,8,464,8,8,0,0,SSH-Bruteforce
80,6,20,1480,20,0,0,0,DoS-HTTP
80,6,20,1200,20,0,0,0,DoS-SYN-Flood
30726,6,4,240,4,0,0,0,PortScan
80,17,20,1200,0,0,0,0,DoS-UDP
0,1,20,840,0,0,0,0,DoS-ICMP
42440,17,20,27980,0,0,0,0,BENIGN
80,17,20,1200,0,0,0,0,DoS-UDP
80,6,20,1480,20,0,0,0,DoS-HTTP
80,6,20,1200,20,0,0,0,DoS-SYN-Flood
5642,6,6,360,6,0,0,0,PortScan
80,17,20,1200,0,0,0,0,DoS-UDP
80,6,20,1200,20,0,0,0,DoS-SYN-Flood
21260,6,6,348,6,6,0,0,SSH-Bruteforce
0,1,20,1200,0,0,0,0,DoS-ICMP
80,6,20,1480,20,0,0,0,DoS-HTTP
80,6,20,1480,20,0,0,0,DoS-HTTP
20505,6,7,406,7,7,0,0,SSH-Bruteforce
13694,6,6,360,6,0,0,0,PortScan
80,6,20,1200,20,0,0,0,DoS-SYN-Flood
443,6,20,3164,3,17,0,1,BENIGN
80,6,20,1200,20,0,0,0,DoS-SYN-Flood
80,6,20,1480,20,0,0,0,DoS-HTTP
80,17,20,1200,0,0,0,0,DoS-UDP
22,6,20,1200,20,0,0,0,SSH-Bruteforce
53092,17,20,27980,0,0,0,0,BENIGN
27889,6,6,348,6,6,0,0,SSH-Bruteforce
0,1,20,1200,0,0,0,0,DoS-ICMP
0,1,20,1200,0,0,0,0,DoS-ICMP
47388,6,2,120,2,0,0,0,PortScan
80,6,20,1480,20,0,0,0,DoS-HTTP
80,17,20,1200,0,0,0,0,DoS-UDP
22,6,20,1200,0,0,20,0,SSH-Bruteforce
52521,6,10,580,10,10,0,0,SSH-Bruteforce
80,6,20,1480,20,0,0,0,DoS-HTTP
80,17,20,1200,0,0,0,0,DoS-UDP
80,6,20,1200,20,0,0,0,DoS-SYN-Flood
80,17,20,1200,0,0,0,0,DoS-UDP
80,17,20,1200,0,0,0,0,DoS-UDP
0,1,20,840,0,0,0,0,DoS-ICMP
0,1,20,1200,0,0,0,0,DoS-ICMP
80,17,20,1200,0,0,0,0,DoS-UDP
80,17,20,1200,0,0,0,0,DoS-UDP
0,1,20,1200,0,0,0,0,DoS-ICMP
2413,6,6,360,6,0,0,0,PortScan
39902,17,20,27980,0,0,0,0,BENIGN
80,6,20,1200,20,0,0,0,DoS-SYN-Flood
46398,17,20,27980,0,0,0,0,BENIGN
80,17,20,1200,0,0,0,0,DoS-UDP
10580,6,6,348,6,6,0,0,SSH-Bruteforce
0,1,20,1200,0,0,0,0,DoS-ICMP
36520,17,20,27980,0,0,0,0,BENIGN
80,6,20,1200,20,0,0,0,DoS-SYN-Flood
80,17,20,1200,0,0,0,0,DoS-UDP
80,6,20,1200,20,0,0,0,DoS-SYN-Flood
36268,17,20,27980,0,0,0,0,BENIGN
80,6,20,1200,20,0,0,0,DoS-SYN-Flood
0,1,20,840,0,0,0,0,DoS-ICMP
44274,6,2,120,2,0,0,0,PortScan
0,1,20,840,0,0,0,0,DoS-ICMP
80,17,20,1200,0,0,0,0,DoS-UDP
9295,6,4,240,4,0,0,0,PortScan
31317,6,4,240,4,0,0,0,PortScan
80,17,20,1200,0,0,0,0,DoS-UDP
34857,6,4,240,4,0,0,0,PortScan
80,6,20,1480,20,0,0,0,DoS-HTTP
80,6,20,1200,20,0,0,0,DoS-SYN-Flood
0,1,20,1200,0,0,0,0,DoS-ICMP
42440,17,20,27980,0,0,0,0,BENIGN
41308,17,13,18187,0,0,0,0,BENIGN
0,1,20,1200,0,0,0,0,DoS-ICMP
0,1,20,840,0,0,0,0,DoS-ICMP
22,6,20,1200,10,0,10,0,SSH-Bruteforce
80,6,20,1200,20,0,0,0,DoS-SYN-Flood
46907,6,4,240,4,0,0,0,PortScan
0,1,20,1200,0,0,0,0,DoS-ICMP
36520,17,20,27437,0,0,0,0,BENIGN
80,17,20,1200,0,0,0,0,DoS-UDP
0,1,20,1200,0,0,0,0,DoS-ICMP
0,1,20,1200,0,0,0,0,DoS-ICMP
22,6,20,1200,20,0,0,0,SSH-Bruteforce
22,6,20,1200,20,0,0,0,SSH-Bruteforce
41506,6,2,120,2,0,0,0,PortScan
3329,6,4,240,4,0,0,0,PortScan
80,6,20,1480,20,0,0,0,DoS-HTTP
0,1,20,1200,0,0,0,0,DoS-ICMP
80,6,20,1200,20,0,0,0,DoS-SYN-Flood
0,1,20,840,0,0,0,0,DoS-ICMP
80,6,20,1480,20,0,0,0,DoS-HTTP
0,1,20,1200,0,0,0,0,DoS-ICMP
15607,6,4,240,4,0,0,0,PortScan
47250,6,4,240,4,0,0,0,PortScan
13919,6,8,464,8,8,0,0,SSH-Bruteforce
14527,6,7,406,7,7,0,0,SSH-Bruteforce
80,17,20,1200,0,0,0,0,DoS-UDP
47066,6,2,120,2,0,0,0,PortScan
30979,6,2,120,2,0,0,0,PortScan
80,6,20,1200,20,0,0,0,DoS-SYN-Flood
0,1,20,840,0,0,0,0,DoS-ICMP
443,6,20,1200,0,20,0,0,BENIGN
80,6,20,1200,20,0,0,0,DoS-SYN-Flood
55029,6,2,120,2,0,0,0,PortScan
38378,6,2,120,2,0,0,0,PortScan
80,17,20,1200,0,0,0,0,DoS-UDP
80,6,20,1200,20,0,0,0,DoS-SYN-Flood
0,1,20,1200,0,0,0,0,DoS-ICMP
28381,6,9,522,9,9,0,0,SSH-Bruteforce
0,1,20,1200,0,0,0,0,DoS-ICMP
80,6,20,1200,20,0,0,0,DoS-SYN-Flood
60886,6,20,26280,0,20,0,0,BENIGN
22,6,20,1200,0,0,20,0,SSH-Bruteforce
80,6,20,1200,20,0,0,0,DoS-SYN-Flood
36268,17,20,27980,0,0,0,0,BENIGN
0,1,20,1200,0,0,0,0,DoS-ICMP
23372,6,2,120,2,0,0,0,PortScan
80,6,20,1200,20,0,0,0,DoS-SYN-Flood
56986,6,2,120,2,0,0,0,PortScan
39902,17,20,27980,0,0,0,0,BENIGN
80,6,20,1480,20,0,0,0,DoS-HTTP
41852,6,10,580,10,10,0,0,SSH-Bruteforce
50555,6,5,290,5,5,0,0,SSH-Bruteforce
0,1,20,840,0,0,0,0,DoS-ICMP
80,6,20,1200,20,0,0,0,DoS-SYN-Flood
56094,6,2,120,2,0,0,0,PortScan
51618,6,4,240,4,0,0,0,PortScan
22,6,20,1200,5,0,15,0,SSH-Bruteforce
22,6,20,1200,20,0,0,0,SSH-Bruteforce
17038,6,2,120,2,0,0,0,PortScan
80,6,20,1480,20,0,0,0,DoS-HTTP
80,17,20,1200,0,0,0,0,DoS-UDP
80,6,20,1200,20,0,0,0,DoS-SYN-Flood
80,6,20,1480,20,0,0,0,DoS-HTTP
31080,6,9,522,9,9,0,0,SSH-Bruteforce
80,17,20,1200,0,0,0,0,DoS-UDP
53258,6,20,30106,0,20,0,0,BENIGN
80,6,20,1480,20,0,0,0,DoS-HTTP
20812,6,2,120,2,0,0,0,PortScan
80,17,20,1200,0,0,0,0,DoS-UDP
80,17,20,1200,0,0,0,0,DoS-UDP
80,6,20,1480,20,0,0,0,DoS-HTTP
80,6,20,1480,20,0,0,0,DoS-HTTP
298,6,4,240,4,0,0,0,PortScan
80,6,20,1480,20,0,0,0,DoS-HTTP
80,17,20,1200,0,0,0,0,DoS-UDP
22,6,20,1200,20,0,0,0,SSH-Bruteforce
80,6,20,1480,20,0,0,0,DoS-HTTP
80,6,20,1480,20,0,0,0,DoS-HTTP
80,6,20,1200,20,0,0,0,DoS-SYN-Flood
80,6,20,1480,20,0,0,0,DoS-HTTP
22,6,20,1200,20,0,0,0,SSH-Bruteforce
64728,6,4,240,4,0,0,0,PortScan
80,6,20,1200,20,0,0,0,DoS-SYN-Flood
80,6,20,1480,20,0,0,0,DoS-HTTP
80,6,20,1200,20,0,0,0,DoS-SYN-Flood
49811,6,2,120,2,0,0,0,PortScan
0,1,20,1200,0,0,0,0,DoS-ICMP
80,6,20,1480,20,0,0,0,DoS-HTTP
80,6,20,1480,20,0,0,0,DoS-HTTP
80,6,20,1200,20,0,0,0,DoS-SYN-Flood
50708,6,8,464,8,8,0,0,SSH-Bruteforce
22,6,20,1200,4,0,16,0,SSH-Bruteforce
0,1,20,1200,0,0,0,0,DoS-ICMP
80,6,20,1200,20,0,0,0,DoS-SYN-Flood
80,17,20,1200,0,0,0,0,DoS-UDP
80,6,20,1480,20,0,0,0,DoS-HTTP
80,17,20,1200,0,0,0,0,DoS-UDP
36520,17,20,23880,0,0,0,0,BENIGN
80,6,20,1480,20,0,0,0,DoS-HTTP
61758,6,2,120,2,0,0,0,PortScan
80,6,20,1480,20,0,0,0,DoS-HTTP
80,6,20,1200,20,0,0,0,DoS-SYN-Flood
80,6,20,1200,20,0,0,0,DoS-SYN-Flood
80,6,20,1200,20,0,0,0,DoS-SYN-Flood
80,6,20,1200,20,0,0,0,DoS-SYN-Flood
1228,6,4,232,4,4,0,0,SSH-Bruteforce
80,6,20,1200,20,0,0,0,DoS-SYN-Flood
488,6,6,348,6,6,0,0,SSH-Bruteforce
80,17,20,1200,0,0,0,0,DoS-UDP
0,1,20,1200,0,0,0,0,DoS-ICMP
9487,6,4,240,4,0,0,0,PortScan
0,1,20,840,0,0,0,0,DoS-ICMP
22411,6,2,120,2,0,0,0,PortScan
80,17,20,1200,0,0,0,0,DoS-UDP
0,1,20,1200,0,0,0,0,DoS-ICMP
34855,6,9,522,9,9,0,0,SSH-Bruteforce
15360,6,4,240,4,0,0,0,PortScan
80,6,20,1200,20,0,0,0,DoS-SYN-Flood
62246,6,11,638,11,11,0,0,SSH-Bruteforce
80,6,20,1480,20,0,0,0,DoS-HTTP
60482,6,2,120,2,0,0,0,PortScan
80,6,20,1200,20,0,0,0,DoS-SYN-Flood
80,6,20,1480,20,0,0,0,DoS-HTTP
0,1,20,840,0,0,0,0,DoS-ICMP
80,6,20,1200,20,0,0,0,DoS-SYN-Flood
0,1,20,1200,0,0,0,0,DoS-ICMP
80,17,20,1200,0,0,0,0,DoS-UDP
80,6,20,1200,20,0,0,0,DoS-SYN-Flood
80,6,20,1200,20,0,0,0,DoS-SYN-Flood
80,17,20,1200,0,0,0,0,DoS-UDP
16718,6,6,348,6,6,0,0,SSH-Bruteforce
443,6,20,1200,0,20,0,0,BENIGN
12895,6,4,240,4,0,0,0,PortScan
48805,6,2,120,2,0,0,0,PortScan
80,17,20,1200,0,0,0,0,DoS-UDP
59934,6,7,406,7,7,0,0,SSH-Bruteforce
8446,6,6,360,6,0,0,0,PortScan
80,17,20,1200,0,0,0,0,DoS-UDP
80,17,20,1200,0,0,0,0,DoS-UDP
80,6,20,1200,20,0,0,0,DoS-SYN-Flood
0,1,20,840,0,0,0,0,DoS-ICMP
22,6,20,1200,20,0,0,0,SSH-Bruteforce
0,1,20,840,0,0,0,0,DoS-ICMP
80,6,20,1200,20,0,0,0,DoS-SYN-Flood
0,1,20,840,0,0,0,0,DoS-ICMP
22,6,20,1200,17,0,3,0,SSH-Bruteforce
60886,6,20,25000,0,20,0,0,BENIGN
80,6,20,1200,20,0,0,0,DoS-SYN-Flood
22,6,20,1200,11,0,9,0,SSH-Bruteforce
43992,17,20,27980,0,0,0,0,BENIGN
80,17,20,1200,0,0,0,0,DoS-UDP
35717,6,2,120,2,0,0,0,PortScan
37774,6,4,240,4,0,0,0,PortScan
80,6,20,1480,20,0,0,0,DoS-HTTP
14717,6,6,360,6,0,0,0,PortScan
80,6,20,1200,20,0,0,0,DoS-SYN-Flood
17147,6,6,348,6,6,0,0,SSH-Bruteforce
22,6,20,1200,0,0,20,0,SSH-Bruteforce
0,1,20,1200,0,0,0,0,DoS-ICMP
80,6,20,1480,20,0,0,0,DoS-HTTP
80,6,20,1480,20,0,0,0,DoS-HTTP
0,1,20,840,0,0,0,0,DoS-ICMP
80,6,20,1200,20,0,0,0,DoS-SYN-Flood
22744,6,2,120,2,0,0,0,PortScan
80,6,20,1200,20,0,0,0,DoS-SYN-Flood
80,17,20,1200,0,0,0,0,DoS-UDP
80,17,20,1200,0,0,0,0,DoS-UDP
80,17,20,1200,0,0,0,0,DoS-UDP
80,17,20,1200,0,0,0,0,DoS-UDP
30987,6,2,120,2,0,0,0,PortScan
42410,6,2,120,2,0,0,0,PortScan
80,17,20,1200,0,0,0,0,DoS-UDP
36520,17,20,27980,0,0,0,0,BENIGN
60886,6,20,29080,0,20,0,0,BENIGN
80,6,20,1480,20,0,0,0,DoS-HTTP
80,17,20,1200,0,0,0,0,DoS-UDP
80,6,20,1200,20,0,0,0,DoS-SYN-Flood
80,17,20,1200,0,0,0,0,DoS-UDP
80,17,20,1200,0,0,0,0,DoS-UDP
80,17,20,1200,0,0,0,0,DoS-UDP
80,6,20,1480,20,0,0,0,DoS-HTTP
80,17,20,1200,0,0,0,0,DoS-UDP
80,6,20,1200,20,0,0,0,DoS-SYN-Flood
19943,6,2,120,2,0,0,0,PortScan
22,6,20,1200,20,0,0,0,SSH-Bruteforce
80,6,20,1200,20,0,0,0,DoS-SYN-Flood
80,17,20,1200,0,0,0,0,DoS-UDP
28015,6,2,120,2,0,0,0,PortScan
80,6,20,1200,20,0,0,0,DoS-SYN-Flood
22,6,20,1200,6,0,14,0,SSH-Bruteforce
0,1,20,1200,0,0,0,0,DoS-ICMP
18877,6,2,120,2,0,0,0,PortScan
80,6,20,1480,20,0,0,0,DoS-HTTP
68,17,1,342,0,0,0,0,BENIGN
443,6,20,1200,0,20,0,0,BENIGN
53,17,20,1581,0,0,0,0,BENIGN
80,17,20,1200,0,0,0,0,DoS-UDP
80,6,20,1200,20,0,0,0,DoS-SYN-Flood
25346,6,2,120,2,0,0,0,PortScan
44447,6,8,464,8,8,0,0,SSH-Bruteforce
0,1,20,1200,0,0,0,0,DoS-ICMP
80,6,20,1480,20,0,0,0,DoS-HTTP
0,1,20,840,0,0,0,0,DoS-ICMP
58438,6,5,290,5,5,0,0,SSH-Bruteforce
80,6,20,1480,20,0,0,0,DoS-HTTP
0,1,20,840,0,0,0,0,DoS-ICMP
80,6,20,1200,20,0,0,0,DoS-SYN-Flood
80,17,20,1200,0,0,0,0,DoS-UDP
0,1,20,840,0,0,0,0,DoS-ICMP
34212,6,4,232,4,4,0,0,SSH-Bruteforce
80,17,20,1200,0,0,0,0,DoS-UDP
60886,6,20,28600,0,20,0,0,BENIGN
0,1,20,840,0,0,0,0,DoS-ICMP
80,6,20,1200,20,0,0,0,DoS-SYN-Flood
80,6,20,1480,20,0,0,0,DoS-HTTP
80,6,20,1480,20,0,0,0,DoS-HTTP
80,6,20,1200,20,0,0,0,DoS-SYN-Flood
80,17,20,1200,0,0,0,0,DoS-UDP
38279,6,4,240,4,0,0,0,PortScan
80,6,20,1200,20,0,0,0,DoS-SYN-Flood
443,6,20,13640,1,19,0,0,BENIGN
80,6,20,1480,20,0,0,0,DoS-HTTP
80,6,20,1200,20,0,0,0,DoS-SYN-Flood
80,6,20,1480,20,0,0,0,DoS-HTTP
46398,17,20,27980,0,0,0,0,BENIGN
0,1,20,1200,0,0,0,0,DoS-ICMP
80,6,20,1200,20,0,0,0,DoS-SYN-Flood
80,6,20,1200,20,0,0,0,DoS-SYN-Flood
80,6,20,1480,20,0,0,0,DoS-HTTP
80,6,20,1480,20,0,0,0,DoS-HTTP
42368,6,5,309,0,5,0,1,BENIGN
0,1,20,840,0,0,0,0,DoS-ICMP
35440,6,2,120,2,0,0,0,PortScan
22,6,20,1200,5,0,15,0,SSH-Bruteforce
443,6,20,1200,0,20,0,0,BENIGN
33240,6,20,29080,0,20,0,0,BENIGN
80,17,20,1200,0,0,0,0,DoS-UDP
80,17,20,1200,0,0,0,0,DoS-UDP
443,17,8,1176,0,0,0,0,BENIGN
53278,6,20,29733,0,20,0,0,BENIGN
40324,6,9,522,9,9,0,0,SSH-Bruteforce
60640,6,2,120,2,0,0,0,PortScan
60886,6,20,28059,0,20,0,0,BENIGN
80,17,20,1200,0,0,0,0,DoS-UDP
0,1,20,1200,0,0,0,0,DoS-ICMP
80,6,20,1200,20,0,0,0,DoS-SYN-Flood
80,6,20,1200,20,0,0,0,DoS-SYN-Flood
0,1,20,1200,0,0,0,0,DoS-ICMP
36009,6,10,580,10,10,0,0,SSH-Bruteforce
6041,6,7,406,7,7,0,0,SSH-Bruteforce
80,6,20,1200,20,0,0,0,DoS-SYN-Flood
0,1,20,840,0,0,0,0,DoS-ICMP
39902,17,20,27980,0,0,0,0,BENIGN
80,6,20,1480,20,0,0,0,DoS-HTTP
80,17,20,1200,0,0,0,0,DoS-UDP
9710,6,9,522,9,9,0,0,SSH-Bruteforce
33532,6,8,464,8,8,0,0,SSH-Bruteforce
12739,6,9,522,9,9,0,0,SSH-Bruteforce
80,6,20,1200,20,0,0,0,DoS-SYN-Flood
0,1,20,1200,0,0,0,0,DoS-ICMP
27588,6,2,120,2,0,0,0,PortScan
0,1,20,1200,0,0,0,0,DoS-ICMP
80,6,20,1200,20,0,0,0,DoS-SYN-Flood
36520,17,20,27980,0,0,0,0,BENIGN
61745,6,2,120,2,0,0,0,PortScan
80,6,20,1200,20,0,0,0,DoS-SYN-Flood
0,1,20,840,0,0,0,0,DoS-ICMP
80,6,20,1200,20,0,0,0,DoS-SYN-Flood
45088,6,4,240,4,0,0,0,PortScan
31982,6,4,240,4,0,0,0,PortScan
80,6,20,1200,20,0,0,0,DoS-SYN-Flood
80,6,20,1200,20,0,0,0,DoS-SYN-Flood
0,1,20,840,0,0,0,0,DoS-ICMP
80,6,20,1480,20,0,0,0,DoS-HTTP
80,17,20,1200,0,0,0,0,DoS-UDP
80,17,20,1200,0,0,0,0,DoS-UDP
43678,17,20,27980,0,0,0,0,BENIGN
80,6,20,1480,20,0,0,0,DoS-HTTP
80,17,20,1200,0,0,0,0,DoS-UDP
58906,6,2,120,2,0,0,0,PortScan
80,6,20,1200,20,0,0,0,DoS-SYN-Flood
80,6,20,1480,20,0,0,0,DoS-HTTP
80,17,20,1200,0,0,0,0,DoS-UDP
80,17,20,1200,0,0,0,0,DoS-UDP
22868,6,2,120,2,0,0,0,PortScan
57551,6,6,348,6,6,0,0,SSH-Bruteforce
31829,6,2,120,2,0,0,0,PortScan
80,6,20,1200,20,0,0,0,DoS-SYN-Flood
0,1,20,840,0,0,0,0,DoS-ICMP
80,6,20,1480,20,0,0,0,DoS-HTTP
12180,6,7,406,7,7,0,0,SSH-Bruteforce
80,6,20,1480,20,0,0,0,DoS-HTTP
80,17,20,1200,0,0,0,0,DoS-UDP
49693,6,2,120,2,0,0,0,PortScan
1541,6,4,240,4,0,0,0,PortScan
80,17,20,1200,0,0,0,0,DoS-UDP
42284,6,2,120,2,0,0,0,PortScan
0,1,20,840,0,0,0,0,DoS-ICMP
43678,17,20,27980,0,0,0,0,BENIGN
80,6,20,1480,20,0,0,0,DoS-HTTP
0,1,20,840,0,0,0,0,DoS-ICMP
0,1,20,1200,0,0,0,0,DoS-ICMP
22,6,20,1200,0,0,20,0,SSH-Bruteforce
25043,6,2,120,2,0,0,0,PortScan
80,17,20,1200,0,0,0,0,DoS-UDP
80,6,20,1480,20,0,0,0,DoS-HTTP
80,6,20,1480,20,0,0,0,DoS-HTTP
62861,6,4,240,4,0,0,0,PortScan
0,1,20,840,0,0,0,0,DoS-ICMP
45192,6,2,120,2,0,0,0,PortScan
80,17,20,1200,0,0,0,0,DoS-UDP
80,17,20,1200,0,0,0,0,DoS-UDP
80,17,20,1200,0,0,0,0,DoS-UDP
80,6,20,1200,20,0,0,0,DoS-SYN-Flood
80,17,20,1200,0,0,0,0,DoS-UDP
22,6,20,1200,0,0,20,0,SSH-Bruteforce
54829,17,20,25562,0,0,0,0,BENIGN
0,1,20,840,0,0,0,0,DoS-ICMP
51665,6,2,120,2,0,0,0,PortScan
0,1,20,1200,0,0,0,0,DoS-ICMP
80,6,20,1480,20,0,0,0,DoS-HTTP
57012,6,8,464,8,8,0,0,SSH-Bruteforce
0,1,20,840,0,0,0,0,DoS-ICMP
51041,6,4,232,4,4,0,0,SSH-Bruteforce
24954,6,2,120,2,0,0,0,PortScan
80,6,20,1480,20,0,0,0,DoS-HTTP
80,17,20,1200,0,0,0,0,DoS-UDP
16831,6,7,406,7,7,0,0,SSH-Bruteforce
37147,6,4,240,4,0,0,0,PortScan
80,6,20,1200,20,0,0,0,DoS-SYN-Flood
80,6,20,1200,20,0,0,0,DoS-SYN-Flood
0,1,20,1200,0,0,0,0,DoS-ICMP
36520,17,20,27980,0,0,0,0,BENIGN
17947,6,2,120,2,0,0,0,PortScan
80,17,20,1200,0,0,0,0,DoS-UDP
38911,6,8,464,8,8,0,0,SSH-Bruteforce
53272,6,20,28840,0,20,0,0,BENIGN
0,1,20,1200,0,0,0,0,DoS-ICMP
80,6,20,1200,20,0,0,0,DoS-SYN-Flood
10308,6,4,240,4,0,0,0,PortScan
0,1,20,1200,0,0,0,0,DoS-ICMP
80,6,20,1480,20,0,0,0,DoS-HTTP
13981,6,8,464,8,8,0,0,SSH-Bruteforce
12688,6,9,522,9,9,0,0,SSH-Bruteforce
80,6,20,1200,20,0,0,0,DoS-SYN-Flood
15853,6,2,120,2,0,0,0,PortScan
0,1,20,840,0,0,0,0,DoS-ICMP
0,1,20,1200,0,0,0,0,DoS-ICMP
54829,17,20,27980,0,0,0,0,BENIGN
0,1,20,840,0,0,0,0,DoS-ICMP
80,6,20,1480,20,0,0,0,DoS-HTTP
80,17,20,1200,0,0,0,0,DoS-UDP
80,6,20,1480,20,0,0,0,DoS-HTTP
0,1,20,840,0,0,0,0,DoS-ICMP
0,1,20,840,0,0,0,0,DoS-ICMP
80,6,20,1480,20,0,0,0,DoS-HTTP
36784,6,8,464,8,8,0,0,SSH-Bruteforce
80,17,20,1200,0,0,0,0,DoS-UDP
0,1,20,840,0,0,0,0,DoS-ICMP
80,6,20,1200,20,0,0,0,DoS-SYN-Flood
80,6,20,1480,20,0,0,0,DoS-HTTP
80,17,20,1200,0,0,0,0,DoS-UDP
80,6,20,1200,20,0,0,0,DoS-SYN-Flood
80,6,20,1200,20,0,0,0,DoS-SYN-Flood
80,6,20,1200,20,0,0,0,DoS-SYN-Flood
80,6,20,1480,20,0,0,0,DoS-HTTP
80,17,20,1200,0,0,0,0,DoS-UDP
80,17,20,1200,0,0,0,0,DoS-UDP
0,1,20,840,0,0,0,0,DoS-ICMP
80,17,20,1200,0,0,0,0,DoS-UDP
80,17,20,1200,0,0,0,0,DoS-UDP
41438,6,13,754,13,13,0,0,SSH-Bruteforce
22,6,20,1200,0,0,20,0,SSH-Bruteforce
80,6,20,1200,20,0,0,0,DoS-SYN-Flood
64512,6,5,290,5,5,0,0,SSH-Bruteforce
7667,6,4,240,4,0,0,0,PortScan
35945,6,2,120,2,0,0,0,PortScan
0,1,20,840,0,0,0,0,DoS-ICMP
16034,6,2,120,2,0,0,0,PortScan
7867,6,4,240,4,0,0,0,PortScan
59093,6,10,580,10,10,0,0,SSH-Bruteforce
80,17,20,1200,0,0,0,0,DoS-UDP
80,17,20,1200,0,0,0,0,DoS-UDP
80,6,20,1200,20,0,0,0,DoS-SYN-Flood
80,6,20,1200,20,0,0,0,DoS-SYN-Flood
22,6,20,1200,0,0,20,0,SSH-Bruteforce
41978,6,2,120,2,0,0,0,PortScan
0,1,20,1200,0,0,0,0,DoS-ICMP
4255,6,4,240,4,0,0,0,PortScan
80,6,20,1200,20,0,0,0,DoS-SYN-Flood
0,1,20,1200,0,0,0,0,DoS-ICMP
80,6,20,1200,20,0,0,0,DoS-SYN-Flood
80,6,20,1480,20,0,0,0,DoS-HTTP
6714,6,7,406,7,7,0,0,SSH-Bruteforce
14936,6,6,360,6,0,0,0,PortScan
80,6,20,1480,20,0,0,0,DoS-HTTP
57600,6,7,406,7,7,0,0,SSH-Bruteforce
0,1,20,840,0,0,0,0,DoS-ICMP
80,6,20,1200,20,0,0,0,DoS-SYN-Flood
0,1,20,840,0,0,0,0,DoS-ICMP
80,6,20,1480,20,0,0,0,DoS-HTTP
80,6,20,1480,20,0,0,0,DoS-HTTP
0,1,20,840,0,0,0,0,DoS-ICMP
0,1,20,840,0,0,0,0,DoS-ICMP
0,1,20,840,0,0,0,0,DoS-ICMP
38921,6,4,240,4,0,0,0,PortScan
80,17,20,1200,0,0,0,0,DoS-UDP
80,17,20,1200,0,0,0,0,DoS-UDP
0,1,20,840,0,0,0,0,DoS-ICMP
56678,6,1,54,0,1,1,0,BENIGN
55736,6,2,120,2,0,0,0,PortScan
80,6,20,1480,20,0,0,0,DoS-HTTP
22,6,20,1200,18,0,2,0,SSH-Bruteforce
0,1,20,840,0,0,0,0,DoS-ICMP
0,1,20,840,0,0,0,0,DoS-ICMP
44789,6,2,120,2,0,0,0,PortScan
0,1,20,840,0,0,0,0,DoS-ICMP
11189,6,9,522,9,9,0,0,SSH-Bruteforce
80,6,20,1200,20,0,0,0,DoS-SYN-Flood
13810,6,4,240,4,0,0,0,PortScan
0,1,20,1200,0,0,0,0,DoS-ICMP
80,6,20,1200,20,0,0,0,DoS-SYN-Flood
80,6,20,1200,20,0,0,0,DoS-SYN-Flood
80,6,20,1480,20,0,0,0,DoS-HTTP
0,1,20,1200,0,0,0,0,DoS-ICMP
22,6,20,1200,20,0,0,0,SSH-Bruteforce
80,6,20,1480,20,0,0,0,DoS-HTTP
10516,6,6,348,6,6,0,0,SSH-Bruteforce
22,6,20,1200,0,0,20,0,SSH-Bruteforce
80,6,20,1480,20,0,0,0,DoS-HTTP
28171,6,2,120,2,0,0,0,PortScan
80,6,20,1200,20,0,0,0,DoS-SYN-Flood
22,6,20,1200,20,0,0,0,SSH-Bruteforce
45697,6,4,240,4,0,0,0,PortScan
11000,6,4,240,4,0,0,0,PortScan
80,6,20,1200,20,0,0,0,DoS-SYN-Flood
80,17,20,1200,0,0,0,0,DoS-UDP
59769,17,20,27713,0,0,0,0,BENIGN
0,1,20,840,0,0,0,0,DoS-ICMP
30754,6,4,240,4,0,0,0,PortScan
22,6,20,1200,0,0,20,0,SSH-Bruteforce
0,1,20,1200,0,0,0,0,DoS-ICMP
80,6,20,1480,20,0,0,0,DoS-HTTP
80,6,20,1480,20,0,0,0,DoS-HTTP
3964,6,4,240,4,0,0,0,PortScan
80,6,20,1480,20,0,0,0,DoS-HTTP
80,6,20,1200,20,0,0,0,DoS-SYN-Flood
80,6,20,1480,20,0,0,0,DoS-HTTP
34917,6,8,464,8,8,0,0,SSH-Bruteforce
0,1,20,1200,0,0,0,0,DoS-ICMP
29503,6,4,240,4,0,0,0,PortScan
19141,6,2,120,2,0,0,0,PortScan
54900,6,4,240,4,0,0,0,PortScan
80,6,20,1200,20,0,0,0,DoS-SYN-Flood
0,1,20,1200,0,0,0,0,DoS-ICMP
80,6,20,1200,20,0,0,0,DoS-SYN-Flood
80,17,20,1200,0,0,0,0,DoS-UDP
0,1,20,840,0,0,0,0,DoS-ICMP
1662,6,4,240,4,0,0,0,PortScan
33240,6,20,29140,0,20,0,0,BENIGN
0,1,20,1200,0,0,0,0,DoS-ICMP
0,1,20,1200,0,0,0,0,DoS-ICMP
38884,6,4,240,4,0,0,0,PortScan
80,17,20,1200,0,0,0,0,DoS-UDP
22,6,20,1200,20,0,0,0,SSH-Bruteforce
80,6,20,1200,20,0,0,0,DoS-SYN-Flood
2634,6,4,240,4,0,0,0,PortScan
80,6,20,1200,20,0,0,0,DoS-SYN-Flood
0,1,20,840,0,0,0,0,DoS-ICMP
80,17,20,1200,0,0,0,0,DoS-UDP
60886,6,20,17858,0,20,0,0,BENIGN
80,17,20,1200,0,0,0,0,DoS-UDP
80,6,20,1200,20,0,0,0,DoS-SYN-Flood
80,17,20,1200,0,0,0,0,DoS-UDP
80,17,20,1200,0,0,0,0,DoS-UDP
33787,6,7,406,7,7,0,0,SSH-Bruteforce
22,6,20,1200,0,0,20,0,SSH-Bruteforce
46910,6,8,464,8,8,0,0,SSH-Bruteforce
53768,6,9,522,9,9,0,0,SSH-Bruteforce
63580,6,6,348,6,6,0,0,SSH-Bruteforce
443,6,20,2305,1,19,0,0,BENIGN
80,6,20,1480,20,0,0,0,DoS-HTTP
80,6,20,1480,20,0,0,0,DoS-HTTP
48956,6,2,120,2,0,0,0,PortScan
47822,6,2,120,2,0,0,0,PortScan
80,6,20,1480,20,0,0,0,DoS-HTTP
80,6,20,1200,20,0,0,0,DoS-SYN-Flood
80,17,20,1200,0,0,0,0,DoS-UDP
22,6,20,1200,8,0,12,0,SSH-Bruteforce
14025,6,9,522,9,9,0,0,SSH-Bruteforce
80,17,20,1200,0,0,0,0,DoS-UDP
43406,6,9,522,9,9,0,0,SSH-Bruteforce
0,1,20,840,0,0,0,0,DoS-ICMP
80,6,20,1480,20,0,0,0,DoS-HTTP
80,6,20,1200,20,0,0,0,DoS-SYN-Flood
80,6,20,1480,20,0,0,0,DoS-HTTP
80,17,20,1200,0,0,0,0,DoS-UDP
59532,6,4,232,4,4,0,0,SSH-Bruteforce
37066,6,10,580,10,10,0,0,SSH-Bruteforce
32708,6,4,240,4,0,0,0,PortScan
0,1,20,1200,0,0,0,0,DoS-ICMP
51879,6,7,406,7,7,0,0,SSH-Bruteforce
28406,6,9,522,9,9,0,0,SSH-Bruteforce
56505,6,8,464,8,8,0,0,SSH-Bruteforce
80,6,20,1480,20,0,0,0,DoS-HTTP
0,1,20,840,0,0,0,0,DoS-ICMP
0,1,20,840,0,0,0,0,DoS-ICMP
80,17,20,1200,0,0,0,0,DoS-UDP
0,1,20,1200,0,0,0,0,DoS-ICMP
0,1,20,1200,0,0,0,0,DoS-ICMP
80,17,20,1200,0,0,0,0,DoS-UDP
44983,6,4,240,4,0,0,0,PortScan
0,1,20,840,0,0,0,0,DoS-ICMP
22,6,20,1200,20,0,0,0,SSH-Bruteforce
80,17,20,1200,0,0,0,0,DoS-UDP
55026,6,2,120,2,0,0,0,PortScan
80,17,20,1200,0,0,0,0,DoS-UDP
80,6,20,1480,20,0,0,0,DoS-HTTP
42694,6,9,522,9,9,0,0,SSH-Bruteforce
50285,6,2,120,2,0,0,0,PortScan
80,17,20,1200,0,0,0,0,DoS-UDP
80,17,20,1200,0,0,0,0,DoS-UDP
22,6,20,1200,0,0,20,0,SSH-Bruteforce
37182,6,4,240,4,0,0,0,PortScan
53280,6,8,464,8,8,0,0,SSH-Bruteforce
0,1,20,840,0,0,0,0,DoS-ICMP
25268,6,2,120,2,0,0,0,PortScan
80,6,20,1480,20,0,0,0,DoS-HTTP
0,1,20,1200,0,0,0,0,DoS-ICMP
9477,6,4,240,4,0,0,0,PortScan
80,17,20,1200,0,0,0,0,DoS-UDP
80,17,20,1200,0,0,0,0,DoS-UDP
80,6,20,1480,20,0,0,0,DoS-HTTP
80,17,20,1200,0,0,0,0,DoS-UDP
58293,6,2,120,2,0,0,0,PortScan
22,6,20,1200,8,0,12,0,SSH-Bruteforce
80,6,20,1200,20,0,0,0,DoS-SYN-Flood
63990,6,5,290,5,5,0,0,SSH-Bruteforce
80,6,20,1480,20,0,0,0,DoS-HTTP
0,1,20,1200,0,0,0,0,DoS-ICMP
36520,17,20,27980,0,0,0,0,BENIGN
80,17,20,1200,0,0,0,0,DoS-UDP
22,6,20,1200,0,0,20,0,SSH-Bruteforce
80,6,20,1480,20,0,0,0,DoS-HTTP
31799,6,12,696,12,12,0,0,SSH-Bruteforce
32151,6,2,120,2,0,0,0,PortScan
80,17,20,1200,0,0,0,0,DoS-UDP
80,6,20,1480,20,0,0,0,DoS-HTTP
80,6,20,1480,20,0,0,0,DoS-HTTP
0,1,20,840,0,0,0,0,DoS-ICMP
80,17,20,1200,0,0,0,0,DoS-UDP
22,6,20,1200,20,0,0,0,SSH-Bruteforce
0,1,20,840,0,0,0,0,DoS-ICMP
80,6,20,1200,20,0,0,0,DoS-SYN-Flood
36520,17,20,27980,0,0,0,0,BENIGN
80,6,20,1480,20,0,0,0,DoS-HTTP
0,1,20,840,0,0,0,0,DoS-ICMP
80,17,20,1200,0,0,0,0,DoS-UDP
80,6,20,1480,20,0,0,0,DoS-HTTP
80,6,20,1200,20,0,0,0,DoS-SYN-Flood
4817,6,4,240,4,0,0,0,PortScan
59170,6,4,240,4,0,0,0,PortScan
80,6,20,1200,20,0,0,0,DoS-SYN-Flood
80,6,20,1480,20,0,0,0,DoS-HTTP
61104,6,5,290,5,5,0,0,SSH-Bruteforce
80,6,20,1200,20,0,0,0,DoS-SYN-Flood
0,1,20,840,0,0,0,0,DoS-ICMP
0,1,20,1200,0,0,0,0,DoS-ICMP
80,17,20,1200,0,0,0,0,DoS-UDP
80,6,20,1200,20,0,0,0,DoS-SYN-Flood
80,17,20,1200,0,0,0,0,DoS-UDP
22,6,20,1200,20,0,0,0,SSH-Bruteforce
80,6,20,1200,20,0,0,0,DoS-SYN-Flood
80,6,20,1480,20,0,0,0,DoS-HTTP
0,1,20,1200,0,0,0,0,DoS-ICMP
80,6,20,1480,20,0,0,0,DoS-HTTP
59804,6,20,18929,0,20,0,0,BENIGN
63404,6,6,348,6,6,0,0,SSH-Bruteforce
6078,6,4,240,4,0,0,0,PortScan
0,1,20,840,0,0,0,0,DoS-ICMP
80,6,20,1480,20,0,0,0,DoS-HTTP
443,17,20,9739,0,0,0,0,BENIGN
46721,6,2,120,2,0,0,0,PortScan
10994,6,6,348,6,6,0,0,SSH-Bruteforce
80,17,20,1200,0,0,0,0,DoS-UDP
22,6,20,1200,0,0,20,0,SSH-Bruteforce
80,6,20,1200,20,0,0,0,DoS-SYN-Flood
80,6,20,1200,20,0,0,0,DoS-SYN-Flood
46398,17,20,27980,0,0,0,0,BENIGN
80,6,20,1480,20,0,0,0,DoS-HTTP
22,6,20,1200,0,0,20,0,SSH-Bruteforce
0,1,20,1200,0,0,0,0,DoS-ICMP
0,1,20,840,0,0,0,0,DoS-ICMP
48806,17,20,27331,0,0,0,0,BENIGN
61208,6,5,290,5,5,0,0,SSH-Bruteforce
42440,17,20,27980,0,0,0,0,BENIGN
80,6,20,1480,20,0,0,0,DoS-HTTP
80,6,20,1200,20,0,0,0,DoS-SYN-Flood
53278,6,20,28900,0,20,0,0,BENIGN
0,1,20,840,0,0,0,0,DoS-ICMP
80,17,20,1200,0,0,0,0,DoS-UDP
80,6,20,1200,20,0,0,0,DoS-SYN-Flood
10686,6,4,240,4,0,0,0,PortScan
0,1,20,1200,0,0,0,0,DoS-ICMP
80,6,20,1480,20,0,0,0,DoS-HTTP
0,1,20,840,0,0,0,0,DoS-ICMP
0,1,20,840,0,0,0,0,DoS-ICMP
1921,6,7,406,7,7,0,0,SSH-Bruteforce
80,6,20,1200,20,0,0,0,DoS-SYN-Flood
80,6,20,1200,20,0,0,0,DoS-SYN-Flood
80,6,20,1200,20,0,0,0,DoS-SYN-Flood
80,17,20,1200,0,0,0,0,DoS-UDP
80,17,20,1200,0,0,0,0,DoS-UDP
0,1,20,1200,0,0,0,0,DoS-ICMP
38792,6,4,240,4,0,0,0,PortScan
80,17,20,1200,0,0,0,0,DoS-UDP
63157,6,6,348,6,6,0,0,SSH-Bruteforce
80,6,20,1480,20,0,0,0,DoS-HTTP
0,1,20,1200,0,0,0,0,DoS-ICMP
36520,17,20,27980,0,0,0,0,BENIGN
54829,17,20,20630,0,0,0,0,BENIGN
9438,6,6,360,6,0,0,0,PortScan
80,6,20,1200,20,0,0,0,DoS-SYN-Flood
80,6,20,1200,20,0,0,0,DoS-SYN-Flood
19870,6,5,290,5,5,0,0,SSH-Bruteforce
33224,6,5,290,5,5,0,0,SSH-Bruteforce
443,6,20,8827,0,20,0,0,BENIGN
80,6,20,1480,20,0,0,0,DoS-HTTP
17502,6,2,120,2,0,0,0,PortScan
80,6,20,1200,20,0,0,0,DoS-SYN-Flood
0,1,20,1200,0,0,0,0,DoS-ICMP
80,17,20,1200,0,0,0,0,DoS-UDP
80,17,20,1200,0,0,0,0,DoS-UDP
60395,6,7,406,7,7,0,0,SSH-Bruteforce
22,6,20,1200,20,0,0,0,SSH-Bruteforce
61483,6,4,240,4,0,0,0,PortScan
0,1,20,1200,0,0,0,0,DoS-ICMP
6202,6,4,240,4,0,0,0,PortScan
0,1,20,1200,0,0,0,0,DoS-ICMP
36425,6,4,240,4,0,0,0,PortScan
80,6,20,1200,20,0,0,0,DoS-SYN-Flood
0,1,20,840,0,0,0,0,DoS-ICMP
80,17,20,1200,0,0,0,0,DoS-UDP
80,6,20,1480,20,0,0,0,DoS-HTTP
0,1,20,840,0,0,0,0,DoS-ICMP
80,6,20,1480,20,0,0,0,DoS-HTTP
19097,6,2,120,2,0,0,0,PortScan
80,6,20,1480,20,0,0,0,DoS-HTTP
16952,6,7,406,7,7,0,0,SSH-Bruteforce
0,1,20,1200,0,0,0,0,DoS-ICMP
21613,6,2,120,2,0,0,0,PortScan
80,6,20,1480,20,0,0,0,DoS-HTTP
13534,6,6,360,6,0,0,0,PortScan
22,6,20,1200,20,0,0,0,SSH-Bruteforce
36520,17,20,27856,0,0,0,0,BENIGN
80,6,20,1200,20,0,0,0,DoS-SYN-Flood
80,6,20,1480,20,0,0,0,DoS-HTTP
60410,6,2,120,2,0,0,0,PortScan
80,6,20,1480,20,0,0,0,DoS-HTTP
18719,6,10,576,9,9,1,0,SSH-Bruteforce
80,17,20,1200,0,0,0,0,DoS-UDP
80,6,20,1480,20,0,0,0,DoS-HTTP
0,1,20,840,0,0,0,0,DoS-ICMP
48456,6,4,240,4,0,0,0,PortScan
80,6,20,1480,20,0,0,0,DoS-HTTP
36848,6,11,638,11,11,0,0,SSH-Bruteforce
80,6,20,1480,20,0,0,0,DoS-HTTP
0,1,20,840,0,0,0,0,DoS-ICMP
80,6,20,1480,20,0,0,0,DoS-HTTP
43678,17,20,27980,0,0,0,0,BENIGN
80,6,20,1480,20,0,0,0,DoS-HTTP
80,6,20,1200,20,0,0,0,DoS-SYN-Flood
80,6,20,1480,20,0,0,0,DoS-HTTP
80,6,20,1200,20,0,0,0,DoS-SYN-Flood
25999,6,8,464,8,8,0,0,SSH-Bruteforce
22,6,20,1200,0,0,20,0,SSH-Bruteforce
80,6,20,1480,20,0,0,0,DoS-HTTP
0,1,20,1200,0,0,0,0,DoS-ICMP
0,1,20,1200,0,0,0,0,DoS-ICMP
80,6,20,1200,20,0,0,0,DoS-SYN-Flood
22,6,20,1200,0,0,20,0,SSH-Bruteforce
58722,6,6,348,6,6,0,0,SSH-Bruteforce
10035,6,7,406,7,7,0,0,SSH-Bruteforce
80,17,20,1200,0,0,0,0,DoS-UDP
43454,6,2,120,2,0,0,0,PortScan
80,6,20,1480,20,0,0,0,DoS-HTTP
0,1,20,840,0,0,0,0,DoS-ICMP
11925,6,4,240,4,0,0,0,PortScan
80,6,20,1200,20,0,0,0,DoS-SYN-Flood
57618,6,2,120,2,0,0,0,PortScan
80,17,20,1200,0,0,0,0,DoS-UDP
0,1,20,1200,0,0,0,0,DoS-ICMP
24451,6,2,120,2,0,0,0,PortScan
22,6,20,1200,8,0,12,0,SSH-Bruteforce
80,6,20,1200,20,0,0,0,DoS-SYN-Flood
80,6,20,1480,20,0,0,0,DoS-HTTP
41876,6,4,240,4,0,0,0,PortScan
80,6,20,1200,20,0,0,0,DoS-SYN-Flood
80,6,20,1480,20,0,0,0,DoS-HTTP
22,6,20,1200,0,0,20,0,SSH-Bruteforce
54829,17,20,27980,0,0,0,0,BENIGN
80,17,20,1200,0,0,0,0,DoS-UDP
80,6,20,1200,20,0,0,0,DoS-SYN-Flood
22735,6,4,240,4,0,0,0,PortScan
80,6,20,1200,20,0,0,0,DoS-SYN-Flood
80,17,20,1200,0,0,0,0,DoS-UDP
80,6,20,1480,20,0,0,0,DoS-HTTP
5192,6,4,240,4,0,0,0,PortScan
0,1,20,1200,0,0,0,0,DoS-ICMP
0,1,20,840,0,0,0,0,DoS-ICMP
80,6,20,1200,20,0,0,0,DoS-SYN-Flood
64387,6,4,240,4,0,0,0,PortScan
0,1,20,840,0,0,0,0,DoS-ICMP
80,17,20,1200,0,0,0,0,DoS-UDP
51790,6,4,240,4,0,0,0,PortScan
10910,6,9,522,9,9,0,0,SSH-Bruteforce
25019,6,2,120,2,0,0,0,PortScan
5109,6,8,464,8,8,0,0,SSH-Bruteforce
0,1,20,840,0,0,0,0,DoS-ICMP
80,6,20,1200,20,0,0,0,DoS-SYN-Flood
80,17,20,1200,0,0,0,0,DoS-UDP
37613,6,2,120,2,0,0,0,PortScan
80,6,20,1480,20,0,0,0,DoS-HTTP
80,17,20,1200,0,0,0,0,DoS-UDP
80,6,20,1480,20,0,0,0,DoS-HTTP
80,6,20,1480,20,0,0,0,DoS-HTTP
0,1,20,1200,0,0,0,0,DoS-ICMP
80,6,20,1480,20,0,0,0,DoS-HTTP
7296,6,6,348,6,6,0,0,SSH-Bruteforce
63270,6,6,348,6,6,0,0,SSH-Bruteforce
38083,6,6,348,6,6,0,0,SSH-Bruteforce
37879,6,4,240,4,0,0,0,PortScan
0,1,20,1200,0,0,0,0,DoS-ICMP
0,1,20,840,0,0,0,0,DoS-ICMP
18426,6,6,348,6,6,0,0,SSH-Bruteforce
80,6,20,1200,20,0,0,0,DoS-SYN-Flood
36520,17,20,27980,0,0,0,0,BENIGN
25753,6,8,464,8,8,0,0,SSH-Bruteforce
22,6,20,1200,20,0,0,0,SSH-Bruteforce
80,6,20,1200,20,0,0,0,DoS-SYN-Flood
80,6,20,1480,20,0,0,0,DoS-HTTP
0,1,20,1200,0,0,0,0,DoS-ICMP
80,6,20,1200,20,0,0,0,DoS-SYN-Flood
30990,6,6,348,6,6,0,0,SSH-Bruteforce
80,17,20,1200,0,0,0,0,DoS-UDP
80,6,20,1200,20,0,0,0,DoS-SYN-Flood
0,1,20,840,0,0,0,0,DoS-ICMP
0,1,20,1200,0,0,0,0,DoS-ICMP
80,6,20,1480,20,0,0,0,DoS-HTTP
80,17,20,1200,0,0,0,0,DoS-UDP
49910,6,4,240,4,0,0,0,PortScan
22,6,20,1200,20,0,0,0,SSH-Bruteforce
80,17,20,1200,0,0,0,0,DoS-UDP
62953,6,2,120,2,0,0,0,PortScan
80,17,20,1200,0,0,0,0,DoS-UDP
80,6,20,1480,20,0,0,0,DoS-HTTP
80,6,20,1480,20,0,0,0,DoS-HTTP
443,6,20,1200,0,20,0,0,BENIGN
54829,17,20,26740,0,0,0,0,BENIGN
0,1,20,840,0,0,0,0,DoS-ICMP
80,6,20,1480,20,0,0,0,DoS-HTTP
0,1,20,1200,0,0,0,0,DoS-ICMP
0,1,20,1200,0,0,0,0,DoS-ICMP
80,6,20,1480,20,0,0,0,DoS-HTTP
0,1,20,1200,0,0,0,0,DoS-ICMP
80,6,20,1480,20,0,0,0,DoS-HTTP
443,17,20,3518,0,0,0,0,BENIGN
0,1,20,840,0,0,0,0,DoS-ICMP
80,17,20,1200,0,0,0,0,DoS-UDP
80,6,20,1480,20,0,0,0,DoS-HTTP
80,6,20,1480,20,0,0,0,DoS-HTTP
22,6,20,1200,0,0,20,0,SSH-Bruteforce
80,6,20,1480,20,0,0,0,DoS-HTTP
33240,6,20,29080,0,20,0,0,BENIGN
7004,6,5,290,5,5,0,0,SSH-Bruteforce
0,1,20,1200,0,0,0,0,DoS-ICMP
80,6,20,1480,20,0,0,0,DoS-HTTP
0,1,20,840,0,0,0,0,DoS-ICMP
38263,6,2,120,2,0,0,0,PortScan
54270,6,4,240,4,0,0,0,PortScan
44706,6,6,348,6,6,0,0,SSH-Bruteforce
80,6,20,1200,20,0,0,0,DoS-SYN-Flood
48806,17,20,27980,0,0,0,0,BENIGN
28746,6,2,120,2,0,0,0,PortScan
0,1,20,840,0,0,0,0,DoS-ICMP
65295,6,6,348,6,6,0,0,SSH-Bruteforce
0,1,20,840,0,0,0,0,DoS-ICMP
80,6,20,1200,20,0,0,0,DoS-SYN-Flood
0,1,20,1200,0,0,0,0,DoS-ICMP
80,6,20,1480,20,0,0,0,DoS-HTTP
80,17,20,1200,0,0,0,0,DoS-UDP
80,17,20,1200,0,0,0,0,DoS-UDP
0,1,20,1200,0,0,0,0,DoS-ICMP
61413,6,6,348,6,6,0,0,SSH-Bruteforce
80,6,20,1200,20,0,0,0,DoS-SYN-Flood
80,17,20,1200,0,0,0,0,DoS-UDP
80,6,20,1480,20,0,0,0,DoS-HTTP
4154,6,6,360,6,0,0,0,PortScan
80,6,20,1480,20,0,0,0,DoS-HTTP
36520,17,20,27980,0,0,0,0,BENIGN
15586,6,4,240,4,0,0,0,PortScan
0,1,20,840,0,0,0,0,DoS-ICMP
33226,6,6,348,6,6,0,0,SSH-Bruteforce
54973,6,4,240,4,0,0,0,PortScan
80,6,20,1200,20,0,0,0,DoS-SYN-Flood
56702,6,4,240,4,0,0,0,PortScan
9385,6,9,522,9,9,0,0,SSH-Bruteforce
80,17,20,1200,0,0,0,0,DoS-UDP
50414,6,2,120,2,0,0,0,PortScan
80,6,20,1200,20,0,0,0,DoS-SYN-Flood
80,17,20,1200,0,0,0,0,DoS-UDP
42440,17,20,27980,0,0,0,0,BENIGN
36520,17,20,27980,0,0,0,0,BENIGN
0,1,20,1200,0,0,0,0,DoS-ICMP
80,6,20,1480,20,0,0,0,DoS-HTTP
80,6,20,1480,20,0,0,0,DoS-HTTP
80,17,20,1200,0,0,0,0,DoS-UDP
80,6,20,1200,20,0,0,0,DoS-SYN-Flood
23094,6,2,120,2,0,0,0,PortScan
80,17,20,1200,0,0,0,0,DoS-UDP
80,17,20,1200,0,0,0,0,DoS-UDP
80,6,20,1200,20,0,0,0,DoS-SYN-Flood
60567,6,2,120,2,0,0,0,PortScan
80,6,20,1480,20,0,0,0,DoS-HTTP
80,17,20,1200,0,0,0,0,DoS-UDP
80,6,20,1200,20,0,0,0,DoS-SYN-Flood
29728,6,2,120,2,0,0,0,PortScan
80,6,20,1480,20,0,0,0,DoS-HTTP
16958,6,6,348,6,6,0,0,SSH-Bruteforce
20412,6,7,406,7,7,0,0,SSH-Bruteforce
80,6,20,1200,20,0,0,0,DoS-SYN-Flood
0,1,20,1200,0,0,0,0,DoS-ICMP
0,1,20,1200,0,0,0,0,DoS-ICMP
80,6,20,1200,20,0,0,0,DoS-SYN-Flood
80,6,20,1200,20,0,0,0,DoS-SYN-Flood
80,6,20,1200,20,0,0,0,DoS-SYN-Flood
6262,6,6,360,6,0,0,0,PortScan
22,6,20,1200,20,0,0,0,SSH-Bruteforce
26308,6,2,120,2,0,0,0,PortScan
80,6,20,1480,20,0,0,0,DoS-HTTP
80,17,20,1200,0,0,0,0,DoS-UDP
80,17,20,1200,0,0,0,0,DoS-UDP
0,1,20,840,0,0,0,0,DoS-ICMP
80,6,20,1200,20,0,0,0,DoS-SYN-Flood
80,6,20,1480,20,0,0,0,DoS-HTTP
0,1,20,1200,0,0,0,0,DoS-ICMP
80,6,20,1200,20,0,0,0,DoS-SYN-Flood
80,6,20,1480,20,0,0,0,DoS-HTTP
12407,6,8,464,8,8,0,0,SSH-Bruteforce
80,17,20,1200,0,0,0,0,DoS-UDP
80,6,20,1480,20,0,0,0,DoS-HTTP
80,6,20,1480,20,0,0,0,DoS-HTTP
80,17,20,1200,0,0,0,0,DoS-UDP
43567,6,8,464,8,8,0,0,SSH-Bruteforce
80,6,20,1480,20,0,0,0,DoS-HTTP
0,1,20,1200,0,0,0,0,DoS-ICMP
80,6,20,1480,20,0,0,0,DoS-HTTP
45424,6,20,29320,0,20,0,0,BENIGN
51963,6,2,120,2,0,0,0,PortScan
80,6,20,1200,20,0,0,0,DoS-SYN-Flood
80,6,20,1200,20,0,0,0,DoS-SYN-Flood
54829,17,20,27980,0,0,0,0,BENIGN
80,17,20,1200,0,0,0,0,DoS-UDP
38174,6,2,120,2,0,0,0,PortScan
80,17,20,1200,0,0,0,0,DoS-UDP
80,17,20,1200,0,0,0,0,DoS-UDP
61967,6,6,348,6,6,0,0,SSH-Bruteforce
80,17,20,1200,0,0,0,0,DoS-UDP
0,1,20,1200,0,0,0,0,DoS-ICMP
63980,6,4,240,4,0,0,0,PortScan
80,6,20,1480,20,0,0,0,DoS-HTTP
80,6,20,1200,20,0,0,0,DoS-SYN-Flood
5942,6,6,360,6,0,0,0,PortScan
80,6,20,1200,20,0,0,0,DoS-SYN-Flood
43337,6,2,120,2,0,0,0,PortScan
0,1,20,840,0,0,0,0,DoS-ICMP
0,1,20,840,0,0,0,0,DoS-ICMP
22,6,20,1200,20,0,0,0,SSH-Bruteforce
80,6,20,1480,20,0,0,0,DoS-HTTP
50790,6,2,120,2,0,0,0,PortScan
56225,6,2,120,2,0,0,0,PortScan
45739,6,4,240,4,0,0,0,PortScan
16354,6,2,120,2,0,0,0,PortScan
80,17,20,1200,0,0,0,0,DoS-UDP
80,6,20,1480,20,0,0,0,DoS-HTTP
41687,6,11,638,11,11,0,0,SSH-Bruteforce
80,6,20,1480,20,0,0,0,DoS-HTTP
0,1,20,840,0,0,0,0,DoS-ICMP
80,6,20,1480,20,0,0,0,DoS-HTTP
0,1,20,840,0,0,0,0,DoS-ICMP
80,6,20,1200,20,0,0,0,DoS-SYN-Flood
44515,6,2,120,2,0,0,0,PortScan
14743,6,4,240,4,0,0,0,PortScan
80,6,20,1200,20,0,0,0,DoS-SYN-Flood
54305,6,7,406,7,7,0,0,SSH-Bruteforce
80,6,20,1480,20,0,0,0,DoS-HTTP
11736,6,6,360,6,0,0,0,PortScan
80,17,20,1200,0,0,0,0,DoS-UDP
3061,6,8,464,8,8,0,0,SSH-Bruteforce
0,1,20,1200,0,0,0,0,DoS-ICMP
0,1,20,1200,0,0,0,0,DoS-ICMP
80,6,20,1480,20,0,0,0,DoS-HTTP
25447,6,8,464,8,8,0,0,SSH-Bruteforce
28942,6,2,120,2,0,0,0,PortScan
0,1,20,840,0,0,0,0,DoS-ICMP
36520,17,20,27980,0,0,0,0,BENIGN
80,17,20,1200,0,0,0,0,DoS-UDP
80,17,20,1200,0,0,0,0,DoS-UDP
40483,6,2,120,2,0,0,0,PortScan
80,17,20,1200,0,0,0,0,DoS-UDP
80,17,20,1200,0,0,0,0,DoS-UDP
23419,6,6,348,6,6,0,0,SSH-Bruteforce
36268,17,20,27980,0,0,0,0,BENIGN
80,6,20,1480,20,0,0,0,DoS-HTTP
47822,6,20,28832,0,20,0,0,BENIGN
0,1,20,840,0,0,0,0,DoS-ICMP
80,6,20,1200,20,0,0,0,DoS-SYN-Flood
0,1,20,840,0,0,0,0,DoS-ICMP
80,6,20,1480,20,0,0,0,DoS-HTTP
80,17,20,1200,0,0,0,0,DoS-UDP
80,6,20,1480,20,0,0,0,DoS-HTTP
80,6,20,1200,20,0,0,0,DoS-SYN-Flood
18975,6,6,348,6,6,0,0,SSH-Bruteforce
36128,6,2,120,2,0,0,0,PortScan
47196,6,7,406,7,7,0,0,SSH-Bruteforce
0,1,20,1200,0,0,0,0,DoS-ICMP
36520,17,20,27980,0,0,0,0,BENIGN
43479,6,4,240,4,0,0,0,PortScan
53332,6,4,240,4,0,0,0,PortScan
56695,6,11,638,11,11,0,0,SSH-Bruteforce
80,6,20,1200,20,0,0,0,DoS-SYN-Flood
4084,6,6,348,6,6,0,0,SSH-Bruteforce
54732,6,5,290,5,5,0,0,SSH-Bruteforce
22,6,20,1200,20,0,0,0,SSH-Bruteforce
30472,6,2,120,2,0,0,0,PortScan
32865,6,6,348,6,6,0,0,SSH-Bruteforce
80,6,20,1480,20,0,0,0,DoS-HTTP
80,17,20,1200,0,0,0,0,DoS-UDP
33240,6,20,29020,0,20,0,0,BENIGN
22,6,20,1200,20,0,0,0,SSH-Bruteforce
33520,6,4,240,4,0,0,0,PortScan
64666,6,2,120,2,0,0,0,PortScan
15115,6,4,240,4,0,0,0,PortScan
22,6,20,1200,20,0,0,0,SSH-Bruteforce
0,1,20,1200,0,0,0,0,DoS-ICMP
36520,17,20,27980,0,0,0,0,BENIGN
80,17,20,1200,0,0,0,0,DoS-UDP
80,6,20,1480,20,0,0,0,DoS-HTTP
80,6,20,1200,20,0,0,0,DoS-SYN-Flood
17374,6,4,240,4,0,0,0,PortScan
80,17,20,1200,0,0,0,0,DoS-UDP
80,6,20,1200,20,0,0,0,DoS-SYN-Flood
80,6,20,1480,20,0,0,0,DoS-HTTP
80,6,20,1200,20,0,0,0,DoS-SYN-Flood
3661,6,4,240,4,0,0,0,PortScan
80,6,20,1480,20,0,0,0,DoS-HTTP
80,6,20,1480,20,0,0,0,DoS-HTTP
80,6,20,1480,20,0,0,0,DoS-HTTP
12883,6,4,240,4,0,0,0,PortScan
22,6,20,1200,0,0,20,0,SSH-Bruteforce
80,17,20,1200,0,0,0,0,DoS-UDP
80,6,20,1200,20,0,0,0,DoS-SYN-Flood
0,1,20,840,0,0,0,0,DoS-ICMP
0,1,20,1200,0,0,0,0,DoS-ICMP
28172,6,2,120,2,0,0,0,PortScan
21196,6,7,406,7,7,0,0,SSH-Bruteforce
80,17,20,1200,0,0,0,0,DoS-UDP
80,6,20,1480,20,0,0,0,DoS-HTTP
63063,6,2,120,2,0,0,0,PortScan
37008,6,2,120,2,0,0,0,PortScan
80,6,20,1200,20,0,0,0,DoS-SYN-Flood
80,6,20,1480,20,0,0,0,DoS-HTTP
80,17,20,1200,0,0,0,0,DoS-UDP
0,1,20,1200,0,0,0,0,DoS-ICMP
50114,6,2,120,2,0,0,0,PortScan
80,6,20,1200,20,0,0,0,DoS-SYN-Flood
0,1,20,1200,0,0,0,0,DoS-ICMP
58453,6,5,290,5,5,0,0,SSH-Bruteforce
12602,6,6,360,6,0,0,0,PortScan
443,6,20,2690,0,20,0,0,BENIGN
80,17,20,1200,0,0,0,0,DoS-UDP
80,17,20,1200,0,0,0,0,DoS-UDP
25565,6,2,120,2,0,0,0,PortScan
80,17,20,1200,0,0,0,0,DoS-UDP
80,6,20,1480,20,0,0,0,DoS-HTTP
80,6,20,1480,20,0,0,0,DoS-HTTP
32638,6,2,120,2,0,0,0,PortScan
4191,6,4,240,4,0,0,0,PortScan
51682,6,4,240,4,0,0,0,PortScan
80,6,20,1200,20,0,0,0,DoS-SYN-Flood
11800,6,4,240,4,0,0,0,PortScan
40822,6,8,464,8,8,0,0,SSH-Bruteforce
80,6,20,1480,20,0,0,0,DoS-HTTP
58380,6,5,290,5,5,0,0,SSH-Bruteforce
38505,6,5,290,5,5,0,0,SSH-Bruteforce
80,6,20,1200,20,0,0,0,DoS-SYN-Flood
80,6,20,1480,20,0,0,0,DoS-HTTP
80,6,20,1200,20,0,0,0,DoS-SYN-Flood
25028,6,4,240,4,0,0,0,PortScan
59804,6,20,10278,1,20,0,0,BENIGN
22,6,20,1200,0,0,20,0,SSH-Bruteforce
80,6,20,1200,20,0,0,0,DoS-SYN-Flood
80,6,20,1480,20,0,0,0,DoS-HTTP
0,1,20,1200,0,0,0,0,DoS-ICMP
0,1,20,840,0,0,0,0,DoS-ICMP
80,6,20,1200,20,0,0,0,DoS-SYN-Flood
0,1,20,840,0,0,0,0,DoS-ICMP
0,1,20,840,0,0,0,0,DoS-ICMP
20697,6,2,120,2,0,0,0,PortScan
80,6,20,1480,20,0,0,0,DoS-HTTP
80,6,20,1200,20,0,0,0,DoS-SYN-Flood
28228,6,7,406,7,7,0,0,SSH-Bruteforce
80,17,20,1200,0,0,0,0,DoS-UDP
80,17,20,1200,0,0,0,0,DoS-UDP
80,6,20,1200,20,0,0,0,DoS-SYN-Flood
2840,6,4,240,4,0,0,0,PortScan
18594,6,4,240,4,0,0,0,PortScan
80,6,20,1200,20,0,0,0,DoS-SYN-Flood
45115,6,2,120,2,0,0,0,PortScan
80,17,20,1200,0,0,0,0,DoS-UDP
50316,6,10,580,10,10,0,0,SSH-Bruteforce
15905,6,4,240,4,0,0,0,PortScan
36520,17,20,27980,0,0,0,0,BENIGN
35197,6,10,580,10,10,0,0,SSH-Bruteforce
80,17,20,1200,0,0,0,0,DoS-UDP
80,6,20,1480,20,0,0,0,DoS-HTTP
34805,6,7,406,7,7,0,0,SSH-Bruteforce
80,17,20,1200,0,0,0,0,DoS-UDP
57615,6,2,120,2,0,0,0,PortScan
0,1,20,840,0,0,0,0,DoS-ICMP
48100,6,2,120,2,0,0,0,PortScan
0,1,20,1200,0,0,0,0,DoS-ICMP
80,17,20,1200,0,0,0,0,DoS-UDP
80,6,20,1480,20,0,0,0,DoS-HTTP
0,1,20,840,0,0,0,0,DoS-ICMP
80,6,20,1200,20,0,0,0,DoS-SYN-Flood
36520,17,20,27980,0,0,0,0,BENIGN
80,17,20,1200,0,0,0,0,DoS-UDP
80,6,20,1200,20,0,0,0,DoS-SYN-Flood
41308,17,20,27980,0,0,0,0,BENIGN
12943,6,9,522,9,9,0,0,SSH-Bruteforce
80,6,20,1200,20,0,0,0,DoS-SYN-Flood
80,17,20,1200,0,0,0,0,DoS-UDP
0,1,20,1200,0,0,0,0,DoS-ICMP
54829,17,20,27980,0,0,0,0,BENIGN
80,6,20,1200,20,0,0,0,DoS-SYN-Flood
80,6,20,1200,20,0,0,0,DoS-SYN-Flood
80,6,20,1480,20,0,0,0,DoS-HTTP
80,6,20,1480,20,0,0,0,DoS-HTTP
0,1,20,1200,0,0,0,0,DoS-ICMP
3428,6,4,240,4,0,0,0,PortScan
80,17,20,1200,0,0,0,0,DoS-UDP
80,6,20,1480,20,0,0,0,DoS-HTTP
9144,6,10,580,10,10,0,0,SSH-Bruteforce
24003,6,4,240,4,0,0,0,PortScan
22,6,20,1200,20,0,0,0,SSH-Bruteforce
22,6,20,1200,0,0,20,0,SSH-Bruteforce
0,1,20,840,0,0,0,0,DoS-ICMP
80,6,20,1200,20,0,0,0,DoS-SYN-Flood
80,6,20,1480,20,0,0,0,DoS-HTTP
80,6,20,1480,20,0,0,0,DoS-HTTP
80,17,20,1200,0,0,0,0,DoS-UDP
42844,6,8,464,8,8,0,0,SSH-Bruteforce
80,6,20,1200,20,0,0,0,DoS-SYN-Flood
80,6,20,1480,20,0,0,0,DoS-HTTP
0,1,20,840,0,0,0,0,DoS-ICMP
0,1,20,840,0,0,0,0,DoS-ICMP
80,6,20,1200,20,0,0,0,DoS-SYN-Flood
19639,6,7,406,7,7,0,0,SSH-Bruteforce
80,6,20,1480,20,0,0,0,DoS-HTTP
80,17,20,1200,0,0,0,0,DoS-UDP
41773,6,2,120,2,0,0,0,PortScan
80,17,20,1200,0,0,0,0,DoS-UDP
22,6,20,1200,0,0,20,0,SSH-Bruteforce
80,17,20,1200,0,0,0,0,DoS-UDP
0,1,20,840,0,0,0,0,DoS-ICMP
80,17,20,1200,0,0,0,0,DoS-UDP
0,1,20,1200,0,0,0,0,DoS-ICMP
47094,17,20,27980,0,0,0,0,BENIGN
46398,17,20,27980,0,0,0,0,BENIGN
80,17,20,1200,0,0,0,0,DoS-UDP
42604,6,2,120,2,0,0,0,PortScan
33536,6,4,240,4,0,0,0,PortScan
80,6,20,1480,20,0,0,0,DoS-HTTP
80,6,20,1200,20,0,0,0,DoS-SYN-Flood
32447,6,2,120,2,0,0,0,PortScan
0,1,20,840,0,0,0,0,DoS-ICMP
80,6,20,1200,20,0,0,0,DoS-SYN-Flood
80,6,20,1480,20,0,0,0,DoS-HTTP
0,1,20,840,0,0,0,0,DoS-ICMP
12192,6,8,464,8,8,0,0,SSH-Bruteforce
30775,6,2,120,2,0,0,0,PortScan
36520,17,20,27980,0,0,0,0,BENIGN
80,6,20,1480,20,0,0,0,DoS-HTTP
80,6,20,1480,20,0,0,0,DoS-HTTP
80,17,20,1200,0,0,0,0,DoS-UDP
0,1,20,840,0,0,0,0,DoS-ICMP
80,6,20,1200,20,0,0,0,DoS-SYN-Flood
36520,17,20,27980,0,0,0,0,BENIGN
52530,6,10,580,10,10,0,0,SSH-Bruteforce
80,17,20,1200,0,0,0,0,DoS-UDP
80,6,20,1480,20,0,0,0,DoS-HTTP
0,1,20,1200,0,0,0,0,DoS-ICMP
80,17,20,1200,0,0,0,0,DoS-UDP
0,1,20,840,0,0,0,0,DoS-ICMP
8967,6,4,240,4,0,0,0,PortScan
51780,6,7,406,7,7,0,0,SSH-Bruteforce
13153,6,12,696,12,12,0,0,SSH-Bruteforce
54829,17,20,27980,0,0,0,0,BENIGN
80,6,20,1480,20,0,0,0,DoS-HTTP
22598,6,8,464,8,8,0,0,SSH-Bruteforce
22,6,20,1200,0,0,20,0,SSH-Bruteforce
80,6,20,1480,20,0,0,0,DoS-HTTP
80,17,20,1200,0,0,0,0,DoS-UDP
0,1,20,1200,0,0,0,0,DoS-ICMP
80,6,20,1480,20,0,0,0,DoS-HTTP
80,6,20,1200,20,0,0,0,DoS-SYN-Flood
45897,6,10,580,10,10,0,0,SSH-Bruteforce
27417,6,2,120,2,0,0,0,PortScan
12349,6,4,240,4,0,0,0,PortScan
80,17,20,1200,0,0,0,0,DoS-UDP
80,6,20,1200,20,0,0,0,DoS-SYN-Flood
80,6,20,1200,20,0,0,0,DoS-SYN-Flood
0,1,20,840,0,0,0,0,DoS-ICMP
80,6,20,1200,20,0,0,0,DoS-SYN-Flood
80,6,20,1200,20,0,0,0,DoS-SYN-Flood
60886,6,20,29080,0,20,0,0,BENIGN
22,6,20,1200,20,0,0,0,SSH-Bruteforce
56583,6,2,120,2,0,0,0,PortScan
0,1,20,1200,0,0,0,0,DoS-ICMP
80,6,20,1480,20,0,0,0,DoS-HTTP
80,17,20,1200,0,0,0,0,DoS-UDP
80,6,20,1200,20,0,0,0,DoS-SYN-Flood
80,6,20,1480,20,0,0,0,DoS-HTTP
80,17,20,1200,0,0,0,0,DoS-UDP
80,6,20,1480,20,0,0,0,DoS-HTTP
20581,6,9,522,9,9,0,0,SSH-Bruteforce
62100,6,8,464,8,8,0,0,SSH-Bruteforce
80,17,20,1200,0,0,0,0,DoS-UDP
54711,6,2,120,2,0,0,0,PortScan
80,17,20,1200,0,0,0,0,DoS-UDP
80,6,20,1480,20,0,0,0,DoS-HTTP
2683,6,7,406,7,7,0,0,SSH-Bruteforce
26836,6,7,406,7,7,0,0,SSH-Bruteforce
41518,6,2,120,2,0,0,0,PortScan
80,17,20,1200,0,0,0,0,DoS-UDP
80,17,20,1200,0,0,0,0,DoS-UDP
46780,6,2,120,2,0,0,0,PortScan
0,1,20,840,0,0,0,0,DoS-ICMP
80,17,20,1200,0,0,0,0,DoS-UDP
6738,6,6,360,6,0,0,0,PortScan
26726,6,2,120,2,0,0,0,PortScan
34807,6,4,240,4,0,0,0,PortScan
80,6,20,1480,20,0,0,0,DoS-HTTP
80,17,20,1200,0,0,0,0,DoS-UDP
21117,6,7,406,7,7,0,0,SSH-Bruteforce
80,6,20,1480,20,0,0,0,DoS-HTTP
80,17,20,1200,0,0,0,0,DoS-UDP
80,6,20,1200,20,0,0,0,DoS-SYN-Flood
80,6,20,1480,20,0,0,0,DoS-HTTP
22,6,20,1200,20,0,0,0,SSH-Bruteforce
0,1,20,1200,0,0,0,0,DoS-ICMP
80,6,20,1200,20,0,0,0,DoS-SYN-Flood
80,17,20,1200,0,0,0,0,DoS-UDP
0,1,20,1200,0,0,0,0,DoS-ICMP
0,1,20,1200,0,0,0,0,DoS-ICMP
0,1,20,840,0,0,0,0,DoS-ICMP
80,17,20,1200,0,0,0,0,DoS-UDP
36520,17,20,27980,0,0,0,0,BENIGN
14239,6,7,406,7,7,0,0,SSH-Bruteforce
80,17,20,1200,0,0,0,0,DoS-UDP
22,6,20,1200,0,0,20,0,SSH-Bruteforce
50987,6,6,348,6,6,0,0,SSH-Bruteforce
80,6,20,1200,20,0,0,0,DoS-SYN-Flood
80,6,20,1200,20,0,0,0,DoS-SYN-Flood
80,6,20,1480,20,0,0,0,DoS-HTTP
9504,6,4,240,4,0,0,0,PortScan
63643,6,2,116,2,2,0,0,SSH-Bruteforce
80,6,20,1200,20,0,0,0,DoS-SYN-Flood
80,6,20,1200,20,0,0,0,DoS-SYN-Flood
25636,6,8,464,8,8,0,0,SSH-Bruteforce
0,1,20,1200,0,0,0,0,DoS-ICMP
80,17,20,1200,0,0,0,0,DoS-UDP
29395,6,2,120,2,0,0,0,PortScan
36520,17,20,27980,0,0,0,0,BENIGN
50038,6,4,240,4,0,0,0,PortScan
22,6,20,1200,8,0,12,0,SSH-Bruteforce
42945,6,4,240,4,0,0,0,PortScan
35883,6,8,464,8,8,0,0,SSH-Bruteforce
22,6,20,1200,20,0,0,0,SSH-Bruteforce
33240,6,20,29080,0,20,0,0,BENIGN
80,6,20,1480,20,0,0,0,DoS-HTTP
80,17,20,1200,0,0,0,0,DoS-UDP
80,6,20,1200,20,0,0,0,DoS-SYN-Flood
43470,6,6,348,6,6,0,0,SSH-Bruteforce
0,1,20,1200,0,0,0,0,DoS-ICMP
80,6,20,1480,20,0,0,0,DoS-HTTP
15090,6,8,464,8,8,0,0,SSH-Bruteforce
80,6,20,1480,20,0,0,0,DoS-HTTP
0,1,20,1200,0,0,0,0,DoS-ICMP
32614,6,5,290,5,5,0,0,SSH-Bruteforce
0,1,20,840,0,0,0,0,DoS-ICMP
49080,6,2,120,2,0,0,0,PortScan
0,1,20,840,0,0,0,0,DoS-ICMP
0,1,20,1200,0,0,0,0,DoS-ICMP
12280,6,4,240,4,0,0,0,PortScan
80,6,20,1480,20,0,0,0,DoS-HTTP
80,17,20,1200,0,0,0,0,DoS-UDP
80,6,20,1200,20,0,0,0,DoS-SYN-Flood
31296,6,4,240,4,0,0,0,PortScan
80,6,20,1480,20,0,0,0,DoS-HTTP
36115,6,4,240,4,0,0,0,PortScan
80,6,20,1480,20,0,0,0,DoS-HTTP
80,17,20,1200,0,0,0,0,DoS-UDP
80,17,20,1200,0,0,0,0,DoS-UDP
47412,6,2,120,2,0,0,0,PortScan
80,6,20,1480,20,0,0,0,DoS-HTTP
80,6,20,1200,20,0,0,0,DoS-SYN-Flood
80,17,20,1200,0,0,0,0,DoS-UDP
34777,6,7,406,7,7,0,0,SSH-Bruteforce
22,6,20,1200,20,0,0,0,SSH-Bruteforce
64706,6,5,290,5,5,0,0,SSH-Bruteforce
0,1,20,1200,0,0,0,0,DoS-ICMP
80,6,20,1200,20,0,0,0,DoS-SYN-Flood
0,1,20,1200,0,0,0,0,DoS-ICMP
0,1,20,840,0,0,0,0,DoS-ICMP
80,6,20,1200,20,0,0,0,DoS-SYN-Flood
80,17,20,1200,0,0,0,0,DoS-UDP
31909,6,5,290,5,5,0,0,SSH-Bruteforce
80,17,20,1200,0,0,0,0,DoS-UDP
80,6,20,1480,20,0,0,0,DoS-HTTP
13490,6,4,240,4,0,0,0,PortScan
18797,6,2,120,2,0,0,0,PortScan
80,6,20,1480,20,0,0,0,DoS-HTTP
42668,6,7,406,7,7,0,0,SSH-Bruteforce
48246,6,8,464,8,8,0,0,SSH-Bruteforce
0,1,20,1200,0,0,0,0,DoS-ICMP
15391,6,7,406,7,7,0,0,SSH-Bruteforce
80,6,20,1480,20,0,0,0,DoS-HTTP
80,6,20,1480,20,0,0,0,DoS-HTTP
80,6,20,1480,20,0,0,0,DoS-HTTP
32247,6,10,580,10,10,0,0,SSH-Bruteforce
18203,6,2,120,2,0,0,0,PortScan
80,6,20,1200,20,0,0,0,DoS-SYN-Flood
54829,17,20,27980,0,0,0,0,BENIGN
80,17,20,1200,0,0,0,0,DoS-UDP
80,17,20,1200,0,0,0,0,DoS-UDP
15942,6,4,240,4,0,0,0,PortScan
80,17,20,1200,0,0,0,0,DoS-UDP
60631,6,2,120,2,0,0,0,PortScan
43678,17,20,27980,0,0,0,0,BENIGN
22,6,20,1200,1,0,19,0,SSH-Bruteforce
80,6,20,1200,20,0,0,0,DoS-SYN-Flood
80,6,20,1480,20,0,0,0,DoS-HTTP
38887,6,4,240,4,0,0,0,PortScan
443,6,20,1200,0,20,0,0,BENIGN
80,17,20,1200,0,0,0,0,DoS-UDP
80,6,20,1480,20,0,0,0,DoS-HTTP
0,1,20,840,0,0,0,0,DoS-ICMP
80,6,20,1480,20,0,0,0,DoS-HTTP
80,6,20,1480,20,0,0,0,DoS-HTTP
80,6,20,1200,20,0,0,0,DoS-SYN-Flood
80,6,20,1480,20,0,0,0,DoS-HTTP
80,6,20,1480,20,0,0,0,DoS-HTTP
22,6,20,1200,20,0,0,0,SSH-Bruteforce
80,17,20,1200,0,0,0,0,DoS-UDP
80,6,20,1480,20,0,0,0,DoS-HTTP
80,6,20,1480,20,0,0,0,DoS-HTTP
6876,6,6,348,6,6,0,0,SSH-Bruteforce
80,17,20,1200,0,0,0,0,DoS-UDP
80,6,20,1200,20,0,0,0,DoS-SYN-Flood
80,6,20,1480,20,0,0,0,DoS-HTTP
80,6,20,1200,20,0,0,0,DoS-SYN-Flood
80,17,20,1200,0,0,0,0,DoS-UDP
80,6,20,1480,20,0,0,0,DoS-HTTP
55837,6,2,120,2,0,0,0,PortScan
80,6,20,1200,20,0,0,0,DoS-SYN-Flood
80,17,20,1200,0,0,0,0,DoS-UDP
0,1,20,1200,0,0,0,0,DoS-ICMP
57645,6,2,120,2,0,0,0,PortScan
3597,6,7,406,7,7,0,0,SSH-Bruteforce
80,6,20,1200,20,0,0,0,DoS-SYN-Flood
80,6,20,1480,20,0,0,0,DoS-HTTP
36350,6,13,754,13,13,0,0,SSH-Bruteforce
80,17,20,1200,0,0,0,0,DoS-UDP
80,6,20,1480,20,0,0,0,DoS-HTTP
80,6,20,1200,20,0,0,0,DoS-SYN-Flood
0,1,20,1200,0,0,0,0,DoS-ICMP
0,1,20,840,0,0,0,0,DoS-ICMP
80,6,20,1480,20,0,0,0,DoS-HTTP
80,6,20,1480,20,0,0,0,DoS-HTTP
80,6,20,1480,20,0,0,0,DoS-HTTP
80,17,20,1200,0,0,0,0,DoS-UDP
80,6,20,1200,20,0,0,0,DoS-SYN-Flood
80,6,20,1200,20,0,0,0,DoS-SYN-Flood
15487,6,9,522,9,9,0,0,SSH-Bruteforce
0,1,20,840,0,0,0,0,DoS-ICMP
80,17,20,1200,0,0,0,0,DoS-UDP
80,17,20,1200,0,0,0,0,DoS-UDP
80,6,20,1200,20,0,0,0,DoS-SYN-Flood
80,17,20,1200,0,0,0,0,DoS-UDP
0,1,20,840,0,0,0,0,DoS-ICMP
80,6,20,1480,20,0,0,0,DoS-HTTP
55459,6,2,120,2,0,0,0,PortScan
80,6,20,1200,20,0,0,0,DoS-SYN-Flood
47874,6,2,120,2,0,0,0,PortScan
41694,6,12,696,12,12,0,0,SSH-Bruteforce
80,6,20,1480,20,0,0,0,DoS-HTTP
80,6,20,1200,20,0,0,0,DoS-SYN-Flood
80,6,20,1480,20,0,0,0,DoS-HTTP
54721,6,2,120,2,0,0,0,PortScan
80,6,20,1480,20,0,0,0,DoS-HTTP
36520,17,20,27980,0,0,0,0,BENIGN
34772,6,4,240,4,0,0,0,PortScan
80,17,20,1200,0,0,0,0,DoS-UDP
17981,6,3,180,3,0,0,0,PortScan
7606,6,4,232,4,4,0,0,SSH-Bruteforce
0,1,20,840,0,0,0,0,DoS-ICMP
80,6,20,1200,20,0,0,0,DoS-SYN-Flood
0,1,20,1200,0,0,0,0,DoS-ICMP
45620,6,7,406,7,7,0,0,SSH-Bruteforce
2263,6,4,240,4,0,0,0,PortScan
80,17,20,1200,0,0,0,0,DoS-UDP
80,6,20,1480,20,0,0,0,DoS-HTTP
80,6,20,1480,20,0,0,0,DoS-HTTP
22,6,20,1200,0,0,20,0,SSH-Bruteforce
80,6,20,1200,20,0,0,0,DoS-SYN-Flood
80,17,20,1200,0,0,0,0,DoS-UDP
0,1,20,1200,0,0,0,0,DoS-ICMP
39902,17,20,27548,0,0,0,0,BENIGN
80,17,20,1200,0,0,0,0,DoS-UDP
0,1,20,840,0,0,0,0,DoS-ICMP
0,1,20,840,0,0,0,0,DoS-ICMP
22,6,20,1200,20,0,0,0,SSH-Bruteforce
56782,6,2,120,2,0,0,0,PortScan
80,6,20,1480,20,0,0,0,DoS-HTTP
80,17,20,1200,0,0,0,0,DoS-UDP
80,17,20,1200,0,0,0,0,DoS-UDP
0,1,20,840,0,0,0,0,DoS-ICMP
80,6,20,1480,20,0,0,0,DoS-HTTP
80,17,20,1200,0,0,0,0,DoS-UDP
80,6,20,1200,20,0,0,0,DoS-SYN-Flood
35138,6,2,120,2,0,0,0,PortScan
45506,6,2,120,2,0,0,0,PortScan
61756,6,2,120,2,0,0,0,PortScan
1148,6,4,240,4,0,0,0,PortScan
80,6,20,1200,20,0,0,0,DoS-SYN-Flood
80,6,20,1200,20,0,0,0,DoS-SYN-Flood
80,17,20,1200,0,0,0,0,DoS-UDP
80,6,20,1480,20,0,0,0,DoS-HTTP
80,17,20,1200,0,0,0,0,DoS-UDP
0,1,20,840,0,0,0,0,DoS-ICMP
80,6,20,1480,20,0,0,0,DoS-HTTP
62636,6,8,464,8,8,0,0,SSH-Bruteforce
54829,17,20,27980,0,0,0,0,BENIGN
0,1,20,1200,0,0,0,0,DoS-ICMP
80,6,20,1200,20,0,0,0,DoS-SYN-Flood
80,6,20,1200,20,0,0,0,DoS-SYN-Flood
27442,6,5,290,5,5,0,0,SSH-Bruteforce
0,1,20,1200,0,0,0,0,DoS-ICMP
80,6,20,1480,20,0,0,0,DoS-HTTP
80,6,20,1200,20,0,0,0,DoS-SYN-Flood
80,17,20,1200,0,0,0,0,DoS-UDP
0,1,20,1200,0,0,0,0,DoS-ICMP
22,6,20,1200,20,0,0,0,SSH-Bruteforce
80,6,20,1200,20,0,0,0,DoS-SYN-Flood
80,6,20,1480,20,0,0,0,DoS-HTTP
50370,6,4,240,4,0,0,0,PortScan
22,6,20,1200,4,0,16,0,SSH-Bruteforce
80,6,20,1480,20,0,0,0,DoS-HTTP
6064,6,4,240,4,0,0,0,PortScan
0,1,20,840,0,0,0,0,DoS-ICMP
80,6,20,1200,20,0,0,0,DoS-SYN-Flood
0,1,20,840,0,0,0,0,DoS-ICMP
80,17,20,1200,0,0,0,0,DoS-UDP
80,17,20,1200,0,0,0,0,DoS-UDP
80,6,20,1480,20,0,0,0,DoS-HTTP
0,1,20,1200,0,0,0,0,DoS-ICMP
80,17,20,1200,0,0,0,0,DoS-UDP
80,6,20,1200,20,0,0,0,DoS-SYN-Flood
44156,6,2,120,2,0,0,0,PortScan
80,6,20,1200,20,0,0,0,DoS-SYN-Flood
80,17,20,1200,0,0,0,0,DoS-UDP
80,6,20,1480,20,0,0,0,DoS-HTTP
0,1,20,840,0,0,0,0,DoS-ICMP
0,1,20,840,0,0,0,0,DoS-ICMP
0,1,20,1200,0,0,0,0,DoS-ICMP
80,6,20,1480,20,0,0,0,DoS-HTTP
44318,6,2,120,2,0,0,0,PortScan
80,6,20,1200,20,0,0,0,DoS-SYN-Flood
80,6,20,1480,20,0,0,0,DoS-HTTP
80,6,20,1200,20,0,0,0,DoS-SYN-Flood
80,6,20,1480,20,0,0,0,DoS-HTTP
36520,17,20,27980,0,0,0,0,BENIGN
64256,6,2,120,2,0,0,0,PortScan
80,17,20,1200,0,0,0,0,DoS-UDP
22,6,20,1200,20,0,0,0,SSH-Bruteforce
80,17,20,1200,0,0,0,0,DoS-UDP
5393,6,6,360,6,0,0,0,PortScan
52804,6,11,638,11,11,0,0,SSH-Bruteforce
22,6,20,1200,0,0,20,0,SSH-Bruteforce
80,6,20,1200,20,0,0,0,DoS-SYN-Flood
80,17,20,1200,0,0,0,0,DoS-UDP
13894,6,4,240,4,0,0,0,PortScan
80,6,20,1480,20,0,0,0,DoS-HTTP
2195,6,5,290,5,5,0,0,SSH-Bruteforce
0,1,20,1200,0,0,0,0,DoS-ICMP
80,6,20,1200,20,0,0,0,DoS-SYN-Flood
40332,6,4,240,4,0,0,0,PortScan
17234,6,10,580,10,10,0,0,SSH-Bruteforce
80,6,20,1200,20,0,0,0,DoS-SYN-Flood
80,17,20,1200,0,0,0,0,DoS-UDP
80,6,20,1480,20,0,0,0,DoS-HTTP
0,1,20,1200,0,0,0,0,DoS-ICMP
0,1,20,840,0,0,0,0,DoS-ICMP
0,1,20,1200,0,0,0,0,DoS-ICMP
19535,6,2,120,2,0,0,0,PortScan
80,6,20,1480,20,0,0,0,DoS-HTTP
80,17,20,1200,0,0,0,0,DoS-UDP
0,1,20,1200,0,0,0,0,DoS-ICMP
80,6,20,1480,20,0,0,0,DoS-HTTP
3469,6,4,240,4,0,0,0,PortScan
80,6,20,1200,20,0,0,0,DoS-SYN-Flood
80,6,20,1480,20,0,0,0,DoS-HTTP
80,17,20,1200,0,0,0,0,DoS-UDP
9499,6,7,406,7,7,0,0,SSH-Bruteforce
80,6,20,1200,20,0,0,0,DoS-SYN-Flood
41308,17,20,27980,0,0,0,0,BENIGN
80,17,20,1200,0,0,0,0,DoS-UDP
55136,6,2,120,2,0,0,0,PortScan
80,6,20,1200,20,0,0,0,DoS-SYN-Flood
0,1,20,840,0,0,0,0,DoS-ICMP
33240,6,20,29320,0,20,0,0,BENIGN
3518,6,9,522,9,9,0,0,SSH-Bruteforce
80,17,20,1200,0,0,0,0,DoS-UDP
0,1,20,840,0,0,0,0,DoS-ICMP
80,6,20,1480,20,0,0,0,DoS-HTTP
80,17,20,1200,0,0,0,0,DoS-UDP
80,17,20,1200,0,0,0,0,DoS-UDP
80,6,20,1200,20,0,0,0,DoS-SYN-Flood
60886,6,20,29760,0,20,0,0,BENIGN
80,6,20,1200,20,0,0,0,DoS-SYN-Flood
80,17,20,1200,0,0,0,0,DoS-UDP
0,1,20,1200,0,0,0,0,DoS-ICMP
0,1,20,1200,0,0,0,0,DoS-ICMP
38448,6,5,290,5,5,0,0,SSH-Bruteforce
80,6,20,1480,20,0,0,0,DoS-HTTP
80,6,20,1480,20,0,0,0,DoS-HTTP
53258,6,20,30280,0,20,0,0,BENIGN
5920,6,4,240,4,0,0,0,PortScan
80,17,20,1200,0,0,0,0,DoS-UDP
3753,6,6,348,6,6,0,0,SSH-Bruteforce
54829,17,20,27124,0,0,0,0,BENIGN
3392,6,4,240,4,0,0,0,PortScan
80,6,20,1200,20,0,0,0,DoS-SYN-Flood
80,17,20,1200,0,0,0,0,DoS-UDP
80,17,20,1200,0,0,0,0,DoS-UDP
80,6,20,1200,20,0,0,0,DoS-SYN-Flood
0,1,20,840,0,0,0,0,DoS-ICMP
80,6,20,1480,20,0,0,0,DoS-HTTP
44122,6,6,348,6,6,0,0,SSH-Bruteforce
0,1,20,1200,0,0,0,0,DoS-ICMP
0,1,20,840,0,0,0,0,DoS-ICMP
80,17,20,1200,0,0,0,0,DoS-UDP
80,6,20,1480,20,0,0,0,DoS-HTTP
80,6,20,1200,20,0,0,0,DoS-SYN-Flood
80,6,20,1480,20,0,0,0,DoS-HTTP
49982,6,8,464,8,8,0,0,SSH-Bruteforce
0,1,20,840,0,0,0,0,DoS-ICMP
80,17,20,1200,0,0,0,0,DoS-UDP
45254,6,4,232,4,4,0,0,SSH-Bruteforce
52182,6,7,406,7,7,0,0,SSH-Bruteforce
0,1,20,840,0,0,0,0,DoS-ICMP
80,6,20,1480,20,0,0,0,DoS-HTTP
80,17,20,1200,0,0,0,0,DoS-UDP
0,1,20,840,0,0,0,0,DoS-ICMP
0,1,20,1200,0,0,0,0,DoS-ICMP
80,6,20,1200,20,0,0,0,DoS-SYN-Flood
80,17,20,1200,0,0,0,0,DoS-UDP
5913,6,11,638,11,11,0,0,SSH-Bruteforce
0,1,20,840,0,0,0,0,DoS-ICMP
80,17,20,1200,0,0,0,0,DoS-UDP
58756,6,4,240,4,0,0,0,PortScan
0,1,20,840,0,0,0,0,DoS-ICMP
17823,6,2,120,2,0,0,0,PortScan
80,17,20,1200,0,0,0,0,DoS-UDP
80,17,20,1200,0,0,0,0,DoS-UDP
22,6,20,1200,20,0,0,0,SSH-Bruteforce
44389,6,2,120,2,0,0,0,PortScan
80,6,20,1480,20,0,0,0,DoS-HTTP
53428,6,6,348,6,6,0,0,SSH-Bruteforce
0,1,20,840,0,0,0,0,DoS-ICMP
80,17,20,1200,0,0,0,0,DoS-UDP
80,17,20,1200,0,0,0,0,DoS-UDP
29142,6,4,240,4,0,0,0,PortScan
80,17,20,1200,0,0,0,0,DoS-UDP
80,6,20,1480,20,0,0,0,DoS-HTTP
22,6,20,1200,20,0,0,0,SSH-Bruteforce
80,17,20,1200,0,0,0,0,DoS-UDP
80,6,20,1480,20,0,0,0,DoS-HTTP
0,1,20,1200,0,0,0,0,DoS-ICMP
22139,6,2,120,2,0,0,0,PortScan
80,17,20,1200,0,0,0,0,DoS-UDP
80,17,20,1200,0,0,0,0,DoS-UDP
80,6,20,1200,20,0,0,0,DoS-SYN-Flood
80,6,20,1200,20,0,0,0,DoS-SYN-Flood
36520,17,20,27980,0,0,0,0,BENIGN
36520,17,20,27980,0,0,0,0,BENIGN
80,6,20,1480,20,0,0,0,DoS-HTTP
18232,6,8,464,8,8,0,0,SSH-Bruteforce
59804,6,20,16487,0,20,0,0,BENIGN
0,1,20,1200,0,0,0,0,DoS-ICMP
51196,6,2,120,2,0,0,0,PortScan
80,6,20,1200,20,0,0,0,DoS-SYN-Flood
0,1,20,1200,0,0,0,0,DoS-ICMP
80,6,20,1200,20,0,0,0,DoS-SYN-Flood
80,6,20,1200,20,0,0,0,DoS-SYN-Flood
58954,6,4,232,4,4,0,0,SSH-Bruteforce
80,6,20,1480,20,0,0,0,DoS-HTTP
0,1,20,1200,0,0,0,0,DoS-ICMP
49493,6,8,464,8,8,0,0,SSH-Bruteforce
16328,6,4,240,4,0,0,0,PortScan
33513,6,4,240,4,0,0,0,PortScan
80,6,20,1200,20,0,0,0,DoS-SYN-Flood
0,1,20,1200,0,0,0,0,DoS-ICMP
22,6,20,1200,0,0,20,0,SSH-Bruteforce
0,1,20,1200,0,0,0,0,DoS-ICMP
80,6,20,1200,20,0,0,0,DoS-SYN-Flood
80,17,20,1200,0,0,0,0,DoS-UDP
53802,6,4,240,4,0,0,0,PortScan
0,1,20,840,0,0,0,0,DoS-ICMP
80,6,20,1480,20,0,0,0,DoS-HTTP
80,17,20,1200,0,0,0,0,DoS-UDP
27567,6,2,120,2,0,0,0,PortScan
80,6,20,1200,20,0,0,0,DoS-SYN-Flood
80,17,20,1200,0,0,0,0,DoS-UDP
80,6,20,1480,20,0,0,0,DoS-HTTP
40996,6,1,54,0,1,1,0,BENIGN
80,6,20,1200,20,0,0,0,DoS-SYN-Flood
49310,6,2,120,2,0,0,0,PortScan
80,6,20,1200,20,0,0,0,DoS-SYN-Flood
33410,6,7,406,7,7,0,0,SSH-Bruteforce
51831,6,4,240,4,0,0,0,PortScan
0,1,20,840,0,0,0,0,DoS-ICMP
0,1,20,1200,0,0,0,0,DoS-ICMP
80,6,20,1200,20,0,0,0,DoS-SYN-Flood
80,6,20,1480,20,0,0,0,DoS-HTTP
15594,6,4,240,4,0,0,0,PortScan
80,6,20,1200,20,0,0,0,DoS-SYN-Flood
80,17,20,1200,0,0,0,0,DoS-UDP
80,17,20,1200,0,0,0,0,DoS-UDP
0,1,20,1200,0,0,0,0,DoS-ICMP
0,1,20,1200,0,0,0,0,DoS-ICMP
33240,6,20,29080,0,20,0,0,BENIGN
0,1,20,1200,0,0,0,0,DoS-ICMP
80,6,20,1480,20,0,0,0,DoS-HTTP
22,6,20,1200,0,0,20,0,SSH-Bruteforce
9768,6,10,580,10,10,0,0,SSH-Bruteforce
55589,6,4,240,4,0,0,0,PortScan
80,6,20,1200,20,0,0,0,DoS-SYN-Flood
0,1,20,1200,0,0,0,0,DoS-ICMP
34588,6,2,120,2,0,0,0,PortScan
80,6,20,1200,20,0,0,0,DoS-SYN-Flood
80,6,20,1480,20,0,0,0,DoS-HTTP
80,6,20,1200,20,0,0,0,DoS-SYN-Flood
22,6,20,1200,1,0,19,0,SSH-Bruteforce
80,6,20,1200,20,0,0,0,DoS-SYN-Flood
24029,6,2,120,2,0,0,0,PortScan
443,6,20,7187,0,20,0,0,BENIGN
80,17,20,1200,0,0,0,0,DoS-UDP
44069,6,2,120,2,0,0,0,PortScan
80,6,20,1200,20,0,0,0,DoS-SYN-Flood
1117,6,6,360,6,0,0,0,PortScan
36520,17,20,27980,0,0,0,0,BENIGN
80,17,20,1200,0,0,0,0,DoS-UDP
80,17,20,1200,0,0,0,0,DoS-UDP
80,17,20,1200,0,0,0,0,DoS-UDP
22946,6,2,120,2,0,0,0,PortScan
80,17,20,1200,0,0,0,0,DoS-UDP
443,6,20,1200,0,20,0,0,BENIGN
80,17,20,1200,0,0,0,0,DoS-UDP
22,6,20,1200,20,0,0,0,SSH-Bruteforce
56098,6,6,348,6,6,0,0,SSH-Bruteforce
0,1,20,840,0,0,0,0,DoS-ICMP
80,6,20,1200,20,0,0,0,DoS-SYN-Flood
22,6,20,1200,20,0,0,0,SSH-Bruteforce
18132,6,8,464,8,8,0,0,SSH-Bruteforce
55561,6,4,232,4,4,0,0,SSH-Bruteforce
80,6,20,1200,20,0,0,0,DoS-SYN-Flood
60065,6,4,240,4,0,0,0,PortScan
60886,6,20,28660,0,20,0,0,BENIGN
80,6,20,1480,20,0,0,0,DoS-HTTP
80,17,20,1200,0,0,0,0,DoS-UDP
43678,17,20,27980,0,0,0,0,BENIGN
0,1,20,840,0,0,0,0,DoS-ICMP
0,1,20,1200,0,0,0,0,DoS-ICMP
12770,6,10,580,10,10,0,0,SSH-Bruteforce
80,6,20,1480,20,0,0,0,DoS-HTTP
80,6,20,1480,20,0,0,0,DoS-HTTP
5225,6,4,240,4,0,0,0,PortScan
0,1,20,840,0,0,0,0,DoS-ICMP
80,6,20,1480,20,0,0,0,DoS-HTTP
80,6,20,1200,20,0,0,0,DoS-SYN-Flood
80,6,20,1200,20,0,0,0,DoS-SYN-Flood
22,6,20,1200,14,0,6,0,SSH-Bruteforce
6692,6,6,348,6,6,0,0,SSH-Bruteforce
0,1,20,840,0,0,0,0,DoS-ICMP
0,1,20,1200,0,0,0,0,DoS-ICMP
80,6,20,1480,20,0,0,0,DoS-HTTP
53278,6,20,28780,0,20,0,0,BENIGN
17425,6,6,348,6,6,0,0,SSH-Bruteforce
80,6,20,1480,20,0,0,0,DoS-HTTP
18693,6,7,406,7,7,0,0,SSH-Bruteforce
22,6,20,1200,12,0,8,0,SSH-Bruteforce
80,17,20,1200,0,0,0,0,DoS-UDP
0,1,20,1200,0,0,0,0,DoS-ICMP
80,6,20,1480,20,0,0,0,DoS-HTTP
47520,17,20,19085,0,0,0,0,BENIGN
36520,17,20,13907,0,0,0,0,BENIGN
80,6,20,1480,20,0,0,0,DoS-HTTP
40620,6,4,240,4,0,0,0,PortScan
80,17,20,1200,0,0,0,0,DoS-UDP
80,6,20,1480,20,0,0,0,DoS-HTTP
80,6,20,1480,20,0,0,0,DoS-HTTP
80,17,20,1200,0,0,0,0,DoS-UDP
36520,17,20,27980,0,0,0,0,BENIGN
80,6,20,1480,20,0,0,0,DoS-HTTP
21924,6,9,522,9,9,0,0,SSH-Bruteforce
80,6,20,1200,20,0,0,0,DoS-SYN-Flood
80,17,20,1200,0,0,0,0,DoS-UDP
80,6,20,1480,20,0,0,0,DoS-HTTP
0,1,20,840,0,0,0,0,DoS-ICMP
80,17,20,1200,0,0,0,0,DoS-UDP
80,6,20,1480,20,0,0,0,DoS-HTTP
0,1,20,840,0,0,0,0,DoS-ICMP
58784,6,2,120,2,0,0,0,PortScan
39409,6,9,522,9,9,0,0,SSH-Bruteforce
80,6,20,1480,20,0,0,0,DoS-HTTP
0,1,20,1200,0,0,0,0,DoS-ICMP
62234,6,10,580,10,10,0,0,SSH-Bruteforce
4474,6,8,464,8,8,0,0,SSH-Bruteforce
80,17,20,1200,0,0,0,0,DoS-UDP
80,17,20,1200,0,0,0,0,DoS-UDP
80,17,20,1200,0,0,0,0,DoS-UDP
0,1,20,1200,0,0,0,0,DoS-ICMP
60886,6,20,29020,0,20,0,0,BENIGN
6570,6,8,464,8,8,0,0,SSH-Bruteforce
80,6,20,1200,20,0,0,0,DoS-SYN-Flood
80,6,20,1200,20,0,0,0,DoS-SYN-Flood
9662,6,8,464,8,8,0,0,SSH-Bruteforce
80,6,20,1200,20,0,0,0,DoS-SYN-Flood
80,17,20,1200,0,0,0,0,DoS-UDP
80,6,20,1200,20,0,0,0,DoS-SYN-Flood
80,6,20,1200,20,0,0,0,DoS-SYN-Flood
80,17,20,1200,0,0,0,0,DoS-UDP
80,6,20,1480,20,0,0,0,DoS-HTTP
0,1,20,1200,0,0,0,0,DoS-ICMP
80,6,20,1200,20,0,0,0,DoS-SYN-Flood
3255,6,6,360,6,0,0,0,PortScan
80,17,20,1200,0,0,0,0,DoS-UDP
0,1,20,1200,0,0,0,0,DoS-ICMP
80,17,20,1200,0,0,0,0,DoS-UDP
36520,17,20,27980,0,0,0,0,BENIGN
47374,6,2,120,2,0,0,0,PortScan
35366,6,2,120,2,0,0,0,PortScan
80,17,20,1200,0,0,0,0,DoS-UDP
9714,6,4,240,4,0,0,0,PortScan
80,6,20,1200,20,0,0,0,DoS-SYN-Flood
80,6,20,1480,20,0,0,0,DoS-HTTP
49116,6,7,406,7,7,0,0,SSH-Bruteforce
8723,6,8,464,8,8,0,0,SSH-Bruteforce
80,6,20,1480,20,0,0,0,DoS-HTTP
80,17,20,1200,0,0,0,0,DoS-UDP
32728,6,2,120,2,0,0,0,PortScan
0,1,20,840,0,0,0,0,DoS-ICMP
22,6,20,1200,20,0,0,0,SSH-Bruteforce
0,1,20,840,0,0,0,0,DoS-ICMP
25308,6,5,290,5,5,0,0,SSH-Bruteforce
0,1,20,840,0,0,0,0,DoS-ICMP
0,1,20,840,0,0,0,0,DoS-ICMP
443,17,20,13663,0,0,0,0,BENIGN
80,17,20,1200,0,0,0,0,DoS-UDP
80,17,20,1200,0,0,0,0,DoS-UDP
80,6,20,1200,20,0,0,0,DoS-SYN-Flood
80,17,20,1200,0,0,0,0,DoS-UDP
35860,6,4,240,4,0,0,0,PortScan
53308,6,20,29140,0,20,0,0,BENIGN
0,1,20,840,0,0,0,0,DoS-ICMP
0,1,20,1200,0,0,0,0,DoS-ICMP
80,6,20,1480,20,0,0,0,DoS-HTTP
80,6,20,1200,20,0,0,0,DoS-SYN-Flood
80,17,20,1200,0,0,0,0,DoS-UDP
80,17,20,1200,0,0,0,0,DoS-UDP
80,6,20,1200,20,0,0,0,DoS-SYN-Flood
58529,6,7,406,7,7,0,0,SSH-Bruteforce
80,6,20,1480,20,0,0,0,DoS-HTTP
80,6,20,1200,20,0,0,0,DoS-SYN-Flood
80,6,20,1200,20,0,0,0,DoS-SYN-Flood
80,6,20,1200,20,0,0,0,DoS-SYN-Flood
0,1,20,1200,0,0,0,0,DoS-ICMP
58461,6,2,120,2,0,0,0,PortScan
39587,6,2,120,2,0,0,0,PortScan
22,6,20,1200,20,0,0,0,SSH-Bruteforce
80,17,20,1200,0,0,0,0,DoS-UDP
10547,6,4,240,4,0,0,0,PortScan
80,17,20,1200,0,0,0,0,DoS-UDP
29110,6,2,120,2,0,0,0,PortScan
80,17,20,1200,0,0,0,0,DoS-UDP
443,6,11,3546,0,10,1,0,BENIGN
80,6,20,1200,20,0,0,0,DoS-SYN-Flood
80,17,20,1200,0,0,0,0,DoS-UDP
14242,6,4,240,4,0,0,0,PortScan
80,17,20,1200,0,0,0,0,DoS-UDP
0,1,20,840,0,0,0,0,DoS-ICMP
0,1,20,1200,0,0,0,0,DoS-ICMP
18671,6,6,348,6,6,0,0,SSH-Bruteforce
33104,6,2,120,2,0,0,0,PortScan
0,1,20,840,0,0,0,0,DoS-ICMP
443,6,20,3808,1,19,0,0,BENIGN
22,6,20,1200,0,0,20,0,SSH-Bruteforce
80,6,20,1480,20,0,0,0,DoS-HTTP
22,6,20,1200,1,0,19,0,SSH-Bruteforce
0,1,20,840,0,0,0,0,DoS-ICMP
0,1,20,840,0,0,0,0,DoS-ICMP
80,6,20,1200,20,0,0,0,DoS-SYN-Flood
48806,17,20,27980,0,0,0,0,BENIGN
0,1,20,1200,0,0,0,0,DoS-ICMP
25936,6,2,120,2,0,0,0,PortScan
0,1,20,840,0,0,0,0,DoS-ICMP
22,6,20,1200,20,0,0,0,SSH-Bruteforce
80,6,20,1480,20,0,0,0,DoS-HTTP
80,6,20,1200,20,0,0,0,DoS-SYN-Flood
80,17,20,1200,0,0,0,0,DoS-UDP
31567,6,2,120,2,0,0,0,PortScan
80,6,20,1200,20,0,0,0,DoS-SYN-Flood
52511,6,4,240,4,0,0,0,PortScan
80,17,20,1200,0,0,0,0,DoS-UDP
3697,6,6,360,6,0,0,0,PortScan
0,1,20,1200,0,0,0,0,DoS-ICMP
80,6,20,1480,20,0,0,0,DoS-HTTP
80,6,20,1200,20,0,0,0,DoS-SYN-Flood
0,1,20,840,0,0,0,0,DoS-ICMP
80,6,20,1480,20,0,0,0,DoS-HTTP
80,17,20,1200,0,0,0,0,DoS-UDP
80,6,20,1200,20,0,0,0,DoS-SYN-Flood
80,6,20,1480,20,0,0,0,DoS-HTTP
80,6,20,1480,20,0,0,0,DoS-HTTP
80,6,20,1480,20,0,0,0,DoS-HTTP
0,1,20,1200,0,0,0,0,DoS-ICMP
53258,6,20,23923,0,20,0,0,BENIGN
63523,6,2,120,2,0,0,0,PortScan
22774,6,2,120,2,0,0,0,PortScan
80,6,20,1200,20,0,0,0,DoS-SYN-Flood
0,1,20,840,0,0,0,0,DoS-ICMP
0,1,20,1200,0,0,0,0,DoS-ICMP
37973,6,4,240,4,0,0,0,PortScan
0,1,20,840,0,0,0,0,DoS-ICMP
80,6,20,1480,20,0,0,0,DoS-HTTP
80,17,20,1200,0,0,0,0,DoS-UDP
80,6,20,1480,20,0,0,0,DoS-HTTP
80,6,20,1200,20,0,0,0,DoS-SYN-Flood
80,6,20,1200,20,0,0,0,DoS-SYN-Flood
63724,6,6,348,6,6,0,0,SSH-Bruteforce
80,6,20,1200,20,0,0,0,DoS-SYN-Flood
0,1,20,1200,0,0,0,0,DoS-ICMP
48348,6,8,464,8,8,0,0,SSH-Bruteforce
59103,6,9,522,9,9,0,0,SSH-Bruteforce
80,6,20,1480,20,0,0,0,DoS-HTTP
24058,6,4,240,4,0,0,0,PortScan
34736,6,5,290,5,5,0,0,SSH-Bruteforce
80,6,20,1200,20,0,0,0,DoS-SYN-Flood
22,6,20,1200,2,0,18,0,SSH-Bruteforce
80,6,20,1480,20,0,0,0,DoS-HTTP
45070,6,2,120,2,0,0,0,PortScan
0,1,20,1200,0,0,0,0,DoS-ICMP
80,6,20,1200,20,0,0,0,DoS-SYN-Flood
80,17,20,1200,0,0,0,0,DoS-UDP
18832,6,2,120,2,0,0,0,PortScan
22,6,20,1200,16,0,4,0,SSH-Bruteforce
0,1,20,1200,0,0,0,0,DoS-ICMP
59448,6,2,120,2,0,0,0,PortScan
80,6,20,1480,20,0,0,0,DoS-HTTP
0,1,20,1200,0,0,0,0,DoS-ICMP
80,17,20,1200,0,0,0,0,DoS-UDP
80,6,20,1480,20,0,0,0,DoS-HTTP
80,6,20,1480,20,0,0,0,DoS-HTTP
80,6,20,1480,20,0,0,0,DoS-HTTP
80,6,20,1480,20,0,0,0,DoS-HTTP
44553,6,4,240,4,0,0,0,PortScan
80,17,20,1200,0,0,0,0,DoS-UDP
80,6,20,1480,20,0,0,0,DoS-HTTP
0,1,20,1200,0,0,0,0,DoS-ICMP
31554,6,2,120,2,0,0,0,PortScan
80,6,20,1480,20,0,0,0,DoS-HTTP
0,1,20,840,0,0,0,0,DoS-ICMP
0,1,20,840,0,0,0,0,DoS-ICMP
0,1,20,1200,0,0,0,0,DoS-ICMP
60886,6,20,27620,0,20,0,0,BENIGN
0,1,20,840,0,0,0,0,DoS-ICMP
80,6,20,1200,20,0,0,0,DoS-SYN-Flood
22,6,20,1200,20,0,0,0,SSH-Bruteforce
80,17,20,1200,0,0,0,0,DoS-UDP
0,1,20,840,0,0,0,0,DoS-ICMP
80,6,20,1200,20,0,0,0,DoS-SYN-Flood
80,17,20,1200,0,0,0,0,DoS-UDP
0,1,20,1200,0,0,0,0,DoS-ICMP
80,6,20,1200,20,0,0,0,DoS-SYN-Flood
0,1,20,1200,0,0,0,0,DoS-ICMP
30942,6,2,120,2,0,0,0,PortScan
80,17,20,1200,0,0,0,0,DoS-UDP
15907,6,2,120,2,0,0,0,PortScan
80,6,20,1200,20,0,0,0,DoS-SYN-Flood
80,17,20,1200,0,0,0,0,DoS-UDP
80,6,20,1200,20,0,0,0,DoS-SYN-Flood
35895,6,2,120,2,0,0,0,PortScan
0,1,20,840,0,0,0,0,DoS-ICMP
24564,6,2,120,2,0,0,0,PortScan
0,1,20,1200,0,0,0,0,DoS-ICMP
0,1,20,1200,0,0,0,0,DoS-ICMP
41308,17,20,27980,0,0,0,0,BENIGN
22,6,20,1200,20,0,0,0,SSH-Bruteforce
29233,6,10,580,10,10,0,0,SSH-Bruteforce
0,1,20,840,0,0,0,0,DoS-ICMP
57495,6,5,290,5,5,0,0,SSH-Bruteforce
80,17,20,1200,0,0,0,0,DoS-UDP
22,6,20,1200,0,0,20,0,SSH-Bruteforce
80,6,20,1480,20,0,0,0,DoS-HTTP
0,1,20,840,0,0,0,0,DoS-ICMP
9766,6,4,240,4,0,0,0,PortScan
22,6,20,1200,20,0,0,0,SSH-Bruteforce
50286,6,2,120,2,0,0,0,PortScan
53278,6,20,30280,0,20,0,0,BENIGN
22,6,20,1200,0,0,20,0,SSH-Bruteforce
22,6,20,1200,0,0,20,0,SSH-Bruteforce
80,6,20,1200,20,0,0,0,DoS-SYN-Flood
80,6,20,1480,20,0,0,0,DoS-HTTP
5610,6,7,406,7,7,0,0,SSH-Bruteforce
36520,17,20,27980,0,0,0,0,BENIGN
80,6,20,1200,20,0,0,0,DoS-SYN-Flood
60886,6,20,18060,0,20,0,0,BENIGN
15114,6,4,240,4,0,0,0,PortScan
8231,6,4,240,4,0,0,0,PortScan
80,6,20,1200,20,0,0,0,DoS-SYN-Flood
80,6,20,1200,20,0,0,0,DoS-SYN-Flood
80,17,20,1200,0,0,0,0,DoS-UDP
80,6,20,1480,20,0,0,0,DoS-HTTP
51851,6,7,406,7,7,0,0,SSH-Bruteforce
80,6,20,1480,20,0,0,0,DoS-HTTP
57134,6,8,464,8,8,0,0,SSH-Bruteforce
0,1,20,840,0,0,0,0,DoS-ICMP
0,1,20,1200,0,0,0,0,DoS-ICMP
80,17,20,1200,0,0,0,0,DoS-UDP
22,6,20,1200,16,0,4,0,SSH-Bruteforce
80,6,20,1480,20,0,0,0,DoS-HTTP
0,1,20,1200,0,0,0,0,DoS-ICMP
0,1,20,1200,0,0,0,0,DoS-ICMP
80,17,20,1200,0,0,0,0,DoS-UDP
80,6,20,1200,20,0,0,0,DoS-SYN-Flood
80,6,20,1200,20,0,0,0,DoS-SYN-Flood
13614,6,10,580,10,10,0,0,SSH-Bruteforce
0,1,20,1200,0,0,0,0,DoS-ICMP
80,6,20,1200,20,0,0,0,DoS-SYN-Flood
45339,6,2,120,2,0,0,0,PortScan
80,6,20,1480,20,0,0,0,DoS-HTTP
80,6,20,1200,20,0,0,0,DoS-SYN-Flood
22,6,20,1200,0,0,20,0,SSH-Bruteforce
80,6,20,1480,20,0,0,0,DoS-HTTP
53308,6,20,29080,0,20,0,0,BENIGN
39902,17,20,27980,0,0,0,0,BENIGN
80,6,20,1200,20,0,0,0,DoS-SYN-Flood
0,1,20,1200,0,0,0,0,DoS-ICMP
80,17,20,1200,0,0,0,0,DoS-UDP
0,1,20,840,0,0,0,0,DoS-ICMP
63203,6,2,120,2,0,0,0,PortScan
0,1,20,840,0,0,0,0,DoS-ICMP
37498,6,4,240,4,0,0,0,PortScan
0,1,20,840,0,0,0,0,DoS-ICMP
0,1,20,840,0,0,0,0,DoS-ICMP
0,1,20,1200,0,0,0,0,DoS-ICMP
0,1,20,840,0,0,0,0,DoS-ICMP
2310,6,6,348,6,6,0,0,SSH-Bruteforce
80,6,20,1480,20,0,0,0,DoS-HTTP
80,6,20,1200,20,0,0,0,DoS-SYN-Flood
58404,6,11,4338,1,11,0,1,BENIGN
80,6,20,1480,20,0,0,0,DoS-HTTP
80,17,20,1200,0,0,0,0,DoS-UDP
36212,6,14,6655,1,14,0,1,BENIGN
60886,6,20,29500,0,20,0,0,BENIGN
40249,6,4,240,4,0,0,0,PortScan
43435,6,4,240,4,0,0,0,PortScan
80,6,20,1480,20,0,0,0,DoS-HTTP
80,6,20,1480,20,0,0,0,DoS-HTTP
22,6,20,1200,3,0,17,0,SSH-Bruteforce
80,17,20,1200,0,0,0,0,DoS-UDP
80,6,20,1480,20,0,0,0,DoS-HTTP
0,1,20,1200,0,0,0,0,DoS-ICMP
80,6,20,1200,20,0,0,0,DoS-SYN-Flood
22157,6,7,406,7,7,0,0,SSH-Bruteforce
52204,6,4,240,4,0,0,0,PortScan
0,1,20,840,0,0,0,0,DoS-ICMP
0,1,20,1200,0,0,0,0,DoS-ICMP
80,17,20,1200,0,0,0,0,DoS-UDP
80,17,20,1200,0,0,0,0,DoS-UDP
0,1,20,840,0,0,0,0,DoS-ICMP
36520,17,20,26751,0,0,0,0,BENIGN
80,6,20,1200,20,0,0,0,DoS-SYN-Flood
60516,6,20,28505,0,20,0,0,BENIGN
58445,6,4,240,4,0,0,0,PortScan
80,17,20,1200,0,0,0,0,DoS-UDP
22,6,20,1200,0,0,20,0,SSH-Bruteforce
22,6,20,1200,0,0,20,0,SSH-Bruteforce
80,6,20,1200,20,0,0,0,DoS-SYN-Flood
10800,6,4,240,4,0,0,0,PortScan
80,6,20,1200,20,0,0,0,DoS-SYN-Flood
0,1,20,1200,0,0,0,0,DoS-ICMP
80,17,20,1200,0,0,0,0,DoS-UDP
80,17,20,1200,0,0,0,0,DoS-UDP
80,17,20,1200,0,0,0,0,DoS-UDP
80,6,20,1200,20,0,0,0,DoS-SYN-Flood
30036,6,2,120,2,0,0,0,PortScan
80,17,20,1200,0,0,0,0,DoS-UDP
61429,6,6,348,6,6,0,0,SSH-Bruteforce
20045,6,2,120,2,0,0,0,PortScan
54829,17,20,27980,0,0,0,0,BENIGN
80,17,20,1200,0,0,0,0,DoS-UDP
80,17,20,1200,0,0,0,0,DoS-UDP
38450,6,2,120,2,0,0,0,PortScan
80,6,20,1480,20,0,0,0,DoS-HTTP
80,6,20,1480,20,0,0,0,DoS-HTTP
835,6,6,360,6,0,0,0,PortScan
0,1,20,1200,0,0,0,0,DoS-ICMP
80,6,20,1200,20,0,0,0,DoS-SYN-Flood
0,1,20,1200,0,0,0,0,DoS-ICMP
80,17,20,1200,0,0,0,0,DoS-UDP
80,6,20,1480,20,0,0,0,DoS-HTTP
0,1,20,840,0,0,0,0,DoS-ICMP
0,1,20,1200,0,0,0,0,DoS-ICMP
12556,6,4,240,4,0,0,0,PortScan
0,1,20,840,0,0,0,0,DoS-ICMP
80,6,20,1480,20,0,0,0,DoS-HTTP
64427,6,4,240,4,0,0,0,PortScan
0,1,20,840,0,0,0,0,DoS-ICMP
22,6,20,1200,16,0,4,0,SSH-Bruteforce
0,1,20,840,0,0,0,0,DoS-ICMP
45114,6,9,522,9,9,0,0,SSH-Bruteforce
0,1,20,840,0,0,0,0,DoS-ICMP
80,6,20,1480,20,0,0,0,DoS-HTTP
80,17,20,1200,0,0,0,0,DoS-UDP
45775,6,5,290,5,5,0,0,SSH-Bruteforce
33049,6,5,290,5,5,0,0,SSH-Bruteforce
80,6,20,1200,20,0,0,0,DoS-SYN-Flood
35479,6,2,120,2,0,0,0,PortScan
33286,6,18,12664,0,18,0,1,BENIGN
29370,6,9,522,9,9,0,0,SSH-Bruteforce
39815,6,9,522,9,9,0,0,SSH-Bruteforce
0,1,20,840,0,0,0,0,DoS-ICMP
15637,6,2,120,2,0,0,0,PortScan
80,6,20,1480,20,0,0,0,DoS-HTTP
0,1,20,1200,0,0,0,0,DoS-ICMP
33684,6,9,522,9,9,0,0,SSH-Bruteforce
0,1,20,840,0,0,0,0,DoS-ICMP
13212,6,4,240,4,0,0,0,PortScan
80,6,20,1200,20,0,0,0,DoS-SYN-Flood
443,17,20,12414,0,0,0,0,BENIGN
20907,6,7,406,7,7,0,0,SSH-Bruteforce
36268,17,20,27980,0,0,0,0,BENIGN
0,1,20,1200,0,0,0,0,DoS-ICMP
80,17,20,1200,0,0,0,0,DoS-UDP
24302,6,7,406,7,7,0,0,SSH-Bruteforce
80,6,20,1200,20,0,0,0,DoS-SYN-Flood
0,1,20,1200,0,0,0,0,DoS-ICMP
80,6,20,1200,20,0,0,0,DoS-SYN-Flood
80,6,20,1480,20,0,0,0,DoS-HTTP
22,6,20,1200,0,0,20,0,SSH-Bruteforce
80,6,20,1200,20,0,0,0,DoS-SYN-Flood
0,1,20,840,0,0,0,0,DoS-ICMP
6565,6,4,240,4,0,0,0,PortScan
80,6,20,1200,20,0,0,0,DoS-SYN-Flood
80,6,20,1200,20,0,0,0,DoS-SYN-Flood
80,6,20,1480,20,0,0,0,DoS-HTTP
80,6,20,1200,20,0,0,0,DoS-SYN-Flood
0,1,20,1200,0,0,0,0,DoS-ICMP
57877,6,2,120,2,0,0,0,PortScan
80,6,20,1480,20,0,0,0,DoS-HTTP
497,6,4,240,4,0,0,0,PortScan
0,1,20,1200,0,0,0,0,DoS-ICMP
80,6,20,1480,20,0,0,0,DoS-HTTP
80,17,20,1200,0,0,0,0,DoS-UDP
80,17,20,1200,0,0,0,0,DoS-UDP
80,6,20,1480,20,0,0,0,DoS-HTTP
80,6,20,1200,20,0,0,0,DoS-SYN-Flood
80,6,20,1200,20,0,0,0,DoS-SYN-Flood
80,6,20,1480,20,0,0,0,DoS-HTTP
0,1,20,1200,0,0,0,0,DoS-ICMP
7380,6,8,464,8,8,0,0,SSH-Bruteforce
52392,6,6,348,6,6,0,0,SSH-Bruteforce
80,6,20,1480,20,0,0,0,DoS-HTTP
80,6,20,1480,20,0,0,0,DoS-HTTP
59889,6,4,240,4,0,0,0,PortScan
0,1,20,840,0,0,0,0,DoS-ICMP
36520,17,20,27980,0,0,0,0,BENIGN
80,17,20,1200,0,0,0,0,DoS-UDP
80,6,20,1200,20,0,0,0,DoS-SYN-Flood
22,6,20,1200,0,0,20,0,SSH-Bruteforce
5377,6,4,240,4,0,0,0,PortScan
80,17,20,1200,0,0,0,0,DoS-UDP
22445,6,10,580,10,10,0,0,SSH-Bruteforce
36268,17,20,27980,0,0,0,0,BENIGN
0,1,20,840,0,0,0,0,DoS-ICMP
0,1,20,840,0,0,0,0,DoS-ICMP
0,1,20,1200,0,0,0,0,DoS-ICMP
80,17,20,1200,0,0,0,0,DoS-UDP
5455,6,8,464,8,8,0,0,SSH-Bruteforce
22,6,20,1200,9,0,11,0,SSH-Bruteforce
80,6,20,1200,20,0,0,0,DoS-SYN-Flood
59906,6,7,406,7,7,0,0,SSH-Bruteforce
80,17,20,1200,0,0,0,0,DoS-UDP
80,6,20,1480,20,0,0,0,DoS-HTTP
80,6,20,1200,20,0,0,0,DoS-SYN-Flood
0,1,20,840,0,0,0,0,DoS-ICMP
80,6,20,1200,20,0,0,0,DoS-SYN-Flood
80,6,20,1480,20,0,0,0,DoS-HTTP
60886,6,20,29020,0,20,0,0,BENIGN
47746,6,4,240,4,0,0,0,PortScan
36520,17,20,27980,0,0,0,0,BENIGN
80,6,20,1200,20,0,0,0,DoS-SYN-Flood
80,6,20,1200,20,0,0,0,DoS-SYN-Flood
80,6,20,1200,20,0,0,0,DoS-SYN-Flood
80,17,20,1200,0,0,0,0,DoS-UDP
54851,6,6,348,6,6,0,0,SSH-Bruteforce
80,17,20,1200,0,0,0,0,DoS-UDP
80,6,20,1200,20,0,0,0,DoS-SYN-Flood
443,6,20,1200,0,20,0,0,BENIGN
80,17,20,1200,0,0,0,0,DoS-UDP
80,6,20,1200,20,0,0,0,DoS-SYN-Flood
45466,6,2,120,2,0,0,0,PortScan
0,1,20,840,0,0,0,0,DoS-ICMP
22674,6,6,348,6,6,0,0,SSH-Bruteforce
55658,6,6,348,6,6,0,0,SSH-Bruteforce
80,6,20,1480,20,0,0,0,DoS-HTTP
22,6,20,1200,0,0,20,0,SSH-Bruteforce
36000,6,2,120,2,0,0,0,PortScan
62859,6,4,240,4,0,0,0,PortScan
80,17,20,1200,0,0,0,0,DoS-UDP
80,17,20,1200,0,0,0,0,DoS-UDP
0,1,20,840,0,0,0,0,DoS-ICMP
80,6,20,1480,20,0,0,0,DoS-HTTP
0,1,20,840,0,0,0,0,DoS-ICMP
80,17,20,1200,0,0,0,0,DoS-UDP
80,6,20,1200,20,0,0,0,DoS-SYN-Flood
0,1,20,1200,0,0,0,0,DoS-ICMP
43992,17,20,27980,0,0,0,0,BENIGN
36520,17,20,27980,0,0,0,0,BENIGN
53258,6,20,28960,0,20,0,0,BENIGN
0,1,20,1200,0,0,0,0,DoS-ICMP
80,17,20,1200,0,0,0,0,DoS-UDP
80,6,20,1480,20,0,0,0,DoS-HTTP
80,17,20,1200,0,0,0,0,DoS-UDP
0,1,20,1200,0,0,0,0,DoS-ICMP
0,1,20,840,0,0,0,0,DoS-ICMP
80,6,20,1480,20,0,0,0,DoS-HTTP
7663,6,7,406,7,7,0,0,SSH-Bruteforce
80,6,20,1480,20,0,0,0,DoS-HTTP
80,6,20,1480,20,0,0,0,DoS-HTTP
80,17,20,1200,0,0,0,0,DoS-UDP
3635,6,4,240,4,0,0,0,PortScan
0,1,20,840,0,0,0,0,DoS-ICMP
47774,17,20,20792,0,0,0,0,BENIGN
80,6,20,1200,20,0,0,0,DoS-SYN-Flood
80,17,20,1200,0,0,0,0,DoS-UDP
11813,6,4,240,4,0,0,0,PortScan
80,17,20,1200,0,0,0,0,DoS-UDP
22,6,20,1200,0,0,20,0,SSH-Bruteforce
0,1,20,840,0,0,0,0,DoS-ICMP
22,6,20,1200,20,0,0,0,SSH-Bruteforce
13786,6,6,360,6,0,0,0,PortScan
80,6,20,1200,20,0,0,0,DoS-SYN-Flood
80,17,20,1200,0,0,0,0,DoS-UDP
80,6,20,1200,20,0,0,0,DoS-SYN-Flood
80,6,20,1480,20,0,0,0,DoS-HTTP
0,1,20,1200,0,0,0,0,DoS-ICMP
80,17,20,1200,0,0,0,0,DoS-UDP
31971,6,6,348,6,6,0,0,SSH-Bruteforce
0,1,20,1200,0,0,0,0,DoS-ICMP
80,6,20,1480,20,0,0,0,DoS-HTTP
80,17,20,1200,0,0,0,0,DoS-UDP
0,1,20,1200,0,0,0,0,DoS-ICMP
22,6,20,1200,20,0,0,0,SSH-Bruteforce
7158,6,7,406,7,7,0,0,SSH-Bruteforce
80,6,20,1480,20,0,0,0,DoS-HTTP
30229,6,7,406,7,7,0,0,SSH-Bruteforce
80,6,20,1200,20,0,0,0,DoS-SYN-Flood
80,6,20,1480,20,0,0,0,DoS-HTTP
0,1,20,1200,0,0,0,0,DoS-ICMP
41308,17,20,27980,0,0,0,0,BENIGN
80,6,20,1480,20,0,0,0,DoS-HTTP
32165,6,2,120,2,0,0,0,PortScan
53258,6,20,29914,0,20,0,0,BENIGN
80,6,20,1200,20,0,0,0,DoS-SYN-Flood
22,6,20,1200,20,0,0,0,SSH-Bruteforce
0,1,20,1200,0,0,0,0,DoS-ICMP
80,6,20,1200,20,0,0,0,DoS-SYN-Flood
80,17,20,1200,0,0,0,0,DoS-UDP
52287,6,7,406,7,7,0,0,SSH-Bruteforce
80,17,20,1200,0,0,0,0,DoS-UDP
80,6,20,1480,20,0,0,0,DoS-HTTP
80,17,20,1200,0,0,0,0,DoS-UDP
80,6,20,1480,20,0,0,0,DoS-HTTP
35506,6,2,120,2,0,0,0,PortScan
14324,6,6,360,6,0,0,0,PortScan
0,1,20,1200,0,0,0,0,DoS-ICMP
80,6,20,1480,20,0,0,0,DoS-HTTP
2452,6,6,348,6,6,0,0,SSH-Bruteforce
80,6,20,1480,20,0,0,0,DoS-HTTP
63652,6,6,348,6,6,0,0,SSH-Bruteforce
22,6,20,1200,0,0,20,0,SSH-Bruteforce
0,1,20,1200,0,0,0,0,DoS-ICMP
45921,6,2,120,2,0,0,0,PortScan
0,1,20,1200,0,0,0,0,DoS-ICMP
80,17,20,1200,0,0,0,0,DoS-UDP
64868,6,2,120,2,0,0,0,PortScan
0,1,20,1200,0,0,0,0,DoS-ICMP
80,6,20,1480,20,0,0,0,DoS-HTTP
80,17,20,1200,0,0,0,0,DoS-UDP
80,6,20,1480,20,0,0,0,DoS-HTTP
42275,6,7,406,7,7,0,0,SSH-Bruteforce
80,6,20,1200,20,0,0,0,DoS-SYN-Flood
80,6,20,1480,20,0,0,0,DoS-HTTP
80,17,20,1200,0,0,0,0,DoS-UDP
80,6,20,1480,20,0,0,0,DoS-HTTP
5698,6,4,240,4,0,0,0,PortScan
80,6,20,1480,20,0,0,0,DoS-HTTP
26110,6,4,240,4,0,0,0,PortScan
36520,17,20,27980,0,0,0,0,BENIGN
9521,6,10,580,10,10,0,0,SSH-Bruteforce
22,6,20,1200,20,0,0,0,SSH-Bruteforce
80,6,20,1480,20,0,0,0,DoS-HTTP
22,6,20,1200,20,0,0,0,SSH-Bruteforce
80,6,20,1200,20,0,0,0,DoS-SYN-Flood
80,6,20,1480,20,0,0,0,DoS-HTTP
80,6,20,1480,20,0,0,0,DoS-HTTP
80,6,20,1200,20,0,0,0,DoS-SYN-Flood
80,6,20,1480,20,0,0,0,DoS-HTTP
5989,6,6,360,6,0,0,0,PortScan
80,6,20,1200,20,0,0,0,DoS-SYN-Flood
0,1,20,840,0,0,0,0,DoS-ICMP
0,1,20,1200,0,0,0,0,DoS-ICMP
49240,6,20,17939,1,20,0,0,BENIGN
42093,6,4,232,4,4,0,0,SSH-Bruteforce
0,1,20,840,0,0,0,0,DoS-ICMP
8157,6,10,580,10,10,0,0,SSH-Bruteforce
80,6,20,1200,20,0,0,0,DoS-SYN-Flood
80,6,20,1480,20,0,0,0,DoS-HTTP
3796,6,4,240,4,0,0,0,PortScan
80,6,20,1480,20,0,0,0,DoS-HTTP
46398,17,20,27980,0,0,0,0,BENIGN
45390,6,2,120,2,0,0,0,PortScan
22,6,20,1200,20,0,0,0,SSH-Bruteforce
19862,6,5,290,5,5,0,0,SSH-Bruteforce
34989,6,2,120,2,0,0,0,PortScan
22,6,20,1200,3,0,17,0,SSH-Bruteforce
80,6,20,1200,20,0,0,0,DoS-SYN-Flood
36520,17,20,23372,0,0,0,0,BENIGN
0,1,20,840,0,0,0,0,DoS-ICMP
9626,6,4,240,4,0,0,0,PortScan
30051,6,2,120,2,0,0,0,PortScan
80,17,20,1200,0,0,0,0,DoS-UDP
80,6,20,1200,20,0,0,0,DoS-SYN-Flood
80,17,20,1200,0,0,0,0,DoS-UDP
80,6,20,1200,20,0,0,0,DoS-SYN-Flood
80,17,20,1200,0,0,0,0,DoS-UDP
43278,6,4,240,4,0,0,0,PortScan
22,6,20,1200,0,0,20,0,SSH-Bruteforce
40989,6,5,290,5,5,0,0,SSH-Bruteforce
80,17,20,1200,0,0,0,0,DoS-UDP
22,6,20,1200,6,0,14,0,SSH-Bruteforce
0,1,20,840,0,0,0,0,DoS-ICMP
0,1,20,840,0,0,0,0,DoS-ICMP
80,6,20,1480,20,0,0,0,DoS-HTTP
80,6,20,1200,20,0,0,0,DoS-SYN-Flood
80,6,20,1480,20,0,0,0,DoS-HTTP
80,6,20,1480,20,0,0,0,DoS-HTTP
40498,6,11,638,11,11,0,0,SSH-Bruteforce
80,6,20,1480,20,0,0,0,DoS-HTTP
80,6,20,1200,20,0,0,0,DoS-SYN-Flood
80,17,20,1200,0,0,0,0,DoS-UDP
80,6,20,1200,20,0,0,0,DoS-SYN-Flood
5749,6,7,406,7,7,0,0,SSH-Bruteforce
80,17,20,1200,0,0,0,0,DoS-UDP
80,6,20,1480,20,0,0,0,DoS-HTTP
53234,6,4,240,4,0,0,0,PortScan
80,6,20,1480,20,0,0,0,DoS-HTTP
8877,6,4,240,4,0,0,0,PortScan
0,1,20,840,0,0,0,0,DoS-ICMP
28862,6,6,348,6,6,0,0,SSH-Bruteforce
48806,17,20,27980,0,0,0,0,BENIGN
80,17,20,1200,0,0,0,0,DoS-UDP
0,1,20,1200,0,0,0,0,DoS-ICMP
0,1,20,1200,0,0,0,0,DoS-ICMP
0,1,20,840,0,0,0,0,DoS-ICMP
80,6,20,1480,20,0,0,0,DoS-HTTP
80,6,20,1480,20,0,0,0,DoS-HTTP
0,1,20,840,0,0,0,0,DoS-ICMP
80,6,20,1480,20,0,0,0,DoS-HTTP
13320,6,12,696,12,12,0,0,SSH-Bruteforce
0,1,20,840,0,0,0,0,DoS-ICMP
0,1,20,1200,0,0,0,0,DoS-ICMP
80,6,20,1200,20,0,0,0,DoS-SYN-Flood
54868,6,2,120,2,0,0,0,PortScan
80,17,20,1200,0,0,0,0,DoS-UDP
80,6,20,1200,20,0,0,0,DoS-SYN-Flood
80,6,20,1480,20,0,0,0,DoS-HTTP
80,6,20,1480,20,0,0,0,DoS-HTTP
80,17,20,1200,0,0,0,0,DoS-UDP
80,6,20,1200,20,0,0,0,DoS-SYN-Flood
80,17,20,1200,0,0,0,0,DoS-UDP
80,6,20,1200,20,0,0,0,DoS-SYN-Flood
0,1,20,1200,0,0,0,0,DoS-ICMP
80,6,20,1480,20,0,0,0,DoS-HTTP
80,17,20,1200,0,0,0,0,DoS-UDP
80,6,20,1200,20,0,0,0,DoS-SYN-Flood
2703,6,4,240,4,0,0,0,PortScan
0,1,20,840,0,0,0,0,DoS-ICMP
80,6,20,1480,20,0,0,0,DoS-HTTP
80,6,20,1200,20,0,0,0,DoS-SYN-Flood
36520,17,20,27609,0,0,0,0,BENIGN
80,17,20,1200,0,0,0,0,DoS-UDP
0,1,20,1200,0,0,0,0,DoS-ICMP
80,6,20,1200,20,0,0,0,DoS-SYN-Flood
0,1,20,840,0,0,0,0,DoS-ICMP
80,6,20,1480,20,0,0,0,DoS-HTTP
39902,17,20,27980,0,0,0,0,BENIGN
80,6,20,1480,20,0,0,0,DoS-HTTP
0,1,20,840,0,0,0,0,DoS-ICMP
80,6,20,1480,20,0,0,0,DoS-HTTP
80,17,20,1200,0,0,0,0,DoS-UDP
0,1,20,1200,0,0,0,0,DoS-ICMP
53308,6,20,26990,0,20,0,0,BENIGN
80,6,20,1480,20,0,0,0,DoS-HTTP
45447,17,20,27980,0,0,0,0,BENIGN
21817,6,2,120,2,0,0,0,PortScan
5348,6,4,240,4,0,0,0,PortScan
80,6,20,1200,20,0,0,0,DoS-SYN-Flood
80,6,20,1480,20,0,0,0,DoS-HTTP
36226,6,2,120,2,0,0,0,PortScan
45837,6,4,240,4,0,0,0,PortScan
13732,6,13,754,13,13,0,0,SSH-Bruteforce
7195,6,4,240,4,0,0,0,PortScan
0,1,20,1200,0,0,0,0,DoS-ICMP
80,17,20,1200,0,0,0,0,DoS-UDP
80,6,20,1200,20,0,0,0,DoS-SYN-Flood
0,1,20,1200,0,0,0,0,DoS-ICMP
0,1,20,1200,0,0,0,0,DoS-ICMP
0,1,20,1200,0,0,0,0,DoS-ICMP
443,17,20,17886,0,0,0,0,BENIGN
33240,6,20,28900,0,20,0,0,BENIGN
80,6,20,1200,20,0,0,0,DoS-SYN-Flood
22,6,20,1200,0,0,20,0,SSH-Bruteforce
80,6,20,1480,20,0,0,0,DoS-HTTP
36505,6,10,580,10,10,0,0,SSH-Bruteforce
80,6,20,1200,20,0,0,0,DoS-SYN-Flood
22,6,20,1200,1,0,19,0,SSH-Bruteforce
63081,6,6,348,6,6,0,0,SSH-Bruteforce
80,17,20,1200,0,0,0,0,DoS-UDP
0,1,20,840,0,0,0,0,DoS-ICMP
0,1,20,840,0,0,0,0,DoS-ICMP
5766,6,4,240,4,0,0,0,PortScan
80,17,20,1200,0,0,0,0,DoS-UDP
80,6,20,1200,20,0,0,0,DoS-SYN-Flood
31381,6,2,120,2,0,0,0,PortScan
80,6,20,1480,20,0,0,0,DoS-HTTP
40898,6,2,120,2,0,0,0,PortScan
80,6,20,1200,20,0,0,0,DoS-SYN-Flood
36520,17,20,27980,0,0,0,0,BENIGN
34617,6,6,348,6,6,0,0,SSH-Bruteforce
32364,6,2,120,2,0,0,0,PortScan
31335,6,6,348,6,6,0,0,SSH-Bruteforce
0,1,20,840,0,0,0,0,DoS-ICMP
0,1,20,1200,0,0,0,0,DoS-ICMP
80,6,20,1200,20,0,0,0,DoS-SYN-Flood
80,6,20,1480,20,0,0,0,DoS-HTTP
80,6,20,1200,20,0,0,0,DoS-SYN-Flood
7252,6,4,240,4,0,0,0,PortScan
30047,6,7,406,7,7,0,0,SSH-Bruteforce
43169,6,2,120,2,0,0,0,PortScan
80,6,20,1480,20,0,0,0,DoS-HTTP
80,6,20,1480,20,0,0,0,DoS-HTTP
23044,6,4,240,4,0,0,0,PortScan
28491,6,11,634,10,10,1,0,SSH-Bruteforce
80,17,20,1200,0,0,0,0,DoS-UDP
80,6,20,1480,20,0,0,0,DoS-HTTP
80,6,20,1200,20,0,0,0,DoS-SYN-Flood
80,6,20,1200,20,0,0,0,DoS-SYN-Flood
0,1,20,840,0,0,0,0,DoS-ICMP
80,6,20,1200,20,0,0,0,DoS-SYN-Flood
64904,6,2,120,2,0,0,0,PortScan
80,6,20,1200,20,0,0,0,DoS-SYN-Flood
80,6,20,1200,20,0,0,0,DoS-SYN-Flood
36520,17,20,27980,0,0,0,0,BENIGN
22,6,20,1200,0,0,20,0,SSH-Bruteforce
0,1,20,840,0,0,0,0,DoS-ICMP
0,1,20,840,0,0,0,0,DoS-ICMP
80,6,20,1480,20,0,0,0,DoS-HTTP
80,6,20,1200,20,0,0,0,DoS-SYN-Flood
80,17,20,1200,0,0,0,0,DoS-UDP
80,6,20,1480,20,0,0,0,DoS-HTTP
34703,6,9,522,9,9,0,0,SSH-Bruteforce
80,17,20,1200,0,0,0,0,DoS-UDP
13814,6,4,240,4,0,0,0,PortScan
7061,6,4,240,4,0,0,0,PortScan
80,6,20,1200,20,0,0,0,DoS-SYN-Flood
46680,6,2,120,2,0,0,0,PortScan
80,6,20,1200,20,0,0,0,DoS-SYN-Flood
36520,17,20,27980,0,0,0,0,BENIGN
56568,6,6,348,6,6,0,0,SSH-Bruteforce
22,6,20,1200,0,0,20,0,SSH-Bruteforce
80,17,20,1200,0,0,0,0,DoS-UDP
0,1,20,1200,0,0,0,0,DoS-ICMP
80,6,20,1480,20,0,0,0,DoS-HTTP
80,17,20,1200,0,0,0,0,DoS-UDP
7471,6,7,406,7,7,0,0,SSH-Bruteforce
80,6,20,1480,20,0,0,0,DoS-HTTP
80,6,20,1200,20,0,0,0,DoS-SYN-Flood
38599,6,2,120,2,0,0,0,PortScan
80,6,20,1200,20,0,0,0,DoS-SYN-Flood
10717,6,8,464,8,8,0,0,SSH-Bruteforce
9011,6,4,240,4,0,0,0,PortScan
0,1,20,840,0,0,0,0,DoS-ICMP
0,1,20,840,0,0,0,0,DoS-ICMP
80,6,20,1480,20,0,0,0,DoS-HTTP
0,1,20,1200,0,0,0,0,DoS-ICMP
80,6,20,1480,20,0,0,0,DoS-HTTP
22,6,20,1200,0,0,20,0,SSH-Bruteforce
80,6,20,1480,20,0,0,0,DoS-HTTP
80,17,20,1200,0,0,0,0,DoS-UDP
80,6,20,1200,20,0,0,0,DoS-SYN-Flood
39086,6,2,120,2,0,0,0,PortScan
41308,17,20,27980,0,0,0,0,BENIGN
54004,6,6,348,6,6,0,0,SSH-Bruteforce
80,6,20,1480,20,0,0,0,DoS-HTTP
37659,6,4,240,4,0,0,0,PortScan
10488,6,4,240,4,0,0,0,PortScan
61027,6,2,120,2,0,0,0,PortScan
36520,17,20,27980,0,0,0,0,BENIGN
80,6,20,1480,20,0,0,0,DoS-HTTP
22,6,20,1200,20,0,0,0,SSH-Bruteforce
0,1,20,840,0,0,0,0,DoS-ICMP
13501,6,9,522,9,9,0,0,SSH-Bruteforce
39902,17,20,27980,0,0,0,0,BENIGN
80,17,20,1200,0,0,0,0,DoS-UDP
0,1,20,840,0,0,0,0,DoS-ICMP
54238,17,2,194,0,0,0,0,BENIGN
0,1,20,1200,0,0,0,0,DoS-ICMP
20684,6,8,464,8,8,0,0,SSH-Bruteforce
31603,6,10,580,10,10,0,0,SSH-Bruteforce
0,1,20,1200,0,0,0,0,DoS-ICMP
80,6,20,1480,20,0,0,0,DoS-HTTP
45424,6,20,1423,0,20,0,0,BENIGN
80,17,20,1200,0,0,0,0,DoS-UDP
34964,6,2,120,2,0,0,0,PortScan
52304,6,2,120,2,0,0,0,PortScan
80,17,20,1200,0,0,0,0,DoS-UDP
64277,6,2,120,2,0,0,0,PortScan
0,1,20,840,0,0,0,0,DoS-ICMP
37502,6,4,240,4,0,0,0,PortScan
8343,6,6,360,6,0,0,0,PortScan
80,6,20,1200,20,0,0,0,DoS-SYN-Flood
22,6,20,1200,0,0,20,0,SSH-Bruteforce
80,6,20,1480,20,0,0,0,DoS-HTTP
22,6,20,1200,20,0,0,0,SSH-Bruteforce
29610,6,10,580,10,10,0,0,SSH-Bruteforce
35022,6,7,406,7,7,0,0,SSH-Bruteforce
22,6,20,1200,20,0,0,0,SSH-Bruteforce
80,6,20,1480,20,0,0,0,DoS-HTTP
80,17,20,1200,0,0,0,0,DoS-UDP
63228,6,6,348,6,6,0,0,SSH-Bruteforce
80,6,20,1200,20,0,0,0,DoS-SYN-Flood
0,1,20,1200,0,0,0,0,DoS-ICMP
80,17,20,1200,0,0,0,0,DoS-UDP
10809,6,4,240,4,0,0,0,PortScan
0,1,20,1200,0,0,0,0,DoS-ICMP
80,6,20,1480,20,0,0,0,DoS-HTTP
80,17,20,1200,0,0,0,0,DoS-UDP
58695,6,2,120,2,0,0,0,PortScan
27642,6,4,240,4,0,0,0,PortScan
0,1,20,1200,0,0,0,0,DoS-ICMP
80,6,20,1200,20,0,0,0,DoS-SYN-Flood
80,17,20,1200,0,0,0,0,DoS-UDP
80,6,20,1200,20,0,0,0,DoS-SYN-Flood
12391,6,8,464,8,8,0,0,SSH-Bruteforce
80,6,20,1480,20,0,0,0,DoS-HTTP
35587,6,2,120,2,0,0,0,PortScan
80,6,20,1200,20,0,0,0,DoS-SYN-Flood
8857,6,4,240,4,0,0,0,PortScan
80,6,20,1200,20,0,0,0,DoS-SYN-Flood
0,1,20,1200,0,0,0,0,DoS-ICMP
80,6,20,1200,20,0,0,0,DoS-SYN-Flood
80,6,20,1200,20,0,0,0,DoS-SYN-Flood
1211,6,5,290,5,5,0,0,SSH-Bruteforce
63469,6,4,240,4,0,0,0,PortScan
36520,17,20,27980,0,0,0,0,BENIGN
80,17,20,1200,0,0,0,0,DoS-UDP
80,17,20,1200,0,0,0,0,DoS-UDP
80,17,20,1200,0,0,0,0,DoS-UDP
80,6,20,1480,20,0,0,0,DoS-HTTP
80,6,20,1200,20,0,0,0,DoS-SYN-Flood
80,6,20,1480,20,0,0,0,DoS-HTTP
9628,6,4,240,4,0,0,0,PortScan
22,6,20,1200,20,0,0,0,SSH-Bruteforce
80,17,20,1200,0,0,0,0,DoS-UDP
36520,17,20,27980,0,0,0,0,BENIGN
80,17,20,1200,0,0,0,0,DoS-UDP
14410,6,4,240,4,0,0,0,PortScan
80,6,20,1480,20,0,0,0,DoS-HTTP
0,1,20,840,0,0,0,0,DoS-ICMP
25680,6,2,120,2,0,0,0,PortScan
80,17,20,1200,0,0,0,0,DoS-UDP
0,1,20,1200,0,0,0,0,DoS-ICMP
0,1,20,1200,0,0,0,0,DoS-ICMP
17888,6,2,120,2,0,0,0,PortScan
2968,6,4,240,4,0,0,0,PortScan
24600,6,2,120,2,0,0,0,PortScan
80,17,20,1200,0,0,0,0,DoS-UDP
80,17,20,1200,0,0,0,0,DoS-UDP
31926,6,4,240,4,0,0,0,PortScan
10507,6,6,348,6,6,0,0,SSH-Bruteforce
60394,17,20,27980,0,0,0,0,BENIGN
44521,6,2,120,2,0,0,0,PortScan
41986,6,4,240,4,0,0,0,PortScan
54899,6,6,348,6,6,0,0,SSH-Bruteforce
80,17,20,1200,0,0,0,0,DoS-UDP
47822,6,20,29454,0,20,0,0,BENIGN
15633,6,8,464,8,8,0,0,SSH-Bruteforce
80,17,20,1200,0,0,0,0,DoS-UDP
80,6,20,1200,20,0,0,0,DoS-SYN-Flood
80,6,20,1480,20,0,0,0,DoS-HTTP
0,1,20,1200,0,0,0,0,DoS-ICMP
62711,6,2,120,2,0,0,0,PortScan
80,17,20,1200,0,0,0,0,DoS-UDP
22,6,20,1200,20,0,0,0,SSH-Bruteforce
80,6,20,1480,20,0,0,0,DoS-HTTP
80,17,20,1200,0,0,0,0,DoS-UDP
36520,17,20,27980,0,0,0,0,BENIGN
41783,6,10,580,10,10,0,0,SSH-Bruteforce
80,6,20,1200,20,0,0,0,DoS-SYN-Flood
80,6,20,1200,20,0,0,0,DoS-SYN-Flood
48772,6,3,166,1,3,1,0,BENIGN
22,6,20,1200,0,0,20,0,SSH-Bruteforce
80,6,20,1200,20,0,0,0,DoS-SYN-Flood
80,17,20,1200,0,0,0,0,DoS-UDP
41807,6,8,464,8,8,0,0,SSH-Bruteforce
40437,6,6,348,6,6,0,0,SSH-Bruteforce
0,1,20,1200,0,0,0,0,DoS-ICMP
0,1,20,840,0,0,0,0,DoS-ICMP
80,6,20,1200,20,0,0,0,DoS-SYN-Flood
60850,6,5,290,5,5,0,0,SSH-Bruteforce
80,17,20,1200,0,0,0,0,DoS-UDP
80,6,20,1480,20,0,0,0,DoS-HTTP
38477,6,2,120,2,0,0,0,PortScan
80,6,20,1480,20,0,0,0,DoS-HTTP
0,1,20,840,0,0,0,0,DoS-ICMP
80,6,20,1200,20,0,0,0,DoS-SYN-Flood
80,6,20,1480,20,0,0,0,DoS-HTTP
80,6,20,1480,20,0,0,0,DoS-HTTP
29283,6,2,120,2,0,0,0,PortScan
80,6,20,1480,20,0,0,0,DoS-HTTP
45424,6,20,11423,0,20,0,0,BENIGN
80,17,20,1200,0,0,0,0,DoS-UDP
18842,6,8,464,8,8,0,0,SSH-Bruteforce
80,6,20,1480,20,0,0,0,DoS-HTTP
0,1,20,1200,0,0,0,0,DoS-ICMP
10404,6,6,360,6,0,0,0,PortScan
12500,6,8,464,8,8,0,0,SSH-Bruteforce
33595,17,20,13598,0,0,0,0,BENIGN
0,1,20,840,0,0,0,0,DoS-ICMP
45862,6,4,240,4,0,0,0,PortScan
48806,17,20,27980,0,0,0,0,BENIGN
0,1,20,840,0,0,0,0,DoS-ICMP
80,6,20,1200,20,0,0,0,DoS-SYN-Flood
80,6,20,1200,20,0,0,0,DoS-SYN-Flood
80,6,20,1480,20,0,0,0,DoS-HTTP
80,17,20,1200,0,0,0,0,DoS-UDP
0,1,20,1200,0,0,0,0,DoS-ICMP
80,17,20,1200,0,0,0,0,DoS-UDP
0,1,20,840,0,0,0,0,DoS-ICMP
80,6,20,1200,20,0,0,0,DoS-SYN-Flood
80,6,20,1200,20,0,0,0,DoS-SYN-Flood
0,1,20,840,0,0,0,0,DoS-ICMP
80,6,20,1480,20,0,0,0,DoS-HTTP
80,6,20,1480,20,0,0,0,DoS-HTTP
80,17,20,1200,0,0,0,0,DoS-UDP
5844,6,5,290,5,5,0,0,SSH-Bruteforce
80,17,20,1200,0,0,0,0,DoS-UDP
80,6,20,1200,20,0,0,0,DoS-SYN-Flood
80,17,20,1200,0,0,0,0,DoS-UDP
34784,6,4,232,4,4,0,0,SSH-Bruteforce
22,6,20,1200,20,0,0,0,SSH-Bruteforce
2793,6,6,360,6,0,0,0,PortScan
7003,6,4,232,4,4,0,0,SSH-Bruteforce
45853,6,7,406,7,7,0,0,SSH-Bruteforce
0,1,20,1200,0,0,0,0,DoS-ICMP
58785,6,7,406,7,7,0,0,SSH-Bruteforce
38129,6,8,464,8,8,0,0,SSH-Bruteforce
80,6,20,1480,20,0,0,0,DoS-HTTP
80,6,20,1200,20,0,0,0,DoS-SYN-Flood
0,1,20,840,0,0,0,0,DoS-ICMP
22,6,20,1200,20,0,0,0,SSH-Bruteforce
0,1,20,1200,0,0,0,0,DoS-ICMP
22,6,20,1200,0,0,20,0,SSH-Bruteforce
54244,6,7,406,7,7,0,0,SSH-Bruteforce
80,6,20,1200,20,0,0,0,DoS-SYN-Flood
8339,6,4,240,4,0,0,0,PortScan
63200,6,8,464,8,8,0,0,SSH-Bruteforce
0,1,20,840,0,0,0,0,DoS-ICMP
50517,6,4,240,4,0,0,0,PortScan
80,6,20,1200,20,0,0,0,DoS-SYN-Flood
80,6,20,1480,20,0,0,0,DoS-HTTP
80,6,20,1480,20,0,0,0,DoS-HTTP
32541,6,7,406,7,7,0,0,SSH-Bruteforce
42374,6,2,120,2,0,0,0,PortScan
80,6,20,1200,20,0,0,0,DoS-SYN-Flood
0,1,20,1200,0,0,0,0,DoS-ICMP
49887,6,2,120,2,0,0,0,PortScan
39902,17,20,27980,0,0,0,0,BENIGN
35738,6,2,120,2,0,0,0,PortScan
80,17,20,1200,0,0,0,0,DoS-UDP
80,6,20,1200,20,0,0,0,DoS-SYN-Flood
0,1,20,1200,0,0,0,0,DoS-ICMP
80,6,20,1200,20,0,0,0,DoS-SYN-Flood
33856,6,2,120,2,0,0,0,PortScan
80,17,20,1200,0,0,0,0,DoS-UDP
20869,6,8,464,8,8,0,0,SSH-Bruteforce
63930,6,4,240,4,0,0,0,PortScan
80,17,20,1200,0,0,0,0,DoS-UDP
0,1,20,1200,0,0,0,0,DoS-ICMP
0,1,20,1200,0,0,0,0,DoS-ICMP
0,1,20,840,0,0,0,0,DoS-ICMP
0,1,20,1200,0,0,0,0,DoS-ICMP
57528,6,2,120,2,0,0,0,PortScan
80,6,20,1480,20,0,0,0,DoS-HTTP
0,1,20,840,0,0,0,0,DoS-ICMP
80,6,20,1200,20,0,0,0,DoS-SYN-Flood
0,1,20,1200,0,0,0,0,DoS-ICMP
80,6,20,1480,20,0,0,0,DoS-HTTP
80,17,20,1200,0,0,0,0,DoS-UDP
80,17,20,1200,0,0,0,0,DoS-UDP
80,6,20,1200,20,0,0,0,DoS-SYN-Flood
80,6,20,1200,20,0,0,0,DoS-SYN-Flood
20310,6,2,120,2,0,0,0,PortScan
0,1,20,1200,0,0,0,0,DoS-ICMP
80,6,20,1480,20,0,0,0,DoS-HTTP
80,6,20,1480,20,0,0,0,DoS-HTTP
0,1,20,1200,0,0,0,0,DoS-ICMP
10895,6,7,406,7,7,0,0,SSH-Bruteforce
80,17,20,1200,0,0,0,0,DoS-UDP
80,17,20,1200,0,0,0,0,DoS-UDP
22,6,20,1200,0,0,20,0,SSH-Bruteforce
36520,17,20,27263,0,0,0,0,BENIGN
80,17,20,1200,0,0,0,0,DoS-UDP
45447,17,20,27980,0,0,0,0,BENIGN
28287,6,9,522,9,9,0,0,SSH-Bruteforce
22,6,20,1200,2,0,18,0,SSH-Bruteforce
3417,6,9,522,9,9,0,0,SSH-Bruteforce
0,1,20,1200,0,0,0,0,DoS-ICMP
80,6,20,1200,20,0,0,0,DoS-SYN-Flood
80,6,20,1200,20,0,0,0,DoS-SYN-Flood
31317,6,8,464,8,8,0,0,SSH-Bruteforce
0,1,20,1200,0,0,0,0,DoS-ICMP
0,1,20,840,0,0,0,0,DoS-ICMP
80,6,20,1480,20,0,0,0,DoS-HTTP
80,6,20,1480,20,0,0,0,DoS-HTTP
80,17,20,1200,0,0,0,0,DoS-UDP
80,6,20,1200,20,0,0,0,DoS-SYN-Flood
0,1,20,1200,0,0,0,0,DoS-ICMP
22,6,20,1200,1,0,19,0,SSH-Bruteforce
80,17,20,1200,0,0,0,0,DoS-UDP
80,17,20,1200,0,0,0,0,DoS-UDP
0,1,20,840,0,0,0,0,DoS-ICMP
80,6,20,1480,20,0,0,0,DoS-HTTP
80,6,20,1480,20,0,0,0,DoS-HTTP
0,1,20,840,0,0,0,0,DoS-ICMP
80,17,20,1200,0,0,0,0,DoS-UDP
12095,6,4,240,4,0,0,0,PortScan
80,6,20,1200,20,0,0,0,DoS-SYN-Flood
80,17,20,1200,0,0,0,0,DoS-UDP
58246,6,2,120,2,0,0,0,PortScan
22,6,20,1200,20,0,0,0,SSH-Bruteforce
0,1,20,1200,0,0,0,0,DoS-ICMP
34013,6,4,240,4,0,0,0,PortScan
22,6,20,1200,1,0,19,0,SSH-Bruteforce
80,6,20,1200,20,0,0,0,DoS-SYN-Flood
80,17,20,1200,0,0,0,0,DoS-UDP
80,6,20,1200,20,0,0,0,DoS-SYN-Flood
80,17,20,1200,0,0,0,0,DoS-UDP
59646,6,20,29080,0,20,0,0,BENIGN
80,17,20,1200,0,0,0,0,DoS-UDP
80,6,20,1480,20,0,0,0,DoS-HTTP
80,6,20,1200,20,0,0,0,DoS-SYN-Flood
2579,6,8,464,8,8,0,0,SSH-Bruteforce
80,17,20,1200,0,0,0,0,DoS-UDP
33612,6,4,240,4,0,0,0,PortScan
80,17,20,1200,0,0,0,0,DoS-UDP
80,6,20,1200,20,0,0,0,DoS-SYN-Flood
80,6,20,1480,20,0,0,0,DoS-HTTP
80,17,20,1200,0,0,0,0,DoS-UDP
6633,6,4,240,4,0,0,0,PortScan
80,6,20,1200,20,0,0,0,DoS-SYN-Flood
0,1,20,1200,0,0,0,0,DoS-ICMP
80,17,20,1200,0,0,0,0,DoS-UDP
8240,6,8,464,8,8,0,0,SSH-Bruteforce
36520,17,20,27980,0,0,0,0,BENIGN
80,6,20,1480,20,0,0,0,DoS-HTTP
56198,6,5,290,5,5,0,0,SSH-Bruteforce
14037,6,6,360,6,0,0,0,PortScan
80,6,20,1480,20,0,0,0,DoS-HTTP
0,1,20,840,0,0,0,0,DoS-ICMP
0,1,20,1200,0,0,0,0,DoS-ICMP
31204,6,2,120,2,0,0,0,PortScan
36520,17,20,27980,0,0,0,0,BENIGN
35854,6,20,28900,0,20,0,0,BENIGN
80,6,20,1200,20,0,0,0,DoS-SYN-Flood
80,6,20,1480,20,0,0,0,DoS-HTTP
60925,6,2,120,2,0,0,0,PortScan
80,17,20,1200,0,0,0,0,DoS-UDP
80,6,20,1480,20,0,0,0,DoS-HTTP
80,17,20,1200,0,0,0,0,DoS-UDP
41751,6,4,240,4,0,0,0,PortScan
60864,6,2,120,2,0,0,0,PortScan
22,6,20,1200,1,0,19,0,SSH-Bruteforce
0,1,20,840,0,0,0,0,DoS-ICMP
80,17,20,1200,0,0,0,0,DoS-UDP
80,6,20,1480,20,0,0,0,DoS-HTTP
7414,6,4,240,4,0,0,0,PortScan
80,17,20,1200,0,0,0,0,DoS-UDP
80,6,20,1200,20,0,0,0,DoS-SYN-Flood
80,6,20,1480,20,0,0,0,DoS-HTTP
33308,6,2,120,2,0,0,0,PortScan
80,6,20,1200,20,0,0,0,DoS-SYN-Flood
14994,6,4,240,4,0,0,0,PortScan
80,6,20,1200,20,0,0,0,DoS-SYN-Flood
80,6,20,1200,20,0,0,0,DoS-SYN-Flood
80,6,20,1200,20,0,0,0,DoS-SYN-Flood
37232,6,11,638,11,11,0,0,SSH-Bruteforce
8368,6,4,240,4,0,0,0,PortScan
80,6,20,1200,20,0,0,0,DoS-SYN-Flood
80,6,20,1200,20,0,0,0,DoS-SYN-Flood
80,17,20,1200,0,0,0,0,DoS-UDP
80,6,20,1480,20,0,0,0,DoS-HTTP
30414,6,7,406,7,7,0,0,SSH-Bruteforce
80,6,20,1200,20,0,0,0,DoS-SYN-Flood
80,6,20,1200,20,0,0,0,DoS-SYN-Flood
80,6,20,1200,20,0,0,0,DoS-SYN-Flood
80,17,20,1200,0,0,0,0,DoS-UDP
60467,6,8,464,8,8,0,0,SSH-Bruteforce
59642,6,2,120,2,0,0,0,PortScan
80,17,20,1200,0,0,0,0,DoS-UDP
27823,6,2,120,2,0,0,0,PortScan
80,6,20,1200,20,0,0,0,DoS-SYN-Flood
0,1,20,1200,0,0,0,0,DoS-ICMP
63023,6,4,240,4,0,0,0,PortScan
80,6,20,1480,20,0,0,0,DoS-HTTP
64157,6,2,120,2,0,0,0,PortScan
0,1,20,1200,0,0,0,0,DoS-ICMP
0,1,20,1200,0,0,0,0,DoS-ICMP
80,6,20,1200,20,0,0,0,DoS-SYN-Flood
43992,17,20,27980,0,0,0,0,BENIGN
80,6,20,1200,20,0,0,0,DoS-SYN-Flood
0,1,20,840,0,0,0,0,DoS-ICMP
80,17,20,1200,0,0,0,0,DoS-UDP
80,17,20,1200,0,0,0,0,DoS-UDP
0,1,20,1200,0,0,0,0,DoS-ICMP
62214,6,4,240,4,0,0,0,PortScan
53258,6,20,30280,0,20,0,0,BENIGN
443,17,20,13592,0,0,0,0,BENIGN
33240,6,20,29200,0,20,0,0,BENIGN
80,6,20,1480,20,0,0,0,DoS-HTTP
80,6,20,1480,20,0,0,0,DoS-HTTP
0,1,20,840,0,0,0,0,DoS-ICMP
443,17,20,3057,0,0,0,0,BENIGN
80,6,20,1480,20,0,0,0,DoS-HTTP
80,17,20,1200,0,0,0,0,DoS-UDP
28,6,6,360,6,0,0,0,PortScan
80,17,20,1200,0,0,0,0,DoS-UDP
443,17,20,12203,0,0,0,0,BENIGN
53041,6,2,120,2,0,0,0,PortScan
18119,6,9,522,9,9,0,0,SSH-Bruteforce
80,6,20,1480,20,0,0,0,DoS-HTTP
30283,6,7,406,7,7,0,0,SSH-Bruteforce
5288,6,4,240,4,0,0,0,PortScan
80,17,20,1200,0,0,0,0,DoS-UDP
80,17,20,1200,0,0,0,0,DoS-UDP
80,6,20,1200,20,0,0,0,DoS-SYN-Flood
80,17,20,1200,0,0,0,0,DoS-UDP
33240,6,20,29140,0,20,0,0,BENIGN
54829,17,20,27980,0,0,0,0,BENIGN
52598,6,9,522,9,9,0,0,SSH-Bruteforce
36520,17,20,27980,0,0,0,0,BENIGN
0,1,20,1200,0,0,0,0,DoS-ICMP
80,6,20,1200,20,0,0,0,DoS-SYN-Flood
22,6,20,1200,20,0,0,0,SSH-Bruteforce
22,6,20,1200,3,0,17,0,SSH-Bruteforce
0,1,20,840,0,0,0,0,DoS-ICMP
80,6,20,1480,20,0,0,0,DoS-HTTP
33240,6,20,28960,0,20,0,0,BENIGN
80,6,20,1480,20,0,0,0,DoS-HTTP
80,6,20,1480,20,0,0,0,DoS-HTTP
22,6,20,1200,20,0,0,0,SSH-Bruteforce
65340,6,7,406,7,7,0,0,SSH-Bruteforce
0,1,20,1200,0,0,0,0,DoS-ICMP
0,1,20,840,0,0,0,0,DoS-ICMP
0,1,20,1200,0,0,0,0,DoS-ICMP
0,1,20,840,0,0,0,0,DoS-ICMP
80,6,20,1480,20,0,0,0,DoS-HTTP
80,6,20,1480,20,0,0,0,DoS-HTTP
0,1,20,840,0,0,0,0,DoS-ICMP
0,1,20,1200,0,0,0,0,DoS-ICMP
33684,6,4,240,4,0,0,0,PortScan
80,6,20,1200,20,0,0,0,DoS-SYN-Flood
443,6,20,3092,1,19,0,0,BENIGN
0,1,20,1200,0,0,0,0,DoS-ICMP
80,6,20,1200,20,0,0,0,DoS-SYN-Flood
36520,17,20,27980,0,0,0,0,BENIGN
80,17,20,1200,0,0,0,0,DoS-UDP
25957,6,8,464,8,8,0,0,SSH-Bruteforce
0,1,20,840,0,0,0,0,DoS-ICMP
51590,6,8,464,8,8,0,0,SSH-Bruteforce
44743,6,4,240,4,0,0,0,PortScan
80,6,20,1480,20,0,0,0,DoS-HTTP
57931,6,4,240,4,0,0,0,PortScan
4949,6,6,360,6,0,0,0,PortScan
80,6,20,1200,20,0,0,0,DoS-SYN-Flood
80,6,20,1480,20,0,0,0,DoS-HTTP
22,6,20,1200,2,0,18,0,SSH-Bruteforce
0,1,20,1200,0,0,0,0,DoS-ICMP
3219,6,4,240,4,0,0,0,PortScan
0,1,20,1200,0,0,0,0,DoS-ICMP
12017,6,6,348,6,6,0,0,SSH-Bruteforce
22,6,20,1200,0,0,20,0,SSH-Bruteforce
36005,6,7,406,7,7,0,0,SSH-Bruteforce
27687,6,6,348,6,6,0,0,SSH-Bruteforce
34945,6,10,580,10,10,0,0,SSH-Bruteforce
80,17,20,1200,0,0,0,0,DoS-UDP
22,6,20,1200,20,0,0,0,SSH-Bruteforce
80,6,20,1200,20,0,0,0,DoS-SYN-Flood
32036,6,9,522,9,9,0,0,SSH-Bruteforce
39882,6,4,240,4,0,0,0,PortScan
13295,6,4,240,4,0,0,0,PortScan
346,6,6,360,6,0,0,0,PortScan
53278,6,14,756,0,14,0,1,BENIGN
80,6,20,1200,20,0,0,0,DoS-SYN-Flood
42358,6,11,5344,1,11,0,1,BENIGN
80,6,20,1200,20,0,0,0,DoS-SYN-Flood
0,1,20,840,0,0,0,0,DoS-ICMP
9718,6,9,522,9,9,0,0,SSH-Bruteforce
80,6,20,1200,20,0,0,0,DoS-SYN-Flood
18952,6,2,120,2,0,0,0,PortScan
80,17,20,1200,0,0,0,0,DoS-UDP
22,6,20,1200,20,0,0,0,SSH-Bruteforce
80,6,20,1480,20,0,0,0,DoS-HTTP
41372,6,2,120,2,0,0,0,PortScan
80,6,20,1480,20,0,0,0,DoS-HTTP
80,6,20,1200,20,0,0,0,DoS-SYN-Flood
80,6,20,1480,20,0,0,0,DoS-HTTP
80,17,20,1200,0,0,0,0,DoS-UDP
0,1,20,840,0,0,0,0,DoS-ICMP
80,6,20,1480,20,0,0,0,DoS-HTTP
80,17,20,1200,0,0,0,0,DoS-UDP
80,6,20,1480,20,0,0,0,DoS-HTTP
80,6,20,1200,20,0,0,0,DoS-SYN-Flood
80,6,20,1200,20,0,0,0,DoS-SYN-Flood
0,1,20,1200,0,0,0,0,DoS-ICMP
80,17,20,1200,0,0,0,0,DoS-UDP
0,1,20,1200,0,0,0,0,DoS-ICMP
80,6,20,1480,20,0,0,0,DoS-HTTP
39170,6,2,120,2,0,0,0,PortScan
29914,6,8,464,8,8,0,0,SSH-Bruteforce
80,6,20,1200,20,0,0,0,DoS-SYN-Flood
80,6,20,1200,20,0,0,0,DoS-SYN-Flood
80,17,20,1200,0,0,0,0,DoS-UDP
80,6,20,1480,20,0,0,0,DoS-HTTP
52360,6,8,464,8,8,0,0,SSH-Bruteforce
29861,6,6,348,6,6,0,0,SSH-Bruteforce
80,6,20,1200,20,0,0,0,DoS-SYN-Flood
80,17,20,1200,0,0,0,0,DoS-UDP
60886,6,20,29200,0,20,0,0,BENIGN
63764,6,4,232,4,4,0,0,SSH-Bruteforce
80,17,20,1200,0,0,0,0,DoS-UDP
80,17,20,1200,0,0,0,0,DoS-UDP
80,17,20,1200,0,0,0,0,DoS-UDP
38373,6,2,120,2,0,0,0,PortScan
80,6,20,1200,20,0,0,0,DoS-SYN-Flood
22,6,20,1200,0,0,20,0,SSH-Bruteforce
7812,6,4,240,4,0,0,0,PortScan
9590,6,5,290,5,5,0,0,SSH-Bruteforce
80,6,20,1200,20,0,0,0,DoS-SYN-Flood
20170,6,4,240,4,0,0,0,PortScan
0,1,20,840,0,0,0,0,DoS-ICMP
80,17,20,1200,0,0,0,0,DoS-UDP
45364,6,4,240,4,0,0,0,PortScan
45735,6,9,522,9,9,0,0,SSH-Bruteforce
0,1,20,840,0,0,0,0,DoS-ICMP
80,6,20,1480,20,0,0,0,DoS-HTTP
80,17,20,1200,0,0,0,0,DoS-UDP
0,1,20,1200,0,0,0,0,DoS-ICMP
80,6,20,1480,20,0,0,0,DoS-HTTP
80,6,20,1200,20,0,0,0,DoS-SYN-Flood
80,6,20,1480,20,0,0,0,DoS-HTTP
0,1,20,1200,0,0,0,0,DoS-ICMP
33902,6,4,240,4,0,0,0,PortScan
0,1,20,1200,0,0,0,0,DoS-ICMP
80,6,20,1200,20,0,0,0,DoS-SYN-Flood
80,6,20,1480,20,0,0,0,DoS-HTTP
54829,17,20,27980,0,0,0,0,BENIGN
35117,6,2,120,2,0,0,0,PortScan
58649,6,2,120,2,0,0,0,PortScan
80,6,20,1200,20,0,0,0,DoS-SYN-Flood
80,17,20,1200,0,0,0,0,DoS-UDP
80,6,20,1200,20,0,0,0,DoS-SYN-Flood
36520,17,20,27980,0,0,0,0,BENIGN
62779,6,2,120,2,0,0,0,PortScan
80,17,20,1200,0,0,0,0,DoS-UDP
443,6,20,2805,0,20,0,0,BENIGN
80,6,20,1480,20,0,0,0,DoS-HTTP
0,1,20,1200,0,0,0,0,DoS-ICMP
80,6,20,1480,20,0,0,0,DoS-HTTP
80,17,20,1200,0,0,0,0,DoS-UDP
80,17,20,1200,0,0,0,0,DoS-UDP
0,1,20,1200,0,0,0,0,DoS-ICMP
80,6,20,1200,20,0,0,0,DoS-SYN-Flood
58774,6,6,348,6,6,0,0,SSH-Bruteforce
80,6,20,1200,20,0,0,0,DoS-SYN-Flood
80,6,20,1480,20,0,0,0,DoS-HTTP
0,1,20,1200,0,0,0,0,DoS-ICMP
57206,6,4,240,4,0,0,0,PortScan
443,6,20,9718,0,20,0,0,BENIGN
22040,6,6,348,6,6,0,0,SSH-Bruteforce
52921,6,8,464,8,8,0,0,SSH-Bruteforce
18739,6,4,240,4,0,0,0,PortScan
37014,6,2,120,2,0,0,0,PortScan
43678,17,20,27977,0,0,0,0,BENIGN
47440,6,20,11006,1,20,0,0,BENIGN
0,1,20,1200,0,0,0,0,DoS-ICMP
0,1,20,840,0,0,0,0,DoS-ICMP
37532,6,4,240,4,0,0,0,PortScan
80,6,20,1200,20,0,0,0,DoS-SYN-Flood
60886,6,20,29140,0,20,0,0,BENIGN
80,17,20,1200,0,0,0,0,DoS-UDP
60845,6,2,120,2,0,0,0,PortScan
80,17,20,1200,0,0,0,0,DoS-UDP
41308,17,20,27980,0,0,0,0,BENIGN
80,17,20,1200,0,0,0,0,DoS-UDP
0,1,20,1200,0,0,0,0,DoS-ICMP
22,6,20,1200,20,0,0,0,SSH-Bruteforce
80,6,20,1480,20,0,0,0,DoS-HTTP
17746,6,2,120,2,0,0,0,PortScan
10491,6,6,360,6,0,0,0,PortScan
33240,6,20,28960,0,20,0,0,BENIGN
80,17,20,1200,0,0,0,0,DoS-UDP
80,6,20,1480,20,0,0,0,DoS-HTTP
22,6,20,1200,0,0,20,0,SSH-Bruteforce
39763,6,2,120,2,0,0,0,PortScan
80,6,20,1200,20,0,0,0,DoS-SYN-Flood
30727,6,6,348,6,6,0,0,SSH-Bruteforce
80,6,20,1200,20,0,0,0,DoS-SYN-Flood
80,6,20,1200,20,0,0,0,DoS-SYN-Flood
31383,6,2,120,2,0,0,0,PortScan
80,6,20,1200,20,0,0,0,DoS-SYN-Flood
64131,6,6,348,6,6,0,0,SSH-Bruteforce
80,6,20,1480,20,0,0,0,DoS-HTTP
22,6,20,1200,3,0,17,0,SSH-Bruteforce
80,6,20,1200,20,0,0,0,DoS-SYN-Flood
2553,6,8,464,8,8,0,0,SSH-Bruteforce
0,1,20,840,0,0,0,0,DoS-ICMP
80,6,20,1200,20,0,0,0,DoS-SYN-Flood
80,6,20,1480,20,0,0,0,DoS-HTTP
35854,6,18,9291,0,18,0,1,BENIGN
80,6,20,1200,20,0,0,0,DoS-SYN-Flood
80,6,20,1200,20,0,0,0,DoS-SYN-Flood
80,6,20,1200,20,0,0,0,DoS-SYN-Flood
80,17,20,1200,0,0,0,0,DoS-UDP
443,17,20,17933,0,0,0,0,BENIGN
0,1,20,840,0,0,0,0,DoS-ICMP
80,6,20,1480,20,0,0,0,DoS-HTTP
80,6,20,1200,20,0,0,0,DoS-SYN-Flood
80,17,20,1200,0,0,0,0,DoS-UDP
80,17,20,1200,0,0,0,0,DoS-UDP
33240,6,20,29020,0,20,0,0,BENIGN
0,1,20,840,0,0,0,0,DoS-ICMP
22,6,20,1200,0,0,20,0,SSH-Bruteforce
0,1,20,840,0,0,0,0,DoS-ICMP
48085,6,5,290,5,5,0,0,SSH-Bruteforce
80,6,20,1200,20,0,0,0,DoS-SYN-Flood
38150,6,4,240,4,0,0,0,PortScan
80,6,20,1200,20,0,0,0,DoS-SYN-Flood
80,17,20,1200,0,0,0,0,DoS-UDP
0,1,20,840,0,0,0,0,DoS-ICMP
80,6,20,1480,20,0,0,0,DoS-HTTP
80,17,20,1200,0,0,0,0,DoS-UDP
22,6,20,1200,0,0,20,0,SSH-Bruteforce
0,1,20,840,0,0,0,0,DoS-ICMP
80,17,20,1200,0,0,0,0,DoS-UDP
47309,6,4,240,4,0,0,0,PortScan
80,17,20,1200,0,0,0,0,DoS-UDP
80,6,20,1480,20,0,0,0,DoS-HTTP
60886,6,20,29080,0,20,0,0,BENIGN
37114,6,13,754,13,13,0,0,SSH-Bruteforce
80,17,20,1200,0,0,0,0,DoS-UDP
22,6,20,1200,20,0,0,0,SSH-Bruteforce
80,6,20,1480,20,0,0,0,DoS-HTTP
80,6,20,1200,20,0,0,0,DoS-SYN-Flood
80,17,20,1200,0,0,0,0,DoS-UDP
80,17,20,1200,0,0,0,0,DoS-UDP
80,6,20,1200,20,0,0,0,DoS-SYN-Flood
80,6,20,1480,20,0,0,0,DoS-HTTP
0,1,20,840,0,0,0,0,DoS-ICMP
0,1,20,840,0,0,0,0,DoS-ICMP
64602,6,6,348,6,6,0,0,SSH-Bruteforce
22556,6,8,464,8,8,0,0,SSH-Bruteforce
0,1,20,1200,0,0,0,0,DoS-ICMP
80,17,20,1200,0,0,0,0,DoS-UDP
0,1,20,840,0,0,0,0,DoS-ICMP
80,6,20,1480,20,0,0,0,DoS-HTTP
80,6,20,1200,20,0,0,0,DoS-SYN-Flood
51105,6,7,406,7,7,0,0,SSH-Bruteforce
80,17,20,1200,0,0,0,0,DoS-UDP
0,1,20,1200,0,0,0,0,DoS-ICMP
0,1,20,840,0,0,0,0,DoS-ICMP
80,6,20,1200,20,0,0,0,DoS-SYN-Flood
80,6,20,1200,20,0,0,0,DoS-SYN-Flood
14509,6,4,240,4,0,0,0,PortScan
40133,6,2,120,2,0,0,0,PortScan
0,1,20,840,0,0,0,0,DoS-ICMP
0,1,20,840,0,0,0,0,DoS-ICMP
80,6,20,1480,20,0,0,0,DoS-HTTP
80,17,20,1200,0,0,0,0,DoS-UDP
50105,6,4,240,4,0,0,0,PortScan
80,6,20,1480,20,0,0,0,DoS-HTTP
0,1,20,840,0,0,0,0,DoS-ICMP
80,6,20,1200,20,0,0,0,DoS-SYN-Flood
0,1,20,1200,0,0,0,0,DoS-ICMP
80,6,20,1200,20,0,0,0,DoS-SYN-Flood
7272,6,4,240,4,0,0,0,PortScan
0,1,20,840,0,0,0,0,DoS-ICMP
7918,6,6,348,6,6,0,0,SSH-Bruteforce
0,1,20,1200,0,0,0,0,DoS-ICMP
80,17,20,1200,0,0,0,0,DoS-UDP
80,6,20,1200,20,0,0,0,DoS-SYN-Flood
9049,6,6,360,6,0,0,0,PortScan
80,17,20,1200,0,0,0,0,DoS-UDP
4790,6,6,360,6,0,0,0,PortScan
80,6,20,1200,20,0,0,0,DoS-SYN-Flood
63552,6,2,120,2,0,0,0,PortScan
80,6,20,1200,20,0,0,0,DoS-SYN-Flood
80,17,20,1200,0,0,0,0,DoS-UDP
80,6,20,1480,20,0,0,0,DoS-HTTP
34889,6,2,120,2,0,0,0,PortScan
80,17,20,1200,0,0,0,0,DoS-UDP
64326,6,4,240,4,0,0,0,PortScan
80,6,20,1200,20,0,0,0,DoS-SYN-Flood
0,1,20,840,0,0,0,0,DoS-ICMP
47382,6,2,120,2,0,0,0,PortScan
42082,6,4,240,4,0,0,0,PortScan
80,17,20,1200,0,0,0,0,DoS-UDP
80,6,20,1480,20,0,0,0,DoS-HTTP
0,1,20,840,0,0,0,0,DoS-ICMP
80,6,20,1200,20,0,0,0,DoS-SYN-Flood
80,6,20,1200,20,0,0,0,DoS-SYN-Flood
0,1,20,1200,0,0,0,0,DoS-ICMP
80,6,20,1200,20,0,0,0,DoS-SYN-Flood
22,6,20,1200,0,0,20,0,SSH-Bruteforce
80,17,20,1200,0,0,0,0,DoS-UDP
61198,6,4,240,4,0,0,0,PortScan
80,17,20,1200,0,0,0,0,DoS-UDP
0,1,20,1200,0,0,0,0,DoS-ICMP
80,6,20,1480,20,0,0,0,DoS-HTTP
80,6,20,1200,20,0,0,0,DoS-SYN-Flood
80,6,20,1480,20,0,0,0,DoS-HTTP
80,6,20,1200,20,0,0,0,DoS-SYN-Flood
80,17,20,1200,0,0,0,0,DoS-UDP
80,6,20,1200,20,0,0,0,DoS-SYN-Flood
80,17,20,1200,0,0,0,0,DoS-UDP
80,6,20,1480,20,0,0,0,DoS-HTTP
28601,6,4,240,4,0,0,0,PortScan
80,6,20,1200,20,0,0,0,DoS-SYN-Flood
80,6,20,1200,20,0,0,0,DoS-SYN-Flood
22,6,20,1200,0,0,20,0,SSH-Bruteforce
0,1,20,840,0,0,0,0,DoS-ICMP
80,17,20,1200,0,0,0,0,DoS-UDP
80,6,20,1480,20,0,0,0,DoS-HTTP
80,17,20,1200,0,0,0,0,DoS-UDP
80,6,20,1200,20,0,0,0,DoS-SYN-Flood
80,6,20,1200,20,0,0,0,DoS-SYN-Flood
0,1,20,840,0,0,0,0,DoS-ICMP
36520,17,20,27980,0,0,0,0,BENIGN
80,6,20,1200,20,0,0,0,DoS-SYN-Flood
80,6,20,1480,20,0,0,0,DoS-HTTP
80,6,20,1480,20,0,0,0,DoS-HTTP
80,6,20,1200,20,0,0,0,DoS-SYN-Flood
80,6,20,1480,20,0,0,0,DoS-HTTP
0,1,20,1200,0,0,0,0,DoS-ICMP
80,17,20,1200,0,0,0,0,DoS-UDP
36520,17,20,27980,0,0,0,0,BENIGN
53005,6,4,240,4,0,0,0,PortScan
0,1,20,840,0,0,0,0,DoS-ICMP
0,1,20,1200,0,0,0,0,DoS-ICMP
0,1,20,840,0,0,0,0,DoS-ICMP
43094,6,8,464,8,8,0,0,SSH-Bruteforce
53278,6,20,29080,0,20,0,0,BENIGN
80,6,20,1480,20,0,0,0,DoS-HTTP
80,6,20,1200,20,0,0,0,DoS-SYN-Flood
25607,6,9,522,9,9,0,0,SSH-Bruteforce
11594,6,6,348,6,6,0,0,SSH-Bruteforce
34759,6,2,120,2,0,0,0,PortScan
80,17,20,1200,0,0,0,0,DoS-UDP
0,1,20,1200,0,0,0,0,DoS-ICMP
3201,6,4,240,4,0,0,0,PortScan
80,17,20,1200,0,0,0,0,DoS-UDP
80,17,20,1200,0,0,0,0,DoS-UDP
80,6,20,1200,20,0,0,0,DoS-SYN-Flood
54567,6,6,348,6,6,0,0,SSH-Bruteforce
15435,6,2,120,2,0,0,0,PortScan
443,6,20,2348,0,20,0,0,BENIGN
80,17,20,1200,0,0,0,0,DoS-UDP
80,6,20,1200,20,0,0,0,DoS-SYN-Flood
22,6,20,1200,19,0,1,0,SSH-Bruteforce
0,1,20,840,0,0,0,0,DoS-ICMP
80,6,20,1200,20,0,0,0,DoS-SYN-Flood
443,6,20,2806,0,20,0,0,BENIGN
80,17,20,1200,0,0,0,0,DoS-UDP
60893,6,4,240,4,0,0,0,PortScan
45044,6,8,464,8,8,0,0,SSH-Bruteforce
80,6,20,1480,20,0,0,0,DoS-HTTP
80,6,20,1200,20,0,0,0,DoS-SYN-Flood
0,1,20,1200,0,0,0,0,DoS-ICMP
57604,6,2,120,2,0,0,0,PortScan
80,6,20,1480,20,0,0,0,DoS-HTTP
80,6,20,1200,20,0,0,0,DoS-SYN-Flood
80,6,20,1200,20,0,0,0,DoS-SYN-Flood
0,1,20,1200,0,0,0,0,DoS-ICMP
0,1,20,1200,0,0,0,0,DoS-ICMP
5421,6,4,240,4,0,0,0,PortScan
3839,6,6,348,6,6,0,0,SSH-Bruteforce
0,1,20,840,0,0,0,0,DoS-ICMP
42440,17,20,24671,0,0,0,0,BENIGN
80,17,20,1200,0,0,0,0,DoS-UDP
80,6,20,1200,20,0,0,0,DoS-SYN-Flood
80,17,20,1200,0,0,0,0,DoS-UDP
50502,6,6,348,6,6,0,0,SSH-Bruteforce
2019,6,4,240,4,0,0,0,PortScan
80,6,20,1200,20,0,0,0,DoS-SYN-Flood
0,1,20,1200,0,0,0,0,DoS-ICMP
80,6,20,1200,20,0,0,0,DoS-SYN-Flood
80,6,20,1480,20,0,0,0,DoS-HTTP
14928,6,7,406,7,7,0,0,SSH-Bruteforce
80,6,20,1200,20,0,0,0,DoS-SYN-Flood
80,6,20,1480,20,0,0,0,DoS-HTTP
80,17,20,1200,0,0,0,0,DoS-UDP
52443,6,7,406,7,7,0,0,SSH-Bruteforce
22,6,20,1200,6,0,14,0,SSH-Bruteforce
0,1,20,840,0,0,0,0,DoS-ICMP
0,1,20,840,0,0,0,0,DoS-ICMP
0,1,20,840,0,0,0,0,DoS-ICMP
0,1,20,840,0,0,0,0,DoS-ICMP
80,6,20,1480,20,0,0,0,DoS-HTTP
34847,6,2,120,2,0,0,0,PortScan
59804,6,20,16898,0,20,0,0,BENIGN
80,6,20,1480,20,0,0,0,DoS-HTTP
80,17,20,1200,0,0,0,0,DoS-UDP
61425,6,5,290,5,5,0,0,SSH-Bruteforce
22709,6,4,240,4,0,0,0,PortScan
80,6,20,1480,20,0,0,0,DoS-HTTP
42029,6,2,120,2,0,0,0,PortScan
36520,17,20,27980,0,0,0,0,BENIGN
80,6,20,1200,20,0,0,0,DoS-SYN-Flood
80,17,20,1200,0,0,0,0,DoS-UDP
80,6,20,1200,20,0,0,0,DoS-SYN-Flood
42104,6,2,120,2,0,0,0,PortScan
80,17,20,1200,0,0,0,0,DoS-UDP
48280,6,2,120,2,0,0,0,PortScan
55182,6,5,290,5,5,0,0,SSH-Bruteforce
80,17,20,1200,0,0,0,0,DoS-UDP
80,6,20,1480,20,0,0,0,DoS-HTTP
80,6,20,1200,20,0,0,0,DoS-SYN-Flood
0,1,20,840,0,0,0,0,DoS-ICMP
80,17,20,1200,0,0,0,0,DoS-UDP
80,6,20,1480,20,0,0,0,DoS-HTTP
36520,17,20,27980,0,0,0,0,BENIGN
0,1,20,840,0,0,0,0,DoS-ICMP
0,1,20,840,0,0,0,0,DoS-ICMP
38404,6,2,120,2,0,0,0,PortScan
80,17,20,1200,0,0,0,0,DoS-UDP
41308,17,20,27980,0,0,0,0,BENIGN
80,6,20,1200,20,0,0,0,DoS-SYN-Flood
21019,6,2,120,2,0,0,0,PortScan
48806,17,20,27980,0,0,0,0,BENIGN
51502,6,4,240,4,0,0,0,PortScan
56109,6,2,120,2,0,0,0,PortScan
80,6,20,1480,20,0,0,0,DoS-HTTP
80,6,20,1200,20,0,0,0,DoS-SYN-Flood
58752,6,2,120,2,0,0,0,PortScan
80,6,20,1200,20,0,0,0,DoS-SYN-Flood
80,17,20,1200,0,0,0,0,DoS-UDP
80,6,20,1200,20,0,0,0,DoS-SYN-Flood
80,6,20,1480,20,0,0,0,DoS-HTTP
0,1,20,1200,0,0,0,0,DoS-ICMP
80,17,20,1200,0,0,0,0,DoS-UDP
0,1,20,1200,0,0,0,0,DoS-ICMP
80,17,20,1200,0,0,0,0,DoS-UDP
48819,6,5,290,5,5,0,0,SSH-Bruteforce
0,1,20,840,0,0,0,0,DoS-ICMP
12701,6,4,240,4,0,0,0,PortScan
0,1,20,840,0,0,0,0,DoS-ICMP
22,6,20,1200,6,0,14,0,SSH-Bruteforce
22,6,20,1200,20,0,0,0,SSH-Bruteforce
80,6,20,1480,20,0,0,0,DoS-HTTP
80,17,20,1200,0,0,0,0,DoS-UDP
41308,17,20,27980,0,0,0,0,BENIGN
27491,6,4,240,4,0,0,0,PortScan
80,17,20,1200,0,0,0,0,DoS-UDP
80,17,20,1200,0,0,0,0,DoS-UDP
8160,6,7,406,7,7,0,0,SSH-Bruteforce
80,6,20,1480,20,0,0,0,DoS-HTTP
80,17,20,1200,0,0,0,0,DoS-UDP
80,6,20,1480,20,0,0,0,DoS-HTTP
80,17,20,1200,0,0,0,0,DoS-UDP
22,6,20,1200,0,0,20,0,SSH-Bruteforce
80,17,20,1200,0,0,0,0,DoS-UDP
80,6,20,1200,20,0,0,0,DoS-SYN-Flood
80,6,20,1200,20,0,0,0,DoS-SYN-Flood
22,6,20,1200,3,0,17,0,SSH-Bruteforce
80,17,20,1200,0,0,0,0,DoS-UDP
16767,6,4,240,4,0,0,0,PortScan
0,1,20,840,0,0,0,0,DoS-ICMP
0,1,20,840,0,0,0,0,DoS-ICMP
80,6,20,1200,20,0,0,0,DoS-SYN-Flood
29803,6,4,240,4,0,0,0,PortScan
57456,6,4,240,4,0,0,0,PortScan
80,6,20,1200,20,0,0,0,DoS-SYN-Flood
80,6,20,1480,20,0,0,0,DoS-HTTP
0,1,20,1200,0,0,0,0,DoS-ICMP
0,1,20,1200,0,0,0,0,DoS-ICMP
80,6,20,1480,20,0,0,0,DoS-HTTP
80,6,20,1480,20,0,0,0,DoS-HTTP
80,6,20,1200,20,0,0,0,DoS-SYN-Flood
80,6,20,1200,20,0,0,0,DoS-SYN-Flood
80,6,20,1480,20,0,0,0,DoS-HTTP
0,1,20,840,0,0,0,0,DoS-ICMP
80,6,20,1200,20,0,0,0,DoS-SYN-Flood
15088,6,6,348,6,6,0,0,SSH-Bruteforce
22,6,20,1200,0,0,20,0,SSH-Bruteforce
80,6,20,1200,20,0,0,0,DoS-SYN-Flood
61512,6,2,120,2,0,0,0,PortScan
80,6,20,1480,20,0,0,0,DoS-HTTP
42516,6,2,120,2,0,0,0,PortScan
0,1,20,1200,0,0,0,0,DoS-ICMP
4729,6,4,240,4,0,0,0,PortScan
40189,6,10,580,10,10,0,0,SSH-Bruteforce
63772,6,2,120,2,0,0,0,PortScan
80,6,20,1480,20,0,0,0,DoS-HTTP
0,1,20,1200,0,0,0,0,DoS-ICMP
80,6,20,1200,20,0,0,0,DoS-SYN-Flood
443,17,20,12294,0,0,0,0,BENIGN
29372,6,2,120,2,0,0,0,PortScan
4797,6,4,240,4,0,0,0,PortScan
80,6,20,1480,20,0,0,0,DoS-HTTP
27783,6,2,120,2,0,0,0,PortScan
80,17,20,1200,0,0,0,0,DoS-UDP
22,6,20,1200,0,0,20,0,SSH-Bruteforce
0,1,20,840,0,0,0,0,DoS-ICMP
80,6,20,1480,20,0,0,0,DoS-HTTP
80,6,20,1480,20,0,0,0,DoS-HTTP
62579,6,4,240,4,0,0,0,PortScan
80,6,20,1480,20,0,0,0,DoS-HTTP
22,6,20,1200,0,0,20,0,SSH-Bruteforce
80,6,20,1200,20,0,0,0,DoS-SYN-Flood
45874,6,8,464,8,8,0,0,SSH-Bruteforce
29138,6,4,240,4,0,0,0,PortScan
24191,6,2,120,2,0,0,0,PortScan
80,6,20,1480,20,0,0,0,DoS-HTTP
0,1,20,1200,0,0,0,0,DoS-ICMP
36520,17,20,27980,0,0,0,0,BENIGN
48806,17,20,27980,0,0,0,0,BENIGN
80,17,20,1200,0,0,0,0,DoS-UDP
0,1,20,840,0,0,0,0,DoS-ICMP
13898,6,5,290,5,5,0,0,SSH-Bruteforce
0,1,20,840,0,0,0,0,DoS-ICMP
80,6,20,1200,20,0,0,0,DoS-SYN-Flood
43678,17,20,27980,0,0,0,0,BENIGN
33240,6,20,21090,1,20,0,0,BENIGN
80,6,20,1480,20,0,0,0,DoS-HTTP
80,6,20,1200,20,0,0,0,DoS-SYN-Flood
80,17,20,1200,0,0,0,0,DoS-UDP
80,6,20,1200,20,0,0,0,DoS-SYN-Flood
80,6,20,1200,20,0,0,0,DoS-SYN-Flood
0,1,20,1200,0,0,0,0,DoS-ICMP
80,6,20,1480,20,0,0,0,DoS-HTTP
80,6,20,1200,20,0,0,0,DoS-SYN-Flood
0,1,20,1200,0,0,0,0,DoS-ICMP
80,6,20,1480,20,0,0,0,DoS-HTTP
12811,6,4,240,4,0,0,0,PortScan
51492,6,4,240,4,0,0,0,PortScan
80,6,20,1200,20,0,0,0,DoS-SYN-Flood
17868,6,5,290,5,5,0,0,SSH-Bruteforce
80,6,20,1200,20,0,0,0,DoS-SYN-Flood
80,6,20,1200,20,0,0,0,DoS-SYN-Flood
19939,6,4,240,4,0,0,0,PortScan
51628,6,2,120,2,0,0,0,PortScan
0,1,20,840,0,0,0,0,DoS-ICMP
22,6,20,1200,0,0,20,0,SSH-Bruteforce
80,17,20,1200,0,0,0,0,DoS-UDP
80,17,20,1200,0,0,0,0,DoS-UDP
0,1,20,1200,0,0,0,0,DoS-ICMP
59837,6,6,348,6,6,0,0,SSH-Bruteforce
80,6,20,1480,20,0,0,0,DoS-HTTP
80,17,20,1200,0,0,0,0,DoS-UDP
45802,6,9,522,9,9,0,0,SSH-Bruteforce
19902,6,2,120,2,0,0,0,PortScan
80,6,20,1480,20,0,0,0,DoS-HTTP
80,6,20,1480,20,0,0,0,DoS-HTTP
45694,6,2,120,2,0,0,0,PortScan
55607,6,6,348,6,6,0,0,SSH-Bruteforce
60886,6,20,29200,0,20,0,0,BENIGN
80,6,20,1200,20,0,0,0,DoS-SYN-Flood
60030,6,4,240,4,0,0,0,PortScan
80,6,20,1200,20,0,0,0,DoS-SYN-Flood
80,6,20,1480,20,0,0,0,DoS-HTTP
356,6,8,464,8,8,0,0,SSH-Bruteforce
0,1,20,840,0,0,0,0,DoS-ICMP
0,1,20,840,0,0,0,0,DoS-ICMP
36520,17,20,27980,0,0,0,0,BENIGN
80,6,20,1480,20,0,0,0,DoS-HTTP
13560,6,8,464,8,8,0,0,SSH-Bruteforce
80,6,20,1480,20,0,0,0,DoS-HTTP
0,1,20,1200,0,0,0,0,DoS-ICMP
80,17,20,1200,0,0,0,0,DoS-UDP
36047,6,4,240,4,0,0,0,PortScan
22,6,20,1200,3,0,17,0,SSH-Bruteforce
22,6,20,1200,20,0,0,0,SSH-Bruteforce
14675,6,4,240,4,0,0,0,PortScan
58377,6,6,348,6,6,0,0,SSH-Bruteforce
17616,6,8,464,8,8,0,0,SSH-Bruteforce
22,6,20,1200,0,0,20,0,SSH-Bruteforce
33314,6,4,216,0,4,0,1,BENIGN
36172,6,6,348,6,6,0,0,SSH-Bruteforce
80,6,20,1480,20,0,0,0,DoS-HTTP
80,6,20,1480,20,0,0,0,DoS-HTTP
80,17,20,1200,0,0,0,0,DoS-UDP
80,6,20,1200,20,0,0,0,DoS-SYN-Flood
80,6,20,1200,20,0,0,0,DoS-SYN-Flood
36520,17,20,27980,0,0,0,0,BENIGN
80,6,20,1200,20,0,0,0,DoS-SYN-Flood
80,6,20,1200,20,0,0,0,DoS-SYN-Flood
0,1,20,1200,0,0,0,0,DoS-ICMP
80,6,20,1200,20,0,0,0,DoS-SYN-Flood
22,6,20,1200,0,0,20,0,SSH-Bruteforce
80,6,20,1480,20,0,0,0,DoS-HTTP
80,17,20,1200,0,0,0,0,DoS-UDP
80,17,20,1200,0,0,0,0,DoS-UDP
46774,6,14,5081,1,14,0,1,BENIGN
80,17,20,1200,0,0,0,0,DoS-UDP
35891,6,13,754,13,13,0,0,SSH-Bruteforce
80,6,20,1480,20,0,0,0,DoS-HTTP
80,6,20,1200,20,0,0,0,DoS-SYN-Flood
52536,6,9,522,9,9,0,0,SSH-Bruteforce
20885,6,2,120,2,0,0,0,PortScan
80,6,20,1200,20,0,0,0,DoS-SYN-Flood
22,6,20,1200,18,0,2,0,SSH-Bruteforce
80,6,20,1200,20,0,0,0,DoS-SYN-Flood
80,6,20,1200,20,0,0,0,DoS-SYN-Flood
80,17,20,1200,0,0,0,0,DoS-UDP
80,6,20,1480,20,0,0,0,DoS-HTTP
80,17,20,1200,0,0,0,0,DoS-UDP
80,6,20,1480,20,0,0,0,DoS-HTTP
13420,6,6,360,6,0,0,0,PortScan
80,6,20,1480,20,0,0,0,DoS-HTTP
80,6,20,1480,20,0,0,0,DoS-HTTP
48806,17,20,18695,0,0,0,0,BENIGN
80,17,20,1200,0,0,0,0,DoS-UDP
80,6,20,1200,20,0,0,0,DoS-SYN-Flood
80,6,20,1200,20,0,0,0,DoS-SYN-Flood
80,6,20,1200,20,0,0,0,DoS-SYN-Flood
80,6,20,1480,20,0,0,0,DoS-HTTP
64971,6,2,120,2,0,0,0,PortScan
4231,6,7,406,7,7,0,0,SSH-Bruteforce
46806,6,8,464,8,8,0,0,SSH-Bruteforce
80,6,20,1480,20,0,0,0,DoS-HTTP
0,1,20,840,0,0,0,0,DoS-ICMP
60886,6,20,29080,0,20,0,0,BENIGN
80,6,20,1480,20,0,0,0,DoS-HTTP
59804,6,20,16195,0,20,0,0,BENIGN
0,1,20,840,0,0,0,0,DoS-ICMP
9668,6,4,240,4,0,0,0,PortScan
80,17,20,1200,0,0,0,0,DoS-UDP
42030,6,4,240,4,0,0,0,PortScan
0,1,20,840,0,0,0,0,DoS-ICMP
16091,6,4,240,4,0,0,0,PortScan
0,1,20,840,0,0,0,0,DoS-ICMP
42261,6,4,240,4,0,0,0,PortScan
80,6,20,1480,20,0,0,0,DoS-HTTP
28621,6,2,120,2,0,0,0,PortScan
42783,6,10,580,10,10,0,0,SSH-Bruteforce
80,17,20,1200,0,0,0,0,DoS-UDP
19475,6,7,406,7,7,0,0,SSH-Bruteforce
80,17,20,1200,0,0,0,0,DoS-UDP
29514,6,4,240,4,0,0,0,PortScan
0,1,20,840,0,0,0,0,DoS-ICMP
22,6,20,1200,20,0,0,0,SSH-Bruteforce
0,1,20,840,0,0,0,0,DoS-ICMP
80,6,20,1200,20,0,0,0,DoS-SYN-Flood
80,6,20,1200,20,0,0,0,DoS-SYN-Flood
80,17,20,1200,0,0,0,0,DoS-UDP
47094,17,20,27980,0,0,0,0,BENIGN
8218,6,4,240,4,0,0,0,PortScan
0,1,20,1200,0,0,0,0,DoS-ICMP
39532,6,8,464,8,8,0,0,SSH-Bruteforce
443,6,20,13940,0,20,0,0,BENIGN
80,6,20,1480,20,0,0,0,DoS-HTTP
33240,6,20,29140,0,20,0,0,BENIGN
22,6,20,1200,16,0,4,0,SSH-Bruteforce
0,1,20,840,0,0,0,0,DoS-ICMP
80,6,20,1200,20,0,0,0,DoS-SYN-Flood
80,17,20,1200,0,0,0,0,DoS-UDP
80,6,20,1480,20,0,0,0,DoS-HTTP
80,6,20,1480,20,0,0,0,DoS-HTTP
45447,17,20,27980,0,0,0,0,BENIGN
5684,6,4,240,4,0,0,0,PortScan
80,6,20,1200,20,0,0,0,DoS-SYN-Flood
35285,6,4,240,4,0,0,0,PortScan
33043,6,8,464,8,8,0,0,SSH-Bruteforce
80,6,20,1200,20,0,0,0,DoS-SYN-Flood
80,6,20,1480,20,0,0,0,DoS-HTTP
22,6,20,1200,0,0,20,0,SSH-Bruteforce
80,6,20,1480,20,0,0,0,DoS-HTTP
52896,6,2,120,2,0,0,0,PortScan
0,1,20,840,0,0,0,0,DoS-ICMP
42113,6,7,406,7,7,0,0,SSH-Bruteforce
64799,6,2,120,2,0,0,0,PortScan
34743,6,9,522,9,9,0,0,SSH-Bruteforce
80,6,20,1200,20,0,0,0,DoS-SYN-Flood
22,6,20,1200,0,0,20,0,SSH-Bruteforce
80,6,20,1480,20,0,0,0,DoS-HTTP
80,17,20,1200,0,0,0,0,DoS-UDP
2139,6,6,360,6,0,0,0,PortScan
80,6,20,1200,20,0,0,0,DoS-SYN-Flood
55063,6,7,406,7,7,0,0,SSH-Bruteforce
47822,6,20,17391,0,20,0,0,BENIGN
80,6,20,1480,20,0,0,0,DoS-HTTP
0,1,20,1200,0,0,0,0,DoS-ICMP
80,17,20,1200,0,0,0,0,DoS-UDP
80,17,20,1200,0,0,0,0,DoS-UDP
17052,6,10,580,10,10,0,0,SSH-Bruteforce
80,17,20,1200,0,0,0,0,DoS-UDP
80,17,20,1200,0,0,0,0,DoS-UDP
30318,6,2,120,2,0,0,0,PortScan
80,17,20,1200,0,0,0,0,DoS-UDP
30348,6,7,406,7,7,0,0,SSH-Bruteforce
443,17,20,3084,0,0,0,0,BENIGN
80,6,20,1200,20,0,0,0,DoS-SYN-Flood
22,6,20,1200,0,0,20,0,SSH-Bruteforce
0,1,20,840,0,0,0,0,DoS-ICMP
0,1,20,1200,0,0,0,0,DoS-ICMP
22,6,20,1200,20,0,0,0,SSH-Bruteforce
80,6,20,1480,20,0,0,0,DoS-HTTP
33240,6,20,29080,0,20,0,0,BENIGN
80,6,20,1200,20,0,0,0,DoS-SYN-Flood
80,6,20,1480,20,0,0,0,DoS-HTTP
0,1,20,840,0,0,0,0,DoS-ICMP
80,6,20,1480,20,0,0,0,DoS-HTTP
0,1,20,1200,0,0,0,0,DoS-ICMP
33394,6,2,120,2,0,0,0,PortScan
45860,6,4,240,4,0,0,0,PortScan
61569,6,5,290,5,5,0,0,SSH-Bruteforce
0,1,20,1200,0,0,0,0,DoS-ICMP
80,6,20,1480,20,0,0,0,DoS-HTTP
80,17,20,1200,0,0,0,0,DoS-UDP
80,6,20,1200,20,0,0,0,DoS-SYN-Flood
0,1,20,840,0,0,0,0,DoS-ICMP
80,17,20,1200,0,0,0,0,DoS-UDP
80,6,20,1200,20,0,0,0,DoS-SYN-Flood
80,6,20,1480,20,0,0,0,DoS-HTTP
20229,6,2,120,2,0,0,0,PortScan
80,6,20,1200,20,0,0,0,DoS-SYN-Flood
80,6,20,1480,20,0,0,0,DoS-HTTP
27709,6,8,464,8,8,0,0,SSH-Bruteforce
39990,6,4,240,4,0,0,0,PortScan
11557,6,8,464,8,8,0,0,SSH-Bruteforce
38466,6,2,120,2,0,0,0,PortScan
34164,6,2,120,2,0,0,0,PortScan
46638,6,2,120,2,0,0,0,PortScan
80,6,20,1480,20,0,0,0,DoS-HTTP
80,6,20,1480,20,0,0,0,DoS-HTTP
80,6,20,1480,20,0,0,0,DoS-HTTP
56482,6,7,406,7,7,0,0,SSH-Bruteforce
80,6,20,1480,20,0,0,0,DoS-HTTP
17181,6,2,120,2,0,0,0,PortScan
80,6,20,1200,20,0,0,0,DoS-SYN-Flood
57699,6,9,522,9,9,0,0,SSH-Bruteforce
80,6,20,1480,20,0,0,0,DoS-HTTP
80,6,20,1480,20,0,0,0,DoS-HTTP
80,6,20,1200,20,0,0,0,DoS-SYN-Flood
0,1,20,1200,0,0,0,0,DoS-ICMP
0,1,20,840,0,0,0,0,DoS-ICMP
80,6,20,1200,20,0,0,0,DoS-SYN-Flood
17914,6,8,464,8,8,0,0,SSH-Bruteforce
22,6,20,1200,0,0,20,0,SSH-Bruteforce
80,6,20,1200,20,0,0,0,DoS-SYN-Flood
80,6,20,1480,20,0,0,0,DoS-HTTP
23334,6,2,120,2,0,0,0,PortScan
0,1,20,1200,0,0,0,0,DoS-ICMP
80,6,20,1480,20,0,0,0,DoS-HTTP
80,6,20,1200,20,0,0,0,DoS-SYN-Flood
33240,6,20,28780,0,20,0,0,BENIGN
80,6,20,1200,20,0,0,0,DoS-SYN-Flood
0,1,20,1200,0,0,0,0,DoS-ICMP
0,1,20,1200,0,0,0,0,DoS-ICMP
80,6,20,1200,20,0,0,0,DoS-SYN-Flood
0,1,20,840,0,0,0,0,DoS-ICMP
17122,6,2,120,2,0,0,0,PortScan
80,6,20,1200,20,0,0,0,DoS-SYN-Flood
1828,6,6,348,6,6,0,0,SSH-Bruteforce
0,1,20,1200,0,0,0,0,DoS-ICMP
80,6,20,1200,20,0,0,0,DoS-SYN-Flood
80,6,20,1200,20,0,0,0,DoS-SYN-Flood
0,1,20,1200,0,0,0,0,DoS-ICMP
0,1,20,1200,0,0,0,0,DoS-ICMP
80,6,20,1480,20,0,0,0,DoS-HTTP
64226,6,2,120,2,0,0,0,PortScan
53427,6,5,290,5,5,0,0,SSH-Bruteforce
80,6,20,1480,20,0,0,0,DoS-HTTP
0,1,20,840,0,0,0,0,DoS-ICMP
80,6,20,1200,20,0,0,0,DoS-SYN-Flood
0,1,20,840,0,0,0,0,DoS-ICMP
50195,6,4,240,4,0,0,0,PortScan
80,17,20,1200,0,0,0,0,DoS-UDP
0,1,20,1200,0,0,0,0,DoS-ICMP
27671,6,5,290,5,5,0,0,SSH-Bruteforce
27886,6,4,240,4,0,0,0,PortScan
443,17,20,3171,0,0,0,0,BENIGN
6625,6,4,240,4,0,0,0,PortScan
80,6,20,1480,20,0,0,0,DoS-HTTP
80,6,20,1200,20,0,0,0,DoS-SYN-Flood
59650,6,2,120,2,0,0,0,PortScan
60855,6,2,120,2,0,0,0,PortScan
22,6,20,1200,20,0,0,0,SSH-Bruteforce
50225,6,2,120,2,0,0,0,PortScan
80,17,20,1200,0,0,0,0,DoS-UDP
36520,17,20,27980,0,0,0,0,BENIGN
25989,6,2,120,2,0,0,0,PortScan
53278,6,20,30133,0,20,0,0,BENIGN
80,17,20,1200,0,0,0,0,DoS-UDP
80,6,20,1480,20,0,0,0,DoS-HTTP
40929,6,4,240,4,0,0,0,PortScan
33240,6,20,29080,0,20,0,0,BENIGN
80,6,20,1480,20,0,0,0,DoS-HTTP
80,6,20,1480,20,0,0,0,DoS-HTTP
80,6,20,1480,20,0,0,0,DoS-HTTP
80,17,20,1200,0,0,0,0,DoS-UDP
80,6,20,1200,20,0,0,0,DoS-SYN-Flood
22,6,20,1200,2,0,18,0,SSH-Bruteforce
80,17,20,1200,0,0,0,0,DoS-UDP
80,6,20,1480,20,0,0,0,DoS-HTTP
80,6,20,1480,20,0,0,0,DoS-HTTP
0,1,20,840,0,0,0,0,DoS-ICMP
0,1,20,1200,0,0,0,0,DoS-ICMP
52168,6,6,348,6,6,0,0,SSH-Bruteforce
80,6,20,1480,20,0,0,0,DoS-HTTP
44172,6,2,120,2,0,0,0,PortScan
80,17,20,1200,0,0,0,0,DoS-UDP
80,6,20,1480,20,0,0,0,DoS-HTTP
80,17,20,1200,0,0,0,0,DoS-UDP
80,17,20,1200,0,0,0,0,DoS-UDP
80,6,20,1200,20,0,0,0,DoS-SYN-Flood
32738,6,4,240,4,0,0,0,PortScan
0,1,20,1200,0,0,0,0,DoS-ICMP
26422,6,10,580,10,10,0,0,SSH-Bruteforce
80,6,20,1480,20,0,0,0,DoS-HTTP
80,6,20,1480,20,0,0,0,DoS-HTTP
42060,6,6,348,6,6,0,0,SSH-Bruteforce
80,6,20,1200,20,0,0,0,DoS-SYN-Flood
0,1,20,840,0,0,0,0,DoS-ICMP
80,6,20,1480,20,0,0,0,DoS-HTTP
34046,6,5,290,5,5,0,0,SSH-Bruteforce
0,1,20,840,0,0,0,0,DoS-ICMP
22,6,20,1200,2,0,18,0,SSH-Bruteforce
80,17,20,1200,0,0,0,0,DoS-UDP
80,17,20,1200,0,0,0,0,DoS-UDP
80,6,20,1480,20,0,0,0,DoS-HTTP
2114,6,4,240,4,0,0,0,PortScan
80,6,20,1200,20,0,0,0,DoS-SYN-Flood
0,1,20,1200,0,0,0,0,DoS-ICMP
53188,6,4,240,4,0,0,0,PortScan
37748,6,11,638,11,11,0,0,SSH-Bruteforce
0,1,20,1200,0,0,0,0,DoS-ICMP
52422,6,6,348,6,6,0,0,SSH-Bruteforce
12409,6,4,240,4,0,0,0,PortScan
80,6,20,1480,20,0,0,0,DoS-HTTP
9534,6,6,360,6,0,0,0,PortScan
17995,6,4,240,4,0,0,0,PortScan
10098,6,4,240,4,0,0,0,PortScan
80,17,20,1200,0,0,0,0,DoS-UDP
45172,6,4,240,4,0,0,0,PortScan
80,6,20,1200,20,0,0,0,DoS-SYN-Flood
16774,6,2,120,2,0,0,0,PortScan
5860,6,11,638,11,11,0,0,SSH-Bruteforce
80,6,20,1200,20,0,0,0,DoS-SYN-Flood
80,17,20,1200,0,0,0,0,DoS-UDP
80,6,20,1480,20,0,0,0,DoS-HTTP
80,6,20,1200,20,0,0,0,DoS-SYN-Flood
80,6,20,1480,20,0,0,0,DoS-HTTP
59761,6,2,120,2,0,0,0,PortScan
33147,6,8,464,8,8,0,0,SSH-Bruteforce
0,1,20,840,0,0,0,0,DoS-ICMP
80,17,20,1200,0,0,0,0,DoS-UDP
45970,6,2,120,2,0,0,0,PortScan
0,1,20,840,0,0,0,0,DoS-ICMP
42440,17,20,27848,0,0,0,0,BENIGN
5494,6,4,240,4,0,0,0,PortScan
0,1,20,1200,0,0,0,0,DoS-ICMP
80,17,20,1200,0,0,0,0,DoS-UDP
80,17,20,1200,0,0,0,0,DoS-UDP
54664,6,2,120,2,0,0,0,PortScan
80,6,20,1200,20,0,0,0,DoS-SYN-Flood
0,1,20,1200,0,0,0,0,DoS-ICMP
80,6,20,1480,20,0,0,0,DoS-HTTP
42545,6,4,240,4,0,0,0,PortScan
80,6,20,1200,20,0,0,0,DoS-SYN-Flood
0,1,20,840,0,0,0,0,DoS-ICMP
80,17,20,1200,0,0,0,0,DoS-UDP
80,6,20,1200,20,0,0,0,DoS-SYN-Flood
80,17,20,1200,0,0,0,0,DoS-UDP
18534,6,2,120,2,0,0,0,PortScan
53304,6,2,120,2,0,0,0,PortScan
0,1,20,840,0,0,0,0,DoS-ICMP
80,6,20,1480,20,0,0,0,DoS-HTTP
40835,6,6,348,6,6,0,0,SSH-Bruteforce
21080,6,2,120,2,0,0,0,PortScan
58459,6,2,120,2,0,0,0,PortScan
58895,6,8,464,8,8,0,0,SSH-Bruteforce
443,6,12,930,0,10,2,2,BENIGN
80,6,20,1480,20,0,0,0,DoS-HTTP
80,17,20,1200,0,0,0,0,DoS-UDP
59856,6,2,120,2,0,0,0,PortScan
0,1,20,1200,0,0,0,0,DoS-ICMP
80,6,20,1480,20,0,0,0,DoS-HTTP
0,1,20,840,0,0,0,0,DoS-ICMP
80,17,20,1200,0,0,0,0,DoS-UDP
5352,6,6,348,6,6,0,0,SSH-Bruteforce
28877,6,2,120,2,0,0,0,PortScan
43678,17,20,26985,0,0,0,0,BENIGN
443,6,20,1383,0,20,0,0,BENIGN
2920,6,7,406,7,7,0,0,SSH-Bruteforce
80,6,20,1200,20,0,0,0,DoS-SYN-Flood
80,6,20,1200,20,0,0,0,DoS-SYN-Flood
22,6,20,1200,15,0,5,0,SSH-Bruteforce
35807,6,2,120,2,0,0,0,PortScan
22,6,20,1200,0,0,20,0,SSH-Bruteforce
59646,6,20,28840,0,20,0,0,BENIGN
80,6,20,1480,20,0,0,0,DoS-HTTP
80,6,20,1480,20,0,0,0,DoS-HTTP
80,6,20,1480,20,0,0,0,DoS-HTTP
32097,6,4,240,4,0,0,0,PortScan
80,6,20,1480,20,0,0,0,DoS-HTTP
80,6,20,1480,20,0,0,0,DoS-HTTP
0,1,20,840,0,0,0,0,DoS-ICMP
80,6,20,1200,20,0,0,0,DoS-SYN-Flood
59646,6,20,29080,0,20,0,0,BENIGN
499,6,6,348,6,6,0,0,SSH-Bruteforce
80,6,20,1480,20,0,0,0,DoS-HTTP
80,6,20,1480,20,0,0,0,DoS-HTTP
22,6,20,1200,20,0,0,0,SSH-Bruteforce
80,6,20,1480,20,0,0,0,DoS-HTTP
0,1,20,1200,0,0,0,0,DoS-ICMP
0,1,20,840,0,0,0,0,DoS-ICMP
49541,6,8,464,8,8,0,0,SSH-Bruteforce
63120,6,2,120,2,0,0,0,PortScan
7540,6,4,240,4,0,0,0,PortScan
80,6,20,1480,20,0,0,0,DoS-HTTP
80,17,20,1200,0,0,0,0,DoS-UDP
80,6,20,1480,20,0,0,0,DoS-HTTP
42065,6,2,120,2,0,0,0,PortScan
80,6,20,1200,20,0,0,0,DoS-SYN-Flood
80,6,20,1200,20,0,0,0,DoS-SYN-Flood
0,1,20,1200,0,0,0,0,DoS-ICMP
39902,17,20,27980,0,0,0,0,BENIGN
80,6,20,1200,20,0,0,0,DoS-SYN-Flood
52630,6,2,120,2,0,0,0,PortScan
183,6,4,240,4,0,0,0,PortScan
15787,6,2,120,2,0,0,0,PortScan
80,6,20,1200,20,0,0,0,DoS-SYN-Flood
80,6,20,1480,20,0,0,0,DoS-HTTP
0,1,20,840,0,0,0,0,DoS-ICMP
80,17,20,1200,0,0,0,0,DoS-UDP
80,6,20,1480,20,0,0,0,DoS-HTTP
22504,6,8,464,8,8,0,0,SSH-Bruteforce
80,6,20,1480,20,0,0,0,DoS-HTTP
30423,6,7,406,7,7,0,0,SSH-Bruteforce
34963,6,2,120,2,0,0,0,PortScan
13296,6,4,240,4,0,0,0,PortScan
0,1,20,840,0,0,0,0,DoS-ICMP
80,6,20,1480,20,0,0,0,DoS-HTTP
37627,6,4,240,4,0,0,0,PortScan
16152,6,2,120,2,0,0,0,PortScan
29154,6,2,120,2,0,0,0,PortScan
80,6,20,1480,20,0,0,0,DoS-HTTP
0,1,20,840,0,0,0,0,DoS-ICMP
80,6,20,1480,20,0,0,0,DoS-HTTP
80,6,20,1480,20,0,0,0,DoS-HTTP
80,6,20,1480,20,0,0,0,DoS-HTTP
80,6,20,1200,20,0,0,0,DoS-SYN-Flood
0,1,20,1200,0,0,0,0,DoS-ICMP
80,17,20,1200,0,0,0,0,DoS-UDP
51625,6,7,406,7,7,0,0,SSH-Bruteforce
22,6,20,1200,0,0,20,0,SSH-Bruteforce
80,6,20,1200,20,0,0,0,DoS-SYN-Flood
80,17,20,1200,0,0,0,0,DoS-UDP
80,17,20,1200,0,0,0,0,DoS-UDP
80,6,20,1480,20,0,0,0,DoS-HTTP
49588,6,4,240,4,0,0,0,PortScan
0,1,20,840,0,0,0,0,DoS-ICMP
45136,6,12,696,12,12,0,0,SSH-Bruteforce
0,1,20,1200,0,0,0,0,DoS-ICMP
56898,6,2,120,2,0,0,0,PortScan
0,1,20,1200,0,0,0,0,DoS-ICMP
0,1,20,1200,0,0,0,0,DoS-ICMP
443,6,20,1200,0,20,0,0,BENIGN
1028,6,6,348,6,6,0,0,SSH-Bruteforce
15271,6,5,290,5,5,0,0,SSH-Bruteforce
0,1,20,1200,0,0,0,0,DoS-ICMP
80,6,20,1480,20,0,0,0,DoS-HTTP
80,6,20,1200,20,0,0,0,DoS-SYN-Flood
80,6,20,1480,20,0,0,0,DoS-HTTP
80,6,20,1200,20,0,0,0,DoS-SYN-Flood
1516,6,4,240,4,0,0,0,PortScan
80,17,20,1200,0,0,0,0,DoS-UDP
0,1,20,840,0,0,0,0,DoS-ICMP
80,17,20,1200,0,0,0,0,DoS-UDP
80,6,20,1480,20,0,0,0,DoS-HTTP
42162,6,6,348,6,6,0,0,SSH-Bruteforce
33240,6,20,29260,0,20,0,0,BENIGN
22,6,20,1200,0,0,20,0,SSH-Bruteforce
22,6,20,1200,20,0,0,0,SSH-Bruteforce
20767,6,4,232,4,4,0,0,SSH-Bruteforce
80,6,20,1480,20,0,0,0,DoS-HTTP
80,6,20,1200,20,0,0,0,DoS-SYN-Flood
80,17,20,1200,0,0,0,0,DoS-UDP
24041,6,2,120,2,0,0,0,PortScan
48170,6,9,522,9,9,0,0,SSH-Bruteforce
0,1,20,1200,0,0,0,0,DoS-ICMP
80,17,20,1200,0,0,0,0,DoS-UDP
80,6,20,1480,20,0,0,0,DoS-HTTP
80,17,20,1200,0,0,0,0,DoS-UDP
53322,6,2,120,2,0,0,0,PortScan
16805,6,6,348,6,6,0,0,SSH-Bruteforce
80,17,20,1200,0,0,0,0,DoS-UDP
0,1,20,1200,0,0,0,0,DoS-ICMP
0,1,20,1200,0,0,0,0,DoS-ICMP
0,1,20,1200,0,0,0,0,DoS-ICMP
62389,6,2,120,2,0,0,0,PortScan
80,6,20,1480,20,0,0,0,DoS-HTTP
33152,6,9,522,9,9,0,0,SSH-Bruteforce
22,6,20,1200,20,0,0,0,SSH-Bruteforce
80,6,20,1480,20,0,0,0,DoS-HTTP
80,17,20,1200,0,0,0,0,DoS-UDP
28532,6,2,120,2,0,0,0,PortScan
80,6,20,1200,20,0,0,0,DoS-SYN-Flood
80,6,20,1480,20,0,0,0,DoS-HTTP
7767,6,4,240,4,0,0,0,PortScan
60886,6,20,30280,0,20,0,0,BENIGN
45413,6,2,120,2,0,0,0,PortScan
80,6,20,1480,20,0,0,0,DoS-HTTP
9699,6,4,240,4,0,0,0,PortScan
80,6,20,1200,20,0,0,0,DoS-SYN-Flood
80,17,20,1200,0,0,0,0,DoS-UDP
80,17,20,1200,0,0,0,0,DoS-UDP
32893,6,4,232,4,4,0,0,SSH-Bruteforce
0,1,20,1200,0,0,0,0,DoS-ICMP
80,17,20,1200,0,0,0,0,DoS-UDP
80,6,20,1480,20,0,0,0,DoS-HTTP
59498,6,2,120,2,0,0,0,PortScan
36520,17,20,27980,0,0,0,0,BENIGN
80,6,20,1200,20,0,0,0,DoS-SYN-Flood
0,1,20,840,0,0,0,0,DoS-ICMP
53325,6,6,348,6,6,0,0,SSH-Bruteforce
80,17,20,1200,0,0,0,0,DoS-UDP
80,17,20,1200,0,0,0,0,DoS-UDP
34088,6,12,692,11,11,1,0,SSH-Bruteforce
16369,6,2,120,2,0,0,0,PortScan
80,17,20,1200,0,0,0,0,DoS-UDP
49363,6,4,240,4,0,0,0,PortScan
80,6,20,1480,20,0,0,0,DoS-HTTP
80,6,20,1200,20,0,0,0,DoS-SYN-Flood
80,6,20,1200,20,0,0,0,DoS-SYN-Flood
80,6,20,1480,20,0,0,0,DoS-HTTP
23139,6,9,522,9,9,0,0,SSH-Bruteforce
80,6,20,1200,20,0,0,0,DoS-SYN-Flood
2572,6,5,290,5,5,0,0,SSH-Bruteforce
0,1,20,1200,0,0,0,0,DoS-ICMP
80,17,20,1200,0,0,0,0,DoS-UDP
80,17,20,1200,0,0,0,0,DoS-UDP
11388,6,4,240,4,0,0,0,PortScan
80,6,20,1480,20,0,0,0,DoS-HTTP
47776,6,6,348,6,6,0,0,SSH-Bruteforce
80,6,20,1480,20,0,0,0,DoS-HTTP
0,1,20,1200,0,0,0,0,DoS-ICMP
24439,6,4,240,4,0,0,0,PortScan
80,17,20,1200,0,0,0,0,DoS-UDP
80,17,20,1200,0,0,0,0,DoS-UDP
80,6,20,1480,20,0,0,0,DoS-HTTP
80,6,20,1200,20,0,0,0,DoS-SYN-Flood
0,1,20,840,0,0,0,0,DoS-ICMP
80,17,20,1200,0,0,0,0,DoS-UDP
80,6,20,1200,20,0,0,0,DoS-SYN-Flood
0,1,20,840,0,0,0,0,DoS-ICMP
80,6,20,1480,20,0,0,0,DoS-HTTP
80,17,20,1200,0,0,0,0,DoS-UDP
0,1,20,1200,0,0,0,0,DoS-ICMP
31246,6,4,240,4,0,0,0,PortScan
0,1,20,1200,0,0,0,0,DoS-ICMP
64196,6,4,240,4,0,0,0,PortScan
22,6,20,1200,20,0,0,0,SSH-Bruteforce
48756,6,1,54,0,1,1,0,BENIGN
32856,6,4,240,4,0,0,0,PortScan
80,6,20,1480,20,0,0,0,DoS-HTTP
0,1,20,1200,0,0,0,0,DoS-ICMP
80,6,20,1480,20,0,0,0,DoS-HTTP
80,17,20,1200,0,0,0,0,DoS-UDP
80,6,20,1200,20,0,0,0,DoS-SYN-Flood
0,1,20,840,0,0,0,0,DoS-ICMP
80,6,20,1200,20,0,0,0,DoS-SYN-Flood
80,6,20,1480,20,0,0,0,DoS-HTTP
57577,6,9,522,9,9,0,0,SSH-Bruteforce
80,6,20,1200,20,0,0,0,DoS-SYN-Flood
80,6,20,1200,20,0,0,0,DoS-SYN-Flood
80,6,20,1480,20,0,0,0,DoS-HTTP
27489,6,6,348,6,6,0,0,SSH-Bruteforce
80,6,20,1200,20,0,0,0,DoS-SYN-Flood
22,6,20,1200,20,0,0,0,SSH-Bruteforce
80,6,20,1200,20,0,0,0,DoS-SYN-Flood
0,1,20,1200,0,0,0,0,DoS-ICMP
4172,6,6,360,6,0,0,0,PortScan
60394,17,3,253,0,0,0,0,BENIGN
0,1,20,1200,0,0,0,0,DoS-ICMP
80,6,20,1200,20,0,0,0,DoS-SYN-Flood
36520,17,20,27980,0,0,0,0,BENIGN
80,6,20,1200,20,0,0,0,DoS-SYN-Flood
80,6,20,1200,20,0,0,0,DoS-SYN-Flood
9943,6,4,240,4,0,0,0,PortScan
55722,6,5,290,5,5,0,0,SSH-Bruteforce
0,1,20,840,0,0,0,0,DoS-ICMP
0,1,20,840,0,0,0,0,DoS-ICMP
80,6,20,1480,20,0,0,0,DoS-HTTP
33267,6,4,240,4,0,0,0,PortScan
80,17,20,1200,0,0,0,0,DoS-UDP
43678,17,20,27980,0,0,0,0,BENIGN
80,6,20,1480,20,0,0,0,DoS-HTTP
0,1,20,1200,0,0,0,0,DoS-ICMP
80,17,20,1200,0,0,0,0,DoS-UDP
80,6,20,1480,20,0,0,0,DoS-HTTP
80,6,20,1200,20,0,0,0,DoS-SYN-Flood
41308,17,20,27980,0,0,0,0,BENIGN
0,1,20,840,0,0,0,0,DoS-ICMP
35688,6,2,120,2,0,0,0,PortScan
80,6,20,1200,20,0,0,0,DoS-SYN-Flood
22,6,20,1200,19,0,1,0,SSH-Bruteforce
80,17,20,1200,0,0,0,0,DoS-UDP
80,17,20,1200,0,0,0,0,DoS-UDP
20918,6,4,240,4,0,0,0,PortScan
59103,6,4,240,4,0,0,0,PortScan
80,6,20,1480,20,0,0,0,DoS-HTTP
0,1,20,840,0,0,0,0,DoS-ICMP
22,6,20,1200,20,0,0,0,SSH-Bruteforce
80,17,20,1200,0,0,0,0,DoS-UDP
22,6,20,1200,20,0,0,0,SSH-Bruteforce
80,6,20,1200,20,0,0,0,DoS-SYN-Flood
52290,6,6,348,6,6,0,0,SSH-Bruteforce
80,6,20,1200,20,0,0,0,DoS-SYN-Flood
80,6,20,1480,20,0,0,0,DoS-HTTP
31321,6,2,120,2,0,0,0,PortScan
0,1,20,1200,0,0,0,0,DoS-ICMP
31147,6,9,522,9,9,0,0,SSH-Bruteforce
0,1,20,1200,0,0,0,0,DoS-ICMP
0,1,20,1200,0,0,0,0,DoS-ICMP
57621,6,4,240,4,0,0,0,PortScan
0,1,20,840,0,0,0,0,DoS-ICMP
80,17,20,1200,0,0,0,0,DoS-UDP
80,6,20,1200,20,0,0,0,DoS-SYN-Flood
7676,6,7,406,7,7,0,0,SSH-Bruteforce
40890,6,2,120,2,0,0,0,PortScan
80,6,20,1200,20,0,0,0,DoS-SYN-Flood
80,17,20,1200,0,0,0,0,DoS-UDP
80,6,20,1200,20,0,0,0,DoS-SYN-Flood
80,6,20,1480,20,0,0,0,DoS-HTTP
80,6,20,1200,20,0,0,0,DoS-SYN-Flood
0,1,20,1200,0,0,0,0,DoS-ICMP
22,6,20,1200,20,0,0,0,SSH-Bruteforce
80,17,20,1200,0,0,0,0,DoS-UDP
80,6,20,1480,20,0,0,0,DoS-HTTP
80,17,20,1200,0,0,0,0,DoS-UDP
19989,6,4,240,4,0,0,0,PortScan
0,1,20,1200,0,0,0,0,DoS-ICMP
8845,6,8,464,8,8,0,0,SSH-Bruteforce
11387,6,4,240,4,0,0,0,PortScan
80,6,20,1480,20,0,0,0,DoS-HTTP
80,17,20,1200,0,0,0,0,DoS-UDP
80,6,20,1200,20,0,0,0,DoS-SYN-Flood
6680,6,4,240,4,0,0,0,PortScan
0,1,20,840,0,0,0,0,DoS-ICMP
0,1,20,1200,0,0,0,0,DoS-ICMP
80,6,20,1200,20,0,0,0,DoS-SYN-Flood
80,6,20,1200,20,0,0,0,DoS-SYN-Flood
80,6,20,1200,20,0,0,0,DoS-SYN-Flood
46306,6,2,120,2,0,0,0,PortScan
0,1,20,840,0,0,0,0,DoS-ICMP
80,6,20,1200,20,0,0,0,DoS-SYN-Flood
36520,17,20,27980,0,0,0,0,BENIGN
80,17,20,1200,0,0,0,0,DoS-UDP
0,1,20,1200,0,0,0,0,DoS-ICMP
0,1,20,1200,0,0,0,0,DoS-ICMP
80,6,20,1480,20,0,0,0,DoS-HTTP
80,6,20,1480,20,0,0,0,DoS-HTTP
80,6,20,1200,20,0,0,0,DoS-SYN-Flood
60173,6,2,120,2,0,0,0,PortScan
443,6,20,1200,0,20,0,0,BENIGN
46398,17,20,27980,0,0,0,0,BENIGN
0,1,20,840,0,0,0,0,DoS-ICMP
80,6,20,1480,20,0,0,0,DoS-HTTP
80,6,20,1480,20,0,0,0,DoS-HTTP
80,6,20,1200,20,0,0,0,DoS-SYN-Flood
36520,17,20,27980,0,0,0,0,BENIGN
80,6,20,1480,20,0,0,0,DoS-HTTP
37086,6,8,464,8,8,0,0,SSH-Bruteforce
80,6,20,1480,20,0,0,0,DoS-HTTP
22,6,20,1200,0,0,20,0,SSH-Bruteforce
22,6,20,1200,0,0,20,0,SSH-Bruteforce
48806,17,20,27980,0,0,0,0,BENIGN
80,17,20,1200,0,0,0,0,DoS-UDP
80,6,20,1200,20,0,0,0,DoS-SYN-Flood
58383,6,8,464,8,8,0,0,SSH-Bruteforce
38559,6,6,348,6,6,0,0,SSH-Bruteforce
40940,6,9,522,9,9,0,0,SSH-Bruteforce
0,1,20,840,0,0,0,0,DoS-ICMP
80,6,20,1480,20,0,0,0,DoS-HTTP
80,6,20,1200,20,0,0,0,DoS-SYN-Flood
58982,6,10,580,10,10,0,0,SSH-Bruteforce
80,6,20,1200,20,0,0,0,DoS-SYN-Flood
58243,6,2,120,2,0,0,0,PortScan
443,6,20,12264,0,20,0,0,BENIGN
80,17,20,1200,0,0,0,0,DoS-UDP
80,6,20,1480,20,0,0,0,DoS-HTTP
80,6,20,1200,20,0,0,0,DoS-SYN-Flood
0,1,20,840,0,0,0,0,DoS-ICMP
80,6,20,1200,20,0,0,0,DoS-SYN-Flood
80,17,20,1200,0,0,0,0,DoS-UDP
80,17,20,1200,0,0,0,0,DoS-UDP
80,6,20,1200,20,0,0,0,DoS-SYN-Flood
80,17,20,1200,0,0,0,0,DoS-UDP
36520,17,20,27980,0,0,0,0,BENIGN
80,6,20,1200,20,0,0,0,DoS-SYN-Flood
80,6,20,1200,20,0,0,0,DoS-SYN-Flood
0,1,20,840,0,0,0,0,DoS-ICMP
80,6,20,1200,20,0,0,0,DoS-SYN-Flood
80,6,20,1480,20,0,0,0,DoS-HTTP
80,17,20,1200,0,0,0,0,DoS-UDP
10805,6,7,406,7,7,0,0,SSH-Bruteforce
1805,6,4,232,4,4,0,0,SSH-Bruteforce
80,17,20,1200,0,0,0,0,DoS-UDP
80,6,20,1480,20,0,0,0,DoS-HTTP
0,1,20,840,0,0,0,0,DoS-ICMP
33642,6,2,120,2,0,0,0,PortScan
80,17,20,1200,0,0,0,0,DoS-UDP
80,6,20,1200,20,0,0,0,DoS-SYN-Flood
80,17,20,1200,0,0,0,0,DoS-UDP
36300,6,10,580,10,10,0,0,SSH-Bruteforce
0,1,20,1200,0,0,0,0,DoS-ICMP
0,1,20,1200,0,0,0,0,DoS-ICMP
80,6,20,1200,20,0,0,0,DoS-SYN-Flood
80,6,20,1480,20,0,0,0,DoS-HTTP
80,6,20,1480,20,0,0,0,DoS-HTTP
80,6,20,1200,20,0,0,0,DoS-SYN-Flood
0,1,20,840,0,0,0,0,DoS-ICMP
80,6,20,1480,20,0,0,0,DoS-HTTP
80,17,20,1200,0,0,0,0,DoS-UDP
80,6,20,1200,20,0,0,0,DoS-SYN-Flood
0,1,20,840,0,0,0,0,DoS-ICMP
22,6,20,1200,0,0,20,0,SSH-Bruteforce
0,1,20,840,0,0,0,0,DoS-ICMP
80,6,20,1480,20,0,0,0,DoS-HTTP
49879,6,2,120,2,0,0,0,PortScan
80,17,20,1200,0,0,0,0,DoS-UDP
0,1,20,840,0,0,0,0,DoS-ICMP
80,6,20,1200,20,0,0,0,DoS-SYN-Flood
80,6,20,1200,20,0,0,0,DoS-SYN-Flood
80,6,20,1480,20,0,0,0,DoS-HTTP
44801,6,8,464,8,8,0,0,SSH-Bruteforce
31736,6,4,240,4,0,0,0,PortScan
80,6,20,1200,20,0,0,0,DoS-SYN-Flood
0,1,20,1200,0,0,0,0,DoS-ICMP
43992,17,20,27980,0,0,0,0,BENIGN
80,17,20,1200,0,0,0,0,DoS-UDP
22,6,20,1200,0,0,20,0,SSH-Bruteforce
29406,6,9,522,9,9,0,0,SSH-Bruteforce
80,6,20,1480,20,0,0,0,DoS-HTTP
36907,6,2,120,2,0,0,0,PortScan
62908,6,2,120,2,0,0,0,PortScan
0,1,20,840,0,0,0,0,DoS-ICMP
80,6,20,1200,20,0,0,0,DoS-SYN-Flood
443,17,20,3725,0,0,0,0,BENIGN
32047,6,9,522,9,9,0,0,SSH-Bruteforce
80,6,20,1200,20,0,0,0,DoS-SYN-Flood
0,1,20,1200,0,0,0,0,DoS-ICMP
0,1,20,1200,0,0,0,0,DoS-ICMP
80,6,20,1200,20,0,0,0,DoS-SYN-Flood
22,6,20,1200,19,0,1,0,SSH-Bruteforce
0,1,20,1200,0,0,0,0,DoS-ICMP
80,17,20,1200,0,0,0,0,DoS-UDP
80,17,20,1200,0,0,0,0,DoS-UDP
80,17,20,1200,0,0,0,0,DoS-UDP
6444,6,7,406,7,7,0,0,SSH-Bruteforce
2617,6,4,240,4,0,0,0,PortScan
80,17,20,1200,0,0,0,0,DoS-UDP
80,17,20,1200,0,0,0,0,DoS-UDP
0,1,20,840,0,0,0,0,DoS-ICMP
0,1,20,1200,0,0,0,0,DoS-ICMP
80,6,20,1480,20,0,0,0,DoS-HTTP
80,6,20,1200,20,0,0,0,DoS-SYN-Flood
8612,6,7,406,7,7,0,0,SSH-Bruteforce
80,17,20,1200,0,0,0,0,DoS-UDP
38552,6,2,120,2,0,0,0,PortScan
80,17,20,1200,0,0,0,0,DoS-UDP
80,6,20,1200,20,0,0,0,DoS-SYN-Flood
60886,6,20,30120,0,20,0,0,BENIGN
80,17,20,1200,0,0,0,0,DoS-UDP
45641,6,2,120,2,0,0,0,PortScan
32587,6,9,522,9,9,0,0,SSH-Bruteforce
80,6,20,1480,20,0,0,0,DoS-HTTP
12487,6,6,360,6,0,0,0,PortScan
80,6,20,1480,20,0,0,0,DoS-HTTP
80,6,20,1480,20,0,0,0,DoS-HTTP
80,6,20,1480,20,0,0,0,DoS-HTTP
37470,6,2,120,2,0,0,0,PortScan
38094,6,6,348,6,6,0,0,SSH-Bruteforce
0,1,20,840,0,0,0,0,DoS-ICMP
80,17,20,1200,0,0,0,0,DoS-UDP
80,6,20,1480,20,0,0,0,DoS-HTTP
52423,6,2,120,2,0,0,0,PortScan
57985,6,9,522,9,9,0,0,SSH-Bruteforce
80,6,20,1200,20,0,0,0,DoS-SYN-Flood
56606,6,2,120,2,0,0,0,PortScan
17941,6,11,638,11,11,0,0,SSH-Bruteforce
36520,17,20,27980,0,0,0,0,BENIGN
80,6,20,1200,20,0,0,0,DoS-SYN-Flood
80,17,20,1200,0,0,0,0,DoS-UDP
80,17,20,1200,0,0,0,0,DoS-UDP
17800,6,4,240,4,0,0,0,PortScan
80,6,20,1480,20,0,0,0,DoS-HTTP
62225,6,10,580,10,10,0,0,SSH-Bruteforce
0,1,20,1200,0,0,0,0,DoS-ICMP
80,17,20,1200,0,0,0,0,DoS-UDP
80,6,20,1480,20,0,0,0,DoS-HTTP
0,1,20,840,0,0,0,0,DoS-ICMP
64080,6,2,120,2,0,0,0,PortScan
80,17,20,1200,0,0,0,0,DoS-UDP
80,6,20,1480,20,0,0,0,DoS-HTTP
9730,6,10,580,10,10,0,0,SSH-Bruteforce
0,1,20,840,0,0,0,0,DoS-ICMP
80,17,20,1200,0,0,0,0,DoS-UDP
22,6,20,1200,0,0,20,0,SSH-Bruteforce
80,6,20,1200,20,0,0,0,DoS-SYN-Flood
80,6,20,1200,20,0,0,0,DoS-SYN-Flood
0,1,20,840,0,0,0,0,DoS-ICMP
0,1,20,1200,0,0,0,0,DoS-ICMP
80,6,20,1200,20,0,0,0,DoS-SYN-Flood
30874,6,7,406,7,7,0,0,SSH-Bruteforce
80,6,20,1200,20,0,0,0,DoS-SYN-Flood
80,6,20,1480,20,0,0,0,DoS-HTTP
80,17,20,1200,0,0,0,0,DoS-UDP
80,17,20,1200,0,0,0,0,DoS-UDP
0,1,20,840,0,0,0,0,DoS-ICMP
80,6,20,1200,20,0,0,0,DoS-SYN-Flood
80,6,20,1480,20,0,0,0,DoS-HTTP
80,6,20,1200,20,0,0,0,DoS-SYN-Flood
56043,6,2,120,2,0,0,0,PortScan
59171,6,9,522,9,9,0,0,SSH-Bruteforce
36479,6,7,406,7,7,0,0,SSH-Bruteforce
80,6,20,1480,20,0,0,0,DoS-HTTP
80,17,20,1200,0,0,0,0,DoS-UDP
22,6,20,1200,20,0,0,0,SSH-Bruteforce
28540,6,2,120,2,0,0,0,PortScan
80,17,20,1200,0,0,0,0,DoS-UDP
80,6,20,1200,20,0,0,0,DoS-SYN-Flood
21575,6,4,240,4,0,0,0,PortScan
22817,6,4,240,4,0,0,0,PortScan
31171,6,2,120,2,0,0,0,PortScan
9984,6,4,240,4,0,0,0,PortScan
34237,6,2,120,2,0,0,0,PortScan
80,6,20,1480,20,0,0,0,DoS-HTTP
22,6,20,1200,20,0,0,0,SSH-Bruteforce
9220,6,7,406,7,7,0,0,SSH-Bruteforce
0,1,20,1200,0,0,0,0,DoS-ICMP
0,1,20,840,0,0,0,0,DoS-ICMP
80,17,20,1200,0,0,0,0,DoS-UDP
80,6,20,1200,20,0,0,0,DoS-SYN-Flood
0,1,20,1200,0,0,0,0,DoS-ICMP
80,6,20,1200,20,0,0,0,DoS-SYN-Flood
80,17,20,1200,0,0,0,0,DoS-UDP
80,17,20,1200,0,0,0,0,DoS-UDP
80,17,20,1200,0,0,0,0,DoS-UDP
0,1,20,1200,0,0,0,0,DoS-ICMP
64161,6,6,348,6,6,0,0,SSH-Bruteforce
55165,6,2,120,2,0,0,0,PortScan
53727,6,2,120,2,0,0,0,PortScan
54410,6,4,232,4,4,0,0,SSH-Bruteforce
36520,17,20,27980,0,0,0,0,BENIGN
80,6,20,1480,20,0,0,0,DoS-HTTP
80,6,20,1480,20,0,0,0,DoS-HTTP
80,6,20,1200,20,0,0,0,DoS-SYN-Flood
80,6,20,1200,20,0,0,0,DoS-SYN-Flood
80,17,20,1200,0,0,0,0,DoS-UDP
80,6,20,1200,20,0,0,0,DoS-SYN-Flood
80,17,20,1200,0,0,0,0,DoS-UDP
80,6,20,1480,20,0,0,0,DoS-HTTP
80,6,20,1200,20,0,0,0,DoS-SYN-Flood
0,1,20,1200,0,0,0,0,DoS-ICMP
5816,6,4,240,4,0,0,0,PortScan
80,6,20,1200,20,0,0,0,DoS-SYN-Flood
80,6,20,1480,20,0,0,0,DoS-HTTP
1252,6,4,240,4,0,0,0,PortScan
80,6,20,1480,20,0,0,0,DoS-HTTP
43855,6,2,120,2,0,0,0,PortScan
0,1,20,1200,0,0,0,0,DoS-ICMP
80,6,20,1200,20,0,0,0,DoS-SYN-Flood
80,6,20,1480,20,0,0,0,DoS-HTTP
80,17,20,1200,0,0,0,0,DoS-UDP
17668,6,2,120,2,0,0,0,PortScan
22,6,20,1200,20,0,0,0,SSH-Bruteforce
0,1,20,1200,0,0,0,0,DoS-ICMP
80,17,20,1200,0,0,0,0,DoS-UDP
80,17,20,1200,0,0,0,0,DoS-UDP
80,6,20,1200,20,0,0,0,DoS-SYN-Flood
48150,6,8,464,8,8,0,0,SSH-Bruteforce
61878,6,4,240,4,0,0,0,PortScan
0,1,20,1200,0,0,0,0,DoS-ICMP
34527,6,4,240,4,0,0,0,PortScan
80,6,20,1480,20,0,0,0,DoS-HTTP
80,17,20,1200,0,0,0,0,DoS-UDP
443,17,20,13523,0,0,0,0,BENIGN
80,6,20,1200,20,0,0,0,DoS-SYN-Flood
80,6,20,1200,20,0,0,0,DoS-SYN-Flood
39057,6,7,406,7,7,0,0,SSH-Bruteforce
22253,6,2,120,2,0,0,0,PortScan
49714,6,2,120,2,0,0,0,PortScan
35773,6,12,696,12,12,0,0,SSH-Bruteforce
80,6,20,1480,20,0,0,0,DoS-HTTP
80,6,20,1480,20,0,0,0,DoS-HTTP
80,6,20,1480,20,0,0,0,DoS-HTTP
80,6,20,1200,20,0,0,0,DoS-SYN-Flood
0,1,20,1200,0,0,0,0,DoS-ICMP
80,6,20,1200,20,0,0,0,DoS-SYN-Flood
11219,6,4,240,4,0,0,0,PortScan
6868,6,6,360,6,0,0,0,PortScan
47369,6,2,120,2,0,0,0,PortScan
13359,6,6,360,6,0,0,0,PortScan
22,6,20,1200,0,0,20,0,SSH-Bruteforce
80,17,20,1200,0,0,0,0,DoS-UDP
36520,17,20,27980,0,0,0,0,BENIGN
36076,6,2,120,2,0,0,0,PortScan
80,17,20,1200,0,0,0,0,DoS-UDP
34376,6,2,120,2,0,0,0,PortScan
80,17,20,1200,0,0,0,0,DoS-UDP
80,6,20,1200,20,0,0,0,DoS-SYN-Flood
36987,6,10,580,10,10,0,0,SSH-Bruteforce
80,6,20,1200,20,0,0,0,DoS-SYN-Flood
0,1,20,1200,0,0,0,0,DoS-ICMP
39347,6,4,240,4,0,0,0,PortScan
80,6,20,1480,20,0,0,0,DoS-HTTP
20790,6,2,120,2,0,0,0,PortScan
0,1,20,1200,0,0,0,0,DoS-ICMP
46398,17,20,27980,0,0,0,0,BENIGN
80,6,20,1480,20,0,0,0,DoS-HTTP
0,1,20,1200,0,0,0,0,DoS-ICMP
58845,6,2,120,2,0,0,0,PortScan
80,17,20,1200,0,0,0,0,DoS-UDP
80,6,20,1200,20,0,0,0,DoS-SYN-Flood
63372,6,4,240,4,0,0,0,PortScan
0,1,20,1200,0,0,0,0,DoS-ICMP
0,1,20,840,0,0,0,0,DoS-ICMP
46922,6,9,522,9,9,0,0,SSH-Bruteforce
80,6,20,1200,20,0,0,0,DoS-SYN-Flood
80,6,20,1200,20,0,0,0,DoS-SYN-Flood
0,1,20,840,0,0,0,0,DoS-ICMP
0,1,20,1200,0,0,0,0,DoS-ICMP
80,6,20,1480,20,0,0,0,DoS-HTTP
80,6,20,1480,20,0,0,0,DoS-HTTP
43890,6,7,406,7,7,0,0,SSH-Bruteforce
0,1,20,840,0,0,0,0,DoS-ICMP
48601,6,4,240,4,0,0,0,PortScan
47951,6,4,240,4,0,0,0,PortScan
80,6,20,1200,20,0,0,0,DoS-SYN-Flood
80,17,20,1200,0,0,0,0,DoS-UDP
15816,6,2,120,2,0,0,0,PortScan
80,6,20,1200,20,0,0,0,DoS-SYN-Flood
29999,6,8,464,8,8,0,0,SSH-Bruteforce
443,17,20,1500,0,0,0,0,BENIGN
64631,6,11,638,11,11,0,0,SSH-Bruteforce
22,6,20,1200,17,0,3,0,SSH-Bruteforce
0,1,20,1200,0,0,0,0,DoS-ICMP
80,17,20,1200,0,0,0,0,DoS-UDP
62246,6,2,120,2,0,0,0,PortScan
39641,6,2,120,2,0,0,0,PortScan
0,1,20,1200,0,0,0,0,DoS-ICMP
80,6,20,1200,20,0,0,0,DoS-SYN-Flood
80,6,20,1200,20,0,0,0,DoS-SYN-Flood
59406,6,4,240,4,0,0,0,PortScan
80,6,20,1480,20,0,0,0,DoS-HTTP
0,1,20,1200,0,0,0,0,DoS-ICMP
80,17,20,1200,0,0,0,0,DoS-UDP
80,6,20,1200,20,0,0,0,DoS-SYN-Flood
36520,17,20,27980,0,0,0,0,BENIGN
80,17,20,1200,0,0,0,0,DoS-UDP
80,6,20,1480,20,0,0,0,DoS-HTTP
80,17,20,1200,0,0,0,0,DoS-UDP
80,6,20,1480,20,0,0,0,DoS-HTTP
0,1,20,1200,0,0,0,0,DoS-ICMP
16883,6,2,120,2,0,0,0,PortScan
0,1,20,840,0,0,0,0,DoS-ICMP
36256,6,2,120,2,0,0,0,PortScan
4985,6,6,360,6,0,0,0,PortScan
80,17,20,1200,0,0,0,0,DoS-UDP
59307,6,2,120,2,0,0,0,PortScan
0,1,20,840,0,0,0,0,DoS-ICMP
80,6,20,1480,20,0,0,0,DoS-HTTP
80,6,20,1200,20,0,0,0,DoS-SYN-Flood
11826,6,6,348,6,6,0,0,SSH-Bruteforce
80,6,20,1200,20,0,0,0,DoS-SYN-Flood
59646,6,20,28888,0,20,0,0,BENIGN
80,17,20,1200,0,0,0,0,DoS-UDP
48143,17,6,3630,0,0,0,0,BENIGN
60886,6,20,29080,0,20,0,0,BENIGN
43678,17,20,27980,0,0,0,0,BENIGN
4177,6,8,464,8,8,0,0,SSH-Bruteforce
6919,6,6,360,6,0,0,0,PortScan
80,6,20,1480,20,0,0,0,DoS-HTTP
80,17,20,1200,0,0,0,0,DoS-UDP
46848,6,11,638,11,11,0,0,SSH-Bruteforce
36520,17,20,27980,0,0,0,0,BENIGN
3436,6,9,522,9,9,0,0,SSH-Bruteforce
22,6,20,1200,20,0,0,0,SSH-Bruteforce
80,17,20,1200,0,0,0,0,DoS-UDP
40772,6,2,120,2,0,0,0,PortScan
36520,17,20,27966,0,0,0,0,BENIGN
80,6,20,1480,20,0,0,0,DoS-HTTP
52902,6,2,120,2,0,0,0,PortScan
13721,6,4,240,4,0,0,0,PortScan
36520,17,20,27980,0,0,0,0,BENIGN
80,6,20,1480,20,0,0,0,DoS-HTTP
8532,6,4,240,4,0,0,0,PortScan
80,6,20,1480,20,0,0,0,DoS-HTTP
80,17,20,1200,0,0,0,0,DoS-UDP
80,6,20,1480,20,0,0,0,DoS-HTTP
0,1,20,1200,0,0,0,0,DoS-ICMP
80,6,20,1480,20,0,0,0,DoS-HTTP
0,1,20,1200,0,0,0,0,DoS-ICMP
80,6,20,1200,20,0,0,0,DoS-SYN-Flood
0,1,20,840,0,0,0,0,DoS-ICMP
80,6,20,1480,20,0,0,0,DoS-HTTP
16617,6,4,240,4,0,0,0,PortScan
32223,6,2,120,2,0,0,0,PortScan
80,6,20,1480,20,0,0,0,DoS-HTTP
80,17,20,1200,0,0,0,0,DoS-UDP
80,17,20,1200,0,0,0,0,DoS-UDP
80,6,20,1200,20,0,0,0,DoS-SYN-Flood
80,17,20,1200,0,0,0,0,DoS-UDP
0,1,20,840,0,0,0,0,DoS-ICMP
80,6,20,1480,20,0,0,0,DoS-HTTP
11184,6,4,240,4,0,0,0,PortScan
80,6,20,1200,20,0,0,0,DoS-SYN-Flood
58122,6,2,120,2,0,0,0,PortScan
22,6,20,1200,0,0,20,0,SSH-Bruteforce
28110,6,4,240,4,0,0,0,PortScan
0,1,20,840,0,0,0,0,DoS-ICMP
57332,6,6,348,6,6,0,0,SSH-Bruteforce
0,1,20,1200,0,0,0,0,DoS-ICMP
54829,17,20,27980,0,0,0,0,BENIGN
80,17,20,1200,0,0,0,0,DoS-UDP
80,6,20,1480,20,0,0,0,DoS-HTTP
80,6,20,1200,20,0,0,0,DoS-SYN-Flood
80,6,20,1200,20,0,0,0,DoS-SYN-Flood
80,17,20,1200,0,0,0,0,DoS-UDP
80,6,20,1480,20,0,0,0,DoS-HTTP
80,6,20,1200,20,0,0,0,DoS-SYN-Flood
80,6,20,1480,20,0,0,0,DoS-HTTP
80,17,20,1200,0,0,0,0,DoS-UDP
22,6,20,1200,0,0,20,0,SSH-Bruteforce
49455,6,4,240,4,0,0,0,PortScan
80,17,20,1200,0,0,0,0,DoS-UDP
80,6,20,1480,20,0,0,0,DoS-HTTP
0,1,20,840,0,0,0,0,DoS-ICMP
80,6,20,1200,20,0,0,0,DoS-SYN-Flood
80,6,20,1200,20,0,0,0,DoS-SYN-Flood
80,6,20,1200,20,0,0,0,DoS-SYN-Flood
9727,6,4,240,4,0,0,0,PortScan
43568,6,2,120,2,0,0,0,PortScan
80,17,20,1200,0,0,0,0,DoS-UDP
0,1,20,840,0,0,0,0,DoS-ICMP
0,1,20,840,0,0,0,0,DoS-ICMP
0,1,20,1200,0,0,0,0,DoS-ICMP
80,6,20,1480,20,0,0,0,DoS-HTTP
80,6,20,1480,20,0,0,0,DoS-HTTP
80,6,20,1200,20,0,0,0,DoS-SYN-Flood
80,17,20,1200,0,0,0,0,DoS-UDP
19276,6,4,240,4,0,0,0,PortScan
80,17,20,1200,0,0,0,0,DoS-UDP
80,6,20,1480,20,0,0,0,DoS-HTTP
17672,6,2,120,2,0,0,0,PortScan
61467,6,2,120,2,0,0,0,PortScan
80,6,20,1200,20,0,0,0,DoS-SYN-Flood
64930,6,6,348,6,6,0,0,SSH-Bruteforce
22,6,20,1200,18,0,2,0,SSH-Bruteforce
80,6,20,1200,20,0,0,0,DoS-SYN-Flood
53308,6,20,28600,0,20,0,0,BENIGN
59607,6,2,120,2,0,0,0,PortScan
80,6,20,1200,20,0,0,0,DoS-SYN-Flood
80,6,20,1480,20,0,0,0,DoS-HTTP
47604,6,4,240,4,0,0,0,PortScan
80,6,20,1200,20,0,0,0,DoS-SYN-Flood
0,1,20,1200,0,0,0,0,DoS-ICMP
22,6,20,1200,0,0,20,0,SSH-Bruteforce
80,6,20,1200,20,0,0,0,DoS-SYN-Flood
0,1,20,840,0,0,0,0,DoS-ICMP
80,17,20,1200,0,0,0,0,DoS-UDP
80,6,20,1480,20,0,0,0,DoS-HTTP
80,6,20,1480,20,0,0,0,DoS-HTTP
64120,6,4,240,4,0,0,0,PortScan
80,6,20,1200,20,0,0,0,DoS-SYN-Flood
80,6,20,1480,20,0,0,0,DoS-HTTP
80,6,20,1200,20,0,0,0,DoS-SYN-Flood
80,6,20,1480,20,0,0,0,DoS-HTTP
36520,17,20,27980,0,0,0,0,BENIGN
61724,6,4,240,4,0,0,0,PortScan
80,17,20,1200,0,0,0,0,DoS-UDP
45447,17,20,27980,0,0,0,0,BENIGN
22,6,20,1200,1,0,19,0,SSH-Bruteforce
80,17,20,1200,0,0,0,0,DoS-UDP
80,6,20,1200,20,0,0,0,DoS-SYN-Flood
33595,17,20,18793,0,0,0,0,BENIGN
0,1,20,1200,0,0,0,0,DoS-ICMP
80,17,20,1200,0,0,0,0,DoS-UDP
51016,6,2,120,2,0,0,0,PortScan
0,1,20,840,0,0,0,0,DoS-ICMP
80,6,20,1200,20,0,0,0,DoS-SYN-Flood
80,17,20,1200,0,0,0,0,DoS-UDP
23735,6,4,240,4,0,0,0,PortScan
26413,6,9,522,9,9,0,0,SSH-Bruteforce
0,1,20,840,0,0,0,0,DoS-ICMP
80,6,20,1200,20,0,0,0,DoS-SYN-Flood
80,6,20,1200,20,0,0,0,DoS-SYN-Flood
80,17,20,1200,0,0,0,0,DoS-UDP
48674,6,6,348,6,6,0,0,SSH-Bruteforce
80,6,20,1480,20,0,0,0,DoS-HTTP
80,6,20,1480,20,0,0,0,DoS-HTTP
80,6,20,1200,20,0,0,0,DoS-SYN-Flood
80,6,20,1480,20,0,0,0,DoS-HTTP
80,6,20,1480,20,0,0,0,DoS-HTTP
48316,6,2,120,2,0,0,0,PortScan
28002,6,9,522,9,9,0,0,SSH-Bruteforce
80,6,20,1200,20,0,0,0,DoS-SYN-Flood
80,6,20,1480,20,0,0,0,DoS-HTTP
30144,6,7,406,7,7,0,0,SSH-Bruteforce
22009,6,4,240,4,0,0,0,PortScan
0,1,20,840,0,0,0,0,DoS-ICMP
80,17,20,1200,0,0,0,0,DoS-UDP
63385,6,7,406,7,7,0,0,SSH-Bruteforce
80,17,20,1200,0,0,0,0,DoS-UDP
80,6,20,1480,20,0,0,0,DoS-HTTP
80,17,20,1200,0,0,0,0,DoS-UDP
80,17,20,1200,0,0,0,0,DoS-UDP
80,6,20,1480,20,0,0,0,DoS-HTTP
62403,6,5,290,5,5,0,0,SSH-Bruteforce
80,17,20,1200,0,0,0,0,DoS-UDP
43428,6,2,120,2,0,0,0,PortScan
80,6,20,1480,20,0,0,0,DoS-HTTP
21081,6,2,120,2,0,0,0,PortScan
80,6,20,1480,20,0,0,0,DoS-HTTP
80,6,20,1200,20,0,0,0,DoS-SYN-Flood
0,1,20,840,0,0,0,0,DoS-ICMP
80,17,20,1200,0,0,0,0,DoS-UDP
80,6,20,1200,20,0,0,0,DoS-SYN-Flood
80,6,20,1200,20,0,0,0,DoS-SYN-Flood
0,1,20,1200,0,0,0,0,DoS-ICMP
5527,6,8,464,8,8,0,0,SSH-Bruteforce
80,6,20,1200,20,0,0,0,DoS-SYN-Flood
0,1,20,840,0,0,0,0,DoS-ICMP
80,6,20,1200,20,0,0,0,DoS-SYN-Flood
80,6,20,1480,20,0,0,0,DoS-HTTP
0,1,20,1200,0,0,0,0,DoS-ICMP
0,1,20,840,0,0,0,0,DoS-ICMP
52425,6,7,406,7,7,0,0,SSH-Bruteforce
54999,6,4,240,4,0,0,0,PortScan
80,17,20,1200,0,0,0,0,DoS-UDP
43133,6,4,240,4,0,0,0,PortScan
0,1,20,840,0,0,0,0,DoS-ICMP
80,6,20,1480,20,0,0,0,DoS-HTTP
80,6,20,1200,20,0,0,0,DoS-SYN-Flood
80,17,20,1200,0,0,0,0,DoS-UDP
0,1,20,840,0,0,0,0,DoS-ICMP
55693,6,2,120,2,0,0,0,PortScan
22,6,20,1200,1,0,19,0,SSH-Bruteforce
80,6,20,1480,20,0,0,0,DoS-HTTP
0,1,20,840,0,0,0,0,DoS-ICMP
0,1,20,840,0,0,0,0,DoS-ICMP
80,6,20,1200,20,0,0,0,DoS-SYN-Flood
80,17,20,1200,0,0,0,0,DoS-UDP
80,6,20,1480,20,0,0,0,DoS-HTTP
36520,17,20,27980,0,0,0,0,BENIGN
0,1,20,840,0,0,0,0,DoS-ICMP
18442,6,2,120,2,0,0,0,PortScan
80,6,20,1480,20,0,0,0,DoS-HTTP
46748,6,10,580,10,10,0,0,SSH-Bruteforce
80,6,20,1200,20,0,0,0,DoS-SYN-Flood
80,6,20,1480,20,0,0,0,DoS-HTTP
80,17,20,1200,0,0,0,0,DoS-UDP
6919,6,6,348,6,6,0,0,SSH-Bruteforce
16692,6,2,120,2,0,0,0,PortScan
80,6,20,1200,20,0,0,0,DoS-SYN-Flood
26538,6,4,240,4,0,0,0,PortScan
443,17,20,14033,0,0,0,0,BENIGN
22,6,20,1200,20,0,0,0,SSH-Bruteforce
80,6,20,1200,20,0,0,0,DoS-SYN-Flood
27647,6,7,406,7,7,0,0,SSH-Bruteforce
80,6,20,1200,20,0,0,0,DoS-SYN-Flood
80,6,20,1200,20,0,0,0,DoS-SYN-Flood
80,6,20,1200,20,0,0,0,DoS-SYN-Flood
26494,6,8,464,8,8,0,0,SSH-Bruteforce
22,6,20,1200,2,0,18,0,SSH-Bruteforce
80,6,20,1200,20,0,0,0,DoS-SYN-Flood
0,1,20,840,0,0,0,0,DoS-ICMP
0,1,20,840,0,0,0,0,DoS-ICMP
80,6,20,1480,20,0,0,0,DoS-HTTP
80,6,20,1200,20,0,0,0,DoS-SYN-Flood
80,6,20,1200,20,0,0,0,DoS-SYN-Flood
22,6,20,1200,19,0,1,0,SSH-Bruteforce
0,1,20,1200,0,0,0,0,DoS-ICMP
34089,6,2,120,2,0,0,0,PortScan
0,1,20,840,0,0,0,0,DoS-ICMP
80,6,20,1480,20,0,0,0,DoS-HTTP
0,1,20,1200,0,0,0,0,DoS-ICMP
80,6,20,1200,20,0,0,0,DoS-SYN-Flood
80,6,20,1480,20,0,0,0,DoS-HTTP
80,6,20,1200,20,0,0,0,DoS-SYN-Flood
22,6,20,1200,11,0,9,0,SSH-Bruteforce
80,6,20,1200,20,0,0,0,DoS-SYN-Flood
0,1,20,840,0,0,0,0,DoS-ICMP
80,17,20,1200,0,0,0,0,DoS-UDP
0,1,20,1200,0,0,0,0,DoS-ICMP
80,6,20,1200,20,0,0,0,DoS-SYN-Flood
0,1,20,840,0,0,0,0,DoS-ICMP
24669,6,2,120,2,0,0,0,PortScan
80,6,20,1200,20,0,0,0,DoS-SYN-Flood
80,17,20,1200,0,0,0,0,DoS-UDP
42440,17,20,27980,0,0,0,0,BENIGN
0,1,20,1200,0,0,0,0,DoS-ICMP
80,6,20,1480,20,0,0,0,DoS-HTTP
80,6,20,1200,20,0,0,0,DoS-SYN-Flood
80,6,20,1480,20,0,0,0,DoS-HTTP
80,17,20,1200,0,0,0,0,DoS-UDP
6443,6,6,360,6,0,0,0,PortScan
80,6,20,1200,20,0,0,0,DoS-SYN-Flood
9310,6,4,240,4,0,0,0,PortScan
0,1,20,1200,0,0,0,0,DoS-ICMP
0,1,20,840,0,0,0,0,DoS-ICMP
18688,6,9,522,9,9,0,0,SSH-Bruteforce
80,6,20,1200,20,0,0,0,DoS-SYN-Flood
80,6,20,1200,20,0,0,0,DoS-SYN-Flood
80,6,20,1480,20,0,0,0,DoS-HTTP
80,6,20,1480,20,0,0,0,DoS-HTTP
0,1,20,840,0,0,0,0,DoS-ICMP
80,6,20,1200,20,0,0,0,DoS-SYN-Flood
36520,17,20,27980,0,0,0,0,BENIGN
47688,6,9,522,9,9,0,0,SSH-Bruteforce
44649,6,7,406,7,7,0,0,SSH-Bruteforce
16488,6,2,120,2,0,0,0,PortScan
6408,6,4,240,4,0,0,0,PortScan
0,1,20,840,0,0,0,0,DoS-ICMP
80,6,20,1480,20,0,0,0,DoS-HTTP
80,17,20,1200,0,0,0,0,DoS-UDP
80,6,20,1200,20,0,0,0,DoS-SYN-Flood
47781,6,2,120,2,0,0,0,PortScan
46340,6,2,120,2,0,0,0,PortScan
80,6,20,1200,20,0,0,0,DoS-SYN-Flood
80,17,20,1200,0,0,0,0,DoS-UDP
0,1,20,1200,0,0,0,0,DoS-ICMP
51447,6,8,464,8,8,0,0,SSH-Bruteforce
80,6,20,1200,20,0,0,0,DoS-SYN-Flood
80,17,20,1200,0,0,0,0,DoS-UDP
0,1,20,1200,0,0,0,0,DoS-ICMP
80,6,20,1480,20,0,0,0,DoS-HTTP
80,6,20,1480,20,0,0,0,DoS-HTTP
0,1,20,840,0,0,0,0,DoS-ICMP
0,1,20,840,0,0,0,0,DoS-ICMP
80,6,20,1480,20,0,0,0,DoS-HTTP
80,17,20,1200,0,0,0,0,DoS-UDP
80,6,20,1200,20,0,0,0,DoS-SYN-Flood
80,17,20,1200,0,0,0,0,DoS-UDP
14961,6,8,464,8,8,0,0,SSH-Bruteforce
0,1,20,840,0,0,0,0,DoS-ICMP
80,17,20,1200,0,0,0,0,DoS-UDP
80,6,20,1480,20,0,0,0,DoS-HTTP
80,17,20,1200,0,0,0,0,DoS-UDP
80,6,20,1480,20,0,0,0,DoS-HTTP
80,17,20,1200,0,0,0,0,DoS-UDP
443,6,16,3533,1,15,0,1,BENIGN
0,1,20,840,0,0,0,0,DoS-ICMP
80,6,20,1480,20,0,0,0,DoS-HTTP
80,6,20,1480,20,0,0,0,DoS-HTTP
0,1,20,1200,0,0,0,0,DoS-ICMP
0,1,20,1200,0,0,0,0,DoS-ICMP
80,17,20,1200,0,0,0,0,DoS-UDP
80,17,20,1200,0,0,0,0,DoS-UDP
45447,17,20,27980,0,0,0,0,BENIGN
80,17,20,1200,0,0,0,0,DoS-UDP
13556,6,6,360,6,0,0,0,PortScan
80,6,20,1480,20,0,0,0,DoS-HTTP
80,17,20,1200,0,0,0,0,DoS-UDP
22,6,20,1200,5,0,15,0,SSH-Bruteforce
80,6,20,1200,20,0,0,0,DoS-SYN-Flood
22,6,20,1200,16,0,4,0,SSH-Bruteforce
80,6,20,1200,20,0,0,0,DoS-SYN-Flood
80,6,20,1200,20,0,0,0,DoS-SYN-Flood
443,6,20,3299,1,19,0,0,BENIGN
42136,6,7,406,7,7,0,0,SSH-Bruteforce
80,6,20,1200,20,0,0,0,DoS-SYN-Flood
49717,6,2,120,2,0,0,0,PortScan
0,1,20,840,0,0,0,0,DoS-ICMP
16303,6,2,120,2,0,0,0,PortScan
80,6,20,1200,20,0,0,0,DoS-SYN-Flood
45747,6,2,120,2,0,0,0,PortScan
22,6,20,1200,3,0,17,0,SSH-Bruteforce
80,6,20,1480,20,0,0,0,DoS-HTTP
0,1,20,840,0,0,0,0,DoS-ICMP
80,17,20,1200,0,0,0,0,DoS-UDP
0,1,20,840,0,0,0,0,DoS-ICMP
80,6,20,1480,20,0,0,0,DoS-HTTP
0,1,20,840,0,0,0,0,DoS-ICMP
80,6,20,1480,20,0,0,0,DoS-HTTP
80,6,20,1480,20,0,0,0,DoS-HTTP
22,6,20,1200,3,0,17,0,SSH-Bruteforce
42904,17,20,27592,0,0,0,0,BENIGN
22,6,20,1200,0,0,20,0,SSH-Bruteforce
80,17,20,1200,0,0,0,0,DoS-UDP
20298,6,4,240,4,0,0,0,PortScan
80,6,20,1200,20,0,0,0,DoS-SYN-Flood
22,6,20,1200,1,0,19,0,SSH-Bruteforce
80,17,20,1200,0,0,0,0,DoS-UDP
80,17,20,1200,0,0,0,0,DoS-UDP
53916,6,2,120,2,0,0,0,PortScan
52357,6,4,240,4,0,0,0,PortScan
80,17,20,1200,0,0,0,0,DoS-UDP
80,17,20,1200,0,0,0,0,DoS-UDP
80,6,20,1200,20,0,0,0,DoS-SYN-Flood
0,1,20,840,0,0,0,0,DoS-ICMP
0,1,20,840,0,0,0,0,DoS-ICMP
80,6,20,1480,20,0,0,0,DoS-HTTP
59960,6,2,120,2,0,0,0,PortScan
9143,6,9,522,9,9,0,0,SSH-Bruteforce
80,6,20,1200,20,0,0,0,DoS-SYN-Flood
80,6,20,1480,20,0,0,0,DoS-HTTP
0,1,20,1200,0,0,0,0,DoS-ICMP
49148,6,4,240,4,0,0,0,PortScan
80,17,20,1200,0,0,0,0,DoS-UDP
80,17,20,1200,0,0,0,0,DoS-UDP
24025,6,4,240,4,0,0,0,PortScan
80,6,20,1480,20,0,0,0,DoS-HTTP
80,17,20,1200,0,0,0,0,DoS-UDP
46398,17,20,27980,0,0,0,0,BENIGN
0,1,20,840,0,0,0,0,DoS-ICMP
14262,6,4,240,4,0,0,0,PortScan
80,6,20,1480,20,0,0,0,DoS-HTTP
0,1,20,840,0,0,0,0,DoS-ICMP
80,6,20,1200,20,0,0,0,DoS-SYN-Flood
0,1,20,840,0,0,0,0,DoS-ICMP
80,6,20,1200,20,0,0,0,DoS-SYN-Flood
80,6,20,1480,20,0,0,0,DoS-HTTP
80,6,20,1200,20,0,0,0,DoS-SYN-Flood
80,6,20,1200,20,0,0,0,DoS-SYN-Flood
80,6,20,1200,20,0,0,0,DoS-SYN-Flood
22,6,20,1200,0,0,20,0,SSH-Bruteforce
22,6,20,1200,0,0,20,0,SSH-Bruteforce
0,1,20,840,0,0,0,0,DoS-ICMP
0,1,20,1200,0,0,0,0,DoS-ICMP
80,6,20,1480,20,0,0,0,DoS-HTTP
80,6,20,1480,20,0,0,0,DoS-HTTP
0,1,20,840,0,0,0,0,DoS-ICMP
22,6,20,1200,20,0,0,0,SSH-Bruteforce
80,17,20,1200,0,0,0,0,DoS-UDP
80,6,20,1200,20,0,0,0,DoS-SYN-Flood
0,1,20,1200,0,0,0,0,DoS-ICMP
38254,6,4,240,4,0,0,0,PortScan
22,6,20,1200,0,0,20,0,SSH-Bruteforce
36520,17,20,27980,0,0,0,0,BENIGN
80,6,20,1200,20,0,0,0,DoS-SYN-Flood
35273,6,13,750,12,12,1,0,SSH-Bruteforce
0,1,20,1200,0,0,0,0,DoS-ICMP
38,6,4,240,4,0,0,0,PortScan
4125,6,6,348,6,6,0,0,SSH-Bruteforce
80,6,20,1200,20,0,0,0,DoS-SYN-Flood
80,6,20,1480,20,0,0,0,DoS-HTTP
80,6,20,1480,20,0,0,0,DoS-HTTP
80,17,20,1200,0,0,0,0,DoS-UDP
0,1,20,1200,0,0,0,0,DoS-ICMP
59699,6,2,120,2,0,0,0,PortScan
80,6,20,1200,20,0,0,0,DoS-SYN-Flood
80,6,20,1200,20,0,0,0,DoS-SYN-Flood
80,6,20,1200,20,0,0,0,DoS-SYN-Flood
3084,6,4,240,4,0,0,0,PortScan
29426,6,2,120,2,0,0,0,PortScan
80,17,20,1200,0,0,0,0,DoS-UDP
0,1,20,1200,0,0,0,0,DoS-ICMP
80,6,20,1200,20,0,0,0,DoS-SYN-Flood
80,17,20,1200,0,0,0,0,DoS-UDP
22,6,20,1200,0,0,20,0,SSH-Bruteforce
60886,6,20,29080,0,20,0,0,BENIGN
53075,6,2,120,2,0,0,0,PortScan
80,6,20,1200,20,0,0,0,DoS-SYN-Flood
80,17,20,1200,0,0,0,0,DoS-UDP
80,6,20,1200,20,0,0,0,DoS-SYN-Flood
80,6,20,1480,20,0,0,0,DoS-HTTP
26686,6,2,120,2,0,0,0,PortScan
80,6,20,1480,20,0,0,0,DoS-HTTP
60516,6,20,28900,0,20,0,0,BENIGN
80,6,20,1200,20,0,0,0,DoS-SYN-Flood
53125,6,2,120,2,0,0,0,PortScan
80,6,20,1200,20,0,0,0,DoS-SYN-Flood
443,6,20,1946,0,20,0,0,BENIGN
80,6,20,1200,20,0,0,0,DoS-SYN-Flood
80,6,20,1200,20,0,0,0,DoS-SYN-Flood
38643,6,2,120,2,0,0,0,PortScan
60394,17,20,27946,0,0,0,0,BENIGN
0,1,20,1200,0,0,0,0,DoS-ICMP
62254,6,4,240,4,0,0,0,PortScan
80,6,20,1200,20,0,0,0,DoS-SYN-Flood
22,6,20,1200,0,0,20,0,SSH-Bruteforce
80,6,20,1480,20,0,0,0,DoS-HTTP
0,1,20,1200,0,0,0,0,DoS-ICMP
22531,6,8,464,8,8,0,0,SSH-Bruteforce
62996,6,4,240,4,0,0,0,PortScan
80,17,20,1200,0,0,0,0,DoS-UDP
61648,6,4,240,4,0,0,0,PortScan
80,6,20,1200,20,0,0,0,DoS-SYN-Flood
31763,6,8,464,8,8,0,0,SSH-Bruteforce
80,17,20,1200,0,0,0,0,DoS-UDP
0,1,20,1200,0,0,0,0,DoS-ICMP
80,6,20,1200,20,0,0,0,DoS-SYN-Flood
52317,6,2,120,2,0,0,0,PortScan
0,1,20,840,0,0,0,0,DoS-ICMP
0,1,20,840,0,0,0,0,DoS-ICMP
80,6,20,1200,20,0,0,0,DoS-SYN-Flood
80,17,20,1200,0,0,0,0,DoS-UDP
0,1,20,840,0,0,0,0,DoS-ICMP
80,17,20,1200,0,0,0,0,DoS-UDP
54336,6,6,348,6,6,0,0,SSH-Bruteforce
42086,6,7,406,7,7,0,0,SSH-Bruteforce
0,1,20,1200,0,0,0,0,DoS-ICMP
80,17,20,1200,0,0,0,0,DoS-UDP
59769,17,20,27980,0,0,0,0,BENIGN
22,6,20,1200,0,0,20,0,SSH-Bruteforce
80,6,20,1480,20,0,0,0,DoS-HTTP
37623,6,2,120,2,0,0,0,PortScan
52470,6,7,406,7,7,0,0,SSH-Bruteforce
80,6,20,1200,20,0,0,0,DoS-SYN-Flood
28112,6,2,120,2,0,0,0,PortScan
80,17,20,1200,0,0,0,0,DoS-UDP
80,6,20,1480,20,0,0,0,DoS-HTTP
0,1,20,840,0,0,0,0,DoS-ICMP
80,17,20,1200,0,0,0,0,DoS-UDP
80,6,20,1200,20,0,0,0,DoS-SYN-Flood
80,17,20,1200,0,0,0,0,DoS-UDP
53660,6,9,522,9,9,0,0,SSH-Bruteforce
80,6,20,1480,20,0,0,0,DoS-HTTP
6998,6,6,360,6,0,0,0,PortScan
80,6,20,1200,20,0,0,0,DoS-SYN-Flood
80,6,20,1480,20,0,0,0,DoS-HTTP
46641,6,2,120,2,0,0,0,PortScan
80,6,20,1200,20,0,0,0,DoS-SYN-Flood
2336,6,4,240,4,0,0,0,PortScan
51428,6,7,406,7,7,0,0,SSH-Bruteforce
60886,6,20,26511,0,20,0,0,BENIGN
29549,6,4,240,4,0,0,0,PortScan
80,6,20,1200,20,0,0,0,DoS-SYN-Flood
57584,6,2,120,2,0,0,0,PortScan
19970,6,5,290,5,5,0,0,SSH-Bruteforce
0,1,20,840,0,0,0,0,DoS-ICMP
80,6,20,1480,20,0,0,0,DoS-HTTP
80,6,20,1480,20,0,0,0,DoS-HTTP
80,6,20,1480,20,0,0,0,DoS-HTTP
80,6,20,1480,20,0,0,0,DoS-HTTP
3532,6,7,406,7,7,0,0,SSH-Bruteforce
64859,6,6,348,6,6,0,0,SSH-Bruteforce
33286,6,2,120,2,0,0,0,PortScan
0,1,20,840,0,0,0,0,DoS-ICMP
22,6,20,1200,13,0,7,0,SSH-Bruteforce
0,1,20,1200,0,0,0,0,DoS-ICMP
80,17,20,1200,0,0,0,0,DoS-UDP
80,6,20,1480,20,0,0,0,DoS-HTTP
24544,6,4,240,4,0,0,0,PortScan
41308,17,20,27728,0,0,0,0,BENIGN
0,1,20,1200,0,0,0,0,DoS-ICMP
16776,6,2,120,2,0,0,0,PortScan
80,6,20,1480,20,0,0,0,DoS-HTTP
80,6,20,1200,20,0,0,0,DoS-SYN-Flood
0,1,20,840,0,0,0,0,DoS-ICMP
80,17,20,1200,0,0,0,0,DoS-UDP
45744,6,5,290,5,5,0,0,SSH-Bruteforce
80,6,20,1200,20,0,0,0,DoS-SYN-Flood
22,6,20,1200,0,0,20,0,SSH-Bruteforce
40068,6,2,120,2,0,0,0,PortScan
80,6,20,1200,20,0,0,0,DoS-SYN-Flood
24697,6,2,120,2,0,0,0,PortScan
80,6,20,1200,20,0,0,0,DoS-SYN-Flood
33240,6,20,29020,0,20,0,0,BENIGN
7694,6,4,240,4,0,0,0,PortScan
80,6,20,1200,20,0,0,0,DoS-SYN-Flood
80,6,20,1200,20,0,0,0,DoS-SYN-Flood
0,1,20,840,0,0,0,0,DoS-ICMP
0,1,20,1200,0,0,0,0,DoS-ICMP
33595,17,20,4200,0,0,0,0,BENIGN
80,17,20,1200,0,0,0,0,DoS-UDP
443,6,20,4676,0,20,0,0,BENIGN
80,6,20,1200,20,0,0,0,DoS-SYN-Flood
0,1,20,1200,0,0,0,0,DoS-ICMP
80,6,20,1200,20,0,0,0,DoS-SYN-Flood
80,6,20,1200,20,0,0,0,DoS-SYN-Flood
80,6,20,1200,20,0,0,0,DoS-SYN-Flood
0,1,20,1200,0,0,0,0,DoS-ICMP
0,1,20,840,0,0,0,0,DoS-ICMP
80,6,20,1200,20,0,0,0,DoS-SYN-Flood
0,1,20,840,0,0,0,0,DoS-ICMP
443,17,20,11800,0,0,0,0,BENIGN
11279,6,9,522,9,9,0,0,SSH-Bruteforce
80,6,20,1200,20,0,0,0,DoS-SYN-Flood
11329,6,6,360,6,0,0,0,PortScan
80,6,20,1200,20,0,0,0,DoS-SYN-Flood
13018,6,4,240,4,0,0,0,PortScan
0,1,20,840,0,0,0,0,DoS-ICMP
7448,6,6,360,6,0,0,0,PortScan
80,17,20,1200,0,0,0,0,DoS-UDP
80,17,20,1200,0,0,0,0,DoS-UDP
80,6,20,1480,20,0,0,0,DoS-HTTP
80,6,20,1200,20,0,0,0,DoS-SYN-Flood
22,6,20,1200,15,0,5,0,SSH-Bruteforce
80,6,20,1480,20,0,0,0,DoS-HTTP
38485,6,2,120,2,0,0,0,PortScan
64841,6,4,240,4,0,0,0,PortScan
0,1,20,840,0,0,0,0,DoS-ICMP
80,6,20,1480,20,0,0,0,DoS-HTTP
80,17,20,1200,0,0,0,0,DoS-UDP
80,6,20,1200,20,0,0,0,DoS-SYN-Flood
80,6,20,1200,20,0,0,0,DoS-SYN-Flood
80,6,20,1200,20,0,0,0,DoS-SYN-Flood
36520,17,20,27980,0,0,0,0,BENIGN
443,17,10,2417,0,0,0,0,BENIGN
22,6,20,1200,0,0,20,0,SSH-Bruteforce
14118,6,6,360,6,0,0,0,PortScan
80,6,20,1200,20,0,0,0,DoS-SYN-Flood
45838,6,7,406,7,7,0,0,SSH-Bruteforce
15689,6,4,240,4,0,0,0,PortScan
55810,6,6,348,6,6,0,0,SSH-Bruteforce
80,6,20,1200,20,0,0,0,DoS-SYN-Flood
80,17,20,1200,0,0,0,0,DoS-UDP
0,1,20,1200,0,0,0,0,DoS-ICMP
80,17,20,1200,0,0,0,0,DoS-UDP
80,6,20,1200,20,0,0,0,DoS-SYN-Flood
22,6,20,1200,20,0,0,0,SSH-Bruteforce
15004,6,6,348,6,6,0,0,SSH-Bruteforce
0,1,20,840,0,0,0,0,DoS-ICMP
22,6,20,1200,10,0,10,0,SSH-Bruteforce
80,6,20,1480,20,0,0,0,DoS-HTTP
22,6,20,1200,19,0,1,0,SSH-Bruteforce
80,17,20,1200,0,0,0,0,DoS-UDP
36133,6,8,464,8,8,0,0,SSH-Bruteforce
19398,6,2,120,2,0,0,0,PortScan
0,1,20,1200,0,0,0,0,DoS-ICMP
22,6,20,1200,0,0,20,0,SSH-Bruteforce
17700,6,9,522,9,9,0,0,SSH-Bruteforce
36520,17,20,27980,0,0,0,0,BENIGN
80,6,20,1200,20,0,0,0,DoS-SYN-Flood
0,1,20,840,0,0,0,0,DoS-ICMP
80,6,20,1200,20,0,0,0,DoS-SYN-Flood
49564,6,4,240,4,0,0,0,PortScan
80,6,20,1200,20,0,0,0,DoS-SYN-Flood
80,6,20,1200,20,0,0,0,DoS-SYN-Flood
60421,6,2,120,2,0,0,0,PortScan
80,6,20,1480,20,0,0,0,DoS-HTTP
35180,6,2,120,2,0,0,0,PortScan
80,6,20,1480,20,0,0,0,DoS-HTTP
80,6,20,1200,20,0,0,0,DoS-SYN-Flood
80,6,20,1480,20,0,0,0,DoS-HTTP
0,1,20,1200,0,0,0,0,DoS-ICMP
80,6,20,1200,20,0,0,0,DoS-SYN-Flood
22,6,20,1200,20,0,0,0,SSH-Bruteforce
80,17,20,1200,0,0,0,0,DoS-UDP
80,6,20,1200,20,0,0,0,DoS-SYN-Flood
22,6,20,1200,0,0,20,0,SSH-Bruteforce
14920,6,8,464,8,8,0,0,SSH-Bruteforce
8169,6,11,638,11,11,0,0,SSH-Bruteforce
0,1,20,1200,0,0,0,0,DoS-ICMP
5389,6,8,464,8,8,0,0,SSH-Bruteforce
0,1,20,1200,0,0,0,0,DoS-ICMP
80,17,20,1200,0,0,0,0,DoS-UDP
443,17,20,13696,0,0,0,0,BENIGN
22,6,20,1200,20,0,0,0,SSH-Bruteforce
80,6,20,1200,20,0,0,0,DoS-SYN-Flood
0,1,20,840,0,0,0,0,DoS-ICMP
80,6,20,1200,20,0,0,0,DoS-SYN-Flood
42440,17,20,27980,0,0,0,0,BENIGN
80,17,20,1200,0,0,0,0,DoS-UDP
80,17,20,1200,0,0,0,0,DoS-UDP
64613,6,9,522,9,9,0,0,SSH-Bruteforce
0,1,20,840,0,0,0,0,DoS-ICMP
80,17,20,1200,0,0,0,0,DoS-UDP
51833,6,6,348,6,6,0,0,SSH-Bruteforce
80,17,20,1200,0,0,0,0,DoS-UDP
54172,6,6,348,6,6,0,0,SSH-Bruteforce
60435,6,6,348,6,6,0,0,SSH-Bruteforce
22255,6,7,406,7,7,0,0,SSH-Bruteforce
0,1,20,1200,0,0,0,0,DoS-ICMP
80,17,20,1200,0,0,0,0,DoS-UDP
80,17,20,1200,0,0,0,0,DoS-UDP
80,6,20,1200,20,0,0,0,DoS-SYN-Flood
0,1,20,840,0,0,0,0,DoS-ICMP
36750,6,10,580,10,10,0,0,SSH-Bruteforce
80,6,20,1200,20,0,0,0,DoS-SYN-Flood
21021,6,2,120,2,0,0,0,PortScan
80,6,20,1200,20,0,0,0,DoS-SYN-Flood
80,6,20,1200,20,0,0,0,DoS-SYN-Flood
34736,6,4,240,4,0,0,0,PortScan
80,17,20,1200,0,0,0,0,DoS-UDP
80,6,20,1480,20,0,0,0,DoS-HTTP
0,1,20,1200,0,0,0,0,DoS-ICMP
80,6,20,1480,20,0,0,0,DoS-HTTP
80,6,20,1200,20,0,0,0,DoS-SYN-Flood
0,1,20,1200,0,0,0,0,DoS-ICMP
1289,6,4,240,4,0,0,0,PortScan
0,1,20,840,0,0,0,0,DoS-ICMP
0,1,20,1200,0,0,0,0,DoS-ICMP
80,6,20,1480,20,0,0,0,DoS-HTTP
39902,17,20,27980,0,0,0,0,BENIGN
0,1,20,840,0,0,0,0,DoS-ICMP
80,6,20,1200,20,0,0,0,DoS-SYN-Flood
80,6,20,1480,20,0,0,0,DoS-HTTP
80,6,20,1200,20,0,0,0,DoS-SYN-Flood
14014,6,4,240,4,0,0,0,PortScan
80,6,20,1480,20,0,0,0,DoS-HTTP
22,6,20,1200,9,0,11,0,SSH-Bruteforce
0,1,20,840,0,0,0,0,DoS-ICMP
0,1,20,840,0,0,0,0,DoS-ICMP
80,17,20,1200,0,0,0,0,DoS-UDP
56029,6,6,348,6,6,0,0,SSH-Bruteforce
33963,6,4,240,4,0,0,0,PortScan
0,1,20,840,0,0,0,0,DoS-ICMP
80,6,20,1480,20,0,0,0,DoS-HTTP
38903,6,8,464,8,8,0,0,SSH-Bruteforce
80,6,20,1480,20,0,0,0,DoS-HTTP
20044,6,2,120,2,0,0,0,PortScan
0,1,20,840,0,0,0,0,DoS-ICMP
80,17,20,1200,0,0,0,0,DoS-UDP
0,1,20,840,0,0,0,0,DoS-ICMP
0,1,20,840,0,0,0,0,DoS-ICMP
80,17,20,1200,0,0,0,0,DoS-UDP
80,6,20,1480,20,0,0,0,DoS-HTTP
36520,17,20,27980,0,0,0,0,BENIGN
3142,6,4,240,4,0,0,0,PortScan
80,17,20,1200,0,0,0,0,DoS-UDP
80,6,20,1480,20,0,0,0,DoS-HTTP
80,6,20,1200,20,0,0,0,DoS-SYN-Flood
80,6,20,1200,20,0,0,0,DoS-SYN-Flood
33240,6,20,21727,0,20,0,0,BENIGN
0,1,20,1200,0,0,0,0,DoS-ICMP
51504,6,2,120,2,0,0,0,PortScan
41308,17,20,27980,0,0,0,0,BENIGN
60693,6,9,522,9,9,0,0,SSH-Bruteforce
57466,6,4,240,4,0,0,0,PortScan
80,17,20,1200,0,0,0,0,DoS-UDP
0,1,20,840,0,0,0,0,DoS-ICMP
80,6,20,1480,20,0,0,0,DoS-HTTP
80,6,20,1480,20,0,0,0,DoS-HTTP
80,17,20,1200,0,0,0,0,DoS-UDP
80,6,20,1480,20,0,0,0,DoS-HTTP
3227,6,9,522,9,9,0,0,SSH-Bruteforce
20863,6,7,406,7,7,0,0,SSH-Bruteforce
80,6,20,1480,20,0,0,0,DoS-HTTP
80,6,20,1200,20,0,0,0,DoS-SYN-Flood
0,1,20,1200,0,0,0,0,DoS-ICMP
80,6,20,1200,20,0,0,0,DoS-SYN-Flood
80,6,20,1200,20,0,0,0,DoS-SYN-Flood
80,6,20,1480,20,0,0,0,DoS-HTTP
80,6,20,1480,20,0,0,0,DoS-HTTP
80,6,20,1480,20,0,0,0,DoS-HTTP
80,6,20,1480,20,0,0,0,DoS-HTTP
0,1,20,840,0,0,0,0,DoS-ICMP
80,6,20,1480,20,0,0,0,DoS-HTTP
80,17,20,1200,0,0,0,0,DoS-UDP
80,17,20,1200,0,0,0,0,DoS-UDP
80,17,20,1200,0,0,0,0,DoS-UDP
80,17,20,1200,0,0,0,0,DoS-UDP
6565,6,7,406,7,7,0,0,SSH-Bruteforce
29269,6,4,240,4,0,0,0,PortScan
80,6,20,1200,20,0,0,0,DoS-SYN-Flood
80,6,20,1200,20,0,0,0,DoS-SYN-Flood
36520,17,20,27980,0,0,0,0,BENIGN
34591,6,4,240,4,0,0,0,PortScan
80,6,20,1480,20,0,0,0,DoS-HTTP
33240,6,20,29140,0,20,0,0,BENIGN
47787,6,4,240,4,0,0,0,PortScan
80,6,20,1200,20,0,0,0,DoS-SYN-Flood
22,6,20,1200,0,0,20,0,SSH-Bruteforce
80,6,20,1480,20,0,0,0,DoS-HTTP
80,17,20,1200,0,0,0,0,DoS-UDP
80,6,20,1480,20,0,0,0,DoS-HTTP
22,6,20,1200,3,0,17,0,SSH-Bruteforce
80,6,20,1200,20,0,0,0,DoS-SYN-Flood
80,6,20,1200,20,0,0,0,DoS-SYN-Flood
58956,6,2,120,2,0,0,0,PortScan
80,6,20,1200,20,0,0,0,DoS-SYN-Flood
80,6,20,1480,20,0,0,0,DoS-HTTP
35909,6,9,522,9,9,0,0,SSH-Bruteforce
0,1,20,840,0,0,0,0,DoS-ICMP
80,17,20,1200,0,0,0,0,DoS-UDP
80,17,20,1200,0,0,0,0,DoS-UDP
64709,6,4,240,4,0,0,0,PortScan
43928,6,7,406,7,7,0,0,SSH-Bruteforce
43992,17,20,27980,0,0,0,0,BENIGN
3716,6,4,240,4,0,0,0,PortScan
63210,6,6,348,6,6,0,0,SSH-Bruteforce
0,1,20,840,0,0,0,0,DoS-ICMP
80,17,20,1200,0,0,0,0,DoS-UDP
57429,6,4,240,4,0,0,0,PortScan
0,1,20,840,0,0,0,0,DoS-ICMP
80,17,20,1200,0,0,0,0,DoS-UDP
0,1,20,840,0,0,0,0,DoS-ICMP
80,6,20,1480,20,0,0,0,DoS-HTTP
0,1,20,1200,0,0,0,0,DoS-ICMP
80,6,20,1200,20,0,0,0,DoS-SYN-Flood
22,6,20,1200,11,0,9,0,SSH-Bruteforce
80,17,20,1200,0,0,0,0,DoS-UDP
0,1,20,840,0,0,0,0,DoS-ICMP
80,17,20,1200,0,0,0,0,DoS-UDP
0,1,20,840,0,0,0,0,DoS-ICMP
80,17,20,1200,0,0,0,0,DoS-UDP
80,17,20,1200,0,0,0,0,DoS-UDP
80,6,20,1480,20,0,0,0,DoS-HTTP
20090,6,5,290,5,5,0,0,SSH-Bruteforce
6894,6,5,290,5,5,0,0,SSH-Bruteforce
80,6,20,1200,20,0,0,0,DoS-SYN-Flood
80,6,20,1480,20,0,0,0,DoS-HTTP
80,6,20,1200,20,0,0,0,DoS-SYN-Flood
80,17,20,1200,0,0,0,0,DoS-UDP
22,6,20,1200,13,0,7,0,SSH-Bruteforce
80,6,20,1200,20,0,0,0,DoS-SYN-Flood
43448,6,2,120,2,0,0,0,PortScan
37190,6,2,120,2,0,0,0,PortScan
80,17,20,1200,0,0,0,0,DoS-UDP
53258,6,20,29200,0,20,0,0,BENIGN
80,6,20,1200,20,0,0,0,DoS-SYN-Flood
80,6,20,1480,20,0,0,0,DoS-HTTP
16214,6,10,580,10,10,0,0,SSH-Bruteforce
80,6,20,1200,20,0,0,0,DoS-SYN-Flood
20218,6,2,120,2,0,0,0,PortScan
15610,6,8,464,8,8,0,0,SSH-Bruteforce
22,6,20,1200,19,0,1,0,SSH-Bruteforce
80,6,20,1200,20,0,0,0,DoS-SYN-Flood
36520,17,20,27975,0,0,0,0,BENIGN
49334,6,2,120,2,0,0,0,PortScan
15023,6,5,290,5,5,0,0,SSH-Bruteforce
2418,6,6,348,6,6,0,0,SSH-Bruteforce
80,6,20,1200,20,0,0,0,DoS-SYN-Flood
22,6,20,1200,0,0,20,0,SSH-Bruteforce
6898,6,4,240,4,0,0,0,PortScan
0,1,20,840,0,0,0,0,DoS-ICMP
80,6,20,1480,20,0,0,0,DoS-HTTP
80,6,20,1480,20,0,0,0,DoS-HTTP
80,6,20,1480,20,0,0,0,DoS-HTTP
0,1,20,840,0,0,0,0,DoS-ICMP
36520,17,20,27980,0,0,0,0,BENIGN
22,6,20,1200,20,0,0,0,SSH-Bruteforce
54870,6,4,240,4,0,0,0,PortScan
54336,6,4,240,4,0,0,0,PortScan
22,6,20,1200,0,0,20,0,SSH-Bruteforce
80,6,20,1480,20,0,0,0,DoS-HTTP
22,6,20,1200,0,0,20,0,SSH-Bruteforce
80,6,20,1200,20,0,0,0,DoS-SYN-Flood
80,6,20,1480,20,0,0,0,DoS-HTTP
0,1,20,840,0,0,0,0,DoS-ICMP
0,1,20,840,0,0,0,0,DoS-ICMP
80,6,20,1200,20,0,0,0,DoS-SYN-Flood
80,17,20,1200,0,0,0,0,DoS-UDP
31016,6,2,120,2,0,0,0,PortScan
80,6,20,1480,20,0,0,0,DoS-HTTP
8182,6,6,360,6,0,0,0,PortScan
55459,6,6,348,6,6,0,0,SSH-Bruteforce
0,1,20,1200,0,0,0,0,DoS-ICMP
7470,6,6,348,6,6,0,0,SSH-Bruteforce
36520,17,20,27980,0,0,0,0,BENIGN
80,6,20,1480,20,0,0,0,DoS-HTTP
80,6,20,1480,20,0,0,0,DoS-HTTP
58895,6,2,120,2,0,0,0,PortScan
39765,6,4,240,4,0,0,0,PortScan
0,1,20,1200,0,0,0,0,DoS-ICMP
0,1,20,840,0,0,0,0,DoS-ICMP
47668,6,9,522,9,9,0,0,SSH-Bruteforce
1543,6,4,240,4,0,0,0,PortScan
80,17,20,1200,0,0,0,0,DoS-UDP
38972,6,7,406,7,7,0,0,SSH-Bruteforce
0,1,20,1200,0,0,0,0,DoS-ICMP
42882,6,2,120,2,0,0,0,PortScan
80,6,20,1480,20,0,0,0,DoS-HTTP
80,6,20,1200,20,0,0,0,DoS-SYN-Flood
0,1,20,1200,0,0,0,0,DoS-ICMP
1156,6,7,406,7,7,0,0,SSH-Bruteforce
59804,6,20,16195,0,20,0,0,BENIGN
80,6,20,1200,20,0,0,0,DoS-SYN-Flood
28398,6,2,120,2,0,0,0,PortScan
46398,17,20,27980,0,0,0,0,BENIGN
33240,6,20,29080,0,20,0,0,BENIGN
19464,6,11,638,11,11,0,0,SSH-Bruteforce
30845,6,4,240,4,0,0,0,PortScan
80,6,20,1200,20,0,0,0,DoS-SYN-Flood
0,1,20,1200,0,0,0,0,DoS-ICMP
54829,17,20,27980,0,0,0,0,BENIGN
2493,6,8,464,8,8,0,0,SSH-Bruteforce
47286,6,7,406,7,7,0,0,SSH-Bruteforce
80,17,20,1200,0,0,0,0,DoS-UDP
80,6,20,1480,20,0,0,0,DoS-HTTP
47471,6,9,522,9,9,0,0,SSH-Bruteforce
80,6,20,1200,20,0,0,0,DoS-SYN-Flood
0,1,20,1200,0,0,0,0,DoS-ICMP
0,1,20,1200,0,0,0,0,DoS-ICMP
0,1,20,840,0,0,0,0,DoS-ICMP
60886,6,20,29020,0,20,0,0,BENIGN
0,1,20,1200,0,0,0,0,DoS-ICMP
24820,6,6,348,6,6,0,0,SSH-Bruteforce
80,17,20,1200,0,0,0,0,DoS-UDP
22,6,20,1200,3,0,17,0,SSH-Bruteforce
443,6,20,12425,0,20,0,0,BENIGN
80,17,20,1200,0,0,0,0,DoS-UDP
31184,6,9,522,9,9,0,0,SSH-Bruteforce
60886,6,20,28820,0,20,0,0,BENIGN
80,6,20,1200,20,0,0,0,DoS-SYN-Flood
80,17,20,1200,0,0,0,0,DoS-UDP
80,6,20,1200,20,0,0,0,DoS-SYN-Flood
36520,17,20,27980,0,0,0,0,BENIGN
80,6,20,1200,20,0,0,0,DoS-SYN-Flood
80,6,20,1480,20,0,0,0,DoS-HTTP
0,1,20,1200,0,0,0,0,DoS-ICMP
80,6,20,1200,20,0,0,0,DoS-SYN-Flood
33160,6,2,120,2,0,0,0,PortScan
80,6,20,1480,20,0,0,0,DoS-HTTP
60406,6,4,240,4,0,0,0,PortScan
80,17,20,1200,0,0,0,0,DoS-UDP
0,1,20,840,0,0,0,0,DoS-ICMP
54450,6,7,406,7,7,0,0,SSH-Bruteforce
80,6,20,1200,20,0,0,0,DoS-SYN-Flood
80,17,20,1200,0,0,0,0,DoS-UDP
80,17,20,1200,0,0,0,0,DoS-UDP
0,1,20,1200,0,0,0,0,DoS-ICMP
80,6,20,1480,20,0,0,0,DoS-HTTP
80,6,20,1200,20,0,0,0,DoS-SYN-Flood
57282,6,2,120,2,0,0,0,PortScan
28194,6,8,464,8,8,0,0,SSH-Bruteforce
80,17,20,1200,0,0,0,0,DoS-UDP
80,17,20,1200,0,0,0,0,DoS-UDP
0,1,20,1200,0,0,0,0,DoS-ICMP
43992,17,20,27980,0,0,0,0,BENIGN
9477,6,3,174,3,3,0,0,SSH-Bruteforce
33584,6,7,406,7,7,0,0,SSH-Bruteforce
33162,6,9,522,9,9,0,0,SSH-Bruteforce
0,1,20,1200,0,0,0,0,DoS-ICMP
80,17,20,1200,0,0,0,0,DoS-UDP
80,17,20,1200,0,0,0,0,DoS-UDP
0,1,20,1200,0,0,0,0,DoS-ICMP
80,6,20,1200,20,0,0,0,DoS-SYN-Flood
42696,6,4,240,4,0,0,0,PortScan
33240,6,20,29140,0,20,0,0,BENIGN
0,1,20,1200,0,0,0,0,DoS-ICMP
80,6,20,1480,20,0,0,0,DoS-HTTP
22,6,20,1200,0,0,20,0,SSH-Bruteforce
80,6,20,1480,20,0,0,0,DoS-HTTP
80,6,20,1480,20,0,0,0,DoS-HTTP
80,17,20,1200,0,0,0,0,DoS-UDP
36134,6,10,580,10,10,0,0,SSH-Bruteforce
80,17,20,1200,0,0,0,0,DoS-UDP
80,6,20,1480,20,0,0,0,DoS-HTTP
39987,6,11,638,11,11,0,0,SSH-Bruteforce
58929,6,7,406,7,7,0,0,SSH-Bruteforce
7691,6,4,240,4,0,0,0,PortScan
80,6,20,1200,20,0,0,0,DoS-SYN-Flood
80,6,20,1200,20,0,0,0,DoS-SYN-Flood
80,17,20,1200,0,0,0,0,DoS-UDP
18432,6,2,120,2,0,0,0,PortScan
27347,6,6,348,6,6,0,0,SSH-Bruteforce
22,6,20,1200,4,0,16,0,SSH-Bruteforce
41560,6,20,29080,0,20,0,0,BENIGN
80,6,20,1480,20,0,0,0,DoS-HTTP
22,6,20,1200,1,0,19,0,SSH-Bruteforce
55174,6,2,120,2,0,0,0,PortScan
23379,6,11,638,11,11,0,0,SSH-Bruteforce
80,6,20,1200,20,0,0,0,DoS-SYN-Flood
80,17,20,1200,0,0,0,0,DoS-UDP
0,1,20,840,0,0,0,0,DoS-ICMP
80,6,20,1200,20,0,0,0,DoS-SYN-Flood
34400,6,8,464,8,8,0,0,SSH-Bruteforce
80,6,20,1480,20,0,0,0,DoS-HTTP
80,6,20,1480,20,0,0,0,DoS-HTTP
22,6,20,1200,17,0,3,0,SSH-Bruteforce
80,17,20,1200,0,0,0,0,DoS-UDP
80,6,20,1480,20,0,0,0,DoS-HTTP
12053,6,6,360,6,0,0,0,PortScan
0,1,20,840,0,0,0,0,DoS-ICMP
80,17,20,1200,0,0,0,0,DoS-UDP
80,6,20,1200,20,0,0,0,DoS-SYN-Flood
33330,6,6,348,6,6,0,0,SSH-Bruteforce
80,17,20,1200,0,0,0,0,DoS-UDP
80,17,20,1200,0,0,0,0,DoS-UDP
36520,17,20,27980,0,0,0,0,BENIGN
80,6,20,1480,20,0,0,0,DoS-HTTP
80,6,20,1480,20,0,0,0,DoS-HTTP
0,1,20,1200,0,0,0,0,DoS-ICMP
22,6,20,1200,0,0,20,0,SSH-Bruteforce
12538,6,8,464,8,8,0,0,SSH-Bruteforce
42543,6,4,232,4,4,0,0,SSH-Bruteforce
80,6,20,1480,20,0,0,0,DoS-HTTP
80,17,20,1200,0,0,0,0,DoS-UDP
60509,6,2,120,2,0,0,0,PortScan
0,1,20,1200,0,0,0,0,DoS-ICMP
80,6,20,1200,20,0,0,0,DoS-SYN-Flood
80,17,20,1200,0,0,0,0,DoS-UDP
80,6,20,1480,20,0,0,0,DoS-HTTP
22,6,20,1200,4,0,16,0,SSH-Bruteforce
80,6,20,1480,20,0,0,0,DoS-HTTP
80,6,20,1200,20,0,0,0,DoS-SYN-Flood
55550,6,2,120,2,0,0,0,PortScan
0,1,20,840,0,0,0,0,DoS-ICMP
32553,6,2,120,2,0,0,0,PortScan
80,6,20,1200,20,0,0,0,DoS-SYN-Flood
7402,6,7,406,7,7,0,0,SSH-Bruteforce
80,6,20,1480,20,0,0,0,DoS-HTTP
22,6,20,1200,20,0,0,0,SSH-Bruteforce
80,6,20,1480,20,0,0,0,DoS-HTTP
80,6,20,1480,20,0,0,0,DoS-HTTP
60822,17,2,538,0,0,0,0,BENIGN
23018,6,10,580,10,10,0,0,SSH-Bruteforce
80,6,20,1200,20,0,0,0,DoS-SYN-Flood
80,17,20,1200,0,0,0,0,DoS-UDP
80,6,20,1480,20,0,0,0,DoS-HTTP
64083,6,4,240,4,0,0,0,PortScan
80,17,20,1200,0,0,0,0,DoS-UDP
47489,6,4,240,4,0,0,0,PortScan
42210,6,5,290,5,5,0,0,SSH-Bruteforce
25278,6,4,240,4,0,0,0,PortScan
59150,6,7,406,7,7,0,0,SSH-Bruteforce
80,17,20,1200,0,0,0,0,DoS-UDP
80,17,20,1200,0,0,0,0,DoS-UDP
80,6,20,1200,20,0,0,0,DoS-SYN-Flood
80,6,20,1200,20,0,0,0,DoS-SYN-Flood
0,1,20,1200,0,0,0,0,DoS-ICMP
80,6,20,1480,20,0,0,0,DoS-HTTP
80,6,20,1200,20,0,0,0,DoS-SYN-Flood
0,1,20,1200,0,0,0,0,DoS-ICMP
80,6,20,1480,20,0,0,0,DoS-HTTP
80,17,20,1200,0,0,0,0,DoS-UDP
0,1,20,1200,0,0,0,0,DoS-ICMP
80,17,20,1200,0,0,0,0,DoS-UDP
63963,6,5,290,5,5,0,0,SSH-Bruteforce
80,6,20,1200,20,0,0,0,DoS-SYN-Flood
0,1,20,1200,0,0,0,0,DoS-ICMP
80,6,20,1480,20,0,0,0,DoS-HTTP
0,1,20,840,0,0,0,0,DoS-ICMP
80,6,20,1480,20,0,0,0,DoS-HTTP
80,6,20,1480,20,0,0,0,DoS-HTTP
25872,6,9,522,9,9,0,0,SSH-Bruteforce
20329,6,6,348,6,6,0,0,SSH-Bruteforce
25028,6,5,290,5,5,0,0,SSH-Bruteforce
80,6,20,1480,20,0,0,0,DoS-HTTP
80,6,20,1480,20,0,0,0,DoS-HTTP
22,6,20,1200,1,0,19,0,SSH-Bruteforce
80,17,20,1200,0,0,0,0,DoS-UDP
62830,6,3,180,3,0,0,0,PortScan
80,6,20,1200,20,0,0,0,DoS-SYN-Flood
80,6,20,1200,20,0,0,0,DoS-SYN-Flood
443,17,20,18902,0,0,0,0,BENIGN
0,1,20,1200,0,0,0,0,DoS-ICMP
80,6,20,1480,20,0,0,0,DoS-HTTP
36520,17,20,27980,0,0,0,0,BENIGN
0,1,20,840,0,0,0,0,DoS-ICMP
33240,6,20,29680,0,20,0,0,BENIGN
8290,6,4,240,4,0,0,0,PortScan
80,17,20,1200,0,0,0,0,DoS-UDP
80,6,20,1200,20,0,0,0,DoS-SYN-Flood
80,17,20,1200,0,0,0,0,DoS-UDP
80,17,20,1200,0,0,0,0,DoS-UDP
80,6,20,1480,20,0,0,0,DoS-HTTP
11866,6,4,240,4,0,0,0,PortScan
0,1,20,1200,0,0,0,0,DoS-ICMP
80,6,20,1480,20,0,0,0,DoS-HTTP
80,6,20,1480,20,0,0,0,DoS-HTTP
80,6,20,1480,20,0,0,0,DoS-HTTP
0,1,20,1200,0,0,0,0,DoS-ICMP
54059,6,2,120,2,0,0,0,PortScan
80,17,20,1200,0,0,0,0,DoS-UDP
80,6,20,1480,20,0,0,0,DoS-HTTP
80,6,20,1200,20,0,0,0,DoS-SYN-Flood
61343,6,2,120,2,0,0,0,PortScan
24848,6,6,348,6,6,0,0,SSH-Bruteforce
80,6,20,1200,20,0,0,0,DoS-SYN-Flood
80,17,20,1200,0,0,0,0,DoS-UDP
0,1,20,1200,0,0,0,0,DoS-ICMP
44308,6,9,522,9,9,0,0,SSH-Bruteforce
80,6,20,1480,20,0,0,0,DoS-HTTP
0,1,20,840,0,0,0,0,DoS-ICMP
80,6,20,1480,20,0,0,0,DoS-HTTP
47386,6,2,120,2,0,0,0,PortScan
80,6,20,1200,20,0,0,0,DoS-SYN-Flood
80,6,20,1480,20,0,0,0,DoS-HTTP
0,1,20,1200,0,0,0,0,DoS-ICMP
80,17,20,1200,0,0,0,0,DoS-UDP
80,6,20,1480,20,0,0,0,DoS-HTTP
0,1,20,840,0,0,0,0,DoS-ICMP
80,6,20,1200,20,0,0,0,DoS-SYN-Flood
53278,6,20,29440,0,20,0,0,BENIGN
80,17,20,1200,0,0,0,0,DoS-UDP
80,6,20,1480,20,0,0,0,DoS-HTTP
0,1,20,1200,0,0,0,0,DoS-ICMP
0,1,20,840,0,0,0,0,DoS-ICMP
80,17,20,1200,0,0,0,0,DoS-UDP
36520,17,20,27980,0,0,0,0,BENIGN
80,6,20,1200,20,0,0,0,DoS-SYN-Flood
63801,6,5,290,5,5,0,0,SSH-Bruteforce
80,6,20,1200,20,0,0,0,DoS-SYN-Flood
80,6,20,1480,20,0,0,0,DoS-HTTP
80,6,20,1200,20,0,0,0,DoS-SYN-Flood
1862,6,4,240,4,0,0,0,PortScan
80,17,20,1200,0,0,0,0,DoS-UDP
0,1,20,840,0,0,0,0,DoS-ICMP
80,6,20,1200,20,0,0,0,DoS-SYN-Flood
37247,6,2,120,2,0,0,0,PortScan
0,1,20,840,0,0,0,0,DoS-ICMP
0,1,20,840,0,0,0,0,DoS-ICMP
0,1,20,1200,0,0,0,0,DoS-ICMP
80,6,20,1200,20,0,0,0,DoS-SYN-Flood
49446,6,2,120,2,0,0,0,PortScan
0,1,20,1200,0,0,0,0,DoS-ICMP
13501,6,4,240,4,0,0,0,PortScan
60886,6,20,30279,0,20,0,0,BENIGN
22,6,20,1200,10,0,10,0,SSH-Bruteforce
61872,6,4,240,4,0,0,0,PortScan
25597,6,2,120,2,0,0,0,PortScan
15621,6,2,120,2,0,0,0,PortScan
80,17,20,1200,0,0,0,0,DoS-UDP
28575,6,2,120,2,0,0,0,PortScan
80,6,20,1480,20,0,0,0,DoS-HTTP
80,6,20,1200,20,0,0,0,DoS-SYN-Flood
949,6,4,240,4,0,0,0,PortScan
28027,6,11,638,11,11,0,0,SSH-Bruteforce
80,17,20,1200,0,0,0,0,DoS-UDP
80,17,20,1200,0,0,0,0,DoS-UDP
0,1,20,840,0,0,0,0,DoS-ICMP
80,17,20,1200,0,0,0,0,DoS-UDP
80,6,20,1200,20,0,0,0,DoS-SYN-Flood
0,1,20,1200,0,0,0,0,DoS-ICMP
42348,6,2,120,2,0,0,0,PortScan
80,17,20,1200,0,0,0,0,DoS-UDP
15399,6,4,240,4,0,0,0,PortScan
36520,17,20,27980,0,0,0,0,BENIGN
80,6,20,1480,20,0,0,0,DoS-HTTP
22,6,20,1200,20,0,0,0,SSH-Bruteforce
80,17,20,1200,0,0,0,0,DoS-UDP
0,1,20,1200,0,0,0,0,DoS-ICMP
11575,6,6,348,6,6,0,0,SSH-Bruteforce
80,6,20,1480,20,0,0,0,DoS-HTTP
80,6,20,1480,20,0,0,0,DoS-HTTP
28629,6,4,240,4,0,0,0,PortScan
22,6,20,1200,0,0,20,0,SSH-Bruteforce
80,6,20,1480,20,0,0,0,DoS-HTTP
5109,6,4,240,4,0,0,0,PortScan
80,17,20,1200,0,0,0,0,DoS-UDP
80,6,20,1480,20,0,0,0,DoS-HTTP
54829,17,20,27980,0,0,0,0,BENIGN
80,6,20,1480,20,0,0,0,DoS-HTTP
19259,6,2,120,2,0,0,0,PortScan
58585,6,2,120,2,0,0,0,PortScan
80,17,20,1200,0,0,0,0,DoS-UDP
46327,6,8,464,8,8,0,0,SSH-Bruteforce
80,6,20,1480,20,0,0,0,DoS-HTTP
22,6,20,1200,0,0,20,0,SSH-Bruteforce
11691,6,4,240,4,0,0,0,PortScan
80,17,20,1200,0,0,0,0,DoS-UDP
80,6,20,1200,20,0,0,0,DoS-SYN-Flood
80,17,20,1200,0,0,0,0,DoS-UDP
381,6,7,406,7,7,0,0,SSH-Bruteforce
80,6,20,1200,20,0,0,0,DoS-SYN-Flood
36520,17,20,27980,0,0,0,0,BENIGN
80,6,20,1480,20,0,0,0,DoS-HTTP
380,6,4,240,4,0,0,0,PortScan
80,6,20,1200,20,0,0,0,DoS-SYN-Flood
80,6,20,1480,20,0,0,0,DoS-HTTP
18222,6,6,348,6,6,0,0,SSH-Bruteforce
43992,17,20,27980,0,0,0,0,BENIGN
41188,6,10,580,10,10,0,0,SSH-Bruteforce
0,1,20,840,0,0,0,0,DoS-ICMP
80,17,20,1200,0,0,0,0,DoS-UDP
80,6,20,1480,20,0,0,0,DoS-HTTP
80,6,20,1200,20,0,0,0,DoS-SYN-Flood
80,6,20,1200,20,0,0,0,DoS-SYN-Flood
80,17,20,1200,0,0,0,0,DoS-UDP
35186,6,4,240,4,0,0,0,PortScan
7799,6,6,348,6,6,0,0,SSH-Bruteforce
80,6,20,1480,20,0,0,0,DoS-HTTP
0,1,20,840,0,0,0,0,DoS-ICMP
42299,6,2,120,2,0,0,0,PortScan
0,1,20,840,0,0,0,0,DoS-ICMP
42326,6,4,240,4,0,0,0,PortScan
43678,17,20,27980,0,0,0,0,BENIGN
80,6,20,1200,20,0,0,0,DoS-SYN-Flood
80,6,20,1480,20,0,0,0,DoS-HTTP
80,6,20,1480,20,0,0,0,DoS-HTTP
80,17,20,1200,0,0,0,0,DoS-UDP
0,1,20,840,0,0,0,0,DoS-ICMP
33153,6,2,120,2,0,0,0,PortScan
80,6,20,1480,20,0,0,0,DoS-HTTP
52077,6,2,120,2,0,0,0,PortScan
80,6,20,1200,20,0,0,0,DoS-SYN-Flood
1743,6,6,348,6,6,0,0,SSH-Bruteforce
80,17,20,1200,0,0,0,0,DoS-UDP
60886,6,20,29740,0,20,0,0,BENIGN
0,1,20,1200,0,0,0,0,DoS-ICMP
80,6,20,1200,20,0,0,0,DoS-SYN-Flood
0,1,20,1200,0,0,0,0,DoS-ICMP
19214,6,2,120,2,0,0,0,PortScan
80,6,20,1480,20,0,0,0,DoS-HTTP
80,17,20,1200,0,0,0,0,DoS-UDP
22,6,20,1200,0,0,20,0,SSH-Bruteforce
0,1,20,840,0,0,0,0,DoS-ICMP
0,1,20,1200,0,0,0,0,DoS-ICMP
5727,6,9,522,9,9,0,0,SSH-Bruteforce
42904,17,20,24460,0,0,0,0,BENIGN
40487,6,2,120,2,0,0,0,PortScan
23861,6,4,240,4,0,0,0,PortScan
80,6,20,1480,20,0,0,0,DoS-HTTP
43686,6,2,120,2,0,0,0,PortScan
80,17,20,1200,0,0,0,0,DoS-UDP
0,1,20,1200,0,0,0,0,DoS-ICMP
28159,6,2,120,2,0,0,0,PortScan
55917,6,4,240,4,0,0,0,PortScan
0,1,20,1200,0,0,0,0,DoS-ICMP
53272,6,20,29096,0,20,0,0,BENIGN
62305,6,4,240,4,0,0,0,PortScan
80,6,20,1200,20,0,0,0,DoS-SYN-Flood
80,6,20,1480,20,0,0,0,DoS-HTTP
22,6,20,1200,0,0,20,0,SSH-Bruteforce
80,17,20,1200,0,0,0,0,DoS-UDP
80,6,20,1480,20,0,0,0,DoS-HTTP
80,6,20,1480,20,0,0,0,DoS-HTTP
80,6,20,1480,20,0,0,0,DoS-HTTP
80,6,20,1480,20,0,0,0,DoS-HTTP
0,1,20,1200,0,0,0,0,DoS-ICMP
80,17,20,1200,0,0,0,0,DoS-UDP
0,1,20,840,0,0,0,0,DoS-ICMP
0,1,20,1200,0,0,0,0,DoS-ICMP
0,1,20,840,0,0,0,0,DoS-ICMP
0,1,20,1200,0,0,0,0,DoS-ICMP
22,6,20,1200,0,0,20,0,SSH-Bruteforce
80,6,20,1200,20,0,0,0,DoS-SYN-Flood
22,6,20,1200,7,0,13,0,SSH-Bruteforce
80,6,20,1480,20,0,0,0,DoS-HTTP
80,6,20,1480,20,0,0,0,DoS-HTTP
0,1,20,1200,0,0,0,0,DoS-ICMP
80,6,20,1200,20,0,0,0,DoS-SYN-Flood
80,6,20,1200,20,0,0,0,DoS-SYN-Flood
80,17,20,1200,0,0,0,0,DoS-UDP
54829,17,20,27980,0,0,0,0,BENIGN
80,6,20,1200,20,0,0,0,DoS-SYN-Flood
80,17,20,1200,0,0,0,0,DoS-UDP
80,6,20,1480,20,0,0,0,DoS-HTTP
14011,6,4,240,4,0,0,0,PortScan
22113,6,7,406,7,7,0,0,SSH-Bruteforce
80,17,20,1200,0,0,0,0,DoS-UDP
80,17,20,1200,0,0,0,0,DoS-UDP
80,17,20,1200,0,0,0,0,DoS-UDP
39879,6,10,580,10,10,0,0,SSH-Bruteforce
80,6,20,1200,20,0,0,0,DoS-SYN-Flood
53308,6,20,28900,0,20,0,0,BENIGN
36520,17,20,27980,0,0,0,0,BENIGN
80,17,20,1200,0,0,0,0,DoS-UDP
46059,6,4,240,4,0,0,0,PortScan
80,6,20,1480,20,0,0,0,DoS-HTTP
0,1,20,1200,0,0,0,0,DoS-ICMP
57327,6,4,240,4,0,0,0,PortScan
23429,6,4,240,4,0,0,0,PortScan
22,6,20,1200,20,0,0,0,SSH-Bruteforce
80,17,20,1200,0,0,0,0,DoS-UDP
80,17,20,1200,0,0,0,0,DoS-UDP
42904,17,20,27980,0,0,0,0,BENIGN
80,17,20,1200,0,0,0,0,DoS-UDP
80,6,20,1200,20,0,0,0,DoS-SYN-Flood
47428,6,6,348,6,6,0,0,SSH-Bruteforce
64866,6,4,240,4,0,0,0,PortScan
80,17,20,1200,0,0,0,0,DoS-UDP
80,6,20,1480,20,0,0,0,DoS-HTTP
80,6,20,1480,20,0,0,0,DoS-HTTP
80,6,20,1480,20,0,0,0,DoS-HTTP
80,6,20,1200,20,0,0,0,DoS-SYN-Flood
48697,6,5,290,5,5,0,0,SSH-Bruteforce
46889,6,2,120,2,0,0,0,PortScan
80,6,20,1200,20,0,0,0,DoS-SYN-Flood
0,1,20,1200,0,0,0,0,DoS-ICMP
443,17,6,3091,0,0,0,0,BENIGN
80,6,20,1200,20,0,0,0,DoS-SYN-Flood
0,1,20,1200,0,0,0,0,DoS-ICMP
0,1,20,840,0,0,0,0,DoS-ICMP
80,6,20,1200,20,0,0,0,DoS-SYN-Flood
57095,6,7,406,7,7,0,0,SSH-Bruteforce
80,6,20,1200,20,0,0,0,DoS-SYN-Flood
51958,6,4,240,4,0,0,0,PortScan
37250,6,2,120,2,0,0,0,PortScan
63208,6,4,240,4,0,0,0,PortScan
80,6,20,1200,20,0,0,0,DoS-SYN-Flood
80,6,20,1200,20,0,0,0,DoS-SYN-Flood
80,6,20,1200,20,0,0,0,DoS-SYN-Flood
0,1,20,840,0,0,0,0,DoS-ICMP
22,6,20,1200,20,0,0,0,SSH-Bruteforce
80,6,20,1200,20,0,0,0,DoS-SYN-Flood
80,6,20,1480,20,0,0,0,DoS-HTTP
10436,6,6,360,6,0,0,0,PortScan
80,6,20,1480,20,0,0,0,DoS-HTTP
80,6,20,1200,20,0,0,0,DoS-SYN-Flood
0,1,20,840,0,0,0,0,DoS-ICMP
6945,6,6,360,6,0,0,0,PortScan
80,6,20,1480,20,0,0,0,DoS-HTTP
80,6,20,1200,20,0,0,0,DoS-SYN-Flood
0,1,20,840,0,0,0,0,DoS-ICMP
31220,6,2,120,2,0,0,0,PortScan
80,17,20,1200,0,0,0,0,DoS-UDP
80,6,20,1200,20,0,0,0,DoS-SYN-Flood
0,1,20,1200,0,0,0,0,DoS-ICMP
0,1,20,840,0,0,0,0,DoS-ICMP
80,17,20,1200,0,0,0,0,DoS-UDP
36752,17,2,314,0,0,0,0,BENIGN
80,6,20,1480,20,0,0,0,DoS-HTTP
443,17,20,13701,0,0,0,0,BENIGN
80,6,20,1200,20,0,0,0,DoS-SYN-Flood
80,6,20,1480,20,0,0,0,DoS-HTTP
80,17,20,1200,0,0,0,0,DoS-UDP
80,6,20,1200,20,0,0,0,DoS-SYN-Flood
32348,6,11,638,11,11,0,0,SSH-Bruteforce
80,6,20,1480,20,0,0,0,DoS-HTTP
80,6,20,1480,20,0,0,0,DoS-HTTP
0,1,20,1200,0,0,0,0,DoS-ICMP
32232,6,11,638,11,11,0,0,SSH-Bruteforce
0,1,20,840,0,0,0,0,DoS-ICMP
80,6,20,1480,20,0,0,0,DoS-HTTP
52704,6,12,696,12,12,0,0,SSH-Bruteforce
0,1,20,1200,0,0,0,0,DoS-ICMP
80,6,20,1480,20,0,0,0,DoS-HTTP
80,17,20,1200,0,0,0,0,DoS-UDP
0,1,20,1200,0,0,0,0,DoS-ICMP
80,6,20,1200,20,0,0,0,DoS-SYN-Flood
7212,6,4,232,4,4,0,0,SSH-Bruteforce
80,6,20,1480,20,0,0,0,DoS-HTTP
80,6,20,1480,20,0,0,0,DoS-HTTP
0,1,20,1200,0,0,0,0,DoS-ICMP
18070,6,7,406,7,7,0,0,SSH-Bruteforce
63741,6,6,348,6,6,0,0,SSH-Bruteforce
0,1,20,840,0,0,0,0,DoS-ICMP
0,1,20,840,0,0,0,0,DoS-ICMP
80,6,20,1480,20,0,0,0,DoS-HTTP
0,1,20,1200,0,0,0,0,DoS-ICMP
80,6,20,1480,20,0,0,0,DoS-HTTP
15605,6,8,464,8,8,0,0,SSH-Bruteforce
41308,17,20,27980,0,0,0,0,BENIGN
0,1,20,1200,0,0,0,0,DoS-ICMP
80,6,20,1480,20,0,0,0,DoS-HTTP
0,1,20,1200,0,0,0,0,DoS-ICMP
80,17,20,1200,0,0,0,0,DoS-UDP
80,6,20,1200,20,0,0,0,DoS-SYN-Flood
49524,6,2,120,2,0,0,0,PortScan
0,1,20,840,0,0,0,0,DoS-ICMP
80,6,20,1200,20,0,0,0,DoS-SYN-Flood
22,6,20,1200,5,0,15,0,SSH-Bruteforce
0,1,20,840,0,0,0,0,DoS-ICMP
53904,6,2,120,2,0,0,0,PortScan
53444,6,5,290,5,5,0,0,SSH-Bruteforce
0,1,20,1200,0,0,0,0,DoS-ICMP
40857,6,2,120,2,0,0,0,PortScan
80,6,20,1480,20,0,0,0,DoS-HTTP
43421,6,10,580,10,10,0,0,SSH-Bruteforce
27199,6,4,240,4,0,0,0,PortScan
0,1,20,840,0,0,0,0,DoS-ICMP
80,6,20,1480,20,0,0,0,DoS-HTTP
80,6,20,1200,20,0,0,0,DoS-SYN-Flood
80,6,20,1480,20,0,0,0,DoS-HTTP
80,6,20,1200,20,0,0,0,DoS-SYN-Flood
8019,6,5,290,5,5,0,0,SSH-Bruteforce
80,6,20,1480,20,0,0,0,DoS-HTTP
42349,6,4,240,4,0,0,0,PortScan
39212,6,6,348,6,6,0,0,SSH-Bruteforce
22,6,20,1200,20,0,0,0,SSH-Bruteforce
25963,6,2,120,2,0,0,0,PortScan
80,17,20,1200,0,0,0,0,DoS-UDP
80,6,20,1200,20,0,0,0,DoS-SYN-Flood
37343,6,6,348,6,6,0,0,SSH-Bruteforce
22,6,20,1200,20,0,0,0,SSH-Bruteforce
60394,17,20,25251,0,0,0,0,BENIGN
0,1,20,840,0,0,0,0,DoS-ICMP
80,6,20,1200,20,0,0,0,DoS-SYN-Flood
80,6,20,1480,20,0,0,0,DoS-HTTP
80,17,20,1200,0,0,0,0,DoS-UDP
80,6,20,1480,20,0,0,0,DoS-HTTP
80,6,20,1480,20,0,0,0,DoS-HTTP
80,6,20,1200,20,0,0,0,DoS-SYN-Flood
2348,6,7,406,7,7,0,0,SSH-Bruteforce
22,6,20,1200,20,0,0,0,SSH-Bruteforce
80,6,20,1480,20,0,0,0,DoS-HTTP
80,6,20,1480,20,0,0,0,DoS-HTTP
5053,6,10,580,10,10,0,0,SSH-Bruteforce
80,6,20,1200,20,0,0,0,DoS-SYN-Flood
80,6,20,1480,20,0,0,0,DoS-HTTP
80,17,20,1200,0,0,0,0,DoS-UDP
0,1,20,840,0,0,0,0,DoS-ICMP
17495,6,4,240,4,0,0,0,PortScan
80,17,20,1200,0,0,0,0,DoS-UDP
22,6,20,1200,0,0,20,0,SSH-Bruteforce
80,6,20,1200,20,0,0,0,DoS-SYN-Flood
80,6,20,1480,20,0,0,0,DoS-HTTP
0,1,20,840,0,0,0,0,DoS-ICMP
80,17,20,1200,0,0,0,0,DoS-UDP
80,6,20,1200,20,0,0,0,DoS-SYN-Flood
80,6,20,1480,20,0,0,0,DoS-HTTP
80,6,20,1200,20,0,0,0,DoS-SYN-Flood
80,6,20,1200,20,0,0,0,DoS-SYN-Flood
80,6,20,1200,20,0,0,0,DoS-SYN-Flood
0,1,20,1200,0,0,0,0,DoS-ICMP
80,17,20,1200,0,0,0,0,DoS-UDP
80,6,20,1200,20,0,0,0,DoS-SYN-Flood
0,1,20,1200,0,0,0,0,DoS-ICMP
80,6,20,1480,20,0,0,0,DoS-HTTP
56554,6,6,348,6,6,0,0,SSH-Bruteforce
80,6,20,1480,20,0,0,0,DoS-HTTP
0,1,20,1200,0,0,0,0,DoS-ICMP
80,17,20,1200,0,0,0,0,DoS-UDP
11272,6,4,240,4,0,0,0,PortScan
0,1,20,840,0,0,0,0,DoS-ICMP
0,1,20,840,0,0,0,0,DoS-ICMP
80,6,20,1200,20,0,0,0,DoS-SYN-Flood
80,17,20,1200,0,0,0,0,DoS-UDP
17079,6,11,638,11,11,0,0,SSH-Bruteforce
22,6,20,1200,2,0,18,0,SSH-Bruteforce
22,6,20,1200,0,0,20,0,SSH-Bruteforce
33572,6,4,240,4,0,0,0,PortScan
80,6,20,1480,20,0,0,0,DoS-HTTP
80,17,20,1200,0,0,0,0,DoS-UDP
80,17,20,1200,0,0,0,0,DoS-UDP
0,1,20,1200,0,0,0,0,DoS-ICMP
22,6,20,1200,11,0,9,0,SSH-Bruteforce
80,17,20,1200,0,0,0,0,DoS-UDP
28203,6,9,522,9,9,0,0,SSH-Bruteforce
80,17,20,1200,0,0,0,0,DoS-UDP
80,6,20,1200,20,0,0,0,DoS-SYN-Flood
80,6,20,1200,20,0,0,0,DoS-SYN-Flood
80,17,20,1200,0,0,0,0,DoS-UDP
53092,17,20,21853,0,0,0,0,BENIGN
22,6,20,1200,0,0,20,0,SSH-Bruteforce
12455,6,8,464,8,8,0,0,SSH-Bruteforce
0,1,20,840,0,0,0,0,DoS-ICMP
80,6,20,1480,20,0,0,0,DoS-HTTP
22652,6,4,240,4,0,0,0,PortScan
80,6,20,1480,20,0,0,0,DoS-HTTP
45578,6,2,120,2,0,0,0,PortScan
22,6,20,1200,20,0,0,0,SSH-Bruteforce
80,17,20,1200,0,0,0,0,DoS-UDP
80,6,20,1200,20,0,0,0,DoS-SYN-Flood
0,1,20,1200,0,0,0,0,DoS-ICMP
0,1,20,1200,0,0,0,0,DoS-ICMP
0,1,20,840,0,0,0,0,DoS-ICMP
32280,6,2,120,2,0,0,0,PortScan
80,6,20,1480,20,0,0,0,DoS-HTTP
80,17,20,1200,0,0,0,0,DoS-UDP
80,17,20,1200,0,0,0,0,DoS-UDP
80,6,20,1200,20,0,0,0,DoS-SYN-Flood
80,6,20,1200,20,0,0,0,DoS-SYN-Flood
80,6,20,1480,20,0,0,0,DoS-HTTP
80,6,20,1480,20,0,0,0,DoS-HTTP
0,1,20,1200,0,0,0,0,DoS-ICMP
80,17,20,1200,0,0,0,0,DoS-UDP
23797,6,7,406,7,7,0,0,SSH-Bruteforce
30417,6,6,348,6,6,0,0,SSH-Bruteforce
0,1,20,1200,0,0,0,0,DoS-ICMP
0,1,20,1200,0,0,0,0,DoS-ICMP
80,6,20,1480,20,0,0,0,DoS-HTTP
80,6,20,1480,20,0,0,0,DoS-HTTP
36520,17,20,27980,0,0,0,0,BENIGN
9083,6,4,240,4,0,0,0,PortScan
0,1,20,840,0,0,0,0,DoS-ICMP
0,1,20,1200,0,0,0,0,DoS-ICMP
36520,17,20,27980,0,0,0,0,BENIGN
33928,6,2,120,2,0,0,0,PortScan
22287,6,4,240,4,0,0,0,PortScan
60134,6,6,348,6,6,0,0,SSH-Bruteforce
80,6,20,1480,20,0,0,0,DoS-HTTP
80,17,20,1200,0,0,0,0,DoS-UDP
80,6,20,1200,20,0,0,0,DoS-SYN-Flood
80,6,20,1200,20,0,0,0,DoS-SYN-Flood
42440,17,20,27980,0,0,0,0,BENIGN
80,6,20,1200,20,0,0,0,DoS-SYN-Flood
41166,6,4,240,4,0,0,0,PortScan
0,1,20,1200,0,0,0,0,DoS-ICMP
4107,6,4,240,4,0,0,0,PortScan
80,17,20,1200,0,0,0,0,DoS-UDP
80,6,20,1480,20,0,0,0,DoS-HTTP
0,1,20,1200,0,0,0,0,DoS-ICMP
80,17,20,1200,0,0,0,0,DoS-UDP
80,17,20,1200,0,0,0,0,DoS-UDP
53092,17,20,27980,0,0,0,0,BENIGN
22092,6,4,240,4,0,0,0,PortScan
80,6,20,1480,20,0,0,0,DoS-HTTP
40737,6,6,348,6,6,0,0,SSH-Bruteforce
22,6,20,1200,0,0,20,0,SSH-Bruteforce
0,1,20,840,0,0,0,0,DoS-ICMP
80,17,20,1200,0,0,0,0,DoS-UDP
80,6,20,1480,20,0,0,0,DoS-HTTP
50327,6,2,120,2,0,0,0,PortScan
0,1,20,1200,0,0,0,0,DoS-ICMP
80,6,20,1480,20,0,0,0,DoS-HTTP
36520,17,20,27980,0,0,0,0,BENIGN
0,1,20,840,0,0,0,0,DoS-ICMP
41882,6,10,580,10,10,0,0,SSH-Bruteforce
80,17,20,1200,0,0,0,0,DoS-UDP
0,1,20,840,0,0,0,0,DoS-ICMP
4674,6,6,348,6,6,0,0,SSH-Bruteforce
80,6,20,1200,20,0,0,0,DoS-SYN-Flood
0,1,20,840,0,0,0,0,DoS-ICMP
80,6,20,1480,20,0,0,0,DoS-HTTP
47556,6,2,120,2,0,0,0,PortScan
80,17,20,1200,0,0,0,0,DoS-UDP
22,6,20,1200,0,0,20,0,SSH-Bruteforce
64911,6,2,120,2,0,0,0,PortScan
0,1,20,1200,0,0,0,0,DoS-ICMP
22,6,20,1200,0,0,20,0,SSH-Bruteforce
80,6,20,1200,20,0,0,0,DoS-SYN-Flood
22,6,20,1200,20,0,0,0,SSH-Bruteforce
0,1,20,840,0,0,0,0,DoS-ICMP
3988,6,6,348,6,6,0,0,SSH-Bruteforce
80,6,20,1200,20,0,0,0,DoS-SYN-Flood
80,6,20,1200,20,0,0,0,DoS-SYN-Flood
80,6,20,1480,20,0,0,0,DoS-HTTP
0,1,20,1200,0,0,0,0,DoS-ICMP
80,6,20,1480,20,0,0,0,DoS-HTTP
80,17,20,1200,0,0,0,0,DoS-UDP
80,6,20,1200,20,0,0,0,DoS-SYN-Flood
80,6,20,1480,20,0,0,0,DoS-HTTP
80,6,20,1200,20,0,0,0,DoS-SYN-Flood
80,17,20,1200,0,0,0,0,DoS-UDP
80,6,20,1200,20,0,0,0,DoS-SYN-Flood
46398,17,20,27980,0,0,0,0,BENIGN
26239,6,9,522,9,9,0,0,SSH-Bruteforce
80,6,20,1200,20,0,0,0,DoS-SYN-Flood
80,6,20,1200,20,0,0,0,DoS-SYN-Flood
80,17,20,1200,0,0,0,0,DoS-UDP
22,6,20,1200,0,0,20,0,SSH-Bruteforce
80,6,20,1200,20,0,0,0,DoS-SYN-Flood
0,1,20,840,0,0,0,0,DoS-ICMP
80,17,20,1200,0,0,0,0,DoS-UDP
63132,6,6,348,6,6,0,0,SSH-Bruteforce
0,1,20,1200,0,0,0,0,DoS-ICMP
80,17,20,1200,0,0,0,0,DoS-UDP
80,17,20,1200,0,0,0,0,DoS-UDP
80,6,20,1200,20,0,0,0,DoS-SYN-Flood
80,6,20,1480,20,0,0,0,DoS-HTTP
80,17,20,1200,0,0,0,0,DoS-UDP
80,6,20,1480,20,0,0,0,DoS-HTTP
80,6,20,1200,20,0,0,0,DoS-SYN-Flood
80,17,20,1200,0,0,0,0,DoS-UDP
101,6,4,240,4,0,0,0,PortScan
33595,17,20,15727,0,0,0,0,BENIGN
51150,6,12,696,12,12,0,0,SSH-Bruteforce
1273,6,6,360,6,0,0,0,PortScan
80,6,20,1200,20,0,0,0,DoS-SYN-Flood
80,17,20,1200,0,0,0,0,DoS-UDP
443,17,20,13713,0,0,0,0,BENIGN
80,6,20,1200,20,0,0,0,DoS-SYN-Flood
20879,6,2,120,2,0,0,0,PortScan
80,17,20,1200,0,0,0,0,DoS-UDP
0,1,20,1200,0,0,0,0,DoS-ICMP
54829,17,20,27980,0,0,0,0,BENIGN
22,6,20,1200,4,0,16,0,SSH-Bruteforce
0,1,20,1200,0,0,0,0,DoS-ICMP
80,17,20,1200,0,0,0,0,DoS-UDP
0,1,20,840,0,0,0,0,DoS-ICMP
80,6,20,1480,20,0,0,0,DoS-HTTP
80,17,20,1200,0,0,0,0,DoS-UDP
41741,6,11,638,11,11,0,0,SSH-Bruteforce
0,1,20,840,0,0,0,0,DoS-ICMP
80,17,20,1200,0,0,0,0,DoS-UDP
52090,6,6,348,6,6,0,0,SSH-Bruteforce
80,17,20,1200,0,0,0,0,DoS-UDP
80,17,20,1200,0,0,0,0,DoS-UDP
80,6,20,1200,20,0,0,0,DoS-SYN-Flood
23790,6,7,406,7,7,0,0,SSH-Bruteforce
22,6,20,1200,7,0,13,0,SSH-Bruteforce
2636,6,6,348,6,6,0,0,SSH-Bruteforce
3755,6,6,348,6,6,0,0,SSH-Bruteforce
52076,6,4,240,4,0,0,0,PortScan
80,6,20,1200,20,0,0,0,DoS-SYN-Flood
57983,6,8,464,8,8,0,0,SSH-Bruteforce
36520,17,20,27980,0,0,0,0,BENIGN
80,17,20,1200,0,0,0,0,DoS-UDP
62034,6,7,406,7,7,0,0,SSH-Bruteforce
53414,6,7,456,0,7,0,1,BENIGN
33240,6,20,29200,0,20,0,0,BENIGN
9960,6,4,240,4,0,0,0,PortScan
40448,6,7,406,7,7,0,0,SSH-Bruteforce
40360,6,4,240,4,0,0,0,PortScan
0,1,20,1200,0,0,0,0,DoS-ICMP
22,6,20,1200,19,0,1,0,SSH-Bruteforce
80,6,20,1200,20,0,0,0,DoS-SYN-Flood
80,17,20,1200,0,0,0,0,DoS-UDP
80,6,20,1480,20,0,0,0,DoS-HTTP
0,1,20,1200,0,0,0,0,DoS-ICMP
80,6,20,1200,20,0,0,0,DoS-SYN-Flood
80,6,20,1200,20,0,0,0,DoS-SYN-Flood
80,6,20,1200,20,0,0,0,DoS-SYN-Flood
0,1,20,840,0,0,0,0,DoS-ICMP
80,17,20,1200,0,0,0,0,DoS-UDP
80,17,20,1200,0,0,0,0,DoS-UDP
80,6,20,1200,20,0,0,0,DoS-SYN-Flood
80,6,20,1200,20,0,0,0,DoS-SYN-Flood
0,1,20,840,0,0,0,0,DoS-ICMP
22115,6,2,120,2,0,0,0,PortScan
9801,6,5,290,5,5,0,0,SSH-Bruteforce
42373,6,5,290,5,5,0,0,SSH-Bruteforce
29855,6,2,120,2,0,0,0,PortScan
80,17,20,1200,0,0,0,0,DoS-UDP
80,6,20,1200,20,0,0,0,DoS-SYN-Flood
80,17,20,1200,0,0,0,0,DoS-UDP
80,17,20,1200,0,0,0,0,DoS-UDP
36520,17,20,27980,0,0,0,0,BENIGN
80,17,20,1200,0,0,0,0,DoS-UDP
46994,6,2,120,2,0,0,0,PortScan
80,17,20,1200,0,0,0,0,DoS-UDP
80,17,20,1200,0,0,0,0,DoS-UDP
80,17,20,1200,0,0,0,0,DoS-UDP
47896,6,4,240,4,0,0,0,PortScan
80,6,20,1200,20,0,0,0,DoS-SYN-Flood
80,6,20,1200,20,0,0,0,DoS-SYN-Flood
19384,6,10,580,10,10,0,0,SSH-Bruteforce
51067,6,8,464,8,8,0,0,SSH-Bruteforce
0,1,20,840,0,0,0,0,DoS-ICMP
29424,6,2,120,2,0,0,0,PortScan
80,6,20,1200,20,0,0,0,DoS-SYN-Flood
53314,6,4,240,4,0,0,0,PortScan
80,6,20,1480,20,0,0,0,DoS-HTTP
2711,6,6,348,6,6,0,0,SSH-Bruteforce
22,6,20,1200,0,0,20,0,SSH-Bruteforce
80,17,20,1200,0,0,0,0,DoS-UDP
0,1,20,1200,0,0,0,0,DoS-ICMP
80,6,20,1480,20,0,0,0,DoS-HTTP
10608,6,4,240,4,0,0,0,PortScan
80,6,20,1480,20,0,0,0,DoS-HTTP
0,1,20,1200,0,0,0,0,DoS-ICMP
48272,6,9,522,9,9,0,0,SSH-Bruteforce
0,1,20,1200,0,0,0,0,DoS-ICMP
12483,6,6,360,6,0,0,0,PortScan
80,6,20,1480,20,0,0,0,DoS-HTTP
55694,6,12,1942,1,12,0,0,BENIGN
80,6,20,1200,20,0,0,0,DoS-SYN-Flood
80,17,20,1200,0,0,0,0,DoS-UDP
80,17,20,1200,0,0,0,0,DoS-UDP
56327,6,4,240,4,0,0,0,PortScan
0,1,20,840,0,0,0,0,DoS-ICMP
80,17,20,1200,0,0,0,0,DoS-UDP
15474,6,2,120,2,0,0,0,PortScan
80,17,20,1200,0,0,0,0,DoS-UDP
80,6,20,1200,20,0,0,0,DoS-SYN-Flood
80,6,20,1480,20,0,0,0,DoS-HTTP
80,6,20,1480,20,0,0,0,DoS-HTTP
22,6,20,1200,20,0,0,0,SSH-Bruteforce
33195,6,4,240,4,0,0,0,PortScan
0,1,20,840,0,0,0,0,DoS-ICMP
80,6,20,1480,20,0,0,0,DoS-HTTP
80,6,20,1200,20,0,0,0,DoS-SYN-Flood
80,6,20,1480,20,0,0,0,DoS-HTTP
32734,6,4,240,4,0,0,0,PortScan
0,1,20,1200,0,0,0,0,DoS-ICMP
0,1,20,1200,0,0,0,0,DoS-ICMP
80,17,20,1200,0,0,0,0,DoS-UDP
49965,6,8,464,8,8,0,0,SSH-Bruteforce
0,1,20,1200,0,0,0,0,DoS-ICMP
60516,6,20,28623,0,20,0,0,BENIGN
80,17,20,1200,0,0,0,0,DoS-UDP
80,17,20,1200,0,0,0,0,DoS-UDP
16376,6,4,240,4,0,0,0,PortScan
80,6,20,1480,20,0,0,0,DoS-HTTP
22306,6,2,120,2,0,0,0,PortScan
443,6,1,60,0,1,0,1,BENIGN
80,6,20,1200,20,0,0,0,DoS-SYN-Flood
53308,6,20,29200,0,20,0,0,BENIGN
0,1,20,840,0,0,0,0,DoS-ICMP
80,6,20,1480,20,0,0,0,DoS-HTTP
62496,6,6,348,6,6,0,0,SSH-Bruteforce
80,6,20,1200,20,0,0,0,DoS-SYN-Flood
39171,6,5,290,5,5,0,0,SSH-Bruteforce
22,6,20,1200,15,0,5,0,SSH-Bruteforce
0,1,20,840,0,0,0,0,DoS-ICMP
0,1,20,1200,0,0,0,0,DoS-ICMP
80,6,20,1200,20,0,0,0,DoS-SYN-Flood
80,6,20,1480,20,0,0,0,DoS-HTTP
80,6,20,1480,20,0,0,0,DoS-HTTP
80,17,20,1200,0,0,0,0,DoS-UDP
0,1,20,840,0,0,0,0,DoS-ICMP
56902,6,7,406,7,7,0,0,SSH-Bruteforce
0,1,20,840,0,0,0,0,DoS-ICMP
0,1,20,840,0,0,0,0,DoS-ICMP
80,6,20,1200,20,0,0,0,DoS-SYN-Flood
443,17,20,4262,0,0,0,0,BENIGN
80,17,20,1200,0,0,0,0,DoS-UDP
54829,17,20,27980,0,0,0,0,BENIGN
0,1,20,1200,0,0,0,0,DoS-ICMP
36180,6,4,240,4,0,0,0,PortScan
0,1,20,1200,0,0,0,0,DoS-ICMP
0,1,20,840,0,0,0,0,DoS-ICMP
80,6,20,1200,20,0,0,0,DoS-SYN-Flood
43603,6,8,464,8,8,0,0,SSH-Bruteforce
80,17,20,1200,0,0,0,0,DoS-UDP
80,17,20,1200,0,0,0,0,DoS-UDP
24382,6,6,348,6,6,0,0,SSH-Bruteforce
56483,6,4,240,4,0,0,0,PortScan
48045,6,9,522,9,9,0,0,SSH-Bruteforce
80,6,20,1200,20,0,0,0,DoS-SYN-Flood
80,6,20,1480,20,0,0,0,DoS-HTTP
52547,6,8,464,8,8,0,0,SSH-Bruteforce
80,17,20,1200,0,0,0,0,DoS-UDP
36520,17,20,27980,0,0,0,0,BENIGN
0,1,20,840,0,0,0,0,DoS-ICMP
80,17,20,1200,0,0,0,0,DoS-UDP
80,6,20,1480,20,0,0,0,DoS-HTTP
80,17,20,1200,0,0,0,0,DoS-UDP
0,1,20,1200,0,0,0,0,DoS-ICMP
80,17,20,1200,0,0,0,0,DoS-UDP
80,6,20,1200,20,0,0,0,DoS-SYN-Flood
47473,6,4,240,4,0,0,0,PortScan
80,6,20,1480,20,0,0,0,DoS-HTTP
80,17,20,1200,0,0,0,0,DoS-UDP
33240,6,20,28780,0,20,0,0,BENIGN
21217,6,2,120,2,0,0,0,PortScan
80,6,20,1480,20,0,0,0,DoS-HTTP
80,6,20,1480,20,0,0,0,DoS-HTTP
14346,6,4,240,4,0,0,0,PortScan
443,17,20,1605,0,0,0,0,BENIGN
59633,6,6,348,6,6,0,0,SSH-Bruteforce
80,6,20,1480,20,0,0,0,DoS-HTTP
22,6,20,1200,20,0,0,0,SSH-Bruteforce
22,6,20,1200,11,0,9,0,SSH-Bruteforce
80,17,20,1200,0,0,0,0,DoS-UDP
0,1,20,840,0,0,0,0,DoS-ICMP
16407,6,7,406,7,7,0,0,SSH-Bruteforce
63551,6,4,240,4,0,0,0,PortScan
80,17,20,1200,0,0,0,0,DoS-UDP
56252,6,2,120,2,0,0,0,PortScan
80,17,20,1200,0,0,0,0,DoS-UDP
80,6,20,1480,20,0,0,0,DoS-HTTP
29556,6,4,240,4,0,0,0,PortScan
4630,6,4,240,4,0,0,0,PortScan
20742,6,4,240,4,0,0,0,PortScan
80,6,20,1200,20,0,0,0,DoS-SYN-Flood
12560,6,4,240,4,0,0,0,PortScan
22,6,20,1200,20,0,0,0,SSH-Bruteforce
0,1,20,840,0,0,0,0,DoS-ICMP
40276,6,4,240,4,0,0,0,PortScan
80,17,20,1200,0,0,0,0,DoS-UDP
0,1,20,1200,0,0,0,0,DoS-ICMP
22,6,20,1200,0,0,20,0,SSH-Bruteforce
36520,17,20,27980,0,0,0,0,BENIGN
80,6,20,1480,20,0,0,0,DoS-HTTP
80,6,20,1200,20,0,0,0,DoS-SYN-Flood
0,1,20,1200,0,0,0,0,DoS-ICMP
0,1,20,1200,0,0,0,0,DoS-ICMP
0,1,20,1200,0,0,0,0,DoS-ICMP
80,17,20,1200,0,0,0,0,DoS-UDP
80,6,20,1480,20,0,0,0,DoS-HTTP
22,6,20,1200,20,0,0,0,SSH-Bruteforce
22,6,20,1200,20,0,0,0,SSH-Bruteforce
0,1,20,1200,0,0,0,0,DoS-ICMP
45750,6,2,120,2,0,0,0,PortScan
0,1,20,1200,0,0,0,0,DoS-ICMP
80,6,20,1480,20,0,0,0,DoS-HTTP
22,6,20,1200,1,0,19,0,SSH-Bruteforce
80,17,20,1200,0,0,0,0,DoS-UDP
0,1,20,840,0,0,0,0,DoS-ICMP
80,6,20,1480,20,0,0,0,DoS-HTTP
63211,6,6,348,6,6,0,0,SSH-Bruteforce
80,6,20,1480,20,0,0,0,DoS-HTTP
26906,6,8,464,8,8,0,0,SSH-Bruteforce
80,6,20,1200,20,0,0,0,DoS-SYN-Flood
33446,6,7,406,7,7,0,0,SSH-Bruteforce
29202,6,4,240,4,0,0,0,PortScan
10789,6,8,464,8,8,0,0,SSH-Bruteforce
0,1,20,840,0,0,0,0,DoS-ICMP
80,17,20,1200,0,0,0,0,DoS-UDP
80,6,20,1200,20,0,0,0,DoS-SYN-Flood
80,17,20,1200,0,0,0,0,DoS-UDP
80,6,20,1480,20,0,0,0,DoS-HTTP
80,6,20,1480,20,0,0,0,DoS-HTTP
60886,6,20,19340,0,20,0,0,BENIGN
80,6,20,1480,20,0,0,0,DoS-HTTP
47935,6,2,120,2,0,0,0,PortScan
7182,6,4,240,4,0,0,0,PortScan
48561,6,4,240,4,0,0,0,PortScan
80,6,20,1480,20,0,0,0,DoS-HTTP
13708,6,4,240,4,0,0,0,PortScan
4671,6,8,464,8,8,0,0,SSH-Bruteforce
0,1,20,840,0,0,0,0,DoS-ICMP
80,6,20,1200,20,0,0,0,DoS-SYN-Flood
0,1,20,1200,0,0,0,0,DoS-ICMP
80,6,20,1480,20,0,0,0,DoS-HTTP
80,17,20,1200,0,0,0,0,DoS-UDP
80,17,20,1200,0,0,0,0,DoS-UDP
80,17,20,1200,0,0,0,0,DoS-UDP
80,17,20,1200,0,0,0,0,DoS-UDP
50319,6,2,120,2,0,0,0,PortScan
11270,6,6,360,6,0,0,0,PortScan
7906,6,4,240,4,0,0,0,PortScan
34801,6,5,290,5,5,0,0,SSH-Bruteforce
31523,6,8,464,8,8,0,0,SSH-Bruteforce
65226,6,9,522,9,9,0,0,SSH-Bruteforce
22,6,20,1200,20,0,0,0,SSH-Bruteforce
42173,6,8,464,8,8,0,0,SSH-Bruteforce
36520,17,20,27980,0,0,0,0,BENIGN
22,6,20,1200,20,0,0,0,SSH-Bruteforce
24823,6,2,120,2,0,0,0,PortScan
80,6,20,1480,20,0,0,0,DoS-HTTP
80,6,20,1480,20,0,0,0,DoS-HTTP
23420,6,7,406,7,7,0,0,SSH-Bruteforce
80,17,20,1200,0,0,0,0,DoS-UDP
80,6,20,1480,20,0,0,0,DoS-HTTP
22,6,20,1200,1,0,19,0,SSH-Bruteforce
80,6,20,1480,20,0,0,0,DoS-HTTP
0,1,20,840,0,0,0,0,DoS-ICMP
47361,6,4,240,4,0,0,0,PortScan
38883,6,8,464,8,8,0,0,SSH-Bruteforce
0,1,20,1200,0,0,0,0,DoS-ICMP
80,17,20,1200,0,0,0,0,DoS-UDP
80,17,20,1200,0,0,0,0,DoS-UDP
2326,6,7,406,7,7,0,0,SSH-Bruteforce
80,6,20,1480,20,0,0,0,DoS-HTTP
0,1,20,1200,0,0,0,0,DoS-ICMP
80,17,20,1200,0,0,0,0,DoS-UDP
80,17,20,1200,0,0,0,0,DoS-UDP
80,6,20,1480,20,0,0,0,DoS-HTTP
80,6,20,1200,20,0,0,0,DoS-SYN-Flood
80,6,20,1200,20,0,0,0,DoS-SYN-Flood
80,6,20,1200,20,0,0,0,DoS-SYN-Flood
22,6,20,1200,0,0,20,0,SSH-Bruteforce
80,6,20,1480,20,0,0,0,DoS-HTTP
3247,6,6,360,6,0,0,0,PortScan
80,6,20,1200,20,0,0,0,DoS-SYN-Flood
63725,6,2,120,2,0,0,0,PortScan
54228,6,5,290,5,5,0,0,SSH-Bruteforce
40888,6,2,120,2,0,0,0,PortScan
43992,17,20,27980,0,0,0,0,BENIGN
80,6,20,1480,20,0,0,0,DoS-HTTP
80,6,20,1480,20,0,0,0,DoS-HTTP
80,6,20,1480,20,0,0,0,DoS-HTTP
80,6,20,1480,20,0,0,0,DoS-HTTP
80,17,20,1200,0,0,0,0,DoS-UDP
80,17,20,1200,0,0,0,0,DoS-UDP
80,17,20,1200,0,0,0,0,DoS-UDP
80,17,20,1200,0,0,0,0,DoS-UDP
80,17,20,1200,0,0,0,0,DoS-UDP
9741,6,4,240,4,0,0,0,PortScan
59859,6,4,240,4,0,0,0,PortScan
61753,6,6,348,6,6,0,0,SSH-Bruteforce
80,6,20,1480,20,0,0,0,DoS-HTTP
47094,17,20,27980,0,0,0,0,BENIGN
0,1,20,1200,0,0,0,0,DoS-ICMP
41684,6,2,120,2,0,0,0,PortScan
12661,6,9,522,9,9,0,0,SSH-Bruteforce
80,17,20,1200,0,0,0,0,DoS-UDP
80,6,20,1480,20,0,0,0,DoS-HTTP
80,6,20,1200,20,0,0,0,DoS-SYN-Flood
80,6,20,1200,20,0,0,0,DoS-SYN-Flood
80,6,20,1200,20,0,0,0,DoS-SYN-Flood
43378,6,4,240,4,0,0,0,PortScan
58767,6,7,406,7,7,0,0,SSH-Bruteforce
0,1,20,840,0,0,0,0,DoS-ICMP
80,17,20,1200,0,0,0,0,DoS-UDP
80,6,20,1480,20,0,0,0,DoS-HTTP
42649,6,2,120,2,0,0,0,PortScan
443,17,20,6358,0,0,0,0,BENIGN
2461,6,5,290,5,5,0,0,SSH-Bruteforce
62079,6,4,240,4,0,0,0,PortScan
0,1,20,1200,0,0,0,0,DoS-ICMP
22,6,20,1200,13,0,7,0,SSH-Bruteforce
22,6,20,1200,1,0,19,0,SSH-Bruteforce
62304,6,7,406,7,7,0,0,SSH-Bruteforce
210,6,4,240,4,0,0,0,PortScan
49274,6,10,580,10,10,0,0,SSH-Bruteforce
80,6,20,1200,20,0,0,0,DoS-SYN-Flood
22,6,20,1200,20,0,0,0,SSH-Bruteforce
53308,6,20,29200,0,20,0,0,BENIGN
17472,6,6,348,6,6,0,0,SSH-Bruteforce
80,17,20,1200,0,0,0,0,DoS-UDP
80,6,20,1200,20,0,0,0,DoS-SYN-Flood
80,6,20,1200,20,0,0,0,DoS-SYN-Flood
41591,6,4,240,4,0,0,0,PortScan
80,6,20,1200,20,0,0,0,DoS-SYN-Flood
80,6,20,1200,20,0,0,0,DoS-SYN-Flood
80,17,20,1200,0,0,0,0,DoS-UDP
0,1,20,1200,0,0,0,0,DoS-ICMP
9068,6,7,406,7,7,0,0,SSH-Bruteforce
0,1,20,1200,0,0,0,0,DoS-ICMP
56894,6,2,120,2,0,0,0,PortScan
80,17,20,1200,0,0,0,0,DoS-UDP
80,6,20,1480,20,0,0,0,DoS-HTTP
80,6,20,1200,20,0,0,0,DoS-SYN-Flood
80,6,20,1200,20,0,0,0,DoS-SYN-Flood
80,6,20,1200,20,0,0,0,DoS-SYN-Flood
0,1,20,840,0,0,0,0,DoS-ICMP
43343,6,2,120,2,0,0,0,PortScan
80,6,20,1480,20,0,0,0,DoS-HTTP
37983,6,2,120,2,0,0,0,PortScan
16949,6,2,120,2,0,0,0,PortScan
22,6,20,1200,0,0,20,0,SSH-Bruteforce
80,6,20,1480,20,0,0,0,DoS-HTTP
443,17,3,308,0,0,0,0,BENIGN
0,1,20,840,0,0,0,0,DoS-ICMP
0,1,20,840,0,0,0,0,DoS-ICMP
15573,6,2,120,2,0,0,0,PortScan
80,6,20,1200,20,0,0,0,DoS-SYN-Flood
80,17,20,1200,0,0,0,0,DoS-UDP
80,17,20,1200,0,0,0,0,DoS-UDP
0,1,20,1200,0,0,0,0,DoS-ICMP
80,6,20,1200,20,0,0,0,DoS-SYN-Flood
80,17,20,1200,0,0,0,0,DoS-UDP
34361,6,10,580,10,10,0,0,SSH-Bruteforce
24543,6,2,120,2,0,0,0,PortScan
0,1,20,1200,0,0,0,0,DoS-ICMP
80,17,20,1200,0,0,0,0,DoS-UDP
14456,6,8,464,8,8,0,0,SSH-Bruteforce
80,6,20,1480,20,0,0,0,DoS-HTTP
80,6,20,1200,20,0,0,0,DoS-SYN-Flood
22212,6,2,120,2,0,0,0,PortScan
53272,6,20,29380,0,20,0,0,BENIGN
18105,6,2,120,2,0,0,0,PortScan
0,1,20,840,0,0,0,0,DoS-ICMP
701,6,6,360,6,0,0,0,PortScan
36520,17,20,27980,0,0,0,0,BENIGN
80,17,20,1200,0,0,0,0,DoS-UDP
80,6,20,1200,20,0,0,0,DoS-SYN-Flood
80,17,20,1200,0,0,0,0,DoS-UDP
80,6,20,1480,20,0,0,0,DoS-HTTP
80,6,20,1480,20,0,0,0,DoS-HTTP
0,1,20,840,0,0,0,0,DoS-ICMP
0,1,20,1200,0,0,0,0,DoS-ICMP
80,17,20,1200,0,0,0,0,DoS-UDP
80,6,20,1200,20,0,0,0,DoS-SYN-Flood
0,1,20,840,0,0,0,0,DoS-ICMP
22,6,20,1200,20,0,0,0,SSH-Bruteforce
36520,17,20,27980,0,0,0,0,BENIGN
0,1,20,840,0,0,0,0,DoS-ICMP
0,1,20,1200,0,0,0,0,DoS-ICMP
8211,6,4,240,4,0,0,0,PortScan
80,6,20,1200,20,0,0,0,DoS-SYN-Flood
22,6,20,1200,20,0,0,0,SSH-Bruteforce
53258,6,20,30280,0,20,0,0,BENIGN
64411,6,5,290,5,5,0,0,SSH-Bruteforce
80,6,20,1200,20,0,0,0,DoS-SYN-Flood
80,17,20,1200,0,0,0,0,DoS-UDP
0,1,20,1200,0,0,0,0,DoS-ICMP
39902,17,20,27980,0,0,0,0,BENIGN
80,6,20,1200,20,0,0,0,DoS-SYN-Flood
80,6,20,1480,20,0,0,0,DoS-HTTP
22399,6,11,638,11,11,0,0,SSH-Bruteforce
41836,6,10,580,10,10,0,0,SSH-Bruteforce
56422,6,10,580,10,10,0,0,SSH-Bruteforce
443,6,20,10310,0,20,0,0,BENIGN
80,6,20,1480,20,0,0,0,DoS-HTTP
80,17,20,1200,0,0,0,0,DoS-UDP
80,6,20,1480,20,0,0,0,DoS-HTTP
80,6,20,1480,20,0,0,0,DoS-HTTP
29881,6,2,120,2,0,0,0,PortScan
0,1,20,1200,0,0,0,0,DoS-ICMP
0,1,20,1200,0,0,0,0,DoS-ICMP
80,6,20,1200,20,0,0,0,DoS-SYN-Flood
0,1,20,1200,0,0,0,0,DoS-ICMP
80,17,20,1200,0,0,0,0,DoS-UDP
22,6,20,1200,20,0,0,0,SSH-Bruteforce
80,17,20,1200,0,0,0,0,DoS-UDP
22,6,20,1200,20,0,0,0,SSH-Bruteforce
0,1,20,1200,0,0,0,0,DoS-ICMP
80,6,20,1200,20,0,0,0,DoS-SYN-Flood
0,1,20,1200,0,0,0,0,DoS-ICMP
39402,6,4,240,4,0,0,0,PortScan
0,1,20,840,0,0,0,0,DoS-ICMP
80,6,20,1480,20,0,0,0,DoS-HTTP
80,6,3,180,0,3,0,1,BENIGN
80,6,20,1200,20,0,0,0,DoS-SYN-Flood
21727,6,2,120,2,0,0,0,PortScan
80,17,20,1200,0,0,0,0,DoS-UDP
0,1,20,840,0,0,0,0,DoS-ICMP
23004,6,8,464,8,8,0,0,SSH-Bruteforce
80,6,20,1200,20,0,0,0,DoS-SYN-Flood
80,6,20,1480,20,0,0,0,DoS-HTTP
56972,6,8,464,8,8,0,0,SSH-Bruteforce
41954,6,4,240,4,0,0,0,PortScan
53308,6,20,29080,0,20,0,0,BENIGN
80,6,20,1480,20,0,0,0,DoS-HTTP
59911,6,7,406,7,7,0,0,SSH-Bruteforce
47222,6,2,120,2,0,0,0,PortScan
58053,17,2,310,0,0,0,0,BENIGN
16413,6,7,406,7,7,0,0,SSH-Bruteforce
80,17,20,1200,0,0,0,0,DoS-UDP
80,17,20,1200,0,0,0,0,DoS-UDP
37917,6,4,240,4,0,0,0,PortScan
80,6,20,1480,20,0,0,0,DoS-HTTP
36520,17,20,27980,0,0,0,0,BENIGN
80,6,20,1480,20,0,0,0,DoS-HTTP
45447,17,20,27979,0,0,0,0,BENIGN
46873,6,2,120,2,0,0,0,PortScan
0,1,20,1200,0,0,0,0,DoS-ICMP
0,1,20,1200,0,0,0,0,DoS-ICMP
0,1,20,1200,0,0,0,0,DoS-ICMP
80,6,20,1480,20,0,0,0,DoS-HTTP
0,1,20,1200,0,0,0,0,DoS-ICMP
80,6,20,1480,20,0,0,0,DoS-HTTP
22,6,20,1200,20,0,0,0,SSH-Bruteforce
14594,6,4,232,4,4,0,0,SSH-Bruteforce
80,17,20,1200,0,0,0,0,DoS-UDP
80,17,20,1200,0,0,0,0,DoS-UDP
80,6,20,1480,20,0,0,0,DoS-HTTP
17194,6,2,120,2,0,0,0,PortScan
32134,6,4,240,4,0,0,0,PortScan
32422,6,7,406,7,7,0,0,SSH-Bruteforce
6386,6,4,240,4,0,0,0,PortScan
0,1,20,1200,0,0,0,0,DoS-ICMP
0,1,20,840,0,0,0,0,DoS-ICMP
80,17,20,1200,0,0,0,0,DoS-UDP
80,6,20,1480,20,0,0,0,DoS-HTTP
80,6,20,1200,20,0,0,0,DoS-SYN-Flood
80,6,20,1480,20,0,0,0,DoS-HTTP
0,1,20,1200,0,0,0,0,DoS-ICMP
0,1,20,1200,0,0,0,0,DoS-ICMP
80,6,20,1200,20,0,0,0,DoS-SYN-Flood
80,6,20,1200,20,0,0,0,DoS-SYN-Flood
80,6,20,1480,20,0,0,0,DoS-HTTP
0,1,20,1200,0,0,0,0,DoS-ICMP
0,1,20,1200,0,0,0,0,DoS-ICMP
49258,6,8,464,8,8,0,0,SSH-Bruteforce
80,6,20,1480,20,0,0,0,DoS-HTTP
80,17,20,1200,0,0,0,0,DoS-UDP
0,1,20,1200,0,0,0,0,DoS-ICMP
23527,6,4,240,4,0,0,0,PortScan
0,1,20,1200,0,0,0,0,DoS-ICMP
80,6,20,1200,20,0,0,0,DoS-SYN-Flood
0,1,20,1200,0,0,0,0,DoS-ICMP
0,1,20,1200,0,0,0,0,DoS-ICMP
8134,6,10,580,10,10,0,0,SSH-Bruteforce
80,17,20,1200,0,0,0,0,DoS-UDP
22,6,20,1200,0,0,20,0,SSH-Bruteforce
32205,6,4,240,4,0,0,0,PortScan
33008,6,5,290,5,5,0,0,SSH-Bruteforce
80,6,20,1200,20,0,0,0,DoS-SYN-Flood
0,1,20,840,0,0,0,0,DoS-ICMP
80,6,20,1200,20,0,0,0,DoS-SYN-Flood
0,1,20,840,0,0,0,0,DoS-ICMP
443,6,7,720,0,7,0,0,BENIGN
51122,6,2,120,2,0,0,0,PortScan
80,6,20,1200,20,0,0,0,DoS-SYN-Flood
22,6,20,1200,20,0,0,0,SSH-Bruteforce
57002,6,7,406,7,7,0,0,SSH-Bruteforce
22,6,20,1200,2,0,18,0,SSH-Bruteforce
80,17,20,1200,0,0,0,0,DoS-UDP
80,6,20,1480,20,0,0,0,DoS-HTTP
36520,17,20,27980,0,0,0,0,BENIGN
0,1,20,1200,0,0,0,0,DoS-ICMP
13643,6,6,360,6,0,0,0,PortScan
80,6,20,1200,20,0,0,0,DoS-SYN-Flood
80,17,20,1200,0,0,0,0,DoS-UDP
80,6,20,1480,20,0,0,0,DoS-HTTP
80,17,20,1200,0,0,0,0,DoS-UDP
80,6,20,1200,20,0,0,0,DoS-SYN-Flood
80,6,20,1200,20,0,0,0,DoS-SYN-Flood
0,1,20,840,0,0,0,0,DoS-ICMP
80,6,20,1200,20,0,0,0,DoS-SYN-Flood
18612,6,2,120,2,0,0,0,PortScan
80,6,20,1200,20,0,0,0,DoS-SYN-Flood
0,1,20,1200,0,0,0,0,DoS-ICMP
80,6,20,1200,20,0,0,0,DoS-SYN-Flood
22,6,20,1200,20,0,0,0,SSH-Bruteforce
22,6,20,1200,4,0,16,0,SSH-Bruteforce
80,6,20,1200,20,0,0,0,DoS-SYN-Flood
36520,17,20,27980,0,0,0,0,BENIGN
45654,6,6,348,6,6,0,0,SSH-Bruteforce
52442,6,2,120,2,0,0,0,PortScan
80,6,20,1200,20,0,0,0,DoS-SYN-Flood
29242,6,2,120,2,0,0,0,PortScan
80,6,20,1200,20,0,0,0,DoS-SYN-Flood
10760,6,6,360,6,0,0,0,PortScan
80,6,20,1480,20,0,0,0,DoS-HTTP
80,17,20,1200,0,0,0,0,DoS-UDP
36520,17,20,27980,0,0,0,0,BENIGN
0,1,20,1200,0,0,0,0,DoS-ICMP
80,6,20,1480,20,0,0,0,DoS-HTTP
60287,6,5,290,5,5,0,0,SSH-Bruteforce
34637,6,4,240,4,0,0,0,PortScan
9239,6,4,240,4,0,0,0,PortScan
80,17,20,1200,0,0,0,0,DoS-UDP
59459,6,4,240,4,0,0,0,PortScan
35894,6,15,870,15,15,0,0,SSH-Bruteforce
49050,6,4,240,4,0,0,0,PortScan
36520,17,20,27980,0,0,0,0,BENIGN
80,6,20,1200,20,0,0,0,DoS-SYN-Flood
36520,17,20,27980,0,0,0,0,BENIGN
80,6,20,1480,20,0,0,0,DoS-HTTP
22,6,20,1200,20,0,0,0,SSH-Bruteforce
6405,6,9,522,9,9,0,0,SSH-Bruteforce
12883,6,9,522,9,9,0,0,SSH-Bruteforce
23459,6,4,240,4,0,0,0,PortScan
80,17,20,1200,0,0,0,0,DoS-UDP
80,17,20,1200,0,0,0,0,DoS-UDP
80,6,20,1480,20,0,0,0,DoS-HTTP
14542,6,6,360,6,0,0,0,PortScan
22,6,20,1200,6,0,14,0,SSH-Bruteforce
80,17,20,1200,0,0,0,0,DoS-UDP
80,6,20,1200,20,0,0,0,DoS-SYN-Flood
58571,6,2,120,2,0,0,0,PortScan
42440,17,11,13441,0,0,0,0,BENIGN
42186,6,2,120,2,0,0,0,PortScan
60886,6,20,28960,0,20,0,0,BENIGN
80,6,20,1480,20,0,0,0,DoS-HTTP
80,6,20,1480,20,0,0,0,DoS-HTTP
0,1,20,840,0,0,0,0,DoS-ICMP
80,6,20,1200,20,0,0,0,DoS-SYN-Flood
80,6,20,1200,20,0,0,0,DoS-SYN-Flood
80,17,20,1200,0,0,0,0,DoS-UDP
80,6,20,1200,20,0,0,0,DoS-SYN-Flood
80,17,20,1200,0,0,0,0,DoS-UDP
80,6,20,1200,20,0,0,0,DoS-SYN-Flood
80,17,20,1200,0,0,0,0,DoS-UDP
80,6,20,1200,20,0,0,0,DoS-SYN-Flood
1243,6,6,360,6,0,0,0,PortScan
80,6,20,1200,20,0,0,0,DoS-SYN-Flood
80,6,20,1200,20,0,0,0,DoS-SYN-Flood
46398,17,20,27980,0,0,0,0,BENIGN
0,1,20,840,0,0,0,0,DoS-ICMP
33037,6,4,240,4,0,0,0,PortScan
80,6,20,1200,20,0,0,0,DoS-SYN-Flood
3416,6,4,240,4,0,0,0,PortScan
80,17,20,1200,0,0,0,0,DoS-UDP
0,1,20,1200,0,0,0,0,DoS-ICMP
37241,6,4,240,4,0,0,0,PortScan
80,6,20,1480,20,0,0,0,DoS-HTTP
0,1,20,840,0,0,0,0,DoS-ICMP
0,1,20,840,0,0,0,0,DoS-ICMP
80,6,20,1480,20,0,0,0,DoS-HTTP
4075,6,6,348,6,6,0,0,SSH-Bruteforce
35098,6,10,580,10,10,0,0,SSH-Bruteforce
0,1,20,1200,0,0,0,0,DoS-ICMP
80,6,20,1480,20,0,0,0,DoS-HTTP
80,6,20,1480,20,0,0,0,DoS-HTTP
80,6,20,1200,20,0,0,0,DoS-SYN-Flood
22,6,20,1200,20,0,0,0,SSH-Bruteforce
80,17,20,1200,0,0,0,0,DoS-UDP
0,1,20,1200,0,0,0,0,DoS-ICMP
18069,6,8,464,8,8,0,0,SSH-Bruteforce
0,1,20,1200,0,0,0,0,DoS-ICMP
0,1,20,1200,0,0,0,0,DoS-ICMP
17455,6,4,240,4,0,0,0,PortScan
80,17,20,1200,0,0,0,0,DoS-UDP
80,6,20,1200,20,0,0,0,DoS-SYN-Flood
80,6,20,1200,20,0,0,0,DoS-SYN-Flood
27594,6,2,120,2,0,0,0,PortScan
80,6,20,1200,20,0,0,0,DoS-SYN-Flood
80,6,20,1200,20,0,0,0,DoS-SYN-Flood
64611,6,2,120,2,0,0,0,PortScan
80,6,20,1200,20,0,0,0,DoS-SYN-Flood
31129,6,7,406,7,7,0,0,SSH-Bruteforce
80,6,20,1480,20,0,0,0,DoS-HTTP
0,1,20,840,0,0,0,0,DoS-ICMP
80,17,20,1200,0,0,0,0,DoS-UDP
443,6,20,5176,0,20,0,0,BENIGN
443,17,20,5852,0,0,0,0,BENIGN
9408,6,9,522,9,9,0,0,SSH-Bruteforce
0,1,20,1200,0,0,0,0,DoS-ICMP
61808,6,6,348,6,6,0,0,SSH-Bruteforce
80,17,20,1200,0,0,0,0,DoS-UDP
36211,6,2,120,2,0,0,0,PortScan
80,6,20,1200,20,0,0,0,DoS-SYN-Flood
22751,6,8,464,8,8,0,0,SSH-Bruteforce
47810,6,2,120,2,0,0,0,PortScan
80,6,20,1200,20,0,0,0,DoS-SYN-Flood
80,6,20,1480,20,0,0,0,DoS-HTTP
80,6,20,1200,20,0,0,0,DoS-SYN-Flood
80,6,20,1480,20,0,0,0,DoS-HTTP
10697,6,6,360,6,0,0,0,PortScan
0,1,20,1200,0,0,0,0,DoS-ICMP
80,6,20,1200,20,0,0,0,DoS-SYN-Flood
0,1,20,840,0,0,0,0,DoS-ICMP
80,6,20,1480,20,0,0,0,DoS-HTTP
0,1,20,840,0,0,0,0,DoS-ICMP
80,6,20,1200,20,0,0,0,DoS-SYN-Flood
80,6,20,1200,20,0,0,0,DoS-SYN-Flood
80,6,20,1200,20,0,0,0,DoS-SYN-Flood
36520,17,20,27980,0,0,0,0,BENIGN
22,6,20,1200,0,0,20,0,SSH-Bruteforce
80,17,20,1200,0,0,0,0,DoS-UDP
0,1,20,1200,0,0,0,0,DoS-ICMP
22,6,20,1200,20,0,0,0,SSH-Bruteforce
64545,6,5,290,5,5,0,0,SSH-Bruteforce
80,6,20,1200,20,0,0,0,DoS-SYN-Flood
80,6,20,1480,20,0,0,0,DoS-HTTP
22,6,20,1200,19,0,1,0,SSH-Bruteforce
22,6,20,1200,0,0,20,0,SSH-Bruteforce
80,6,20,1200,20,0,0,0,DoS-SYN-Flood
80,17,20,1200,0,0,0,0,DoS-UDP
46765,6,2,120,2,0,0,0,PortScan
0,1,20,840,0,0,0,0,DoS-ICMP
48231,6,1,58,1,1,0,0,PortScan
80,17,20,1200,0,0,0,0,DoS-UDP
33240,6,20,28840,0,20,0,0,BENIGN
0,1,20,1200,0,0,0,0,DoS-ICMP
80,6,20,1200,20,0,0,0,DoS-SYN-Flood
0,1,20,1200,0,0,0,0,DoS-ICMP
80,17,20,1200,0,0,0,0,DoS-UDP
42904,17,20,18895,0,0,0,0,BENIGN
22,6,20,1200,20,0,0,0,SSH-Bruteforce
80,17,20,1200,0,0,0,0,DoS-UDP
22,6,20,1200,17,0,3,0,SSH-Bruteforce
43992,17,20,27980,0,0,0,0,BENIGN
80,6,20,1200,20,0,0,0,DoS-SYN-Flood
0,1,20,840,0,0,0,0,DoS-ICMP
30520,6,2,120,2,0,0,0,PortScan
38237,6,4,240,4,0,0,0,PortScan
0,1,20,1200,0,0,0,0,DoS-ICMP
80,6,20,1200,20,0,0,0,DoS-SYN-Flood
26478,6,2,120,2,0,0,0,PortScan
64100,6,2,120,2,0,0,0,PortScan
5760,6,8,464,8,8,0,0,SSH-Bruteforce
19004,6,4,240,4,0,0,0,PortScan
80,6,20,1480,20,0,0,0,DoS-HTTP
0,1,20,1200,0,0,0,0,DoS-ICMP
80,17,20,1200,0,0,0,0,DoS-UDP
22,6,20,1200,20,0,0,0,SSH-Bruteforce
0,1,20,1200,0,0,0,0,DoS-ICMP
39833,6,2,120,2,0,0,0,PortScan
22367,6,4,240,4,0,0,0,PortScan
80,6,20,1480,20,0,0,0,DoS-HTTP
80,6,20,1200,20,0,0,0,DoS-SYN-Flood
80,6,20,1480,20,0,0,0,DoS-HTTP
1808,6,3,174,3,3,0,0,SSH-Bruteforce
80,17,20,1200,0,0,0,0,DoS-UDP
80,6,20,1200,20,0,0,0,DoS-SYN-Flood
38203,6,4,240,4,0,0,0,PortScan
80,17,20,1200,0,0,0,0,DoS-UDP
80,17,20,1200,0,0,0,0,DoS-UDP
36520,17,20,27980,0,0,0,0,BENIGN
80,6,20,1480,20,0,0,0,DoS-HTTP
53067,6,12,696,12,12,0,0,SSH-Bruteforce
80,6,20,1480,20,0,0,0,DoS-HTTP
80,6,20,1480,20,0,0,0,DoS-HTTP
0,1,20,840,0,0,0,0,DoS-ICMP
80,17,20,1200,0,0,0,0,DoS-UDP
22,6,20,1200,0,0,20,0,SSH-Bruteforce
80,17,20,1200,0,0,0,0,DoS-UDP
22,6,20,1200,9,0,11,0,SSH-Bruteforce
80,6,20,1200,20,0,0,0,DoS-SYN-Flood
80,6,20,1480,20,0,0,0,DoS-HTTP
22,6,20,1200,10,0,10,0,SSH-Bruteforce
36520,17,20,27980,0,0,0,0,BENIGN
36520,17,20,27980,0,0,0,0,BENIGN
46953,6,9,522,9,9,0,0,SSH-Bruteforce
80,17,20,1200,0,0,0,0,DoS-UDP
32318,6,2,120,2,0,0,0,PortScan
80,6,20,1200,20,0,0,0,DoS-SYN-Flood
22,6,20,1200,0,0,20,0,SSH-Bruteforce
22,6,20,1200,20,0,0,0,SSH-Bruteforce
80,6,20,1480,20,0,0,0,DoS-HTTP
0,1,20,1200,0,0,0,0,DoS-ICMP
80,6,20,1200,20,0,0,0,DoS-SYN-Flood
10419,6,8,464,8,8,0,0,SSH-Bruteforce
80,6,20,1200,20,0,0,0,DoS-SYN-Flood
80,17,20,1200,0,0,0,0,DoS-UDP
22,6,20,1200,0,0,20,0,SSH-Bruteforce
80,17,20,1200,0,0,0,0,DoS-UDP
80,17,20,1200,0,0,0,0,DoS-UDP
47805,17,1,90,0,0,0,0,BENIGN
80,6,20,1480,20,0,0,0,DoS-HTTP
36520,17,20,26582,0,0,0,0,BENIGN
7864,6,4,240,4,0,0,0,PortScan
17966,6,4,240,4,0,0,0,PortScan
47201,6,7,406,7,7,0,0,SSH-Bruteforce
0,1,20,840,0,0,0,0,DoS-ICMP
37912,6,2,120,2,0,0,0,PortScan
80,17,20,1200,0,0,0,0,DoS-UDP
23938,6,2,120,2,0,0,0,PortScan
0,1,20,840,0,0,0,0,DoS-ICMP
22,6,20,1200,20,0,0,0,SSH-Bruteforce
80,6,20,1480,20,0,0,0,DoS-HTTP
51916,6,6,348,6,6,0,0,SSH-Bruteforce
80,6,20,1200,20,0,0,0,DoS-SYN-Flood
62652,6,4,240,4,0,0,0,PortScan
0,1,20,840,0,0,0,0,DoS-ICMP
0,1,20,1200,0,0,0,0,DoS-ICMP
53308,6,20,28900,0,20,0,0,BENIGN
80,6,20,1200,20,0,0,0,DoS-SYN-Flood
59253,6,4,240,4,0,0,0,PortScan
226,6,4,240,4,0,0,0,PortScan
5761,6,4,240,4,0,0,0,PortScan
22,6,20,1200,1,0,19,0,SSH-Bruteforce
80,6,20,1480,20,0,0,0,DoS-HTTP
80,6,20,1200,20,0,0,0,DoS-SYN-Flood
80,17,20,1200,0,0,0,0,DoS-UDP
63825,6,2,120,2,0,0,0,PortScan
80,6,20,1200,20,0,0,0,DoS-SYN-Flood
45447,17,20,27980,0,0,0,0,BENIGN
80,6,20,1200,20,0,0,0,DoS-SYN-Flood
22,6,20,1200,9,0,11,0,SSH-Bruteforce
34188,6,2,120,2,0,0,0,PortScan
80,6,20,1480,20,0,0,0,DoS-HTTP
80,6,20,1480,20,0,0,0,DoS-HTTP
80,6,20,1480,20,0,0,0,DoS-HTTP
0,1,20,1200,0,0,0,0,DoS-ICMP
80,6,20,1480,20,0,0,0,DoS-HTTP
80,6,20,1200,20,0,0,0,DoS-SYN-Flood
80,17,20,1200,0,0,0,0,DoS-UDP
80,6,20,1200,20,0,0,0,DoS-SYN-Flood
80,17,20,1200,0,0,0,0,DoS-UDP
80,17,20,1200,0,0,0,0,DoS-UDP
80,17,20,1200,0,0,0,0,DoS-UDP
7045,6,6,348,6,6,0,0,SSH-Bruteforce
80,17,20,1200,0,0,0,0,DoS-UDP
80,17,20,1200,0,0,0,0,DoS-UDP
80,17,20,1200,0,0,0,0,DoS-UDP
80,6,20,1480,20,0,0,0,DoS-HTTP
80,6,20,1480,20,0,0,0,DoS-HTTP
36520,17,20,27980,0,0,0,0,BENIGN
0,1,20,840,0,0,0,0,DoS-ICMP
53060,6,2,120,2,0,0,0,PortScan
18743,6,2,120,2,0,0,0,PortScan
26467,6,6,348,6,6,0,0,SSH-Bruteforce
80,6,20,1480,20,0,0,0,DoS-HTTP
80,6,20,1200,20,0,0,0,DoS-SYN-Flood
49614,6,2,120,2,0,0,0,PortScan
0,1,20,1200,0,0,0,0,DoS-ICMP
80,6,20,1200,20,0,0,0,DoS-SYN-Flood
80,6,20,1480,20,0,0,0,DoS-HTTP
80,6,20,1480,20,0,0,0,DoS-HTTP
52461,6,2,120,2,0,0,0,PortScan
22,6,20,1200,0,0,20,0,SSH-Bruteforce
25108,6,2,120,2,0,0,0,PortScan
53253,6,2,120,2,0,0,0,PortScan
80,17,20,1200,0,0,0,0,DoS-UDP
80,6,20,1200,20,0,0,0,DoS-SYN-Flood
0,1,20,840,0,0,0,0,DoS-ICMP
22,6,20,1200,5,0,15,0,SSH-Bruteforce
18630,6,4,240,4,0,0,0,PortScan
0,1,20,840,0,0,0,0,DoS-ICMP
80,17,20,1200,0,0,0,0,DoS-UDP
0,1,20,1200,0,0,0,0,DoS-ICMP
80,17,20,1200,0,0,0,0,DoS-UDP
63890,6,7,406,7,7,0,0,SSH-Bruteforce
80,6,20,1200,20,0,0,0,DoS-SYN-Flood
80,17,20,1200,0,0,0,0,DoS-UDP
80,17,20,1200,0,0,0,0,DoS-UDP
80,6,20,1480,20,0,0,0,DoS-HTTP
0,1,20,840,0,0,0,0,DoS-ICMP
80,17,20,1200,0,0,0,0,DoS-UDP
36520,17,20,27980,0,0,0,0,BENIGN
80,17,20,1200,0,0,0,0,DoS-UDP
80,6,20,1200,20,0,0,0,DoS-SYN-Flood
51256,6,9,522,9,9,0,0,SSH-Bruteforce
80,17,20,1200,0,0,0,0,DoS-UDP
36520,17,20,27980,0,0,0,0,BENIGN
80,17,20,1200,0,0,0,0,DoS-UDP
22,6,20,1200,20,0,0,0,SSH-Bruteforce
50496,6,9,1390,1,9,0,0,BENIGN
53237,6,8,464,8,8,0,0,SSH-Bruteforce
53654,6,4,240,4,0,0,0,PortScan
29402,6,4,240,4,0,0,0,PortScan
80,6,20,1200,20,0,0,0,DoS-SYN-Flood
36520,17,20,27980,0,0,0,0,BENIGN
80,17,20,1200,0,0,0,0,DoS-UDP
58100,6,2,120,2,0,0,0,PortScan
80,6,20,1480,20,0,0,0,DoS-HTTP
55522,6,2,120,2,0,0,0,PortScan
0,1,20,840,0,0,0,0,DoS-ICMP
80,6,20,1200,20,0,0,0,DoS-SYN-Flood
22,6,20,1200,0,0,20,0,SSH-Bruteforce
0,1,20,1200,0,0,0,0,DoS-ICMP
0,1,20,1200,0,0,0,0,DoS-ICMP
1184,6,4,240,4,0,0,0,PortScan
80,6,20,1200,20,0,0,0,DoS-SYN-Flood
0,1,20,840,0,0,0,0,DoS-ICMP
80,6,20,1200,20,0,0,0,DoS-SYN-Flood
80,17,20,1200,0,0,0,0,DoS-UDP
443,6,12,2290,1,11,0,0,BENIGN
80,17,20,1200,0,0,0,0,DoS-UDP
20501,6,2,120,2,0,0,0,PortScan
3183,6,7,406,7,7,0,0,SSH-Bruteforce
46674,6,4,240,4,0,0,0,PortScan
0,1,20,1200,0,0,0,0,DoS-ICMP
0,1,20,840,0,0,0,0,DoS-ICMP
33240,6,20,28720,0,20,0,0,BENIGN
80,17,20,1200,0,0,0,0,DoS-UDP
80,6,20,1480,20,0,0,0,DoS-HTTP
80,6,20,1200,20,0,0,0,DoS-SYN-Flood
80,17,20,1200,0,0,0,0,DoS-UDP
80,17,20,1200,0,0,0,0,DoS-UDP
0,1,20,840,0,0,0,0,DoS-ICMP
38484,6,7,406,7,7,0,0,SSH-Bruteforce
51681,6,2,120,2,0,0,0,PortScan
80,17,20,1200,0,0,0,0,DoS-UDP
8347,6,7,406,7,7,0,0,SSH-Bruteforce
1042,6,4,240,4,0,0,0,PortScan
80,6,20,1200,20,0,0,0,DoS-SYN-Flood
80,17,20,1200,0,0,0,0,DoS-UDP
22,6,20,1200,8,0,12,0,SSH-Bruteforce
0,1,20,840,0,0,0,0,DoS-ICMP
80,17,20,1200,0,0,0,0,DoS-UDP
43678,17,20,20550,0,0,0,0,BENIGN
80,17,20,1200,0,0,0,0,DoS-UDP
80,6,20,1480,20,0,0,0,DoS-HTTP
0,1,20,1200,0,0,0,0,DoS-ICMP
11589,6,4,240,4,0,0,0,PortScan
80,6,20,1200,20,0,0,0,DoS-SYN-Flood
2521,6,4,240,4,0,0,0,PortScan
0,1,20,840,0,0,0,0,DoS-ICMP
22,6,20,1200,20,0,0,0,SSH-Bruteforce
36520,17,20,27980,0,0,0,0,BENIGN
0,1,20,1200,0,0,0,0,DoS-ICMP
80,17,20,1200,0,0,0,0,DoS-UDP
0,1,20,1200,0,0,0,0,DoS-ICMP
80,6,20,1200,20,0,0,0,DoS-SYN-Flood
443,6,20,2464,0,20,0,0,BENIGN
0,1,20,1200,0,0,0,0,DoS-ICMP
0,1,20,840,0,0,0,0,DoS-ICMP
80,17,20,1200,0,0,0,0,DoS-UDP
80,17,20,1200,0,0,0,0,DoS-UDP
80,6,20,1200,20,0,0,0,DoS-SYN-Flood
36520,17,20,23266,0,0,0,0,BENIGN
0,1,20,1200,0,0,0,0,DoS-ICMP
22,6,20,1200,0,0,20,0,SSH-Bruteforce
80,6,20,1200,20,0,0,0,DoS-SYN-Flood
80,6,20,1480,20,0,0,0,DoS-HTTP
47822,6,20,29224,0,20,0,0,BENIGN
80,6,20,1200,20,0,0,0,DoS-SYN-Flood
80,6,20,1480,20,0,0,0,DoS-HTTP
34086,6,2,120,2,0,0,0,PortScan
80,6,20,1200,20,0,0,0,DoS-SYN-Flood
80,17,20,1200,0,0,0,0,DoS-UDP
80,17,20,1200,0,0,0,0,DoS-UDP
80,6,20,1200,20,0,0,0,DoS-SYN-Flood
33592,6,2,120,2,0,0,0,PortScan
0,1,20,1200,0,0,0,0,DoS-ICMP
34250,6,2,120,2,0,0,0,PortScan
22,6,20,1200,0,0,20,0,SSH-Bruteforce
80,6,20,1200,20,0,0,0,DoS-SYN-Flood
53258,6,20,29651,0,20,0,0,BENIGN
80,6,20,1480,20,0,0,0,DoS-HTTP
80,17,20,1200,0,0,0,0,DoS-UDP
62980,6,7,406,7,7,0,0,SSH-Bruteforce
0,1,20,1200,0,0,0,0,DoS-ICMP
80,6,20,1200,20,0,0,0,DoS-SYN-Flood
22,6,20,1200,0,0,20,0,SSH-Bruteforce
80,6,20,1200,20,0,0,0,DoS-SYN-Flood
15404,6,2,120,2,0,0,0,PortScan
35410,6,2,120,2,0,0,0,PortScan
80,6,20,1480,20,0,0,0,DoS-HTTP
2221,6,4,240,4,0,0,0,PortScan
54847,6,8,464,8,8,0,0,SSH-Bruteforce
80,6,20,1200,20,0,0,0,DoS-SYN-Flood
53308,6,20,29080,0,20,0,0,BENIGN
80,17,20,1200,0,0,0,0,DoS-UDP
80,6,20,1200,20,0,0,0,DoS-SYN-Flood
80,6,20,1200,20,0,0,0,DoS-SYN-Flood
80,17,20,1200,0,0,0,0,DoS-UDP
0,1,20,1200,0,0,0,0,DoS-ICMP
80,6,20,1200,20,0,0,0,DoS-SYN-Flood
9547,6,4,240,4,0,0,0,PortScan
23974,6,2,120,2,0,0,0,PortScan
80,6,20,1200,20,0,0,0,DoS-SYN-Flood
80,17,20,1200,0,0,0,0,DoS-UDP
80,6,20,1480,20,0,0,0,DoS-HTTP
23283,6,4,240,4,0,0,0,PortScan
80,6,20,1480,20,0,0,0,DoS-HTTP
80,6,20,1200,20,0,0,0,DoS-SYN-Flood
0,1,20,840,0,0,0,0,DoS-ICMP
80,6,20,1480,20,0,0,0,DoS-HTTP
80,17,20,1200,0,0,0,0,DoS-UDP
59334,17,1,121,0,0,0,0,BENIGN
80,6,20,1200,20,0,0,0,DoS-SYN-Flood
0,1,20,1200,0,0,0,0,DoS-ICMP
22,6,20,1200,19,0,1,0,SSH-Bruteforce
80,17,20,1200,0,0,0,0,DoS-UDP
80,17,20,1200,0,0,0,0,DoS-UDP
25451,6,6,348,6,6,0,0,SSH-Bruteforce
80,17,20,1200,0,0,0,0,DoS-UDP
0,1,20,840,0,0,0,0,DoS-ICMP
80,17,20,1200,0,0,0,0,DoS-UDP
547,6,4,240,4,0,0,0,PortScan
80,6,20,1480,20,0,0,0,DoS-HTTP
14717,6,8,464,8,8,0,0,SSH-Bruteforce
80,17,20,1200,0,0,0,0,DoS-UDP
80,17,20,1200,0,0,0,0,DoS-UDP
80,6,20,1480,20,0,0,0,DoS-HTTP
0,1,20,1200,0,0,0,0,DoS-ICMP
80,6,20,1480,20,0,0,0,DoS-HTTP
0,1,20,840,0,0,0,0,DoS-ICMP
80,6,20,1480,20,0,0,0,DoS-HTTP
11075,6,6,360,6,0,0,0,PortScan
80,6,20,1480,20,0,0,0,DoS-HTTP
80,6,20,1200,20,0,0,0,DoS-SYN-Flood
36520,17,20,27980,0,0,0,0,BENIGN
80,6,20,1200,20,0,0,0,DoS-SYN-Flood
0,1,20,1200,0,0,0,0,DoS-ICMP
22,6,20,1200,20,0,0,0,SSH-Bruteforce
80,6,20,1480,20,0,0,0,DoS-HTTP
45447,17,12,15544,0,0,0,0,BENIGN
80,17,20,1200,0,0,0,0,DoS-UDP
80,17,20,1200,0,0,0,0,DoS-UDP
80,6,20,1480,20,0,0,0,DoS-HTTP
41308,17,20,27980,0,0,0,0,BENIGN
0,1,20,840,0,0,0,0,DoS-ICMP
80,6,20,1200,20,0,0,0,DoS-SYN-Flood
63899,6,5,290,5,5,0,0,SSH-Bruteforce
43678,17,20,27980,0,0,0,0,BENIGN
80,6,20,1480,20,0,0,0,DoS-HTTP
80,6,20,1200,20,0,0,0,DoS-SYN-Flood
0,1,20,1200,0,0,0,0,DoS-ICMP
80,6,20,1200,20,0,0,0,DoS-SYN-Flood
0,1,20,840,0,0,0,0,DoS-ICMP
80,6,20,1200,20,0,0,0,DoS-SYN-Flood
54189,6,2,120,2,0,0,0,PortScan
50032,6,4,240,4,0,0,0,PortScan
31325,6,6,348,6,6,0,0,SSH-Bruteforce
36520,17,20,27980,0,0,0,0,BENIGN
80,6,20,1200,20,0,0,0,DoS-SYN-Flood
0,1,20,1200,0,0,0,0,DoS-ICMP
80,6,20,1200,20,0,0,0,DoS-SYN-Flood
1805,6,6,360,6,0,0,0,PortScan
39744,6,2,120,2,0,0,0,PortScan
22,6,20,1200,0,0,20,0,SSH-Bruteforce
22626,6,4,240,4,0,0,0,PortScan
80,17,20,1200,0,0,0,0,DoS-UDP
0,1,20,840,0,0,0,0,DoS-ICMP
80,6,20,1200,20,0,0,0,DoS-SYN-Flood
36403,6,2,120,2,0,0,0,PortScan
80,17,20,1200,0,0,0,0,DoS-UDP
48904,6,2,120,2,0,0,0,PortScan
80,6,20,1480,20,0,0,0,DoS-HTTP
13705,6,9,522,9,9,0,0,SSH-Bruteforce
0,1,20,1200,0,0,0,0,DoS-ICMP
24879,6,2,120,2,0,0,0,PortScan
6332,6,4,240,4,0,0,0,PortScan
0,1,20,1200,0,0,0,0,DoS-ICMP
80,6,20,1480,20,0,0,0,DoS-HTTP
33240,6,20,29380,0,20,0,0,BENIGN
36112,6,4,240,4,0,0,0,PortScan
0,1,20,840,0,0,0,0,DoS-ICMP
80,6,20,1200,20,0,0,0,DoS-SYN-Flood
80,6,20,1200,20,0,0,0,DoS-SYN-Flood
44654,6,2,120,2,0,0,0,PortScan
33214,6,4,240,4,0,0,0,PortScan
55692,6,17,4734,1,17,0,1,BENIGN
41308,17,20,27980,0,0,0,0,BENIGN
18911,6,7,406,7,7,0,0,SSH-Bruteforce
17980,6,2,120,2,0,0,0,PortScan
17522,6,3,174,3,3,0,0,SSH-Bruteforce
0,1,20,840,0,0,0,0,DoS-ICMP
22,6,20,1200,1,0,19,0,SSH-Bruteforce
32356,6,2,120,2,0,0,0,PortScan
80,6,20,1200,20,0,0,0,DoS-SYN-Flood
80,6,20,1200,20,0,0,0,DoS-SYN-Flood
80,6,20,1200,20,0,0,0,DoS-SYN-Flood
80,17,20,1200,0,0,0,0,DoS-UDP
0,1,20,1200,0,0,0,0,DoS-ICMP
80,17,20,1200,0,0,0,0,DoS-UDP
12492,6,6,360,6,0,0,0,PortScan
80,6,20,1480,20,0,0,0,DoS-HTTP
80,6,20,1200,20,0,0,0,DoS-SYN-Flood
33595,17,20,16722,0,0,0,0,BENIGN
80,17,20,1200,0,0,0,0,DoS-UDP
0,1,20,1200,0,0,0,0,DoS-ICMP
40750,6,8,464,8,8,0,0,SSH-Bruteforce
60516,6,20,28251,0,20,0,0,BENIGN
17276,6,6,348,6,6,0,0,SSH-Bruteforce
80,6,20,1200,20,0,0,0,DoS-SYN-Flood
21707,6,4,240,4,0,0,0,PortScan
80,17,20,1200,0,0,0,0,DoS-UDP
53296,6,20,29080,0,20,0,0,BENIGN
0,1,20,1200,0,0,0,0,DoS-ICMP
0,1,20,1200,0,0,0,0,DoS-ICMP
80,17,20,1200,0,0,0,0,DoS-UDP
0,1,20,1200,0,0,0,0,DoS-ICMP
42904,17,20,27980,0,0,0,0,BENIGN
80,6,20,1200,20,0,0,0,DoS-SYN-Flood
80,6,20,1200,20,0,0,0,DoS-SYN-Flood
0,1,20,840,0,0,0,0,DoS-ICMP
80,6,20,1200,20,0,0,0,DoS-SYN-Flood
52079,6,2,120,2,0,0,0,PortScan
38033,6,7,406,7,7,0,0,SSH-Bruteforce
22,6,20,1200,0,0,20,0,SSH-Bruteforce
80,6,20,1480,20,0,0,0,DoS-HTTP
45646,6,8,464,8,8,0,0,SSH-Bruteforce
80,6,20,1480,20,0,0,0,DoS-HTTP
26237,6,2,120,2,0,0,0,PortScan
80,6,20,1480,20,0,0,0,DoS-HTTP
80,6,20,1480,20,0,0,0,DoS-HTTP
25387,6,2,120,2,0,0,0,PortScan
80,6,20,1200,20,0,0,0,DoS-SYN-Flood
80,17,20,1200,0,0,0,0,DoS-UDP
80,6,20,1200,20,0,0,0,DoS-SYN-Flood
80,6,20,1480,20,0,0,0,DoS-HTTP
80,6,20,1480,20,0,0,0,DoS-HTTP
80,6,20,1480,20,0,0,0,DoS-HTTP
0,1,20,840,0,0,0,0,DoS-ICMP
80,17,20,1200,0,0,0,0,DoS-UDP
80,17,20,1200,0,0,0,0,DoS-UDP
55099,6,2,120,2,0,0,0,PortScan
53296,6,20,30279,0,20,0,0,BENIGN
46398,17,20,27980,0,0,0,0,BENIGN
80,6,20,1480,20,0,0,0,DoS-HTTP
30188,6,7,406,7,7,0,0,SSH-Bruteforce
1402,6,6,360,6,0,0,0,PortScan
19172,6,9,522,9,9,0,0,SSH-Bruteforce
80,6,20,1480,20,0,0,0,DoS-HTTP
36520,17,20,27980,0,0,0,0,BENIGN
80,6,20,1200,20,0,0,0,DoS-SYN-Flood
8993,6,4,240,4,0,0,0,PortScan
31426,6,8,464,8,8,0,0,SSH-Bruteforce
80,17,20,1200,0,0,0,0,DoS-UDP
80,6,20,1200,20,0,0,0,DoS-SYN-Flood
0,1,20,1200,0,0,0,0,DoS-ICMP
57839,6,4,240,4,0,0,0,PortScan
443,17,20,13697,0,0,0,0,BENIGN
80,17,20,1200,0,0,0,0,DoS-UDP
22,6,20,1200,20,0,0,0,SSH-Bruteforce
80,6,20,1480,20,0,0,0,DoS-HTTP
80,6,20,1480,20,0,0,0,DoS-HTTP
53296,6,20,29080,0,20,0,0,BENIGN
80,6,20,1480,20,0,0,0,DoS-HTTP
80,17,20,1200,0,0,0,0,DoS-UDP
80,6,20,1480,20,0,0,0,DoS-HTTP
80,6,20,1200,20,0,0,0,DoS-SYN-Flood
0,1,20,1200,0,0,0,0,DoS-ICMP
0,1,20,1200,0,0,0,0,DoS-ICMP
443,6,20,2463,0,20,0,0,BENIGN
80,6,20,1480,20,0,0,0,DoS-HTTP
28829,6,4,240,4,0,0,0,PortScan
80,17,20,1200,0,0,0,0,DoS-UDP
80,17,20,1200,0,0,0,0,DoS-UDP
80,6,20,1200,20,0,0,0,DoS-SYN-Flood
52195,6,4,232,4,4,0,0,SSH-Bruteforce
80,17,20,1200,0,0,0,0,DoS-UDP
39518,6,4,240,4,0,0,0,PortScan
0,1,20,840,0,0,0,0,DoS-ICMP
43389,6,2,120,2,0,0,0,PortScan
19309,6,2,120,2,0,0,0,PortScan
0,1,20,840,0,0,0,0,DoS-ICMP
80,6,20,1480,20,0,0,0,DoS-HTTP
80,6,20,1480,20,0,0,0,DoS-HTTP
3451,6,4,240,4,0,0,0,PortScan
80,6,20,1200,20,0,0,0,DoS-SYN-Flood
45205,6,11,638,11,11,0,0,SSH-Bruteforce
14521,6,6,360,6,0,0,0,PortScan
80,6,20,1200,20,0,0,0,DoS-SYN-Flood
46265,6,6,348,6,6,0,0,SSH-Bruteforce
45019,6,4,240,4,0,0,0,PortScan
80,17,20,1200,0,0,0,0,DoS-UDP
0,1,20,840,0,0,0,0,DoS-ICMP
80,17,20,1200,0,0,0,0,DoS-UDP
53324,6,2,120,2,0,0,0,PortScan
80,6,20,1200,20,0,0,0,DoS-SYN-Flood
39571,6,4,240,4,0,0,0,PortScan
80,17,20,1200,0,0,0,0,DoS-UDP
42182,6,5,290,5,5,0,0,SSH-Bruteforce
80,17,20,1200,0,0,0,0,DoS-UDP
80,17,20,1200,0,0,0,0,DoS-UDP
22,6,20,1200,0,0,20,0,SSH-Bruteforce
80,6,20,1480,20,0,0,0,DoS-HTTP
80,17,20,1200,0,0,0,0,DoS-UDP
80,6,20,1480,20,0,0,0,DoS-HTTP
22,6,20,1200,2,0,18,0,SSH-Bruteforce
54829,17,20,27980,0,0,0,0,BENIGN
80,6,20,1480,20,0,0,0,DoS-HTTP
80,17,20,1200,0,0,0,0,DoS-UDP
0,1,20,840,0,0,0,0,DoS-ICMP
80,17,20,1200,0,0,0,0,DoS-UDP
80,6,20,1480,20,0,0,0,DoS-HTTP
80,6,20,1480,20,0,0,0,DoS-HTTP
586,6,6,360,6,0,0,0,PortScan
0,1,20,1200,0,0,0,0,DoS-ICMP
50080,6,9,522,9,9,0,0,SSH-Bruteforce
3177,6,6,360,6,0,0,0,PortScan
48623,6,6,348,6,6,0,0,SSH-Bruteforce
80,6,20,1200,20,0,0,0,DoS-SYN-Flood
22,6,20,1200,0,0,20,0,SSH-Bruteforce
80,17,20,1200,0,0,0,0,DoS-UDP
48782,6,20,29080,0,20,0,0,BENIGN
22,6,20,1200,1,0,19,0,SSH-Bruteforce
10777,6,7,406,7,7,0,0,SSH-Bruteforce
80,6,20,1200,20,0,0,0,DoS-SYN-Flood
48214,6,2,120,2,0,0,0,PortScan
80,6,20,1480,20,0,0,0,DoS-HTTP
80,6,20,1200,20,0,0,0,DoS-SYN-Flood
23405,6,4,240,4,0,0,0,PortScan
9226,6,4,240,4,0,0,0,PortScan
80,6,20,1480,20,0,0,0,DoS-HTTP
51452,6,2,120,2,0,0,0,PortScan
22,6,20,1200,0,0,20,0,SSH-Bruteforce
80,17,20,1200,0,0,0,0,DoS-UDP
80,17,20,1200,0,0,0,0,DoS-UDP
36520,17,20,27980,0,0,0,0,BENIGN
37178,6,4,240,4,0,0,0,PortScan
41308,17,20,27980,0,0,0,0,BENIGN
38657,6,4,240,4,0,0,0,PortScan
34575,17,2,198,0,0,0,0,BENIGN
80,6,20,1200,20,0,0,0,DoS-SYN-Flood
31928,6,2,120,2,0,0,0,PortScan
19779,6,6,348,6,6,0,0,SSH-Bruteforce
80,6,20,1200,20,0,0,0,DoS-SYN-Flood
0,1,20,1200,0,0,0,0,DoS-ICMP
0,1,20,840,0,0,0,0,DoS-ICMP
80,6,20,1480,20,0,0,0,DoS-HTTP
80,6,20,1200,20,0,0,0,DoS-SYN-Flood
51502,6,10,580,10,10,0,0,SSH-Bruteforce
80,6,20,1480,20,0,0,0,DoS-HTTP
0,1,20,840,0,0,0,0,DoS-ICMP
80,6,20,1200,20,0,0,0,DoS-SYN-Flood
29370,6,2,120,2,0,0,0,PortScan
443,6,5,384,0,5,0,1,BENIGN
80,6,20,1200,20,0,0,0,DoS-SYN-Flood
34603,6,4,240,4,0,0,0,PortScan
80,17,20,1200,0,0,0,0,DoS-UDP
80,6,20,1480,20,0,0,0,DoS-HTTP
0,1,20,840,0,0,0,0,DoS-ICMP
0,1,20,840,0,0,0,0,DoS-ICMP
0,1,20,1200,0,0,0,0,DoS-ICMP
18542,6,2,120,2,0,0,0,PortScan
0,1,20,1200,0,0,0,0,DoS-ICMP
22,6,20,1200,20,0,0,0,SSH-Bruteforce
80,6,20,1480,20,0,0,0,DoS-HTTP
0,1,20,1200,0,0,0,0,DoS-ICMP
80,6,20,1200,20,0,0,0,DoS-SYN-Flood
80,17,20,1200,0,0,0,0,DoS-UDP
80,6,20,1200,20,0,0,0,DoS-SYN-Flood
80,17,20,1200,0,0,0,0,DoS-UDP
80,6,20,1200,20,0,0,0,DoS-SYN-Flood
36520,17,20,27980,0,0,0,0,BENIGN
54590,6,2,120,2,0,0,0,PortScan
80,6,20,1200,20,0,0,0,DoS-SYN-Flood
34244,6,9,522,9,9,0,0,SSH-Bruteforce
80,17,20,1200,0,0,0,0,DoS-UDP
0,1,20,840,0,0,0,0,DoS-ICMP
80,6,20,1480,20,0,0,0,DoS-HTTP
80,6,20,1480,20,0,0,0,DoS-HTTP
80,6,20,1480,20,0,0,0,DoS-HTTP
54829,17,20,27980,0,0,0,0,BENIGN
0,1,20,1200,0,0,0,0,DoS-ICMP
0,1,20,1200,0,0,0,0,DoS-ICMP
80,6,20,1200,20,0,0,0,DoS-SYN-Flood
80,6,20,1480,20,0,0,0,DoS-HTTP
80,6,20,1200,20,0,0,0,DoS-SYN-Flood
22,6,20,1200,0,0,20,0,SSH-Bruteforce
80,6,20,1480,20,0,0,0,DoS-HTTP
80,17,20,1200,0,0,0,0,DoS-UDP
36520,17,20,27980,0,0,0,0,BENIGN
40538,6,2,120,2,0,0,0,PortScan
80,6,20,1200,20,0,0,0,DoS-SYN-Flood
80,17,20,1200,0,0,0,0,DoS-UDP
80,17,20,1200,0,0,0,0,DoS-UDP
59161,6,10,580,10,10,0,0,SSH-Bruteforce
22,6,20,1200,0,0,20,0,SSH-Bruteforce
39898,6,12,696,12,12,0,0,SSH-Bruteforce
0,1,20,840,0,0,0,0,DoS-ICMP
80,6,20,1200,20,0,0,0,DoS-SYN-Flood
22,6,20,1200,0,0,20,0,SSH-Bruteforce
0,1,20,1200,0,0,0,0,DoS-ICMP
57858,6,9,522,9,9,0,0,SSH-Bruteforce
80,17,20,1200,0,0,0,0,DoS-UDP
80,17,20,1200,0,0,0,0,DoS-UDP
80,6,20,1200,20,0,0,0,DoS-SYN-Flood
43852,6,4,240,4,0,0,0,PortScan
80,17,20,1200,0,0,0,0,DoS-UDP
80,17,20,1200,0,0,0,0,DoS-UDP
53539,6,11,638,11,11,0,0,SSH-Bruteforce
80,6,20,1480,20,0,0,0,DoS-HTTP
18386,6,4,240,4,0,0,0,PortScan
0,1,20,1200,0,0,0,0,DoS-ICMP
0,1,20,1200,0,0,0,0,DoS-ICMP
80,6,20,1200,20,0,0,0,DoS-SYN-Flood
62429,6,4,232,4,4,0,0,SSH-Bruteforce
18234,6,9,522,9,9,0,0,SSH-Bruteforce
80,17,20,1200,0,0,0,0,DoS-UDP
80,17,20,1200,0,0,0,0,DoS-UDP
80,17,20,1200,0,0,0,0,DoS-UDP
43009,6,7,406,7,7,0,0,SSH-Bruteforce
80,6,20,1480,20,0,0,0,DoS-HTTP
0,1,20,840,0,0,0,0,DoS-ICMP
0,1,20,1200,0,0,0,0,DoS-ICMP
80,6,20,1200,20,0,0,0,DoS-SYN-Flood
45188,6,10,580,10,10,0,0,SSH-Bruteforce
80,6,20,1480,20,0,0,0,DoS-HTTP
27338,6,2,120,2,0,0,0,PortScan
80,6,20,1200,20,0,0,0,DoS-SYN-Flood
80,6,20,1200,20,0,0,0,DoS-SYN-Flood
0,1,20,1200,0,0,0,0,DoS-ICMP
21132,6,7,406,7,7,0,0,SSH-Bruteforce
2364,6,6,348,6,6,0,0,SSH-Bruteforce
51704,6,12,1630,1,12,0,0,BENIGN
5045,6,9,522,9,9,0,0,SSH-Bruteforce
80,6,20,1480,20,0,0,0,DoS-HTTP
80,6,20,1480,20,0,0,0,DoS-HTTP
80,6,20,1480,20,0,0,0,DoS-HTTP
443,17,20,1494,0,0,0,0,BENIGN
44803,6,8,464,8,8,0,0,SSH-Bruteforce
80,6,20,1480,20,0,0,0,DoS-HTTP
80,6,20,1480,20,0,0,0,DoS-HTTP
0,1,20,840,0,0,0,0,DoS-ICMP
80,6,20,1480,20,0,0,0,DoS-HTTP
60490,6,9,522,9,9,0,0,SSH-Bruteforce
0,1,20,1200,0,0,0,0,DoS-ICMP
0,1,20,840,0,0,0,0,DoS-ICMP
0,1,20,840,0,0,0,0,DoS-ICMP
60886,6,20,30280,0,20,0,0,BENIGN
80,17,20,1200,0,0,0,0,DoS-UDP
62732,6,6,348,6,6,0,0,SSH-Bruteforce
80,6,20,1480,20,0,0,0,DoS-HTTP
19633,6,2,120,2,0,0,0,PortScan
443,6,20,12646,0,20,0,0,BENIGN
443,17,20,1503,0,0,0,0,BENIGN
80,6,20,1200,20,0,0,0,DoS-SYN-Flood
80,6,20,1200,20,0,0,0,DoS-SYN-Flood
51016,6,5,290,5,5,0,0,SSH-Bruteforce
45323,6,2,120,2,0,0,0,PortScan
62037,6,6,348,6,6,0,0,SSH-Bruteforce
80,6,20,1200,20,0,0,0,DoS-SYN-Flood
80,6,20,1200,20,0,0,0,DoS-SYN-Flood
60886,6,20,27620,0,20,0,0,BENIGN
80,6,20,1480,20,0,0,0,DoS-HTTP
0,1,20,1200,0,0,0,0,DoS-ICMP
6277,6,4,240,4,0,0,0,PortScan
16475,6,6,348,6,6,0,0,SSH-Bruteforce
80,6,20,1200,20,0,0,0,DoS-SYN-Flood
80,17,20,1200,0,0,0,0,DoS-UDP
80,17,20,1200,0,0,0,0,DoS-UDP
65436,6,6,348,6,6,0,0,SSH-Bruteforce
80,6,20,1480,20,0,0,0,DoS-HTTP
11496,6,4,240,4,0,0,0,PortScan
80,17,20,1200,0,0,0,0,DoS-UDP
0,1,20,840,0,0,0,0,DoS-ICMP
0,1,20,840,0,0,0,0,DoS-ICMP
80,6,20,1480,20,0,0,0,DoS-HTTP
80,6,20,1480,20,0,0,0,DoS-HTTP
80,17,20,1200,0,0,0,0,DoS-UDP
22,6,20,1200,20,0,0,0,SSH-Bruteforce
0,1,20,1200,0,0,0,0,DoS-ICMP
80,6,20,1480,20,0,0,0,DoS-HTTP
34554,6,14,5464,1,14,1,0,BENIGN
0,1,20,840,0,0,0,0,DoS-ICMP
22,6,20,1200,20,0,0,0,SSH-Bruteforce
80,6,20,1480,20,0,0,0,DoS-HTTP
80,6,20,1200,20,0,0,0,DoS-SYN-Flood
7466,6,4,240,4,0,0,0,PortScan
29984,6,7,406,7,7,0,0,SSH-Bruteforce
80,17,20,1200,0,0,0,0,DoS-UDP
0,1,20,840,0,0,0,0,DoS-ICMP
80,17,20,1200,0,0,0,0,DoS-UDP
80,6,20,1200,20,0,0,0,DoS-SYN-Flood
80,17,20,1200,0,0,0,0,DoS-UDP
48784,6,1,54,0,1,1,0,BENIGN
52192,6,5,290,5,5,0,0,SSH-Bruteforce
80,6,20,1200,20,0,0,0,DoS-SYN-Flood
0,1,20,840,0,0,0,0,DoS-ICMP
0,1,20,1200,0,0,0,0,DoS-ICMP
80,6,20,1200,20,0,0,0,DoS-SYN-Flood
55235,6,4,240,4,0,0,0,PortScan
53414,6,20,15018,1,20,0,0,BENIGN
51592,6,7,406,7,7,0,0,SSH-Bruteforce
80,6,20,1480,20,0,0,0,DoS-HTTP
0,1,20,840,0,0,0,0,DoS-ICMP
80,6,20,1480,20,0,0,0,DoS-HTTP
60516,6,11,594,0,11,0,1,BENIGN
63861,6,7,406,7,7,0,0,SSH-Bruteforce
80,6,20,1200,20,0,0,0,DoS-SYN-Flood
80,6,20,1480,20,0,0,0,DoS-HTTP
7400,6,4,240,4,0,0,0,PortScan
0,1,20,840,0,0,0,0,DoS-ICMP
60886,6,20,29560,0,20,0,0,BENIGN
80,6,20,1480,20,0,0,0,DoS-HTTP
42363,17,7,2862,0,0,0,0,BENIGN
54829,17,20,27980,0,0,0,0,BENIGN
64637,6,4,240,4,0,0,0,PortScan
80,6,20,1200,20,0,0,0,DoS-SYN-Flood
80,6,20,1200,20,0,0,0,DoS-SYN-Flood
15688,6,10,580,10,10,0,0,SSH-Bruteforce
80,6,20,1200,20,0,0,0,DoS-SYN-Flood
36520,17,20,27980,0,0,0,0,BENIGN
80,17,20,1200,0,0,0,0,DoS-UDP
9273,6,6,360,6,0,0,0,PortScan
37192,6,11,4338,1,11,0,1,BENIGN
37964,6,5,290,5,5,0,0,SSH-Bruteforce
80,17,20,1200,0,0,0,0,DoS-UDP
0,1,20,1200,0,0,0,0,DoS-ICMP
80,6,20,1480,20,0,0,0,DoS-HTTP
30075,6,2,120,2,0,0,0,PortScan
48353,6,2,120,2,0,0,0,PortScan
18499,6,2,120,2,0,0,0,PortScan
80,6,20,1480,20,0,0,0,DoS-HTTP
80,17,20,1200,0,0,0,0,DoS-UDP
80,6,20,1200,20,0,0,0,DoS-SYN-Flood
80,6,20,1480,20,0,0,0,DoS-HTTP
80,17,20,1200,0,0,0,0,DoS-UDP
80,6,20,1200,20,0,0,0,DoS-SYN-Flood
80,6,20,1200,20,0,0,0,DoS-SYN-Flood
80,6,20,1480,20,0,0,0,DoS-HTTP
62146,6,2,120,2,0,0,0,PortScan
56589,6,7,406,7,7,0,0,SSH-Bruteforce
0,1,20,840,0,0,0,0,DoS-ICMP
31087,6,6,348,6,6,0,0,SSH-Bruteforce
22,6,20,1200,20,0,0,0,SSH-Bruteforce
80,6,20,1480,20,0,0,0,DoS-HTTP
80,6,20,1200,20,0,0,0,DoS-SYN-Flood
80,6,20,1480,20,0,0,0,DoS-HTTP
80,17,20,1200,0,0,0,0,DoS-UDP
80,17,20,1200,0,0,0,0,DoS-UDP
80,17,20,1200,0,0,0,0,DoS-UDP
80,6,20,1480,20,0,0,0,DoS-HTTP
80,6,20,1480,20,0,0,0,DoS-HTTP
0,1,20,1200,0,0,0,0,DoS-ICMP
80,6,20,1200,20,0,0,0,DoS-SYN-Flood
0,1,20,840,0,0,0,0,DoS-ICMP
4080,6,4,240,4,0,0,0,PortScan
80,6,20,1480,20,0,0,0,DoS-HTTP
80,17,20,1200,0,0,0,0,DoS-UDP
0,1,20,1200,0,0,0,0,DoS-ICMP
16549,6,2,120,2,0,0,0,PortScan
28846,6,6,348,6,6,0,0,SSH-Bruteforce
22,6,20,1200,1,0,19,0,SSH-Bruteforce
80,17,20,1200,0,0,0,0,DoS-UDP
80,6,20,1480,20,0,0,0,DoS-HTTP
80,17,20,1200,0,0,0,0,DoS-UDP
80,17,20,1200,0,0,0,0,DoS-UDP
80,6,20,1480,20,0,0,0,DoS-HTTP
80,6,20,1200,20,0,0,0,DoS-SYN-Flood
0,1,20,840,0,0,0,0,DoS-ICMP
42440,17,20,26397,0,0,0,0,BENIGN
0,1,20,840,0,0,0,0,DoS-ICMP
0,1,20,840,0,0,0,0,DoS-ICMP
43580,6,6,348,6,6,0,0,SSH-Bruteforce
45447,17,20,27979,0,0,0,0,BENIGN
80,17,20,1200,0,0,0,0,DoS-UDP
0,1,20,1200,0,0,0,0,DoS-ICMP
80,6,20,1480,20,0,0,0,DoS-HTTP
0,1,20,840,0,0,0,0,DoS-ICMP
80,6,20,1480,20,0,0,0,DoS-HTTP
80,6,20,1480,20,0,0,0,DoS-HTTP
80,6,20,1480,20,0,0,0,DoS-HTTP
80,6,20,1200,20,0,0,0,DoS-SYN-Flood
0,1,20,1200,0,0,0,0,DoS-ICMP
0,1,20,840,0,0,0,0,DoS-ICMP
80,6,20,1200,20,0,0,0,DoS-SYN-Flood
80,6,20,1480,20,0,0,0,DoS-HTTP
22,6,20,1200,20,0,0,0,SSH-Bruteforce
27728,6,10,580,10,10,0,0,SSH-Bruteforce
857,6,4,240,4,0,0,0,PortScan
80,17,20,1200,0,0,0,0,DoS-UDP
42440,17,20,25719,0,0,0,0,BENIGN
80,17,20,1200,0,0,0,0,DoS-UDP
36520,17,20,27980,0,0,0,0,BENIGN
80,6,20,1480,20,0,0,0,DoS-HTTP
34735,6,2,120,2,0,0,0,PortScan
80,6,20,1480,20,0,0,0,DoS-HTTP
80,6,20,1200,20,0,0,0,DoS-SYN-Flood
0,1,20,840,0,0,0,0,DoS-ICMP
0,1,20,1200,0,0,0,0,DoS-ICMP
80,6,20,1200,20,0,0,0,DoS-SYN-Flood
80,6,20,1200,20,0,0,0,DoS-SYN-Flood
22,6,20,1200,20,0,0,0,SSH-Bruteforce
36520,17,20,27980,0,0,0,0,BENIGN
80,6,20,1200,20,0,0,0,DoS-SYN-Flood
80,6,20,1200,20,0,0,0,DoS-SYN-Flood
36520,17,20,27980,0,0,0,0,BENIGN
37428,6,2,120,2,0,0,0,PortScan
0,1,20,840,0,0,0,0,DoS-ICMP
36520,17,20,27980,0,0,0,0,BENIGN
80,6,20,1480,20,0,0,0,DoS-HTTP
63826,6,2,120,2,0,0,0,PortScan
0,1,20,840,0,0,0,0,DoS-ICMP
0,1,20,1200,0,0,0,0,DoS-ICMP
36520,17,20,27980,0,0,0,0,BENIGN
60394,17,20,22060,0,0,0,0,BENIGN
46094,6,9,522,9,9,0,0,SSH-Bruteforce
26771,6,8,464,8,8,0,0,SSH-Bruteforce
0,1,20,1200,0,0,0,0,DoS-ICMP
80,17,20,1200,0,0,0,0,DoS-UDP
80,17,20,1200,0,0,0,0,DoS-UDP
0,1,20,1200,0,0,0,0,DoS-ICMP
0,1,20,1200,0,0,0,0,DoS-ICMP
22,6,20,1200,20,0,0,0,SSH-Bruteforce
80,17,20,1200,0,0,0,0,DoS-UDP
3430,6,8,464,8,8,0,0,SSH-Bruteforce
43246,6,2,120,2,0,0,0,PortScan
80,6,20,1200,20,0,0,0,DoS-SYN-Flood
29517,6,4,240,4,0,0,0,PortScan
47216,6,2,120,2,0,0,0,PortScan
22,6,20,1200,20,0,0,0,SSH-Bruteforce
80,6,20,1200,20,0,0,0,DoS-SYN-Flood
709,6,4,240,4,0,0,0,PortScan
80,6,20,1200,20,0,0,0,DoS-SYN-Flood
0,1,20,1200,0,0,0,0,DoS-ICMP
58962,6,2,120,2,0,0,0,PortScan
0,1,20,840,0,0,0,0,DoS-ICMP
12797,6,6,360,6,0,0,0,PortScan
80,6,20,1480,20,0,0,0,DoS-HTTP
44129,6,4,240,4,0,0,0,PortScan
0,1,20,1200,0,0,0,0,DoS-ICMP
80,6,20,1200,20,0,0,0,DoS-SYN-Flood
80,6,20,1480,20,0,0,0,DoS-HTTP
80,17,20,1200,0,0,0,0,DoS-UDP
12612,6,4,240,4,0,0,0,PortScan
1332,6,4,240,4,0,0,0,PortScan
80,6,20,1480,20,0,0,0,DoS-HTTP
80,6,20,1200,20,0,0,0,DoS-SYN-Flood
80,6,20,1200,20,0,0,0,DoS-SYN-Flood
40588,6,8,464,8,8,0,0,SSH-Bruteforce
22,6,20,1200,20,0,0,0,SSH-Bruteforce
80,17,20,1200,0,0,0,0,DoS-UDP
80,6,20,1200,20,0,0,0,DoS-SYN-Flood
80,6,20,1200,20,0,0,0,DoS-SYN-Flood
0,1,20,840,0,0,0,0,DoS-ICMP
0,1,20,840,0,0,0,0,DoS-ICMP
22,6,20,1200,20,0,0,0,SSH-Bruteforce
80,6,20,1200,20,0,0,0,DoS-SYN-Flood
80,6,20,1200,20,0,0,0,DoS-SYN-Flood
80,6,20,1480,20,0,0,0,DoS-HTTP
80,6,20,1480,20,0,0,0,DoS-HTTP
23141,6,4,240,4,0,0,0,PortScan
0,1,20,840,0,0,0,0,DoS-ICMP
80,17,20,1200,0,0,0,0,DoS-UDP
15868,6,7,406,7,7,0,0,SSH-Bruteforce
80,6,20,1480,20,0,0,0,DoS-HTTP
28217,6,9,522,9,9,0,0,SSH-Bruteforce
80,6,20,1480,20,0,0,0,DoS-HTTP
30064,6,2,120,2,0,0,0,PortScan
80,6,20,1480,20,0,0,0,DoS-HTTP
9603,6,12,696,12,12,0,0,SSH-Bruteforce
53664,17,2,282,0,0,0,0,BENIGN
32763,6,2,120,2,0,0,0,PortScan
80,17,20,1200,0,0,0,0,DoS-UDP
80,6,20,1200,20,0,0,0,DoS-SYN-Flood
0,1,20,1200,0,0,0,0,DoS-ICMP
80,17,20,1200,0,0,0,0,DoS-UDP
0,1,20,1200,0,0,0,0,DoS-ICMP
80,6,20,1480,20,0,0,0,DoS-HTTP
80,6,20,1480,20,0,0,0,DoS-HTTP
47822,6,20,29560,0,20,0,0,BENIGN
80,6,20,1480,20,0,0,0,DoS-HTTP
42904,17,20,25740,0,0,0,0,BENIGN
36528,6,2,120,2,0,0,0,PortScan
39902,17,20,27980,0,0,0,0,BENIGN
6880,6,6,348,6,6,0,0,SSH-Bruteforce
80,17,20,1200,0,0,0,0,DoS-UDP
0,1,20,840,0,0,0,0,DoS-ICMP
4628,6,5,290,5,5,0,0,SSH-Bruteforce
80,6,20,1200,20,0,0,0,DoS-SYN-Flood
40721,6,4,240,4,0,0,0,PortScan
80,17,20,1200,0,0,0,0,DoS-UDP
80,17,20,1200,0,0,0,0,DoS-UDP
47496,6,4,240,4,0,0,0,PortScan
43436,6,2,120,2,0,0,0,PortScan
80,6,20,1480,20,0,0,0,DoS-HTTP
0,1,20,1200,0,0,0,0,DoS-ICMP
0,1,20,1200,0,0,0,0,DoS-ICMP
80,17,20,1200,0,0,0,0,DoS-UDP
22,6,20,1200,15,0,5,0,SSH-Bruteforce
13915,6,5,290,5,5,0,0,SSH-Bruteforce
52823,6,4,240,4,0,0,0,PortScan
14419,6,8,464,8,8,0,0,SSH-Bruteforce
80,6,20,1480,20,0,0,0,DoS-HTTP
80,17,20,1200,0,0,0,0,DoS-UDP
0,1,20,840,0,0,0,0,DoS-ICMP
80,6,20,1200,20,0,0,0,DoS-SYN-Flood
80,17,20,1200,0,0,0,0,DoS-UDP
80,6,20,1480,20,0,0,0,BENIGN
0,1,20,840,0,0,0,0,DoS-ICMP
0,1,20,1200,0,0,0,0,DoS-ICMP
80,6,20,1480,20,0,0,0,DoS-HTTP
80,17,20,1200,0,0,0,0,DoS-UDP
3789,6,4,240,4,0,0,0,PortScan
80,6,20,1200,20,0,0,0,DoS-SYN-Flood
80,17,20,1200,0,0,0,0,DoS-UDP
38699,6,4,240,4,0,0,0,PortScan
11388,6,6,348,6,6,0,0,SSH-Bruteforce
80,6,20,1200,20,0,0,0,DoS-SYN-Flood
80,17,20,1200,0,0,0,0,DoS-UDP
80,6,20,1480,20,0,0,0,DoS-HTTP
63927,6,4,232,4,4,0,0,SSH-Bruteforce
0,1,20,840,0,0,0,0,DoS-ICMP
80,6,20,1480,20,0,0,0,DoS-HTTP
80,6,20,1200,20,0,0,0,DoS-SYN-Flood
0,1,20,840,0,0,0,0,DoS-ICMP
80,17,20,1200,0,0,0,0,DoS-UDP
80,6,20,1200,20,0,0,0,DoS-SYN-Flood
80,6,20,1200,20,0,0,0,DoS-SYN-Flood
0,1,20,840,0,0,0,0,DoS-ICMP
80,17,20,1200,0,0,0,0,DoS-UDP
80,17,20,1200,0,0,0,0,DoS-UDP
80,6,20,1200,20,0,0,0,DoS-SYN-Flood
80,6,20,1480,20,0,0,0,DoS-HTTP
0,1,20,840,0,0,0,0,DoS-ICMP
80,6,20,1480,20,0,0,0,DoS-HTTP
80,6,20,1200,20,0,0,0,DoS-SYN-Flood
59959,6,4,240,4,0,0,0,PortScan
47094,17,20,27980,0,0,0,0,BENIGN
271,6,10,580,10,10,0,0,SSH-Bruteforce
80,6,20,1480,20,0,0,0,DoS-HTTP
1176,6,4,240,4,0,0,0,PortScan
49101,6,9,522,9,9,0,0,SSH-Bruteforce
80,6,20,1200,20,0,0,0,DoS-SYN-Flood
51110,6,4,240,4,0,0,0,PortScan
34510,6,2,120,2,0,0,0,PortScan
443,6,12,888,0,12,0,2,BENIGN
80,6,20,1200,20,0,0,0,DoS-SYN-Flood
80,17,20,1200,0,0,0,0,DoS-UDP
22,6,20,1200,0,0,20,0,SSH-Bruteforce
52886,6,2,120,2,0,0,0,PortScan
55842,6,4,240,4,0,0,0,PortScan
80,17,20,1200,0,0,0,0,DoS-UDP
80,17,20,1200,0,0,0,0,DoS-UDP
80,6,20,1480,20,0,0,0,DoS-HTTP
80,6,20,1200,20,0,0,0,DoS-SYN-Flood
45076,6,6,348,6,6,0,0,SSH-Bruteforce
80,6,20,1200,20,0,0,0,DoS-SYN-Flood
0,1,20,840,0,0,0,0,DoS-ICMP
80,17,20,1200,0,0,0,0,DoS-UDP
80,6,20,1480,20,0,0,0,DoS-HTTP
80,17,20,1200,0,0,0,0,DoS-UDP
80,17,20,1200,0,0,0,0,DoS-UDP
80,6,20,1480,20,0,0,0,DoS-HTTP
36520,17,20,27980,0,0,0,0,BENIGN
80,17,20,1200,0,0,0,0,DoS-UDP
80,6,20,1480,20,0,0,0,DoS-HTTP
60852,6,2,120,2,0,0,0,PortScan
19384,6,2,120,2,0,0,0,PortScan
32426,6,3,174,3,3,0,0,SSH-Bruteforce
30956,6,2,120,2,0,0,0,PortScan
80,17,20,1200,0,0,0,0,DoS-UDP
80,6,20,1200,20,0,0,0,DoS-SYN-Flood
0,1,20,840,0,0,0,0,DoS-ICMP
0,1,20,840,0,0,0,0,DoS-ICMP
80,6,20,1480,20,0,0,0,DoS-HTTP
80,17,20,1200,0,0,0,0,DoS-UDP
80,17,20,1200,0,0,0,0,DoS-UDP
19523,6,2,120,2,0,0,0,PortScan
50862,6,9,522,9,9,0,0,SSH-Bruteforce
80,6,20,1480,20,0,0,0,DoS-HTTP
80,6,20,1200,20,0,0,0,DoS-SYN-Flood
80,6,20,1200,20,0,0,0,DoS-SYN-Flood
80,6,20,1480,20,0,0,0,DoS-HTTP
54829,17,20,27980,0,0,0,0,BENIGN
0,1,20,840,0,0,0,0,DoS-ICMP
0,1,20,1200,0,0,0,0,DoS-ICMP
80,17,20,1200,0,0,0,0,DoS-UDP
80,6,20,1480,20,0,0,0,DoS-HTTP
0,1,20,1200,0,0,0,0,DoS-ICMP
0,1,20,840,0,0,0,0,DoS-ICMP
22,6,20,1200,20,0,0,0,SSH-Bruteforce
80,6,20,1200,20,0,0,0,DoS-SYN-Flood
22,6,20,1200,0,0,20,0,SSH-Bruteforce
80,6,20,1200,20,0,0,0,DoS-SYN-Flood
40905,6,4,240,4,0,0,0,PortScan
0,1,20,1200,0,0,0,0,DoS-ICMP
80,6,20,1200,20,0,0,0,DoS-SYN-Flood
0,1,20,1200,0,0,0,0,DoS-ICMP
0,1,20,1200,0,0,0,0,DoS-ICMP
0,1,20,1200,0,0,0,0,DoS-ICMP
33296,6,8,464,8,8,0,0,SSH-Bruteforce
13115,6,4,240,4,0,0,0,PortScan
80,6,20,1480,20,0,0,0,DoS-HTTP
0,1,20,840,0,0,0,0,DoS-ICMP
1409,6,6,360,6,0,0,0,PortScan
62313,6,6,348,6,6,0,0,SSH-Bruteforce
80,17,20,1200,0,0,0,0,DoS-UDP
80,17,20,1200,0,0,0,0,DoS-UDP
18296,6,4,240,4,0,0,0,PortScan
54840,6,2,120,2,0,0,0,PortScan
51162,6,10,580,10,10,0,0,SSH-Bruteforce
34949,6,2,120,2,0,0,0,PortScan
32246,6,10,580,10,10,0,0,SSH-Bruteforce
80,17,20,1200,0,0,0,0,DoS-UDP
63560,6,2,120,2,0,0,0,PortScan
22128,6,5,290,5,5,0,0,SSH-Bruteforce
80,6,20,1200,20,0,0,0,DoS-SYN-Flood
40176,6,2,120,2,0,0,0,PortScan
80,17,20,1200,0,0,0,0,DoS-UDP
80,17,20,1200,0,0,0,0,DoS-UDP
80,6,20,1480,20,0,0,0,DoS-HTTP
13366,6,8,464,8,8,0,0,SSH-Bruteforce
80,17,20,1200,0,0,0,0,DoS-UDP
80,17,20,1200,0,0,0,0,DoS-UDP
0,1,20,840,0,0,0,0,DoS-ICMP
80,17,20,1200,0,0,0,0,DoS-UDP
80,17,20,1200,0,0,0,0,DoS-UDP
0,1,20,840,0,0,0,0,DoS-ICMP
0,1,20,1200,0,0,0,0,DoS-ICMP
22,6,20,1200,20,0,0,0,SSH-Bruteforce
443,6,20,1200,0,20,0,0,BENIGN
80,6,20,1200,20,0,0,0,DoS-SYN-Flood
80,6,20,1480,20,0,0,0,DoS-HTTP
80,17,20,1200,0,0,0,0,DoS-UDP
26382,6,6,348,6,6,0,0,SSH-Bruteforce
5493,6,4,240,4,0,0,0,PortScan
54631,6,7,406,7,7,0,0,SSH-Bruteforce
27587,6,6,348,6,6,0,0,SSH-Bruteforce
80,6,20,1480,20,0,0,0,DoS-HTTP
0,1,20,1200,0,0,0,0,DoS-ICMP
33322,6,2,120,2,0,0,0,PortScan
29229,6,10,580,10,10,0,0,SSH-Bruteforce
0,1,20,840,0,0,0,0,DoS-ICMP
0,1,20,1200,0,0,0,0,DoS-ICMP
25091,6,8,464,8,8,0,0,SSH-Bruteforce
80,6,20,1480,20,0,0,0,DoS-HTTP
22,6,20,1200,20,0,0,0,SSH-Bruteforce
80,17,20,1200,0,0,0,0,DoS-UDP
43129,6,2,120,2,0,0,0,PortScan
4208,6,9,522,9,9,0,0,SSH-Bruteforce
80,6,20,1480,20,0,0,0,DoS-HTTP
80,6,20,1480,20,0,0,0,DoS-HTTP
36260,6,11,638,11,11,0,0,SSH-Bruteforce
0,1,20,1200,0,0,0,0,DoS-ICMP
80,6,20,1200,20,0,0,0,DoS-SYN-Flood
80,6,20,1480,20,0,0,0,DoS-HTTP
49826,6,4,240,4,0,0,0,PortScan
22,6,20,1200,0,0,20,0,SSH-Bruteforce
42574,6,2,120,2,0,0,0,PortScan
46766,6,8,464,8,8,0,0,SSH-Bruteforce
80,6,20,1480,20,0,0,0,DoS-HTTP
80,17,20,1200,0,0,0,0,DoS-UDP
48821,6,6,348,6,6,0,0,SSH-Bruteforce
34582,6,4,240,4,0,0,0,PortScan
22,6,20,1200,0,0,20,0,SSH-Bruteforce
0,1,20,840,0,0,0,0,DoS-ICMP
18715,6,4,240,4,0,0,0,PortScan
80,6,20,1200,20,0,0,0,DoS-SYN-Flood
0,1,20,1200,0,0,0,0,DoS-ICMP
0,1,20,1200,0,0,0,0,DoS-ICMP
24413,6,2,120,2,0,0,0,PortScan
17256,6,4,240,4,0,0,0,PortScan
80,6,20,1200,20,0,0,0,DoS-SYN-Flood
22,6,20,1200,13,0,7,0,SSH-Bruteforce
80,17,20,1200,0,0,0,0,DoS-UDP
0,1,20,840,0,0,0,0,DoS-ICMP
58951,6,4,240,4,0,0,0,PortScan
52694,6,2,120,2,0,0,0,PortScan
80,17,20,1200,0,0,0,0,DoS-UDP
44929,6,2,120,2,0,0,0,PortScan
80,6,20,1480,20,0,0,0,DoS-HTTP
60886,6,20,28960,0,20,0,0,BENIGN
80,6,20,1480,20,0,0,0,DoS-HTTP
80,6,20,1480,20,0,0,0,DoS-HTTP
80,6,20,1200,20,0,0,0,DoS-SYN-Flood
801,6,6,348,6,6,0,0,SSH-Bruteforce
80,17,20,1200,0,0,0,0,DoS-UDP
0,1,20,1200,0,0,0,0,DoS-ICMP
80,17,20,1200,0,0,0,0,DoS-UDP
80,6,20,1480,20,0,0,0,DoS-HTTP
80,17,20,1200,0,0,0,0,DoS-UDP
0,1,20,1200,0,0,0,0,DoS-ICMP
80,6,20,1200,20,0,0,0,DoS-SYN-Flood
64472,6,5,290,5,5,0,0,SSH-Bruteforce
80,6,20,1480,20,0,0,0,DoS-HTTP
80,17,20,1200,0,0,0,0,DoS-UDP
80,6,20,1480,20,0,0,0,DoS-HTTP
80,6,20,1200,20,0,0,0,DoS-SYN-Flood
80,6,20,1200,20,0,0,0,DoS-SYN-Flood
22210,6,4,240,4,0,0,0,PortScan
0,1,20,1200,0,0,0,0,DoS-ICMP
80,6,20,1480,20,0,0,0,DoS-HTTP
80,6,20,1200,20,0,0,0,DoS-SYN-Flood
80,6,20,1480,20,0,0,0,DoS-HTTP
36520,17,20,27980,0,0,0,0,BENIGN
57043,17,2,510,0,0,0,0,BENIGN
0,1,20,1200,0,0,0,0,DoS-ICMP
5144,6,4,240,4,0,0,0,PortScan
55942,6,2,120,2,0,0,0,PortScan
45078,6,8,464,8,8,0,0,SSH-Bruteforce
80,17,20,1200,0,0,0,0,DoS-UDP
45447,17,20,27980,0,0,0,0,BENIGN
29490,6,7,406,7,7,0,0,SSH-Bruteforce
80,17,20,1200,0,0,0,0,DoS-UDP
80,6,20,1480,20,0,0,0,DoS-HTTP
0,1,20,1200,0,0,0,0,DoS-ICMP
80,6,20,1480,20,0,0,0,DoS-HTTP
10920,6,4,240,4,0,0,0,PortScan
55242,6,2,120,2,0,0,0,PortScan
80,6,20,1480,20,0,0,0,DoS-HTTP
43992,17,20,27980,0,0,0,0,BENIGN
80,17,20,1200,0,0,0,0,DoS-UDP
80,6,20,1200,20,0,0,0,DoS-SYN-Flood
80,6,20,1200,20,0,0,0,DoS-SYN-Flood
33646,6,2,120,2,0,0,0,PortScan
3820,6,4,240,4,0,0,0,PortScan
0,1,20,840,0,0,0,0,DoS-ICMP
80,6,20,1200,20,0,0,0,DoS-SYN-Flood
22,6,20,1200,0,0,20,0,SSH-Bruteforce
80,17,20,1200,0,0,0,0,DoS-UDP
0,1,20,840,0,0,0,0,DoS-ICMP
80,6,20,1200,20,0,0,0,DoS-SYN-Flood
80,17,20,1200,0,0,0,0,DoS-UDP
42863,6,2,120,2,0,0,0,PortScan
0,1,20,1200,0,0,0,0,DoS-ICMP
80,17,20,1200,0,0,0,0,DoS-UDP
80,17,20,1200,0,0,0,0,DoS-UDP
80,6,20,1480,20,0,0,0,DoS-HTTP
0,1,20,1200,0,0,0,0,DoS-ICMP
80,6,20,1200,20,0,0,0,DoS-SYN-Flood
4435,6,7,406,7,7,0,0,SSH-Bruteforce
38271,6,4,240,4,0,0,0,PortScan
45447,17,20,27980,0,0,0,0,BENIGN
0,1,20,840,0,0,0,0,DoS-ICMP
19287,6,2,120,2,0,0,0,PortScan
80,17,20,1200,0,0,0,0,DoS-UDP
0,1,20,840,0,0,0,0,DoS-ICMP
80,17,20,1200,0,0,0,0,DoS-UDP
80,6,20,1480,20,0,0,0,DoS-HTTP
22837,6,2,120,2,0,0,0,PortScan
80,6,20,1480,20,0,0,0,DoS-HTTP
80,6,20,1480,20,0,0,0,DoS-HTTP
0,1,20,840,0,0,0,0,DoS-ICMP
22,6,20,1200,20,0,0,0,SSH-Bruteforce
80,6,20,1480,20,0,0,0,DoS-HTTP
2013,6,6,348,6,6,0,0,SSH-Bruteforce
80,6,20,1480,20,0,0,0,DoS-HTTP
35893,6,2,120,2,0,0,0,PortScan
80,6,20,1200,20,0,0,0,DoS-SYN-Flood
62806,6,2,120,2,0,0,0,PortScan
22,6,20,1200,0,0,20,0,SSH-Bruteforce
0,1,20,1200,0,0,0,0,DoS-ICMP
34438,6,2,120,2,0,0,0,PortScan
80,17,20,1200,0,0,0,0,DoS-UDP
80,6,20,1480,20,0,0,0,DoS-HTTP
0,1,20,1200,0,0,0,0,DoS-ICMP
80,6,20,1200,20,0,0,0,DoS-SYN-Flood
1910,6,4,240,4,0,0,0,PortScan
80,6,20,1480,20,0,0,0,DoS-HTTP
80,17,20,1200,0,0,0,0,DoS-UDP
0,1,20,1200,0,0,0,0,DoS-ICMP
48381,6,2,120,2,0,0,0,PortScan
46398,17,20,27980,0,0,0,0,BENIGN
53278,6,20,28566,0,20,0,0,BENIGN
22,6,20,1200,20,0,0,0,SSH-Bruteforce
7845,6,6,348,6,6,0,0,SSH-Bruteforce
22,6,20,1200,18,0,2,0,SSH-Bruteforce
80,17,20,1200,0,0,0,0,DoS-UDP
80,6,20,1480,20,0,0,0,DoS-HTTP
3944,6,4,240,4,0,0,0,PortScan
80,6,20,1480,20,0,0,0,DoS-HTTP
62661,6,2,120,2,0,0,0,PortScan
23836,6,2,120,2,0,0,0,PortScan
0,1,20,1200,0,0,0,0,DoS-ICMP
80,6,20,1480,20,0,0,0,DoS-HTTP
8234,6,10,580,10,10,0,0,SSH-Bruteforce
0,1,20,1200,0,0,0,0,DoS-ICMP
80,17,20,1200,0,0,0,0,DoS-UDP
80,6,20,1200,20,0,0,0,DoS-SYN-Flood
55994,6,7,406,7,7,0,0,SSH-Bruteforce
44170,6,7,406,7,7,0,0,SSH-Bruteforce
0,1,20,1200,0,0,0,0,DoS-ICMP
80,6,20,1200,20,0,0,0,DoS-SYN-Flood
56047,6,6,348,6,6,0,0,SSH-Bruteforce
80,6,20,1480,20,0,0,0,DoS-HTTP
80,6,20,1480,20,0,0,0,DoS-HTTP
0,1,20,840,0,0,0,0,DoS-ICMP
0,1,20,840,0,0,0,0,DoS-ICMP
80,17,20,1200,0,0,0,0,DoS-UDP
80,17,20,1200,0,0,0,0,DoS-UDP
80,6,20,1480,20,0,0,0,DoS-HTTP
52808,6,2,120,2,0,0,0,PortScan
80,6,20,1200,20,0,0,0,DoS-SYN-Flood
33240,6,20,29020,0,20,0,0,BENIGN
80,6,20,1480,20,0,0,0,DoS-HTTP
80,6,20,1200,20,0,0,0,DoS-SYN-Flood
80,6,20,1200,20,0,0,0,DoS-SYN-Flood
80,17,20,1200,0,0,0,0,DoS-UDP
80,6,20,1200,20,0,0,0,DoS-SYN-Flood
80,6,20,1200,20,0,0,0,DoS-SYN-Flood
80,6,20,1480,20,0,0,0,DoS-HTTP
80,17,20,1200,0,0,0,0,DoS-UDP
80,6,20,1200,20,0,0,0,DoS-SYN-Flood
80,6,20,1200,20,0,0,0,DoS-SYN-Flood
22,6,20,1200,0,0,20,0,SSH-Bruteforce
22,6,20,1200,20,0,0,0,SSH-Bruteforce
58097,6,7,406,7,7,0,0,SSH-Bruteforce
37837,6,7,406,7,7,0,0,SSH-Bruteforce
443,6,20,1200,0,20,0,0,BENIGN
0,1,20,1200,0,0,0,0,DoS-ICMP
14188,6,4,240,4,0,0,0,PortScan
0,1,20,840,0,0,0,0,DoS-ICMP
80,6,20,1480,20,0,0,0,DoS-HTTP
41308,17,20,27980,0,0,0,0,BENIGN
80,6,20,1480,20,0,0,0,DoS-HTTP
80,6,20,1480,20,0,0,0,DoS-HTTP
22,6,20,1200,9,0,11,0,SSH-Bruteforce
80,6,20,1480,20,0,0,0,DoS-HTTP
0,1,20,840,0,0,0,0,DoS-ICMP
80,6,20,1200,20,0,0,0,DoS-SYN-Flood
36520,17,20,27980,0,0,0,0,BENIGN
80,17,20,1200,0,0,0,0,DoS-UDP
6450,6,4,240,4,0,0,0,PortScan
80,6,20,1200,20,0,0,0,DoS-SYN-Flood
36520,17,20,7485,0,0,0,0,BENIGN
80,6,20,1480,20,0,0,0,DoS-HTTP
80,17,20,1200,0,0,0,0,DoS-UDP
80,6,20,1480,20,0,0,0,DoS-HTTP
80,6,20,1200,20,0,0,0,DoS-SYN-Flood
80,17,20,1200,0,0,0,0,DoS-UDP
80,6,20,1480,20,0,0,0,DoS-HTTP
80,6,20,1200,20,0,0,0,DoS-SYN-Flood
33595,17,20,5536,0,0,0,0,BENIGN
80,17,20,1200,0,0,0,0,DoS-UDP
22,6,20,1200,10,0,10,0,SSH-Bruteforce
53910,6,1,54,0,1,1,0,BENIGN
0,1,20,840,0,0,0,0,DoS-ICMP
80,6,20,1480,20,0,0,0,DoS-HTTP
47655,6,4,240,4,0,0,0,PortScan
80,6,20,1200,20,0,0,0,DoS-SYN-Flood
50630,6,2,120,2,0,0,0,PortScan
63955,6,5,290,5,5,0,0,SSH-Bruteforce
0,1,20,840,0,0,0,0,DoS-ICMP
22,6,20,1200,18,0,2,0,SSH-Bruteforce
0,1,20,840,0,0,0,0,DoS-ICMP
80,17,20,1200,0,0,0,0,DoS-UDP
0,1,20,840,0,0,0,0,DoS-ICMP
36651,6,2,120,2,0,0,0,PortScan
44282,6,2,120,2,0,0,0,PortScan
22,6,20,1200,14,0,6,0,SSH-Bruteforce
80,17,20,1200,0,0,0,0,DoS-UDP
62713,6,4,240,4,0,0,0,PortScan
80,6,20,1200,20,0,0,0,DoS-SYN-Flood
80,6,20,1200,20,0,0,0,DoS-SYN-Flood
0,1,20,1200,0,0,0,0,DoS-ICMP
80,6,20,1200,20,0,0,0,DoS-SYN-Flood
17114,6,2,120,2,0,0,0,PortScan
80,17,20,1200,0,0,0,0,DoS-UDP
40957,6,7,406,7,7,0,0,SSH-Bruteforce
80,6,20,1480,20,0,0,0,DoS-HTTP
33673,6,8,464,8,8,0,0,SSH-Bruteforce
80,6,20,1480,20,0,0,0,DoS-HTTP
80,6,20,1200,20,0,0,0,DoS-SYN-Flood
38761,6,8,464,8,8,0,0,SSH-Bruteforce
80,17,20,1200,0,0,0,0,DoS-UDP
80,6,20,1200,20,0,0,0,DoS-SYN-Flood
80,6,20,1480,20,0,0,0,DoS-HTTP
80,17,20,1200,0,0,0,0,DoS-UDP
56193,6,2,120,2,0,0,0,PortScan
12036,6,7,406,7,7,0,0,SSH-Bruteforce
41489,6,8,464,8,8,0,0,SSH-Bruteforce
80,6,20,1200,20,0,0,0,DoS-SYN-Flood
0,1,20,1200,0,0,0,0,DoS-ICMP
15928,6,4,240,4,0,0,0,PortScan
80,6,20,1200,20,0,0,0,DoS-SYN-Flood
80,6,20,1480,20,0,0,0,DoS-HTTP
54829,17,20,27980,0,0,0,0,BENIGN
80,6,20,1200,20,0,0,0,DoS-SYN-Flood
80,6,20,1200,20,0,0,0,DoS-SYN-Flood
80,6,20,1480,20,0,0,0,DoS-HTTP
80,17,20,1200,0,0,0,0,DoS-UDP
58630,6,2,120,2,0,0,0,PortScan
0,1,20,840,0,0,0,0,DoS-ICMP
80,6,20,1200,20,0,0,0,DoS-SYN-Flood
22,6,20,1200,20,0,0,0,SSH-Bruteforce
23152,6,9,522,9,9,0,0,SSH-Bruteforce
42465,6,4,240,4,0,0,0,PortScan
45313,6,7,406,7,7,0,0,SSH-Bruteforce
80,6,20,1480,20,0,0,0,DoS-HTTP
22,6,20,1200,20,0,0,0,SSH-Bruteforce
21357,6,2,120,2,0,0,0,PortScan
54720,6,2,120,2,0,0,0,PortScan
80,17,20,1200,0,0,0,0,DoS-UDP
80,6,20,1200,20,0,0,0,DoS-SYN-Flood
59228,6,9,522,9,9,0,0,SSH-Bruteforce
0,1,20,1200,0,0,0,0,DoS-ICMP
80,17,20,1200,0,0,0,0,DoS-UDP
80,6,20,1200,20,0,0,0,DoS-SYN-Flood
80,17,20,1200,0,0,0,0,DoS-UDP
0,1,20,840,0,0,0,0,DoS-ICMP
0,1,20,840,0,0,0,0,DoS-ICMP
20977,6,7,406,7,7,0,0,SSH-Bruteforce
0,1,20,1200,0,0,0,0,DoS-ICMP
46420,6,2,120,2,0,0,0,PortScan
80,6,20,1480,20,0,0,0,DoS-HTTP
80,6,20,1480,20,0,0,0,DoS-HTTP
0,1,20,1200,0,0,0,0,DoS-ICMP
52900,6,2,120,2,0,0,0,PortScan
3408,6,6,360,6,0,0,0,PortScan
80,6,20,1480,20,0,0,0,DoS-HTTP
80,6,20,1480,20,0,0,0,DoS-HTTP
63783,6,4,240,4,0,0,0,PortScan
80,17,20,1200,0,0,0,0,DoS-UDP
80,6,20,1480,20,0,0,0,DoS-HTTP
80,6,20,1200,20,0,0,0,DoS-SYN-Flood
22733,6,2,120,2,0,0,0,PortScan
80,17,20,1200,0,0,0,0,DoS-UDP
0,1,20,840,0,0,0,0,DoS-ICMP
80,17,20,1200,0,0,0,0,DoS-UDP
48569,6,2,120,2,0,0,0,PortScan
80,17,20,1200,0,0,0,0,DoS-UDP
22,6,20,1200,9,0,11,0,SSH-Bruteforce
0,1,20,1200,0,0,0,0,DoS-ICMP
51770,6,4,240,4,0,0,0,PortScan
80,6,20,1200,20,0,0,0,DoS-SYN-Flood
80,17,20,1200,0,0,0,0,DoS-UDP
80,6,20,1480,20,0,0,0,DoS-HTTP
80,6,20,1480,20,0,0,0,DoS-HTTP
80,6,20,1480,20,0,0,0,DoS-HTTP
80,6,20,1480,20,0,0,0,DoS-HTTP
64851,6,7,406,7,7,0,0,SSH-Bruteforce
80,17,20,1200,0,0,0,0,DoS-UDP
48782,6,20,19977,0,20,0,0,BENIGN
0,1,20,840,0,0,0,0,DoS-ICMP
53278,6,20,29661,0,20,0,0,BENIGN
80,6,20,1200,20,0,0,0,DoS-SYN-Flood
80,6,20,1480,20,0,0,0,DoS-HTTP
37820,6,11,638,11,11,0,0,SSH-Bruteforce
2052,6,6,360,6,0,0,0,PortScan
80,17,20,1200,0,0,0,0,DoS-UDP
46398,17,20,27980,0,0,0,0,BENIGN
50589,6,2,120,2,0,0,0,PortScan
54829,17,20,27980,0,0,0,0,BENIGN
80,17,20,1200,0,0,0,0,DoS-UDP
80,17,20,1200,0,0,0,0,DoS-UDP
80,6,20,1200,20,0,0,0,DoS-SYN-Flood
43992,17,20,27980,0,0,0,0,BENIGN
80,17,20,1200,0,0,0,0,DoS-UDP
80,6,20,1480,20,0,0,0,DoS-HTTP
22,6,20,1200,20,0,0,0,SSH-Bruteforce
35000,6,2,120,2,0,0,0,PortScan
80,17,20,1200,0,0,0,0,DoS-UDP
80,17,20,1200,0,0,0,0,DoS-UDP
0,1,20,1200,0,0,0,0,DoS-ICMP
80,17,20,1200,0,0,0,0,DoS-UDP
22394,6,2,120,2,0,0,0,PortScan
80,17,20,1200,0,0,0,0,DoS-UDP
64329,6,4,240,4,0,0,0,PortScan
0,1,20,840,0,0,0,0,DoS-ICMP
80,6,20,1200,20,0,0,0,DoS-SYN-Flood
80,6,20,1200,20,0,0,0,DoS-SYN-Flood
80,6,20,1200,20,0,0,0,DoS-SYN-Flood
0,1,20,1200,0,0,0,0,DoS-ICMP
29953,6,6,348,6,6,0,0,SSH-Bruteforce
80,17,20,1200,0,0,0,0,DoS-UDP
80,6,20,1480,20,0,0,0,DoS-HTTP
80,6,20,1480,20,0,0,0,DoS-HTTP
194,6,9,522,9,9,0,0,SSH-Bruteforce
36268,17,20,27980,0,0,0,0,BENIGN
80,17,20,1200,0,0,0,0,DoS-UDP
51191,6,11,638,11,11,0,0,SSH-Bruteforce
80,17,20,1200,0,0,0,0,DoS-UDP
62904,6,2,120,2,0,0,0,PortScan
36520,17,20,27980,0,0,0,0,BENIGN
80,6,20,1480,20,0,0,0,DoS-HTTP
62765,6,4,232,4,4,0,0,SSH-Bruteforce
42063,6,8,464,8,8,0,0,SSH-Bruteforce
80,17,20,1200,0,0,0,0,DoS-UDP
80,6,20,1200,20,0,0,0,DoS-SYN-Flood
38606,6,9,522,9,9,0,0,SSH-Bruteforce
80,6,20,1480,20,0,0,0,DoS-HTTP
25498,6,8,464,8,8,0,0,SSH-Bruteforce
45424,6,20,21535,0,20,0,0,BENIGN
80,6,20,1480,20,0,0,0,DoS-HTTP
46601,6,4,240,4,0,0,0,PortScan
80,6,20,1480,20,0,0,0,DoS-HTTP
62065,6,2,120,2,0,0,0,PortScan
80,6,20,1480,20,0,0,0,DoS-HTTP
22,6,20,1200,1,0,19,0,SSH-Bruteforce
0,1,20,840,0,0,0,0,DoS-ICMP
27186,6,2,120,2,0,0,0,PortScan
80,17,20,1200,0,0,0,0,DoS-UDP
63078,6,2,120,2,0,0,0,PortScan
80,6,20,1200,20,0,0,0,DoS-SYN-Flood
80,6,20,1200,20,0,0,0,DoS-SYN-Flood
15043,6,2,120,2,0,0,0,PortScan
9716,6,4,240,4,0,0,0,PortScan
80,17,20,1200,0,0,0,0,DoS-UDP
0,1,20,1200,0,0,0,0,DoS-ICMP
36520,17,20,27980,0,0,0,0,BENIGN
56916,6,4,240,4,0,0,0,PortScan
0,1,20,1200,0,0,0,0,DoS-ICMP
7728,6,6,348,6,6,0,0,SSH-Bruteforce
80,6,20,1480,20,0,0,0,DoS-HTTP
80,17,20,1200,0,0,0,0,DoS-UDP
28013,6,2,120,2,0,0,0,PortScan
6965,6,4,240,4,0,0,0,PortScan
0,1,20,1200,0,0,0,0,DoS-ICMP
80,6,20,1200,20,0,0,0,DoS-SYN-Flood
80,6,20,1200,20,0,0,0,DoS-SYN-Flood
22,6,20,1200,20,0,0,0,SSH-Bruteforce
80,6,20,1200,20,0,0,0,DoS-SYN-Flood
0,1,20,840,0,0,0,0,DoS-ICMP
0,1,20,1200,0,0,0,0,DoS-ICMP
80,17,20,1200,0,0,0,0,DoS-UDP
80,6,20,1480,20,0,0,0,DoS-HTTP
38331,6,4,240,4,0,0,0,PortScan
80,6,20,1480,20,0,0,0,DoS-HTTP
42440,17,20,27639,0,0,0,0,BENIGN
5605,6,4,240,4,0,0,0,PortScan
80,6,20,1200,20,0,0,0,DoS-SYN-Flood
24511,6,2,120,2,0,0,0,PortScan
0,1,20,1200,0,0,0,0,DoS-ICMP
22,6,20,1200,20,0,0,0,SSH-Bruteforce
0,1,20,1200,0,0,0,0,DoS-ICMP
36520,17,20,27980,0,0,0,0,BENIGN
80,17,20,1200,0,0,0,0,DoS-UDP
0,1,20,840,0,0,0,0,DoS-ICMP
29870,6,2,120,2,0,0,0,PortScan
80,6,20,1200,20,0,0,0,DoS-SYN-Flood
0,1,20,1200,0,0,0,0,DoS-ICMP
17435,6,6,348,6,6,0,0,SSH-Bruteforce
22,6,20,1200,20,0,0,0,SSH-Bruteforce
15119,6,4,240,4,0,0,0,PortScan
52244,17,20,17684,0,0,0,0,BENIGN
80,6,20,1200,20,0,0,0,DoS-SYN-Flood
80,17,20,1200,0,0,0,0,DoS-UDP
80,17,20,1200,0,0,0,0,DoS-UDP
80,6,20,1200,20,0,0,0,DoS-SYN-Flood
80,6,20,1200,20,0,0,0,DoS-SYN-Flood
0,1,20,840,0,0,0,0,DoS-ICMP
36520,17,20,27980,0,0,0,0,BENIGN
37212,6,10,580,10,10,0,0,SSH-Bruteforce
58183,6,2,120,2,0,0,0,PortScan
0,1,20,1200,0,0,0,0,DoS-ICMP
80,17,20,1200,0,0,0,0,DoS-UDP
80,6,20,1200,20,0,0,0,DoS-SYN-Flood
80,6,20,1200,20,0,0,0,DoS-SYN-Flood
80,17,20,1200,0,0,0,0,DoS-UDP
54829,17,20,27980,0,0,0,0,BENIGN
80,6,20,1200,20,0,0,0,DoS-SYN-Flood
0,1,20,1200,0,0,0,0,DoS-ICMP
0,1,20,1200,0,0,0,0,DoS-ICMP
0,1,20,1200,0,0,0,0,DoS-ICMP
5553,6,4,240,4,0,0,0,PortScan
6729,6,6,348,6,6,0,0,SSH-Bruteforce
41441,6,14,812,14,14,0,0,SSH-Bruteforce
80,6,20,1200,20,0,0,0,DoS-SYN-Flood
0,1,20,840,0,0,0,0,DoS-ICMP
28332,6,9,522,9,9,0,0,SSH-Bruteforce
80,6,20,1200,20,0,0,0,DoS-SYN-Flood
0,1,20,840,0,0,0,0,DoS-ICMP
20865,6,2,120,2,0,0,0,PortScan
80,17,20,1200,0,0,0,0,DoS-UDP
0,1,20,840,0,0,0,0,DoS-ICMP
49026,6,2,120,2,0,0,0,PortScan
80,17,20,1200,0,0,0,0,DoS-UDP
54069,6,6,348,6,6,0,0,SSH-Bruteforce
80,6,20,1480,20,0,0,0,DoS-HTTP
0,1,20,840,0,0,0,0,DoS-ICMP
0,1,20,1200,0,0,0,0,DoS-ICMP
80,17,20,1200,0,0,0,0,DoS-UDP
80,6,20,1480,20,0,0,0,DoS-HTTP
80,6,20,1480,20,0,0,0,DoS-HTTP
80,6,20,1200,20,0,0,0,DoS-SYN-Flood
80,17,20,1200,0,0,0,0,DoS-UDP
80,6,20,1200,20,0,0,0,DoS-SYN-Flood
80,17,20,1200,0,0,0,0,DoS-UDP
80,6,20,1200,20,0,0,0,DoS-SYN-Flood
54829,17,20,24308,0,0,0,0,BENIGN
23065,6,4,240,4,0,0,0,PortScan
0,1,20,840,0,0,0,0,DoS-ICMP
0,1,20,1200,0,0,0,0,DoS-ICMP
53296,6,20,29080,0,20,0,0,BENIGN
80,17,20,1200,0,0,0,0,DoS-UDP
80,17,20,1200,0,0,0,0,DoS-UDP
80,6,20,1480,20,0,0,0,DoS-HTTP
80,6,20,1480,20,0,0,0,DoS-HTTP
22,6,20,1200,19,0,1,0,SSH-Bruteforce
443,6,20,2109,0,19,1,2,BENIGN
80,17,20,1200,0,0,0,0,DoS-UDP
33240,6,20,28960,0,20,0,0,BENIGN
36520,17,20,27980,0,0,0,0,BENIGN
80,6,20,1200,20,0,0,0,DoS-SYN-Flood
443,6,20,2084,0,20,0,0,BENIGN
80,17,20,1200,0,0,0,0,DoS-UDP
35507,6,2,120,2,0,0,0,PortScan
80,17,20,1200,0,0,0,0,DoS-UDP
0,1,20,840,0,0,0,0,DoS-ICMP
80,6,20,1480,20,0,0,0,DoS-HTTP
0,1,20,840,0,0,0,0,DoS-ICMP
80,17,20,1200,0,0,0,0,DoS-UDP
80,17,20,1200,0,0,0,0,DoS-UDP
18252,6,8,464,8,8,0,0,SSH-Bruteforce
49656,6,8,464,8,8,0,0,SSH-Bruteforce
2307,6,6,348,6,6,0,0,SSH-Bruteforce
21737,6,8,464,8,8,0,0,SSH-Bruteforce
0,1,20,840,0,0,0,0,DoS-ICMP
0,1,20,840,0,0,0,0,DoS-ICMP
80,6,20,1480,20,0,0,0,DoS-HTTP
0,1,20,840,0,0,0,0,DoS-ICMP
36500,6,2,120,2,0,0,0,PortScan
80,6,20,1200,20,0,0,0,DoS-SYN-Flood
35832,6,4,240,4,0,0,0,PortScan
50226,6,4,240,4,0,0,0,PortScan
34907,6,2,120,2,0,0,0,PortScan
80,6,20,1480,20,0,0,0,DoS-HTTP
22,6,20,1200,20,0,0,0,SSH-Bruteforce
48806,17,20,18203,0,0,0,0,BENIGN
80,6,20,1200,20,0,0,0,DoS-SYN-Flood
80,6,20,1200,20,0,0,0,DoS-SYN-Flood
2771,6,4,240,4,0,0,0,PortScan
80,17,20,1200,0,0,0,0,DoS-UDP
61188,6,2,120,2,0,0,0,PortScan
80,6,20,1200,20,0,0,0,DoS-SYN-Flood
1140,6,4,240,4,0,0,0,PortScan
80,6,20,1200,20,0,0,0,DoS-SYN-Flood
80,6,20,1200,20,0,0,0,DoS-SYN-Flood
25282,6,4,240,4,0,0,0,PortScan
43691,6,2,120,2,0,0,0,PortScan
80,6,20,1480,20,0,0,0,DoS-HTTP
22,6,20,1200,20,0,0,0,SSH-Bruteforce
26565,6,4,240,4,0,0,0,PortScan
80,6,20,1200,20,0,0,0,DoS-SYN-Flood
22,6,20,1200,0,0,20,0,SSH-Bruteforce
80,17,20,1200,0,0,0,0,DoS-UDP
80,6,20,1480,20,0,0,0,DoS-HTTP
80,6,20,1480,20,0,0,0,DoS-HTTP
80,6,20,1200,20,0,0,0,DoS-SYN-Flood
80,6,20,1200,20,0,0,0,DoS-SYN-Flood
22,6,20,1200,20,0,0,0,SSH-Bruteforce
0,1,20,1200,0,0,0,0,DoS-ICMP
80,6,20,1480,20,0,0,0,DoS-HTTP
51464,6,2,120,2,0,0,0,PortScan
62047,6,4,240,4,0,0,0,PortScan
80,6,20,1200,20,0,0,0,DoS-SYN-Flood
22,6,20,1200,20,0,0,0,SSH-Bruteforce
36520,17,20,27980,0,0,0,0,BENIGN
80,6,20,1480,20,0,0,0,DoS-HTTP
80,17,20,1200,0,0,0,0,DoS-UDP
80,17,20,1200,0,0,0,0,DoS-UDP
54829,17,20,27980,0,0,0,0,BENIGN
22,6,20,1200,3,0,17,0,SSH-Bruteforce
10275,6,6,360,6,0,0,0,PortScan
80,17,20,1200,0,0,0,0,DoS-UDP
80,6,20,1480,20,0,0,0,DoS-HTTP
44977,6,2,120,2,0,0,0,PortScan
17824,6,4,240,4,0,0,0,PortScan
80,6,20,1480,20,0,0,0,DoS-HTTP
80,6,20,1200,20,0,0,0,DoS-SYN-Flood
41089,6,2,120,2,0,0,0,PortScan
0,1,20,1200,0,0,0,0,DoS-ICMP
37867,6,4,240,4,0,0,0,PortScan
80,6,20,1480,20,0,0,0,DoS-HTTP
53235,6,4,240,4,0,0,0,PortScan
58949,6,4,240,4,0,0,0,PortScan
80,6,20,1200,20,0,0,0,DoS-SYN-Flood
80,6,20,1200,20,0,0,0,DoS-SYN-Flood
80,6,20,1480,20,0,0,0,DoS-HTTP
0,1,20,840,0,0,0,0,DoS-ICMP
80,6,20,1200,20,0,0,0,DoS-SYN-Flood
80,17,20,1200,0,0,0,0,DoS-UDP
0,1,20,1200,0,0,0,0,DoS-ICMP
80,6,20,1480,20,0,0,0,DoS-HTTP
28032,6,4,240,4,0,0,0,PortScan
80,6,20,1200,20,0,0,0,DoS-SYN-Flood
80,6,20,1200,20,0,0,0,DoS-SYN-Flood
62262,6,4,232,4,4,0,0,SSH-Bruteforce
80,6,20,1200,20,0,0,0,DoS-SYN-Flood
0,1,20,840,0,0,0,0,DoS-ICMP
80,17,20,1200,0,0,0,0,DoS-UDP
80,6,20,1480,20,0,0,0,DoS-HTTP
80,6,20,1200,20,0,0,0,DoS-SYN-Flood
47560,6,2,120,2,0,0,0,PortScan
60394,17,20,26392,0,0,0,0,BENIGN
80,6,20,1480,20,0,0,0,DoS-HTTP
60886,6,20,26328,0,20,0,0,BENIGN
50608,6,2,120,2,0,0,0,PortScan
31319,6,4,232,4,4,0,0,SSH-Bruteforce
22,6,20,1200,20,0,0,0,SSH-Bruteforce
80,17,20,1200,0,0,0,0,DoS-UDP
0,1,20,840,0,0,0,0,DoS-ICMP
80,6,20,1480,20,0,0,0,DoS-HTTP
0,1,20,1200,0,0,0,0,DoS-ICMP
80,6,20,1480,20,0,0,0,DoS-HTTP
80,6,20,1200,20,0,0,0,DoS-SYN-Flood
80,17,20,1200,0,0,0,0,DoS-UDP
80,6,20,1480,20,0,0,0,DoS-HTTP
36520,17,20,27980,0,0,0,0,BENIGN
22,6,20,1200,7,0,13,0,SSH-Bruteforce
80,6,20,1200,20,0,0,0,DoS-SYN-Flood
22,6,20,1200,20,0,0,0,SSH-Bruteforce
56976,6,4,240,4,0,0,0,PortScan
22,6,20,1200,0,0,20,0,SSH-Bruteforce
80,6,20,1200,20,0,0,0,DoS-SYN-Flood
58434,6,2,120,2,0,0,0,PortScan
80,17,20,1200,0,0,0,0,DoS-UDP
53906,6,1,54,0,1,1,0,BENIGN
80,6,20,1480,20,0,0,0,DoS-HTTP
80,17,20,1200,0,0,0,0,DoS-UDP
80,17,20,1200,0,0,0,0,DoS-UDP
0,1,20,1200,0,0,0,0,DoS-ICMP
80,6,20,1480,20,0,0,0,DoS-HTTP
0,1,20,840,0,0,0,0,DoS-ICMP
0,1,20,1200,0,0,0,0,DoS-ICMP
3061,6,4,240,4,0,0,0,PortScan
27018,6,4,240,4,0,0,0,PortScan
50284,6,4,240,4,0,0,0,PortScan
80,6,20,1200,20,0,0,0,DoS-SYN-Flood
33286,6,20,29140,0,20,0,0,BENIGN
23481,6,2,120,2,0,0,0,PortScan
28536,6,2,120,2,0,0,0,PortScan
22,6,20,1200,0,0,20,0,SSH-Bruteforce
54254,6,20,11991,1,20,0,0,BENIGN
80,17,20,1200,0,0,0,0,DoS-UDP
55308,6,4,240,4,0,0,0,PortScan
47177,6,8,464,8,8,0,0,SSH-Bruteforce
7886,6,5,290,5,5,0,0,SSH-Bruteforce
51825,6,2,120,2,0,0,0,PortScan
80,6,20,1200,20,0,0,0,DoS-SYN-Flood
80,6,20,1200,20,0,0,0,DoS-SYN-Flood
80,6,20,1480,20,0,0,0,DoS-HTTP
80,6,20,1200,20,0,0,0,DoS-SYN-Flood
0,1,20,840,0,0,0,0,DoS-ICMP
80,6,20,1200,20,0,0,0,DoS-SYN-Flood
80,6,20,1200,20,0,0,0,DoS-SYN-Flood
44974,6,2,120,2,0,0,0,PortScan
80,6,20,1480,20,0,0,0,DoS-HTTP
9872,6,7,406,7,7,0,0,SSH-Bruteforce
80,17,20,1200,0,0,0,0,DoS-UDP
80,6,20,1200,20,0,0,0,DoS-SYN-Flood
80,6,20,1480,20,0,0,0,DoS-HTTP
80,6,20,1480,20,0,0,0,DoS-HTTP
80,6,20,1480,20,0,0,0,DoS-HTTP
0,1,20,840,0,0,0,0,DoS-ICMP
80,6,20,1200,20,0,0,0,DoS-SYN-Flood
27062,6,6,348,6,6,0,0,SSH-Bruteforce
0,1,20,840,0,0,0,0,DoS-ICMP
22,6,20,1200,20,0,0,0,SSH-Bruteforce
80,17,20,1200,0,0,0,0,DoS-UDP
80,6,20,1480,20,0,0,0,DoS-HTTP
80,6,20,1480,20,0,0,0,DoS-HTTP
80,6,20,1200,20,0,0,0,DoS-SYN-Flood
48327,6,2,120,2,0,0,0,PortScan
80,17,20,1200,0,0,0,0,DoS-UDP
0,1,20,1200,0,0,0,0,DoS-ICMP
45904,6,20,2766,1,20,0,0,BENIGN
80,6,20,1200,20,0,0,0,DoS-SYN-Flood
3195,6,7,406,7,7,0,0,SSH-Bruteforce
80,6,20,1480,20,0,0,0,DoS-HTTP
7079,6,5,290,5,5,0,0,SSH-Bruteforce
80,17,20,1200,0,0,0,0,DoS-UDP
80,6,20,1480,20,0,0,0,DoS-HTTP
443,6,20,1200,0,20,0,0,BENIGN
13282,6,10,580,10,10,0,0,SSH-Bruteforce
54746,6,6,667,0,6,0,1,BENIGN
80,17,20,1200,0,0,0,0,DoS-UDP
80,17,20,1200,0,0,0,0,DoS-UDP
80,6,20,1480,20,0,0,0,DoS-HTTP
80,6,20,1200,20,0,0,0,DoS-SYN-Flood
22,6,20,1200,20,0,0,0,SSH-Bruteforce
80,17,20,1200,0,0,0,0,DoS-UDP
80,6,20,1480,20,0,0,0,DoS-HTTP
80,17,20,1200,0,0,0,0,DoS-UDP
80,6,20,1480,20,0,0,0,DoS-HTTP
80,6,20,1200,20,0,0,0,DoS-SYN-Flood
80,6,20,1200,20,0,0,0,DoS-SYN-Flood
0,1,20,1200,0,0,0,0,DoS-ICMP
22,6,20,1200,20,0,0,0,SSH-Bruteforce
0,1,20,840,0,0,0,0,DoS-ICMP
80,6,20,1200,20,0,0,0,DoS-SYN-Flood
0,1,20,840,0,0,0,0,DoS-ICMP
80,6,20,1200,20,0,0,0,DoS-SYN-Flood
80,6,20,1200,20,0,0,0,DoS-SYN-Flood
22,6,20,1200,0,0,20,0,SSH-Bruteforce
80,17,20,1200,0,0,0,0,DoS-UDP
22,6,20,1200,4,0,16,0,SSH-Bruteforce
80,6,20,1200,20,0,0,0,DoS-SYN-Flood
0,1,20,840,0,0,0,0,DoS-ICMP
80,6,20,1200,20,0,0,0,DoS-SYN-Flood
80,6,20,1200,20,0,0,0,DoS-SYN-Flood
80,6,20,1200,20,0,0,0,DoS-SYN-Flood
7369,6,4,240,4,0,0,0,PortScan
0,1,20,840,0,0,0,0,DoS-ICMP
22,6,20,1200,1,0,19,0,SSH-Bruteforce
49729,6,2,120,2,0,0,0,PortScan
80,6,20,1200,20,0,0,0,DoS-SYN-Flood
20716,6,2,120,2,0,0,0,PortScan
22,6,20,1200,0,0,20,0,SSH-Bruteforce
80,6,20,1480,20,0,0,0,DoS-HTTP
53272,6,20,29140,0,20,0,0,BENIGN
36520,17,20,27980,0,0,0,0,BENIGN
80,6,20,1200,20,0,0,0,DoS-SYN-Flood
62892,6,4,240,4,0,0,0,PortScan
30037,6,4,240,4,0,0,0,PortScan
80,6,20,1200,20,0,0,0,DoS-SYN-Flood
0,1,20,1200,0,0,0,0,DoS-ICMP
24713,6,2,120,2,0,0,0,PortScan
16340,6,4,240,4,0,0,0,PortScan
52703,6,10,580,10,10,0,0,SSH-Bruteforce
22,6,20,1200,0,0,20,0,SSH-Bruteforce
0,1,20,840,0,0,0,0,DoS-ICMP
7518,6,4,240,4,0,0,0,PortScan
443,6,20,3735,2,18,0,0,BENIGN
80,6,20,1480,20,0,0,0,DoS-HTTP
36520,17,20,27980,0,0,0,0,BENIGN
80,6,20,1480,20,0,0,0,DoS-HTTP
60886,6,20,29140,0,20,0,0,BENIGN
55401,6,7,406,7,7,0,0,SSH-Bruteforce
7287,6,4,240,4,0,0,0,PortScan
44748,6,4,240,4,0,0,0,PortScan
80,6,20,1200,20,0,0,0,DoS-SYN-Flood
80,6,20,1200,20,0,0,0,DoS-SYN-Flood
37261,6,10,580,10,10,0,0,SSH-Bruteforce
80,6,20,1480,20,0,0,0,DoS-HTTP
53308,6,20,29140,0,20,0,0,BENIGN
80,17,20,1200,0,0,0,0,DoS-UDP
22,6,20,1200,20,0,0,0,SSH-Bruteforce
37716,6,8,464,8,8,0,0,SSH-Bruteforce
323,6,6,360,6,0,0,0,PortScan
80,6,20,1200,20,0,0,0,DoS-SYN-Flood
80,6,20,1480,20,0,0,0,DoS-HTTP
11097,6,6,348,6,6,0,0,SSH-Bruteforce
39959,6,2,120,2,0,0,0,PortScan
0,1,20,840,0,0,0,0,DoS-ICMP
80,6,20,1480,20,0,0,0,DoS-HTTP
80,6,20,1200,20,0,0,0,DoS-SYN-Flood
33944,6,2,120,2,0,0,0,PortScan
0,1,20,1200,0,0,0,0,DoS-ICMP
3975,6,4,240,4,0,0,0,PortScan
80,6,20,1200,20,0,0,0,DoS-SYN-Flood
80,6,20,1200,20,0,0,0,DoS-SYN-Flood
80,6,20,1480,20,0,0,0,DoS-HTTP
80,6,20,1480,20,0,0,0,DoS-HTTP
80,17,20,1200,0,0,0,0,DoS-UDP
15210,6,4,240,4,0,0,0,PortScan
0,1,20,840,0,0,0,0,DoS-ICMP
9789,6,4,240,4,0,0,0,PortScan
80,17,20,1200,0,0,0,0,DoS-UDP
0,1,20,840,0,0,0,0,DoS-ICMP
58249,6,6,348,6,6,0,0,SSH-Bruteforce
80,6,20,1200,20,0,0,0,DoS-SYN-Flood
45524,6,2,120,2,0,0,0,PortScan
0,1,20,840,0,0,0,0,DoS-ICMP
8831,6,4,240,4,0,0,0,PortScan
62036,6,7,406,7,7,0,0,SSH-Bruteforce
17881,6,2,120,2,0,0,0,PortScan
0,1,20,1200,0,0,0,0,DoS-ICMP
80,17,20,1200,0,0,0,0,DoS-UDP
80,6,20,1480,20,0,0,0,DoS-HTTP
443,6,20,1200,0,20,0,0,BENIGN
37139,6,4,240,4,0,0,0,PortScan
0,1,20,840,0,0,0,0,DoS-ICMP
0,1,20,1200,0,0,0,0,DoS-ICMP
53296,6,20,29200,0,20,0,0,BENIGN
19184,6,11,638,11,11,0,0,SSH-Bruteforce
53240,6,4,240,4,0,0,0,PortScan
80,6,20,1200,20,0,0,0,DoS-SYN-Flood
59364,6,2,120,2,0,0,0,PortScan
80,17,20,1200,0,0,0,0,DoS-UDP
80,6,20,1480,20,0,0,0,DoS-HTTP
80,6,20,1200,20,0,0,0,DoS-SYN-Flood
80,6,20,1200,20,0,0,0,DoS-SYN-Flood
37295,6,2,120,2,0,0,0,PortScan
80,6,20,1200,20,0,0,0,DoS-SYN-Flood
0,1,20,840,0,0,0,0,DoS-ICMP
0,1,20,840,0,0,0,0,DoS-ICMP
80,6,20,1200,20,0,0,0,DoS-SYN-Flood
32744,6,11,638,11,11,0,0,SSH-Bruteforce
5290,6,8,464,8,8,0,0,SSH-Bruteforce
22,6,20,1200,13,0,7,0,SSH-Bruteforce
45338,6,4,240,4,0,0,0,PortScan
80,6,20,1480,20,0,0,0,DoS-HTTP
0,1,20,840,0,0,0,0,DoS-ICMP
6707,6,8,464,8,8,0,0,SSH-Bruteforce
80,17,20,1200,0,0,0,0,DoS-UDP
36520,17,20,27980,0,0,0,0,BENIGN
22,6,20,1200,11,0,9,0,SSH-Bruteforce
80,17,20,1200,0,0,0,0,DoS-UDP
80,6,20,1200,20,0,0,0,DoS-SYN-Flood
80,6,20,1480,20,0,0,0,DoS-HTTP
80,17,20,1200,0,0,0,0,DoS-UDP
80,6,20,1200,20,0,0,0,DoS-SYN-Flood
80,6,20,1200,20,0,0,0,DoS-SYN-Flood
80,17,20,1200,0,0,0,0,DoS-UDP
33082,6,7,406,7,7,0,0,SSH-Bruteforce
80,6,20,1200,20,0,0,0,DoS-SYN-Flood
80,17,20,1200,0,0,0,0,DoS-UDP
80,6,20,1200,20,0,0,0,DoS-SYN-Flood
60886,6,20,29580,0,20,0,0,BENIGN
0,1,20,840,0,0,0,0,DoS-ICMP
80,6,20,1480,20,0,0,0,DoS-HTTP
80,6,20,1200,20,0,0,0,DoS-SYN-Flood
0,1,20,1200,0,0,0,0,DoS-ICMP
64293,6,2,120,2,0,0,0,PortScan
47065,6,2,120,2,0,0,0,PortScan
80,6,20,1480,20,0,0,0,DoS-HTTP
28639,6,7,406,7,7,0,0,SSH-Bruteforce
80,6,20,1200,20,0,0,0,DoS-SYN-Flood
61832,6,2,120,2,0,0,0,PortScan
80,6,20,1480,20,0,0,0,DoS-HTTP
80,17,20,1200,0,0,0,0,DoS-UDP
443,6,20,1200,0,20,0,0,BENIGN
80,6,20,1480,20,0,0,0,DoS-HTTP
80,17,20,1200,0,0,0,0,DoS-UDP
80,6,20,1200,20,0,0,0,DoS-SYN-Flood
80,17,20,1200,0,0,0,0,DoS-UDP
0,1,20,1200,0,0,0,0,DoS-ICMP
0,1,20,840,0,0,0,0,DoS-ICMP
53258,6,20,29261,0,20,0,0,BENIGN
28168,6,2,120,2,0,0,0,PortScan
540,6,3,174,3,3,0,0,SSH-Bruteforce
22,6,20,1200,20,0,0,0,SSH-Bruteforce
8419,6,4,240,4,0,0,0,PortScan
80,6,20,1200,20,0,0,0,DoS-SYN-Flood
0,1,20,840,0,0,0,0,DoS-ICMP
48806,17,20,27980,0,0,0,0,BENIGN
29988,6,2,120,2,0,0,0,PortScan
80,6,20,1200,20,0,0,0,DoS-SYN-Flood
80,6,20,1200,20,0,0,0,DoS-SYN-Flood
80,17,20,1200,0,0,0,0,DoS-UDP
80,17,20,1200,0,0,0,0,DoS-UDP
12536,6,6,360,6,0,0,0,PortScan
80,6,20,1480,20,0,0,0,DoS-HTTP
0,1,20,1200,0,0,0,0,DoS-ICMP
80,17,20,1200,0,0,0,0,DoS-UDP
36520,17,20,26895,0,0,0,0,BENIGN
80,17,20,1200,0,0,0,0,DoS-UDP
17561,6,2,120,2,0,0,0,PortScan
80,6,20,1480,20,0,0,0,DoS-HTTP
80,17,20,1200,0,0,0,0,DoS-UDP
56813,6,2,120,2,0,0,0,PortScan
80,6,20,1200,20,0,0,0,DoS-SYN-Flood
18556,6,4,240,4,0,0,0,PortScan
22,6,20,1200,1,0,19,0,SSH-Bruteforce
80,17,20,1200,0,0,0,0,DoS-UDP
80,17,20,1200,0,0,0,0,DoS-UDP
29347,6,2,120,2,0,0,0,PortScan
23350,6,7,406,7,7,0,0,SSH-Bruteforce
80,17,20,1200,0,0,0,0,DoS-UDP
80,6,20,1200,20,0,0,0,DoS-SYN-Flood
443,6,20,1200,0,20,0,0,BENIGN
0,1,20,1200,0,0,0,0,DoS-ICMP
55573,6,5,290,5,5,0,0,SSH-Bruteforce
80,6,20,1200,20,0,0,0,DoS-SYN-Flood
0,1,20,840,0,0,0,0,DoS-ICMP
22,6,20,1200,0,0,20,0,SSH-Bruteforce
29956,6,2,120,2,0,0,0,PortScan
0,1,20,1200,0,0,0,0,DoS-ICMP
80,17,20,1200,0,0,0,0,DoS-UDP
80,6,20,1480,20,0,0,0,DoS-HTTP
80,6,20,1200,20,0,0,0,DoS-SYN-Flood
36136,6,2,120,2,0,0,0,PortScan
80,6,20,1480,20,0,0,0,DoS-HTTP
39966,6,2,120,2,0,0,0,PortScan
0,1,20,840,0,0,0,0,DoS-ICMP
80,17,20,1200,0,0,0,0,DoS-UDP
80,6,20,1200,20,0,0,0,DoS-SYN-Flood
80,6,20,1200,20,0,0,0,DoS-SYN-Flood
80,17,20,1200,0,0,0,0,DoS-UDP
0,1,20,840,0,0,0,0,DoS-ICMP
0,1,20,1200,0,0,0,0,DoS-ICMP
22,6,20,1200,1,0,19,0,SSH-Bruteforce
443,6,20,1200,0,20,0,0,BENIGN
80,17,20,1200,0,0,0,0,DoS-UDP
80,17,20,1200,0,0,0,0,DoS-UDP
11650,6,4,240,4,0,0,0,PortScan
36520,17,20,27980,0,0,0,0,BENIGN
33595,17,20,20266,0,0,0,0,BENIGN
80,6,20,1480,20,0,0,0,DoS-HTTP
80,6,20,1200,20,0,0,0,DoS-SYN-Flood
38455,6,4,240,4,0,0,0,PortScan
80,17,20,1200,0,0,0,0,DoS-UDP
22,6,20,1200,20,0,0,0,SSH-Bruteforce
0,1,20,1200,0,0,0,0,DoS-ICMP
80,6,20,1480,20,0,0,0,DoS-HTTP
33240,6,20,28541,0,20,0,0,BENIGN
80,17,20,1200,0,0,0,0,DoS-UDP
0,1,20,1200,0,0,0,0,DoS-ICMP
0,1,20,840,0,0,0,0,DoS-ICMP
9598,6,10,580,10,10,0,0,SSH-Bruteforce
80,6,20,1200,20,0,0,0,DoS-SYN-Flood
80,17,20,1200,0,0,0,0,DoS-UDP
80,6,20,1480,20,0,0,0,DoS-HTTP
54600,6,5,290,5,5,0,0,SSH-Bruteforce
0,1,20,840,0,0,0,0,DoS-ICMP
0,1,20,1200,0,0,0,0,DoS-ICMP
80,6,20,1480,20,0,0,0,DoS-HTTP
80,17,20,1200,0,0,0,0,DoS-UDP
20384,6,7,406,7,7,0,0,SSH-Bruteforce
80,6,20,1200,20,0,0,0,DoS-SYN-Flood
80,17,20,1200,0,0,0,0,DoS-UDP
80,6,20,1200,20,0,0,0,DoS-SYN-Flood
80,6,20,1480,20,0,0,0,DoS-HTTP
28340,6,9,522,9,9,0,0,SSH-Bruteforce
80,17,20,1200,0,0,0,0,DoS-UDP
55028,6,2,120,2,0,0,0,PortScan
0,1,20,1200,0,0,0,0,DoS-ICMP
35664,6,4,240,4,0,0,0,PortScan
443,6,20,2522,1,19,0,0,BENIGN
1303,6,4,240,4,0,0,0,PortScan
22,6,20,1200,0,0,20,0,SSH-Bruteforce
0,1,20,840,0,0,0,0,DoS-ICMP
80,17,20,1200,0,0,0,0,DoS-UDP
33240,6,20,29320,0,20,0,0,BENIGN
56955,6,10,580,10,10,0,0,SSH-Bruteforce
56795,6,9,522,9,9,0,0,SSH-Bruteforce
59837,6,4,240,4,0,0,0,PortScan
0,1,20,840,0,0,0,0,DoS-ICMP
0,1,20,840,0,0,0,0,DoS-ICMP
0,1,20,840,0,0,0,0,DoS-ICMP
31850,6,2,120,2,0,0,0,PortScan
51505,6,2,120,2,0,0,0,PortScan
80,6,20,1200,20,0,0,0,DoS-SYN-Flood
22,6,20,1200,0,0,20,0,SSH-Bruteforce
80,6,20,1480,20,0,0,0,DoS-HTTP
58440,6,4,240,4,0,0,0,PortScan
80,17,20,1200,0,0,0,0,DoS-UDP
36520,17,20,27980,0,0,0,0,BENIGN
443,6,4,291,0,4,0,1,BENIGN
80,6,20,1480,20,0,0,0,DoS-HTTP
0,1,20,840,0,0,0,0,DoS-ICMP
22,6,20,1200,20,0,0,0,SSH-Bruteforce
51391,17,2,238,0,0,0,0,BENIGN
22,6,20,1200,0,0,20,0,SSH-Bruteforce
80,17,20,1200,0,0,0,0,DoS-UDP
80,17,20,1200,0,0,0,0,DoS-UDP
80,6,20,1200,20,0,0,0,DoS-SYN-Flood
80,6,20,1200,20,0,0,0,DoS-SYN-Flood
22,6,20,1200,20,0,0,0,SSH-Bruteforce
53308,6,20,28960,0,20,0,0,BENIGN
34476,6,9,522,9,9,0,0,SSH-Bruteforce
80,17,20,1200,0,0,0,0,DoS-UDP
58828,6,5,290,5,5,0,0,SSH-Bruteforce
80,17,20,1200,0,0,0,0,DoS-UDP
80,17,20,1200,0,0,0,0,DoS-UDP
0,1,20,1200,0,0,0,0,DoS-ICMP
45656,6,2,120,2,0,0,0,PortScan
80,6,20,1200,20,0,0,0,DoS-SYN-Flood
80,17,20,1200,0,0,0,0,DoS-UDP
80,6,20,1480,20,0,0,0,DoS-HTTP
22,6,20,1200,20,0,0,0,SSH-Bruteforce
80,17,20,1200,0,0,0,0,DoS-UDP
43986,6,5,290,5,5,0,0,SSH-Bruteforce
80,17,20,1200,0,0,0,0,DoS-UDP
80,17,20,1200,0,0,0,0,DoS-UDP
80,6,20,1200,20,0,0,0,DoS-SYN-Flood
80,17,20,1200,0,0,0,0,DoS-UDP
80,6,20,1200,20,0,0,0,DoS-SYN-Flood
80,17,20,1200,0,0,0,0,DoS-UDP
0,1,20,840,0,0,0,0,DoS-ICMP
36520,17,20,27980,0,0,0,0,BENIGN
22,6,20,1200,0,0,20,0,SSH-Bruteforce
80,17,20,1200,0,0,0,0,DoS-UDP
80,17,20,1200,0,0,0,0,DoS-UDP
80,17,20,1200,0,0,0,0,DoS-UDP
19122,6,2,120,2,0,0,0,PortScan
17944,6,2,120,2,0,0,0,PortScan
53515,6,9,522,9,9,0,0,SSH-Bruteforce
80,17,20,1200,0,0,0,0,DoS-UDP
80,6,20,1480,20,0,0,0,DoS-HTTP
2538,6,4,240,4,0,0,0,PortScan
0,1,20,840,0,0,0,0,DoS-ICMP
5258,6,9,522,9,9,0,0,SSH-Bruteforce
80,6,20,1200,20,0,0,0,DoS-SYN-Flood
80,17,20,1200,0,0,0,0,DoS-UDP
27159,6,6,348,6,6,0,0,SSH-Bruteforce
22,6,20,1200,20,0,0,0,SSH-Bruteforce
54829,17,20,27980,0,0,0,0,BENIGN
80,6,20,1480,20,0,0,0,DoS-HTTP
80,6,20,1480,20,0,0,0,DoS-HTTP
22,6,20,1200,20,0,0,0,SSH-Bruteforce
30143,6,2,120,2,0,0,0,PortScan
34074,17,2,740,0,0,0,0,BENIGN
80,17,20,1200,0,0,0,0,DoS-UDP
80,6,20,1480,20,0,0,0,DoS-HTTP
36409,6,4,240,4,0,0,0,PortScan
23550,6,2,120,2,0,0,0,PortScan
1314,6,4,240,4,0,0,0,PortScan
443,6,12,855,0,11,1,2,BENIGN
51655,6,2,120,2,0,0,0,PortScan
80,6,20,1480,20,0,0,0,DoS-HTTP
80,6,20,1480,20,0,0,0,DoS-HTTP
16756,6,2,120,2,0,0,0,PortScan
0,1,20,1200,0,0,0,0,DoS-ICMP
0,1,20,840,0,0,0,0,DoS-ICMP
25661,6,2,120,2,0,0,0,PortScan
80,6,20,1480,20,0,0,0,DoS-HTTP
80,17,20,1200,0,0,0,0,DoS-UDP
0,1,20,840,0,0,0,0,DoS-ICMP
80,6,20,1200,20,0,0,0,DoS-SYN-Flood
80,6,20,1480,20,0,0,0,DoS-HTTP
80,6,20,1200,20,0,0,0,DoS-SYN-Flood
22,6,20,1200,2,0,18,0,SSH-Bruteforce
80,6,20,1480,20,0,0,0,DoS-HTTP
27447,6,4,232,4,4,0,0,SSH-Bruteforce
80,6,20,1200,20,0,0,0,DoS-SYN-Flood
0,1,20,1200,0,0,0,0,DoS-ICMP
80,17,20,1200,0,0,0,0,DoS-UDP
80,6,20,1480,20,0,0,0,DoS-HTTP
22,6,20,1200,12,0,8,0,SSH-Bruteforce
80,6,20,1480,20,0,0,0,DoS-HTTP
0,1,20,840,0,0,0,0,DoS-ICMP
54473,6,4,240,4,0,0,0,PortScan
80,6,20,1200,20,0,0,0,DoS-SYN-Flood
443,6,20,1200,0,20,0,0,BENIGN
443,6,20,1200,0,20,0,0,BENIGN
22,6,20,1200,0,0,20,0,SSH-Bruteforce
80,6,20,1480,20,0,0,0,DoS-HTTP
0,1,20,840,0,0,0,0,DoS-ICMP
15211,6,4,240,4,0,0,0,PortScan
80,17,20,1200,0,0,0,0,DoS-UDP
20952,6,2,120,2,0,0,0,PortScan
80,6,20,1200,20,0,0,0,DoS-SYN-Flood
0,1,20,1200,0,0,0,0,DoS-ICMP
80,17,20,1200,0,0,0,0,DoS-UDP
64982,6,2,120,2,0,0,0,PortScan
80,17,20,1200,0,0,0,0,DoS-UDP
80,17,20,1200,0,0,0,0,DoS-UDP
80,6,20,1200,20,0,0,0,DoS-SYN-Flood
80,6,20,1480,20,0,0,0,DoS-HTTP
55395,6,2,120,2,0,0,0,PortScan
80,6,20,1200,20,0,0,0,DoS-SYN-Flood
36639,6,7,406,7,7,0,0,SSH-Bruteforce
0,1,20,1200,0,0,0,0,DoS-ICMP
45402,6,9,522,9,9,0,0,SSH-Bruteforce
80,17,20,1200,0,0,0,0,DoS-UDP
80,17,20,1200,0,0,0,0,DoS-UDP
53258,6,20,18006,0,20,0,0,BENIGN
57041,6,2,120,2,0,0,0,PortScan
0,1,20,1200,0,0,0,0,DoS-ICMP
0,1,20,1200,0,0,0,0,DoS-ICMP
36520,17,20,27980,0,0,0,0,BENIGN
80,17,20,1200,0,0,0,0,DoS-UDP
80,17,20,1200,0,0,0,0,DoS-UDP
80,6,20,1480,20,0,0,0,DoS-HTTP
22,6,20,1200,0,0,20,0,SSH-Bruteforce
838,6,4,240,4,0,0,0,PortScan
80,17,20,1200,0,0,0,0,DoS-UDP
42904,17,20,27980,0,0,0,0,BENIGN
37543,6,4,240,4,0,0,0,PortScan
80,6,20,1200,20,0,0,0,DoS-SYN-Flood
29911,6,4,240,4,0,0,0,PortScan
80,17,20,1200,0,0,0,0,DoS-UDP
10652,6,4,240,4,0,0,0,PortScan
24828,6,6,348,6,6,0,0,SSH-Bruteforce
80,17,20,1200,0,0,0,0,DoS-UDP
80,17,20,1200,0,0,0,0,DoS-UDP
34195,6,2,120,2,0,0,0,PortScan
0,1,20,1200,0,0,0,0,DoS-ICMP
22,6,20,1200,0,0,20,0,SSH-Bruteforce
80,6,20,1200,20,0,0,0,DoS-SYN-Flood
0,1,20,1200,0,0,0,0,DoS-ICMP
80,6,20,1480,20,0,0,0,DoS-HTTP
443,17,20,4732,0,0,0,0,BENIGN
29406,6,2,120,2,0,0,0,PortScan
25985,6,7,406,7,7,0,0,SSH-Bruteforce
25359,6,2,120,2,0,0,0,PortScan
12637,6,4,240,4,0,0,0,PortScan
22,6,20,1200,20,0,0,0,SSH-Bruteforce
80,6,20,1480,20,0,0,0,DoS-HTTP
80,6,20,1200,20,0,0,0,DoS-SYN-Flood
30493,6,5,290,5,5,0,0,SSH-Bruteforce
80,6,20,1200,20,0,0,0,DoS-SYN-Flood
22,6,20,1200,0,0,20,0,SSH-Bruteforce
33240,6,20,29200,0,20,0,0,BENIGN
80,17,20,1200,0,0,0,0,DoS-UDP
11569,6,4,240,4,0,0,0,PortScan
80,17,20,1200,0,0,0,0,DoS-UDP
80,6,20,1200,20,0,0,0,DoS-SYN-Flood
80,17,20,1200,0,0,0,0,DoS-UDP
36520,17,20,27980,0,0,0,0,BENIGN
0,1,20,1200,0,0,0,0,DoS-ICMP
80,6,20,1480,20,0,0,0,DoS-HTTP
80,6,20,1480,20,0,0,0,DoS-HTTP
80,6,20,1200,20,0,0,0,DoS-SYN-Flood
80,17,20,1200,0,0,0,0,DoS-UDP
80,6,20,1480,20,0,0,0,DoS-HTTP
80,6,20,1480,20,0,0,0,DoS-HTTP
29645,6,2,120,2,0,0,0,PortScan
80,17,20,1200,0,0,0,0,DoS-UDP
59804,6,20,18832,0,20,0,0,BENIGN
80,6,20,1200,20,0,0,0,DoS-SYN-Flood
80,6,20,1480,20,0,0,0,DoS-HTTP
80,17,20,1200,0,0,0,0,DoS-UDP
80,6,20,1200,20,0,0,0,DoS-SYN-Flood
0,1,20,1200,0,0,0,0,DoS-ICMP
80,6,20,1480,20,0,0,0,DoS-HTTP
80,6,20,1200,20,0,0,0,DoS-SYN-Flood
0,1,20,840,0,0,0,0,DoS-ICMP
80,17,20,1200,0,0,0,0,DoS-UDP
80,6,20,1480,20,0,0,0,DoS-HTTP
8020,6,4,240,4,0,0,0,PortScan
80,6,20,1480,20,0,0,0,DoS-HTTP
80,6,20,1200,20,0,0,0,DoS-SYN-Flood
49249,6,8,464,8,8,0,0,SSH-Bruteforce
63695,6,4,240,4,0,0,0,PortScan
80,6,20,1480,20,0,0,0,DoS-HTTP
0,1,20,1200,0,0,0,0,DoS-ICMP
36281,6,10,580,10,10,0,0,SSH-Bruteforce
80,17,20,1200,0,0,0,0,DoS-UDP
32074,6,2,120,2,0,0,0,PortScan
49419,6,4,240,4,0,0,0,PortScan
80,6,20,1200,20,0,0,0,DoS-SYN-Flood
0,1,20,840,0,0,0,0,DoS-ICMP
22,6,20,1200,0,0,20,0,SSH-Bruteforce
0,1,20,840,0,0,0,0,DoS-ICMP
80,6,20,1480,20,0,0,0,DoS-HTTP
80,17,20,1200,0,0,0,0,DoS-UDP
30436,6,2,120,2,0,0,0,PortScan
0,1,20,840,0,0,0,0,DoS-ICMP
80,6,20,1480,20,0,0,0,DoS-HTTP
0,1,20,1200,0,0,0,0,DoS-ICMP
0,1,20,840,0,0,0,0,DoS-ICMP
80,17,20,1200,0,0,0,0,DoS-UDP
80,17,20,1200,0,0,0,0,DoS-UDP
80,17,20,1200,0,0,0,0,DoS-UDP
80,6,20,1480,20,0,0,0,DoS-HTTP
80,6,20,1480,20,0,0,0,DoS-HTTP
19883,6,2,120,2,0,0,0,PortScan
80,6,20,1200,20,0,0,0,DoS-SYN-Flood
80,17,20,1200,0,0,0,0,DoS-UDP
80,17,20,1200,0,0,0,0,DoS-UDP
8799,6,10,580,10,10,0,0,SSH-Bruteforce
0,1,20,1200,0,0,0,0,DoS-ICMP
80,6,20,1480,20,0,0,0,DoS-HTTP
80,17,20,1200,0,0,0,0,DoS-UDP
80,6,20,1480,20,0,0,0,DoS-HTTP
16290,6,2,120,2,0,0,0,PortScan
36520,17,20,27980,0,0,0,0,BENIGN
53308,6,20,29260,0,20,0,0,BENIGN
36520,17,20,27980,0,0,0,0,BENIGN
0,1,20,840,0,0,0,0,DoS-ICMP
0,1,20,1200,0,0,0,0,DoS-ICMP
0,1,20,1200,0,0,0,0,DoS-ICMP
0,1,20,840,0,0,0,0,DoS-ICMP
0,1,20,840,0,0,0,0,DoS-ICMP
80,6,20,1200,20,0,0,0,DoS-SYN-Flood
80,17,20,1200,0,0,0,0,DoS-UDP
6949,6,4,240,4,0,0,0,PortScan
80,6,20,1200,20,0,0,0,DoS-SYN-Flood
5011,6,4,240,4,0,0,0,PortScan
45515,6,8,464,8,8,0,0,SSH-Bruteforce
80,6,20,1200,20,0,0,0,DoS-SYN-Flood
80,17,20,1200,0,0,0,0,DoS-UDP
51530,6,2,120,2,0,0,0,PortScan
48806,17,20,27980,0,0,0,0,BENIGN
22,6,20,1200,20,0,0,0,SSH-Bruteforce
80,17,20,1200,0,0,0,0,DoS-UDP
80,6,20,1480,20,0,0,0,DoS-HTTP
13355,6,4,240,4,0,0,0,PortScan
47822,6,20,29440,0,20,0,0,BENIGN
80,6,20,1480,20,0,0,0,DoS-HTTP
22,6,20,1200,20,0,0,0,SSH-Bruteforce
44094,6,7,406,7,7,0,0,SSH-Bruteforce
80,6,20,1200,20,0,0,0,DoS-SYN-Flood
48243,6,1,58,1,1,0,0,PortScan
0,1,20,840,0,0,0,0,DoS-ICMP
33961,6,11,638,11,11,0,0,SSH-Bruteforce
80,6,20,1200,20,0,0,0,DoS-SYN-Flood
80,6,20,1480,20,0,0,0,DoS-HTTP
47915,6,6,348,6,6,0,0,SSH-Bruteforce
0,1,20,840,0,0,0,0,DoS-ICMP
39339,6,2,120,2,0,0,0,PortScan
80,6,20,1200,20,0,0,0,DoS-SYN-Flood
80,6,20,1200,20,0,0,0,DoS-SYN-Flood
80,6,20,1480,20,0,0,0,DoS-HTTP
48861,6,6,348,6,6,0,0,SSH-Bruteforce
46587,6,2,120,2,0,0,0,PortScan
80,6,20,1480,20,0,0,0,DoS-HTTP
16216,6,9,522,9,9,0,0,SSH-Bruteforce
80,6,20,1480,20,0,0,0,DoS-HTTP
80,6,20,1480,20,0,0,0,DoS-HTTP
0,1,20,1200,0,0,0,0,DoS-ICMP
80,6,20,1480,20,0,0,0,DoS-HTTP
80,6,20,1480,20,0,0,0,DoS-HTTP
80,6,20,1480,20,0,0,0,DoS-HTTP
80,6,20,1200,20,0,0,0,DoS-SYN-Flood
0,1,20,1200,0,0,0,0,DoS-ICMP
0,1,20,840,0,0,0,0,DoS-ICMP
0,1,20,1200,0,0,0,0,DoS-ICMP
16686,6,2,120,2,0,0,0,PortScan
64044,6,2,120,2,0,0,0,PortScan
80,17,20,1200,0,0,0,0,DoS-UDP
31119,6,2,120,2,0,0,0,PortScan
39291,6,2,120,2,0,0,0,PortScan
0,1,20,1200,0,0,0,0,DoS-ICMP
0,1,20,1200,0,0,0,0,DoS-ICMP
80,6,20,1200,20,0,0,0,DoS-SYN-Flood
80,17,20,1200,0,0,0,0,DoS-UDP
3584,6,7,406,7,7,0,0,SSH-Bruteforce
80,6,20,1200,20,0,0,0,DoS-SYN-Flood
80,6,20,1480,20,0,0,0,DoS-HTTP
80,6,20,1200,20,0,0,0,DoS-SYN-Flood
80,17,20,1200,0,0,0,0,DoS-UDP
80,6,20,1200,20,0,0,0,DoS-SYN-Flood
3685,6,4,240,4,0,0,0,PortScan
0,1,20,840,0,0,0,0,DoS-ICMP
22,6,20,1200,20,0,0,0,SSH-Bruteforce
41280,6,2,120,2,0,0,0,PortScan
80,6,20,1480,20,0,0,0,DoS-HTTP
0,1,20,1200,0,0,0,0,DoS-ICMP
26774,6,8,464,8,8,0,0,SSH-Bruteforce
80,6,20,1200,20,0,0,0,DoS-SYN-Flood
0,1,20,1200,0,0,0,0,DoS-ICMP
0,1,20,840,0,0,0,0,DoS-ICMP
80,17,20,1200,0,0,0,0,DoS-UDP
36520,17,20,27980,0,0,0,0,BENIGN
33240,6,20,29080,0,20,0,0,BENIGN
36520,17,20,27980,0,0,0,0,BENIGN
34348,6,4,240,4,0,0,0,PortScan
80,6,20,1200,20,0,0,0,DoS-SYN-Flood
54829,17,20,27980,0,0,0,0,BENIGN
0,1,20,1200,0,0,0,0,DoS-ICMP
0,1,20,1200,0,0,0,0,DoS-ICMP
39883,6,11,638,11,11,0,0,SSH-Bruteforce
80,6,20,1480,20,0,0,0,DoS-HTTP
15904,6,7,406,7,7,0,0,SSH-Bruteforce
80,6,20,1200,20,0,0,0,DoS-SYN-Flood
8078,6,5,290,5,5,0,0,SSH-Bruteforce
36520,17,20,18934,0,0,0,0,BENIGN
80,17,20,1200,0,0,0,0,DoS-UDP
34,6,6,360,6,0,0,0,PortScan
2647,6,6,360,6,0,0,0,PortScan
0,1,20,1200,0,0,0,0,DoS-ICMP
14956,6,9,522,9,9,0,0,SSH-Bruteforce
80,6,20,1200,20,0,0,0,DoS-SYN-Flood
0,1,20,840,0,0,0,0,DoS-ICMP
443,6,20,1200,0,20,0,0,BENIGN
80,6,20,1200,20,0,0,0,DoS-SYN-Flood
22421,6,10,580,10,10,0,0,SSH-Bruteforce
41308,17,20,27980,0,0,0,0,BENIGN
63230,6,8,464,8,8,0,0,SSH-Bruteforce
22,6,20,1200,20,0,0,0,SSH-Bruteforce
80,6,20,1200,20,0,0,0,DoS-SYN-Flood
0,1,20,840,0,0,0,0,DoS-ICMP
80,17,20,1200,0,0,0,0,DoS-UDP
22,6,20,1200,0,0,20,0,SSH-Bruteforce
80,6,20,1480,20,0,0,0,DoS-HTTP
443,17,20,2721,0,0,0,0,BENIGN
0,1,20,840,0,0,0,0,DoS-ICMP
80,6,20,1480,20,0,0,0,DoS-HTTP
5068,6,8,464,8,8,0,0,SSH-Bruteforce
80,6,20,1200,20,0,0,0,DoS-SYN-Flood
80,17,20,1200,0,0,0,0,DoS-UDP
26598,6,2,120,2,0,0,0,PortScan
80,6,20,1200,20,0,0,0,DoS-SYN-Flood
80,6,20,1200,20,0,0,0,DoS-SYN-Flood
0,1,20,1200,0,0,0,0,DoS-ICMP
80,6,20,1480,20,0,0,0,DoS-HTTP
36520,17,20,27980,0,0,0,0,BENIGN
22,6,20,1200,20,0,0,0,SSH-Bruteforce
22,6,20,1200,11,0,9,0,SSH-Bruteforce
443,6,20,1200,0,20,0,0,BENIGN
0,1,20,840,0,0,0,0,DoS-ICMP
0,1,20,1200,0,0,0,0,DoS-ICMP
80,6,20,1480,20,0,0,0,DoS-HTTP
0,1,20,1200,0,0,0,0,DoS-ICMP
80,17,20,1200,0,0,0,0,DoS-UDP
54048,6,4,240,4,0,0,0,PortScan
5306,6,4,240,4,0,0,0,PortScan
46895,6,4,240,4,0,0,0,PortScan
3252,6,4,240,4,0,0,0,PortScan
80,17,20,1200,0,0,0,0,DoS-UDP
80,17,20,1200,0,0,0,0,DoS-UDP
80,6,20,1480,20,0,0,0,DoS-HTTP
36520,17,20,27980,0,0,0,0,BENIGN
80,6,20,1480,20,0,0,0,DoS-HTTP
80,6,20,1480,20,0,0,0,DoS-HTTP
10631,6,8,464,8,8,0,0,SSH-Bruteforce
80,17,20,1200,0,0,0,0,DoS-UDP
0,1,20,840,0,0,0,0,DoS-ICMP
80,6,20,1480,20,0,0,0,DoS-HTTP
80,17,20,1200,0,0,0,0,DoS-UDP
43992,17,20,27541,0,0,0,0,BENIGN
0,1,20,840,0,0,0,0,DoS-ICMP
15415,6,2,120,2,0,0,0,PortScan
80,6,20,1200,20,0,0,0,DoS-SYN-Flood
80,6,20,1200,20,0,0,0,DoS-SYN-Flood
80,17,20,1200,0,0,0,0,DoS-UDP
44952,6,2,120,2,0,0,0,PortScan
0,1,20,1200,0,0,0,0,DoS-ICMP
80,17,20,1200,0,0,0,0,DoS-UDP
22,6,20,1200,20,0,0,0,SSH-Bruteforce
80,6,20,1480,20,0,0,0,DoS-HTTP
22,6,20,1200,3,0,17,0,SSH-Bruteforce
80,6,20,1200,20,0,0,0,DoS-SYN-Flood
80,6,20,1200,20,0,0,0,DoS-SYN-Flood
22,6,20,1200,20,0,0,0,SSH-Bruteforce
50249,6,9,522,9,9,0,0,SSH-Bruteforce
80,17,20,1200,0,0,0,0,DoS-UDP
80,17,20,1200,0,0,0,0,DoS-UDP
80,6,20,1200,20,0,0,0,DoS-SYN-Flood
80,17,20,1200,0,0,0,0,DoS-UDP
46173,6,7,406,7,7,0,0,SSH-Bruteforce
80,6,20,1480,20,0,0,0,DoS-HTTP
80,17,20,1200,0,0,0,0,DoS-UDP
443,17,5,1992,0,0,0,0,BENIGN
80,17,20,1200,0,0,0,0,DoS-UDP
443,6,20,3716,2,18,0,0,BENIGN
22,6,20,1200,0,0,20,0,SSH-Bruteforce
45937,6,7,406,7,7,0,0,SSH-Bruteforce
0,1,20,840,0,0,0,0,DoS-ICMP
5255,6,9,522,9,9,0,0,SSH-Bruteforce
80,6,20,1480,20,0,0,0,DoS-HTTP
0,1,20,840,0,0,0,0,DoS-ICMP
58611,6,2,120,2,0,0,0,PortScan
80,6,20,1480,20,0,0,0,DoS-HTTP
80,17,20,1200,0,0,0,0,DoS-UDP
80,6,20,1480,20,0,0,0,DoS-HTTP
80,6,20,1480,20,0,0,0,DoS-HTTP
0,1,20,840,0,0,0,0,DoS-ICMP
22,6,20,1200,7,0,13,0,SSH-Bruteforce
22,6,20,1200,3,0,17,0,SSH-Bruteforce
80,6,20,1480,20,0,0,0,DoS-HTTP
80,6,20,1200,20,0,0,0,DoS-SYN-Flood
0,1,20,840,0,0,0,0,DoS-ICMP
80,6,20,1200,20,0,0,0,DoS-SYN-Flood
15487,6,2,120,2,0,0,0,PortScan
80,17,20,1200,0,0,0,0,DoS-UDP
0,1,20,1200,0,0,0,0,DoS-ICMP
0,1,20,840,0,0,0,0,DoS-ICMP
0,1,20,840,0,0,0,0,DoS-ICMP
15281,6,2,120,2,0,0,0,PortScan
54829,17,20,18965,0,0,0,0,BENIGN
80,6,20,1480,20,0,0,0,DoS-HTTP
80,6,20,1200,20,0,0,0,DoS-SYN-Flood
80,6,20,1200,20,0,0,0,DoS-SYN-Flood
22,6,20,1200,2,0,18,0,SSH-Bruteforce
80,6,20,1480,20,0,0,0,DoS-HTTP
0,1,20,1200,0,0,0,0,DoS-ICMP
80,6,20,1480,20,0,0,0,DoS-HTTP
0,1,20,840,0,0,0,0,DoS-ICMP
1978,6,4,240,4,0,0,0,PortScan
80,6,20,1480,20,0,0,0,DoS-HTTP
22,6,20,1200,19,0,1,0,SSH-Bruteforce
35052,6,2,120,2,0,0,0,PortScan
45424,6,20,2890,0,20,0,0,BENIGN
57758,6,4,240,4,0,0,0,PortScan
22,6,20,1200,20,0,0,0,SSH-Bruteforce
6653,6,6,360,6,0,0,0,PortScan
80,17,20,1200,0,0,0,0,DoS-UDP
22,6,20,1200,0,0,20,0,SSH-Bruteforce
80,17,20,1200,0,0,0,0,DoS-UDP
53258,6,20,28960,0,20,0,0,BENIGN
0,1,20,1200,0,0,0,0,DoS-ICMP
0,1,20,840,0,0,0,0,DoS-ICMP
36520,17,20,27980,0,0,0,0,BENIGN
7738,6,4,232,4,4,0,0,SSH-Bruteforce
63176,6,6,348,6,6,0,0,SSH-Bruteforce
80,6,20,1480,20,0,0,0,DoS-HTTP
11628,6,6,348,6,6,0,0,SSH-Bruteforce
3962,6,7,406,7,7,0,0,SSH-Bruteforce
60886,6,20,29080,0,20,0,0,BENIGN
80,17,20,1200,0,0,0,0,DoS-UDP
36152,6,2,120,2,0,0,0,PortScan
80,6,20,1200,20,0,0,0,DoS-SYN-Flood
0,1,20,1200,0,0,0,0,DoS-ICMP
40510,6,12,692,11,11,1,0,SSH-Bruteforce
80,6,20,1480,20,0,0,0,DoS-HTTP
9696,6,6,360,6,0,0,0,PortScan
9119,6,10,580,10,10,0,0,SSH-Bruteforce
0,1,20,1200,0,0,0,0,DoS-ICMP
6826,6,8,464,8,8,0,0,SSH-Bruteforce
80,6,20,1480,20,0,0,0,DoS-HTTP
42822,6,9,522,9,9,0,0,SSH-Bruteforce
62016,6,2,120,2,0,0,0,PortScan
22,6,20,1200,0,0,20,0,SSH-Bruteforce
64729,6,2,120,2,0,0,0,PortScan
80,6,20,1480,20,0,0,0,DoS-HTTP
80,17,20,1200,0,0,0,0,DoS-UDP
0,1,20,840,0,0,0,0,DoS-ICMP
14323,6,6,360,6,0,0,0,PortScan
80,17,20,1200,0,0,0,0,DoS-UDP
45424,6,20,29020,0,20,0,0,BENIGN
52731,6,11,638,11,11,0,0,SSH-Bruteforce
0,1,20,840,0,0,0,0,DoS-ICMP
80,17,20,1200,0,0,0,0,DoS-UDP
80,6,20,1480,20,0,0,0,DoS-HTTP
22,6,20,1200,20,0,0,0,SSH-Bruteforce
80,6,20,1480,20,0,0,0,DoS-HTTP
3448,6,4,240,4,0,0,0,PortScan
22,6,20,1200,7,0,13,0,SSH-Bruteforce
13307,6,11,638,11,11,0,0,SSH-Bruteforce
0,1,20,840,0,0,0,0,DoS-ICMP
57099,6,5,290,5,5,0,0,SSH-Bruteforce
80,17,20,1200,0,0,0,0,DoS-UDP
80,6,20,1200,20,0,0,0,DoS-SYN-Flood
40680,6,2,120,2,0,0,0,PortScan
59646,6,20,29140,0,20,0,0,BENIGN
80,6,20,1480,20,0,0,0,DoS-HTTP
80,6,20,1480,20,0,0,0,DoS-HTTP
17401,6,6,348,6,6,0,0,SSH-Bruteforce
10029,6,4,240,4,0,0,0,PortScan
49850,6,10,580,10,10,0,0,SSH-Bruteforce
80,6,20,1480,20,0,0,0,DoS-HTTP
32826,6,6,348,6,6,0,0,SSH-Bruteforce
80,6,20,1200,20,0,0,0,DoS-SYN-Flood
80,17,20,1200,0,0,0,0,DoS-UDP
80,6,20,1480,20,0,0,0,DoS-HTTP
46262,6,2,120,2,0,0,0,PortScan
80,6,20,1480,20,0,0,0,DoS-HTTP
48644,6,2,120,2,0,0,0,PortScan
80,6,20,1200,20,0,0,0,DoS-SYN-Flood
80,6,20,1480,20,0,0,0,DoS-HTTP
443,6,2,120,0,2,0,1,BENIGN
80,6,20,1200,20,0,0,0,DoS-SYN-Flood
80,6,20,1480,20,0,0,0,DoS-HTTP
46700,6,10,580,10,10,0,0,SSH-Bruteforce
0,1,20,840,0,0,0,0,DoS-ICMP
29327,6,6,348,6,6,0,0,SSH-Bruteforce
80,6,20,1480,20,0,0,0,DoS-HTTP
22,6,20,1200,20,0,0,0,SSH-Bruteforce
22,6,20,1200,0,0,20,0,SSH-Bruteforce
80,6,20,1200,20,0,0,0,DoS-SYN-Flood
80,6,20,1200,20,0,0,0,DoS-SYN-Flood
56688,6,4,240,4,0,0,0,PortScan
36520,17,20,27980,0,0,0,0,BENIGN
40880,6,2,116,2,2,0,0,SSH-Bruteforce
0,1,20,1200,0,0,0,0,DoS-ICMP
80,17,20,1200,0,0,0,0,DoS-UDP
80,6,20,1200,20,0,0,0,DoS-SYN-Flood
0,1,20,840,0,0,0,0,DoS-ICMP
22,6,20,1200,20,0,0,0,SSH-Bruteforce
14748,6,6,360,6,0,0,0,PortScan
22,6,20,1200,0,0,20,0,SSH-Bruteforce
57929,6,5,290,5,5,0,0,SSH-Bruteforce
80,6,20,1200,20,0,0,0,DoS-SYN-Flood
80,6,20,1480,20,0,0,0,DoS-HTTP
0,1,20,1200,0,0,0,0,DoS-ICMP
80,17,20,1200,0,0,0,0,DoS-UDP
80,17,20,1200,0,0,0,0,DoS-UDP
80,6,20,1480,20,0,0,0,DoS-HTTP
80,17,20,1200,0,0,0,0,DoS-UDP
80,6,20,1480,20,0,0,0,DoS-HTTP
16654,6,7,406,7,7,0,0,SSH-Bruteforce
64218,6,4,240,4,0,0,0,PortScan
0,1,20,1200,0,0,0,0,DoS-ICMP
0,1,20,1200,0,0,0,0,DoS-ICMP
60886,6,20,29140,0,20,0,0,BENIGN
35082,6,8,464,8,8,0,0,SSH-Bruteforce
61962,6,4,240,4,0,0,0,PortScan
0,1,20,1200,0,0,0,0,DoS-ICMP
80,17,20,1200,0,0,0,0,DoS-UDP
0,1,20,1200,0,0,0,0,DoS-ICMP
80,6,20,1200,20,0,0,0,DoS-SYN-Flood
80,6,20,1200,20,0,0,0,DoS-SYN-Flood
15274,6,2,120,2,0,0,0,PortScan
80,17,20,1200,0,0,0,0,DoS-UDP
41544,6,10,580,10,10,0,0,SSH-Bruteforce
22,6,20,1200,20,0,0,0,SSH-Bruteforce
80,6,20,1480,20,0,0,0,DoS-HTTP
80,17,20,1200,0,0,0,0,DoS-UDP
0,1,20,840,0,0,0,0,DoS-ICMP
80,6,20,1480,20,0,0,0,DoS-HTTP
80,17,20,1200,0,0,0,0,DoS-UDP
8089,6,4,240,4,0,0,0,PortScan
22,6,20,1200,18,0,2,0,SSH-Bruteforce
0,1,20,840,0,0,0,0,DoS-ICMP
15083,6,4,240,4,0,0,0,PortScan
80,6,20,1200,20,0,0,0,DoS-SYN-Flood
80,17,20,1200,0,0,0,0,DoS-UDP
0,1,20,840,0,0,0,0,DoS-ICMP
19008,6,6,348,6,6,0,0,SSH-Bruteforce
80,6,20,1200,20,0,0,0,DoS-SYN-Flood
65483,6,8,464,8,8,0,0,SSH-Bruteforce
80,17,20,1200,0,0,0,0,DoS-UDP
80,6,20,1480,20,0,0,0,DoS-HTTP
22,6,20,1200,13,0,7,0,SSH-Bruteforce
22,6,20,1200,10,0,10,0,SSH-Bruteforce
443,6,20,1200,0,20,0,0,BENIGN
53258,6,20,30279,0,20,0,0,BENIGN
80,6,20,1200,20,0,0,0,DoS-SYN-Flood
80,6,20,1480,20,0,0,0,DoS-HTTP
80,6,20,1480,20,0,0,0,DoS-HTTP
0,1,20,1200,0,0,0,0,DoS-ICMP
20543,6,6,348,6,6,0,0,SSH-Bruteforce
80,6,20,1480,20,0,0,0,DoS-HTTP
52251,6,2,120,2,0,0,0,PortScan
32510,6,9,522,9,9,0,0,SSH-Bruteforce
80,17,20,1200,0,0,0,0,DoS-UDP
18817,6,4,240,4,0,0,0,PortScan
80,6,20,1480,20,0,0,0,DoS-HTTP
80,6,20,1480,20,0,0,0,DoS-HTTP
0,1,20,840,0,0,0,0,DoS-ICMP
40710,6,2,120,2,0,0,0,PortScan
58219,6,2,120,2,0,0,0,PortScan
0,1,20,1200,0,0,0,0,DoS-ICMP
17237,6,2,120,2,0,0,0,PortScan
80,17,20,1200,0,0,0,0,DoS-UDP
54829,17,20,27980,0,0,0,0,BENIGN
80,6,20,1480,20,0,0,0,DoS-HTTP
16920,6,2,120,2,0,0,0,PortScan
19716,6,7,406,7,7,0,0,SSH-Bruteforce
33240,6,20,29140,0,20,0,0,BENIGN
11159,6,7,406,7,7,0,0,SSH-Bruteforce
38600,6,7,406,7,7,0,0,SSH-Bruteforce
0,1,20,840,0,0,0,0,DoS-ICMP
30761,6,2,120,2,0,0,0,PortScan
80,6,20,1480,20,0,0,0,DoS-HTTP
80,6,20,1200,20,0,0,0,DoS-SYN-Flood
22,6,20,1200,0,0,20,0,SSH-Bruteforce
80,6,20,1200,20,0,0,0,DoS-SYN-Flood
0,1,20,840,0,0,0,0,DoS-ICMP
80,6,20,1480,20,0,0,0,DoS-HTTP
80,17,20,1200,0,0,0,0,DoS-UDP
33240,6,2,120,2,0,0,0,PortScan
80,6,20,1480,20,0,0,0,DoS-HTTP
80,6,20,1200,20,0,0,0,DoS-SYN-Flood
36616,6,4,240,4,0,0,0,PortScan
34100,17,2,269,0,0,0,0,BENIGN
80,6,20,1200,20,0,0,0,DoS-SYN-Flood
30787,6,4,240,4,0,0,0,PortScan
80,6,20,1480,20,0,0,0,DoS-HTTP
0,1,20,840,0,0,0,0,DoS-ICMP
52814,6,4,240,4,0,0,0,PortScan
20417,6,4,240,4,0,0,0,PortScan
61216,6,5,290,5,5,0,0,SSH-Bruteforce
42079,6,4,240,4,0,0,0,PortScan
80,6,20,1480,20,0,0,0,DoS-HTTP
80,6,20,1200,20,0,0,0,DoS-SYN-Flood
28567,6,4,240,4,0,0,0,PortScan
80,6,20,1200,20,0,0,0,DoS-SYN-Flood
0,1,20,1200,0,0,0,0,DoS-ICMP
22975,6,7,406,7,7,0,0,SSH-Bruteforce
0,1,20,840,0,0,0,0,DoS-ICMP
80,17,20,1200,0,0,0,0,DoS-UDP
80,6,20,1480,20,0,0,0,DoS-HTTP
80,17,20,1200,0,0,0,0,DoS-UDP
0,1,20,840,0,0,0,0,DoS-ICMP
80,6,20,1480,20,0,0,0,DoS-HTTP
80,6,20,1480,20,0,0,0,DoS-HTTP
80,17,20,1200,0,0,0,0,DoS-UDP
80,6,20,1480,20,0,0,0,DoS-HTTP
61642,6,1,58,1,1,0,0,PortScan
22,6,20,1200,0,0,20,0,SSH-Bruteforce
80,17,20,1200,0,0,0,0,DoS-UDP
80,17,20,1200,0,0,0,0,DoS-UDP
80,6,20,1480,20,0,0,0,DoS-HTTP
80,6,20,1200,20,0,0,0,DoS-SYN-Flood
53258,6,20,29140,0,20,0,0,BENIGN
60886,6,20,24210,0,20,0,0,BENIGN
31018,6,6,348,6,6,0,0,SSH-Bruteforce
22,6,20,1200,12,0,8,0,SSH-Bruteforce
31472,6,2,120,2,0,0,0,PortScan
0,1,20,1200,0,0,0,0,DoS-ICMP
10906,6,9,522,9,9,0,0,SSH-Bruteforce
22,6,20,1200,20,0,0,0,SSH-Bruteforce
41308,17,20,27980,0,0,0,0,BENIGN
80,6,20,1200,20,0,0,0,DoS-SYN-Flood
80,6,20,1200,20,0,0,0,DoS-SYN-Flood
80,6,20,1200,20,0,0,0,DoS-SYN-Flood
80,6,20,1480,20,0,0,0,DoS-HTTP
41791,6,4,240,4,0,0,0,PortScan
80,6,20,1200,20,0,0,0,DoS-SYN-Flood
80,17,20,1200,0,0,0,0,DoS-UDP
41132,6,7,406,7,7,0,0,SSH-Bruteforce
80,17,20,1200,0,0,0,0,DoS-UDP
25457,6,2,120,2,0,0,0,PortScan
80,6,20,1480,20,0,0,0,DoS-HTTP
36520,17,20,27980,0,0,0,0,BENIGN
80,17,20,1200,0,0,0,0,DoS-UDP
80,6,20,1200,20,0,0,0,DoS-SYN-Flood
0,1,20,840,0,0,0,0,DoS-ICMP
0,1,20,840,0,0,0,0,DoS-ICMP
22,6,20,1200,20,0,0,0,SSH-Bruteforce
36520,17,20,27980,0,0,0,0,BENIGN
80,6,20,1200,20,0,0,0,DoS-SYN-Flood
32113,6,9,522,9,9,0,0,SSH-Bruteforce
22,6,20,1200,20,0,0,0,SSH-Bruteforce
80,6,20,1200,20,0,0,0,DoS-SYN-Flood
80,6,20,1480,20,0,0,0,DoS-HTTP
0,1,20,1200,0,0,0,0,DoS-ICMP
26965,6,2,120,2,0,0,0,PortScan
19858,6,4,240,4,0,0,0,PortScan
80,17,20,1200,0,0,0,0,DoS-UDP
58465,6,7,406,7,7,0,0,SSH-Bruteforce
0,1,20,1200,0,0,0,0,DoS-ICMP
80,17,20,1200,0,0,0,0,DoS-UDP
47894,6,4,240,4,0,0,0,PortScan
80,6,20,1200,20,0,0,0,DoS-SYN-Flood
0,1,20,840,0,0,0,0,DoS-ICMP
24729,6,2,120,2,0,0,0,PortScan
15486,6,4,240,4,0,0,0,PortScan
22,6,20,1200,20,0,0,0,SSH-Bruteforce
80,6,20,1200,20,0,0,0,DoS-SYN-Flood
51777,6,2,120,2,0,0,0,PortScan
80,17,20,1200,0,0,0,0,DoS-UDP
80,6,20,1480,20,0,0,0,DoS-HTTP
24056,6,2,120,2,0,0,0,PortScan
22,6,20,1200,0,0,20,0,SSH-Bruteforce
80,17,20,1200,0,0,0,0,DoS-UDP
80,6,20,1200,20,0,0,0,DoS-SYN-Flood
53092,17,20,27980,0,0,0,0,BENIGN
80,17,20,1200,0,0,0,0,DoS-UDP
22,6,20,1200,0,0,20,0,SSH-Bruteforce
0,1,20,840,0,0,0,0,DoS-ICMP
6605,6,6,360,6,0,0,0,PortScan
80,6,20,1200,20,0,0,0,DoS-SYN-Flood
80,6,20,1480,20,0,0,0,DoS-HTTP
27756,6,2,120,2,0,0,0,PortScan
80,6,20,1200,20,0,0,0,DoS-SYN-Flood
0,1,20,840,0,0,0,0,DoS-ICMP
52922,6,5,290,5,5,0,0,SSH-Bruteforce
0,1,20,1200,0,0,0,0,DoS-ICMP
0,1,20,840,0,0,0,0,DoS-ICMP
80,6,20,1480,20,0,0,0,DoS-HTTP
80,6,20,1480,20,0,0,0,DoS-HTTP
80,6,20,1480,20,0,0,0,DoS-HTTP
22,6,20,1200,7,0,13,0,SSH-Bruteforce
0,1,20,1200,0,0,0,0,DoS-ICMP
50379,6,4,240,4,0,0,0,PortScan
22,6,20,1200,20,0,0,0,SSH-Bruteforce
80,17,20,1200,0,0,0,0,DoS-UDP
59028,6,2,120,2,0,0,0,PortScan
35226,6,13,754,13,13,0,0,SSH-Bruteforce
80,6,20,1200,20,0,0,0,DoS-SYN-Flood
80,6,20,1480,20,0,0,0,DoS-HTTP
80,6,20,1480,20,0,0,0,DoS-HTTP
0,1,20,840,0,0,0,0,DoS-ICMP
80,6,20,1200,20,0,0,0,DoS-SYN-Flood
80,17,20,1200,0,0,0,0,DoS-UDP
36520,17,20,27980,0,0,0,0,BENIGN
0,1,20,840,0,0,0,0,DoS-ICMP
80,6,20,1200,20,0,0,0,DoS-SYN-Flood
80,17,20,1200,0,0,0,0,DoS-UDP
80,6,20,1480,20,0,0,0,DoS-HTTP
33175,6,4,240,4,0,0,0,PortScan
0,1,20,1200,0,0,0,0,DoS-ICMP
80,6,20,1200,20,0,0,0,DoS-SYN-Flood
53308,6,20,29020,0,20,0,0,BENIGN
80,6,20,1200,20,0,0,0,DoS-SYN-Flood
53296,6,20,28900,0,20,0,0,BENIGN
0,1,20,1200,0,0,0,0,DoS-ICMP
54991,6,2,120,2,0,0,0,PortScan
80,17,20,1200,0,0,0,0,DoS-UDP
80,17,20,1200,0,0,0,0,DoS-UDP
80,6,20,1480,20,0,0,0,DoS-HTTP
0,1,20,840,0,0,0,0,DoS-ICMP
27200,6,2,120,2,0,0,0,PortScan
8664,6,11,638,11,11,0,0,SSH-Bruteforce
55958,6,9,522,9,9,0,0,SSH-Bruteforce
35642,6,7,406,7,7,0,0,SSH-Bruteforce
80,17,20,1200,0,0,0,0,DoS-UDP
80,6,20,1480,20,0,0,0,DoS-HTTP
41801,6,11,638,11,11,0,0,SSH-Bruteforce
80,6,20,1200,20,0,0,0,DoS-SYN-Flood
4810,6,8,464,8,8,0,0,SSH-Bruteforce
80,17,20,1200,0,0,0,0,DoS-UDP
80,6,20,1200,20,0,0,0,DoS-SYN-Flood
80,6,20,1200,20,0,0,0,DoS-SYN-Flood
80,17,20,1200,0,0,0,0,DoS-UDP
80,6,20,1480,20,0,0,0,DoS-HTTP
80,6,20,1200,20,0,0,0,DoS-SYN-Flood
80,6,20,1200,20,0,0,0,DoS-SYN-Flood
42627,6,2,120,2,0,0,0,PortScan
0,1,20,840,0,0,0,0,DoS-ICMP
22,6,20,1200,12,0,8,0,SSH-Bruteforce
80,17,20,1200,0,0,0,0,DoS-UDP
80,17,20,1200,0,0,0,0,DoS-UDP
60426,6,2,120,2,0,0,0,PortScan
80,17,20,1200,0,0,0,0,DoS-UDP
80,17,20,1200,0,0,0,0,DoS-UDP
22,6,20,1200,0,0,20,0,SSH-Bruteforce
80,6,20,1480,20,0,0,0,DoS-HTTP
64201,6,2,120,2,0,0,0,PortScan
36520,17,20,27980,0,0,0,0,BENIGN
22,6,20,1200,20,0,0,0,SSH-Bruteforce
80,17,20,1200,0,0,0,0,DoS-UDP
22,6,20,1200,13,0,7,0,SSH-Bruteforce
80,6,20,1200,20,0,0,0,DoS-SYN-Flood
9881,6,7,406,7,7,0,0,SSH-Bruteforce
48689,6,6,348,6,6,0,0,SSH-Bruteforce
19998,6,2,120,2,0,0,0,PortScan
80,6,20,1200,20,0,0,0,DoS-SYN-Flood
2895,6,7,406,7,7,0,0,SSH-Bruteforce
80,6,20,1200,20,0,0,0,DoS-SYN-Flood
36520,17,20,27980,0,0,0,0,BENIGN
80,6,20,1480,20,0,0,0,DoS-HTTP
80,17,20,1200,0,0,0,0,DoS-UDP
443,17,20,13202,0,0,0,0,BENIGN
20504,6,4,240,4,0,0,0,PortScan
52158,6,6,348,6,6,0,0,SSH-Bruteforce
26088,6,2,120,2,0,0,0,PortScan
37331,6,2,120,2,0,0,0,PortScan
80,6,20,1200,20,0,0,0,DoS-SYN-Flood
37035,6,8,464,8,8,0,0,SSH-Bruteforce
80,6,20,1480,20,0,0,0,DoS-HTTP
80,6,20,1480,20,0,0,0,DoS-HTTP
80,6,20,1200,20,0,0,0,DoS-SYN-Flood
80,6,20,1200,20,0,0,0,DoS-SYN-Flood
28405,6,8,464,8,8,0,0,SSH-Bruteforce
0,1,20,1200,0,0,0,0,DoS-ICMP
80,6,20,1200,20,0,0,0,DoS-SYN-Flood
35394,6,12,696,12,12,0,0,SSH-Bruteforce
80,17,20,1200,0,0,0,0,DoS-UDP
80,6,20,1480,20,0,0,0,DoS-HTTP
80,17,20,1200,0,0,0,0,DoS-UDP
80,6,20,1200,20,0,0,0,DoS-SYN-Flood
80,6,20,1480,20,0,0,0,DoS-HTTP
80,6,20,1480,20,0,0,0,DoS-HTTP
80,6,20,1200,20,0,0,0,DoS-SYN-Flood
80,6,20,1200,20,0,0,0,DoS-SYN-Flood
80,6,20,1200,20,0,0,0,DoS-SYN-Flood
0,1,20,1200,0,0,0,0,DoS-ICMP
80,6,20,1200,20,0,0,0,DoS-SYN-Flood
80,6,20,1200,20,0,0,0,DoS-SYN-Flood
80,17,20,1200,0,0,0,0,DoS-UDP
80,6,20,1200,20,0,0,0,DoS-SYN-Flood
80,6,20,1480,20,0,0,0,DoS-HTTP
80,17,20,1200,0,0,0,0,DoS-UDP
0,1,20,1200,0,0,0,0,DoS-ICMP
22,6,20,1200,20,0,0,0,SSH-Bruteforce
0,1,20,1200,0,0,0,0,DoS-ICMP
80,17,20,1200,0,0,0,0,DoS-UDP
80,6,20,1200,20,0,0,0,DoS-SYN-Flood
19705,6,2,120,2,0,0,0,PortScan
80,17,20,1200,0,0,0,0,DoS-UDP
80,17,20,1200,0,0,0,0,DoS-UDP
27273,6,2,120,2,0,0,0,PortScan
22,6,20,1200,0,0,20,0,SSH-Bruteforce
80,6,20,1200,20,0,0,0,DoS-SYN-Flood
22,6,20,1200,20,0,0,0,SSH-Bruteforce
80,6,20,1200,20,0,0,0,DoS-SYN-Flood
80,17,20,1200,0,0,0,0,DoS-UDP
41308,17,20,27980,0,0,0,0,BENIGN
80,6,20,1480,20,0,0,0,DoS-HTTP
45037,6,6,348,6,6,0,0,SSH-Bruteforce
53272,6,20,29922,0,20,0,0,BENIGN
0,1,20,1200,0,0,0,0,DoS-ICMP
80,17,20,1200,0,0,0,0,DoS-UDP
80,17,20,1200,0,0,0,0,DoS-UDP
22,6,20,1200,0,0,20,0,SSH-Bruteforce
80,6,20,1480,20,0,0,0,DoS-HTTP
0,1,20,840,0,0,0,0,DoS-ICMP
50627,17,20,19799,0,0,0,0,BENIGN
80,17,20,1200,0,0,0,0,DoS-UDP
57905,6,4,232,4,4,0,0,SSH-Bruteforce
80,6,20,1480,20,0,0,0,DoS-HTTP
30747,6,2,120,2,0,0,0,PortScan
61432,6,4,240,4,0,0,0,PortScan
80,6,20,1480,20,0,0,0,DoS-HTTP
80,6,20,4149,0,20,0,0,BENIGN
31710,6,4,240,4,0,0,0,PortScan
22,6,20,1200,2,0,18,0,SSH-Bruteforce
45830,6,13,754,13,13,0,0,SSH-Bruteforce
80,6,20,1200,20,0,0,0,DoS-SYN-Flood
0,1,20,1200,0,0,0,0,DoS-ICMP
80,6,4,296,4,0,0,0,BENIGN
44086,6,2,120,2,0,0,0,PortScan
37617,6,10,580,10,10,0,0,SSH-Bruteforce
80,6,20,1480,20,0,0,0,DoS-HTTP
80,17,20,1200,0,0,0,0,DoS-UDP
80,6,20,1480,20,0,0,0,DoS-HTTP
80,17,20,1200,0,0,0,0,DoS-UDP
22,6,20,1200,0,0,20,0,SSH-Bruteforce
80,6,20,1200,20,0,0,0,DoS-SYN-Flood
17086,6,2,120,2,0,0,0,PortScan
80,6,20,1480,20,0,0,0,DoS-HTTP
4873,6,4,240,4,0,0,0,PortScan
80,6,20,1200,20,0,0,0,DoS-SYN-Flood
80,17,20,1200,0,0,0,0,DoS-UDP
2648,6,4,240,4,0,0,0,PortScan
80,6,20,1480,20,0,0,0,DoS-HTTP
443,6,20,1200,0,20,0,0,BENIGN
45720,6,7,406,7,7,0,0,SSH-Bruteforce
80,17,20,1200,0,0,0,0,DoS-UDP
37800,6,4,240,4,0,0,0,PortScan
42533,6,8,464,8,8,0,0,SSH-Bruteforce
80,17,20,1200,0,0,0,0,DoS-UDP
32896,6,4,240,4,0,0,0,PortScan
18353,6,6,348,6,6,0,0,SSH-Bruteforce
1048,6,4,240,4,0,0,0,PortScan
0,1,20,840,0,0,0,0,DoS-ICMP
0,1,20,1200,0,0,0,0,DoS-ICMP
54828,17,2,273,0,0,0,0,BENIGN
9701,6,4,240,4,0,0,0,PortScan
0,1,20,1200,0,0,0,0,DoS-ICMP
443,6,20,1362,0,20,0,0,BENIGN
47541,6,2,120,2,0,0,0,PortScan
14211,6,4,240,4,0,0,0,PortScan
443,17,20,2591,0,0,0,0,BENIGN
36520,17,20,27980,0,0,0,0,BENIGN
80,6,20,1480,20,0,0,0,DoS-HTTP
22,6,20,1200,20,0,0,0,SSH-Bruteforce
80,6,20,1200,20,0,0,0,DoS-SYN-Flood
0,1,20,1200,0,0,0,0,DoS-ICMP
80,6,20,1480,20,0,0,0,DoS-HTTP
80,6,20,1200,20,0,0,0,DoS-SYN-Flood
80,17,20,1200,0,0,0,0,DoS-UDP
80,6,20,1480,20,0,0,0,DoS-HTTP
80,6,20,1200,20,0,0,0,DoS-SYN-Flood
80,6,20,1200,20,0,0,0,DoS-SYN-Flood
80,17,20,1200,0,0,0,0,DoS-UDP
0,1,20,840,0,0,0,0,DoS-ICMP
80,6,20,1480,20,0,0,0,DoS-HTTP
0,1,20,840,0,0,0,0,DoS-ICMP
56381,6,6,348,6,6,0,0,SSH-Bruteforce
80,6,20,1200,20,0,0,0,DoS-SYN-Flood
6200,6,10,580,10,10,0,0,SSH-Bruteforce
18974,6,6,348,6,6,0,0,SSH-Bruteforce
22918,6,2,120,2,0,0,0,PortScan
80,6,20,1200,20,0,0,0,DoS-SYN-Flood
80,17,20,1200,0,0,0,0,DoS-UDP
4438,6,9,522,9,9,0,0,SSH-Bruteforce
80,17,20,1200,0,0,0,0,DoS-UDP
27355,6,5,290,5,5,0,0,SSH-Bruteforce
80,6,20,1480,20,0,0,0,DoS-HTTP
80,17,20,1200,0,0,0,0,DoS-UDP
0,1,20,840,0,0,0,0,DoS-ICMP
19564,6,4,240,4,0,0,0,PortScan
80,6,20,1200,20,0,0,0,DoS-SYN-Flood
80,17,20,1200,0,0,0,0,DoS-UDP
44004,6,2,120,2,0,0,0,PortScan
41416,6,2,120,2,0,0,0,PortScan
50017,6,4,240,4,0,0,0,PortScan
80,6,20,1480,20,0,0,0,DoS-HTTP
0,1,20,1200,0,0,0,0,DoS-ICMP
36520,17,20,27980,0,0,0,0,BENIGN
26902,6,2,120,2,0,0,0,PortScan
80,17,20,1200,0,0,0,0,DoS-UDP
0,1,20,1200,0,0,0,0,DoS-ICMP
80,17,20,1200,0,0,0,0,DoS-UDP
80,17,20,1200,0,0,0,0,DoS-UDP
22,6,20,1200,0,0,20,0,SSH-Bruteforce
44576,6,11,5372,1,11,0,1,BENIGN
40792,6,2,120,2,0,0,0,PortScan
80,17,20,1200,0,0,0,0,DoS-UDP
80,6,20,1480,20,0,0,0,DoS-HTTP
80,17,20,1200,0,0,0,0,DoS-UDP
56952,6,8,464,8,8,0,0,SSH-Bruteforce
80,6,20,1480,20,0,0,0,DoS-HTTP
38840,6,2,120,2,0,0,0,PortScan
2264,6,4,240,4,0,0,0,PortScan
0,1,20,840,0,0,0,0,DoS-ICMP
46334,6,2,120,2,0,0,0,PortScan
22,6,20,1200,20,0,0,0,SSH-Bruteforce
46422,6,2,120,2,0,0,0,PortScan
80,6,20,1200,20,0,0,0,DoS-SYN-Flood
80,6,20,1480,20,0,0,0,DoS-HTTP
80,6,20,1200,20,0,0,0,DoS-SYN-Flood
80,6,20,1200,20,0,0,0,DoS-SYN-Flood
80,17,20,1200,0,0,0,0,DoS-UDP
0,1,20,1200,0,0,0,0,DoS-ICMP
80,17,20,1200,0,0,0,0,DoS-UDP
61163,6,6,348,6,6,0,0,SSH-Bruteforce
80,6,20,1200,20,0,0,0,DoS-SYN-Flood
80,17,20,1200,0,0,0,0,DoS-UDP
22,6,20,1200,0,0,20,0,SSH-Bruteforce
80,6,20,1200,20,0,0,0,DoS-SYN-Flood
80,6,20,1200,20,0,0,0,DoS-SYN-Flood
80,6,20,1480,20,0,0,0,DoS-HTTP
80,17,20,1200,0,0,0,0,DoS-UDP
80,6,20,1480,20,0,0,0,DoS-HTTP
31678,6,2,120,2,0,0,0,PortScan
9720,6,4,240,4,0,0,0,PortScan
52517,6,11,638,11,11,0,0,SSH-Bruteforce
4725,6,4,240,4,0,0,0,PortScan
80,6,20,1200,20,0,0,0,DoS-SYN-Flood
80,6,20,1200,20,0,0,0,DoS-SYN-Flood
21239,6,4,240,4,0,0,0,PortScan
35854,6,20,28960,0,20,0,0,BENIGN
80,6,20,1480,20,0,0,0,DoS-HTTP
0,1,20,840,0,0,0,0,DoS-ICMP
80,6,20,1200,20,0,0,0,DoS-SYN-Flood
0,1,20,840,0,0,0,0,DoS-ICMP
0,1,20,840,0,0,0,0,DoS-ICMP
43992,17,20,17967,0,0,0,0,BENIGN
36520,17,20,27980,0,0,0,0,BENIGN
38844,6,4,240,4,0,0,0,PortScan
54829,17,20,27980,0,0,0,0,BENIGN
60394,17,20,24725,0,0,0,0,BENIGN
80,6,20,1480,20,0,0,0,DoS-HTTP
49128,6,10,580,10,10,0,0,SSH-Bruteforce
44198,6,4,240,4,0,0,0,PortScan
80,17,20,1200,0,0,0,0,DoS-UDP
80,17,20,1200,0,0,0,0,DoS-UDP
80,6,20,1480,20,0,0,0,DoS-HTTP
80,6,20,1200,20,0,0,0,DoS-SYN-Flood
80,17,20,1200,0,0,0,0,DoS-UDP
0,1,20,1200,0,0,0,0,DoS-ICMP
7690,6,4,240,4,0,0,0,PortScan
0,1,20,1200,0,0,0,0,DoS-ICMP
0,1,20,1200,0,0,0,0,DoS-ICMP
0,1,20,1200,0,0,0,0,DoS-ICMP
13119,6,10,580,10,10,0,0,SSH-Bruteforce
80,17,20,1200,0,0,0,0,DoS-UDP
22,6,20,1200,0,0,20,0,SSH-Bruteforce
0,1,20,840,0,0,0,0,DoS-ICMP
80,6,20,1200,20,0,0,0,DoS-SYN-Flood
80,6,20,1200,20,0,0,0,DoS-SYN-Flood
80,17,20,1200,0,0,0,0,DoS-UDP
80,17,20,1200,0,0,0,0,DoS-UDP
0,1,20,840,0,0,0,0,DoS-ICMP
80,6,20,1200,20,0,0,0,DoS-SYN-Flood
80,6,20,1200,20,0,0,0,DoS-SYN-Flood
62653,6,6,348,6,6,0,0,SSH-Bruteforce
48695,6,2,120,2,0,0,0,PortScan
4380,6,4,240,4,0,0,0,PortScan
80,6,20,1480,20,0,0,0,DoS-HTTP
80,17,20,1200,0,0,0,0,DoS-UDP
22,6,20,1200,10,0,10,0,SSH-Bruteforce
80,6,20,1480,20,0,0,0,DoS-HTTP
9021,6,6,360,6,0,0,0,PortScan
80,6,20,1480,20,0,0,0,DoS-HTTP
54938,6,6,348,6,6,0,0,SSH-Bruteforce
80,6,20,1480,20,0,0,0,DoS-HTTP
13251,6,11,638,11,11,0,0,SSH-Bruteforce
80,17,20,1200,0,0,0,0,DoS-UDP
80,6,20,1200,20,0,0,0,DoS-SYN-Flood
0,1,20,840,0,0,0,0,DoS-ICMP
47138,6,2,120,2,0,0,0,PortScan
80,6,20,1480,20,0,0,0,DoS-HTTP
80,17,20,1200,0,0,0,0,DoS-UDP
0,1,20,1200,0,0,0,0,DoS-ICMP
0,1,20,840,0,0,0,0,DoS-ICMP
80,6,20,1200,20,0,0,0,DoS-SYN-Flood
0,1,20,840,0,0,0,0,DoS-ICMP
80,6,20,1200,20,0,0,0,DoS-SYN-Flood
80,6,20,1480,20,0,0,0,DoS-HTTP
47698,6,4,240,4,0,0,0,PortScan
80,17,20,1200,0,0,0,0,DoS-UDP
80,17,20,1200,0,0,0,0,DoS-UDP
0,1,20,1200,0,0,0,0,DoS-ICMP
23358,6,7,406,7,7,0,0,SSH-Bruteforce
80,17,20,1200,0,0,0,0,DoS-UDP
80,6,20,1480,20,0,0,0,DoS-HTTP
80,6,20,1480,20,0,0,0,DoS-HTTP
62033,6,9,522,9,9,0,0,SSH-Bruteforce
80,6,20,1480,20,0,0,0,DoS-HTTP
0,1,20,840,0,0,0,0,DoS-ICMP
54608,6,5,290,5,5,0,0,SSH-Bruteforce
80,17,20,1200,0,0,0,0,DoS-UDP
80,6,20,1480,20,0,0,0,DoS-HTTP
80,6,20,1200,20,0,0,0,DoS-SYN-Flood
60886,6,20,29500,0,20,0,0,BENIGN
443,17,20,3908,0,0,0,0,BENIGN
80,6,20,1480,20,0,0,0,DoS-HTTP
80,6,20,1200,20,0,0,0,DoS-SYN-Flood
80,6,20,1200,20,0,0,0,DoS-SYN-Flood
80,6,20,1480,20,0,0,0,DoS-HTTP
80,17,20,1200,0,0,0,0,DoS-UDP
0,1,20,1200,0,0,0,0,DoS-ICMP
0,1,20,1200,0,0,0,0,DoS-ICMP
6007,6,9,522,9,9,0,0,SSH-Bruteforce
10391,6,10,580,10,10,0,0,SSH-Bruteforce
80,6,20,1200,20,0,0,0,DoS-SYN-Flood
80,17,20,1200,0,0,0,0,DoS-UDP
3628,6,7,406,7,7,0,0,SSH-Bruteforce
36520,17,20,27980,0,0,0,0,BENIGN
80,6,20,1480,20,0,0,0,DoS-HTTP
80,6,20,1480,20,0,0,0,DoS-HTTP
80,6,20,1200,20,0,0,0,DoS-SYN-Flood
22,6,20,1200,0,0,20,0,SSH-Bruteforce
2527,6,10,580,10,10,0,0,SSH-Bruteforce
19631,6,2,120,2,0,0,0,PortScan
18540,6,7,406,7,7,0,0,SSH-Bruteforce
0,1,20,840,0,0,0,0,DoS-ICMP
33240,6,20,29200,0,20,0,0,BENIGN
57714,6,2,120,2,0,0,0,PortScan
80,6,20,1200,20,0,0,0,DoS-SYN-Flood
0,1,20,840,0,0,0,0,DoS-ICMP
0,1,20,1200,0,0,0,0,DoS-ICMP
80,17,20,1200,0,0,0,0,DoS-UDP
80,6,20,1200,20,0,0,0,DoS-SYN-Flood
40381,6,4,240,4,0,0,0,PortScan
0,1,20,1200,0,0,0,0,DoS-ICMP
0,1,20,840,0,0,0,0,DoS-ICMP
22,6,20,1200,0,0,20,0,SSH-Bruteforce
41311,6,7,406,7,7,0,0,SSH-Bruteforce
2964,6,8,464,8,8,0,0,SSH-Bruteforce
80,6,20,1200,20,0,0,0,DoS-SYN-Flood
80,17,20,1200,0,0,0,0,DoS-UDP
0,1,20,840,0,0,0,0,DoS-ICMP
80,6,20,1480,20,0,0,0,DoS-HTTP
54798,6,7,406,7,7,0,0,SSH-Bruteforce
22,6,20,1200,20,0,0,0,SSH-Bruteforce
55758,6,4,240,4,0,0,0,PortScan
80,17,20,1200,0,0,0,0,DoS-UDP
0,1,20,1200,0,0,0,0,DoS-ICMP
51592,6,4,240,4,0,0,0,PortScan
0,1,20,1200,0,0,0,0,DoS-ICMP
80,6,20,1200,20,0,0,0,DoS-SYN-Flood
0,1,20,1200,0,0,0,0,DoS-ICMP
80,6,20,1200,20,0,0,0,DoS-SYN-Flood
80,6,20,1200,20,0,0,0,DoS-SYN-Flood
80,6,20,1200,20,0,0,0,DoS-SYN-Flood
36520,17,20,27980,0,0,0,0,BENIGN
80,17,20,1200,0,0,0,0,DoS-UDP
80,17,20,1200,0,0,0,0,DoS-UDP
0,1,20,840,0,0,0,0,DoS-ICMP
0,1,20,1200,0,0,0,0,DoS-ICMP
52240,17,2,190,0,0,0,0,BENIGN
80,17,20,1200,0,0,0,0,DoS-UDP
80,6,20,1480,20,0,0,0,DoS-HTTP
80,6,20,1480,20,0,0,0,DoS-HTTP
80,6,20,1200,20,0,0,0,DoS-SYN-Flood
19264,6,2,120,2,0,0,0,PortScan
35854,6,20,29500,0,20,0,0,BENIGN
80,17,20,1200,0,0,0,0,DoS-UDP
15886,6,7,406,7,7,0,0,SSH-Bruteforce
80,17,20,1200,0,0,0,0,DoS-UDP
80,6,20,1480,20,0,0,0,DoS-HTTP
33240,6,20,29140,0,20,0,0,BENIGN
22,6,20,1200,18,0,2,0,SSH-Bruteforce
35901,6,4,240,4,0,0,0,PortScan
80,6,20,1200,20,0,0,0,DoS-SYN-Flood
80,6,20,1200,20,0,0,0,DoS-SYN-Flood
443,6,20,2689,0,20,0,0,BENIGN
8583,6,6,348,6,6,0,0,SSH-Bruteforce
0,1,20,1200,0,0,0,0,DoS-ICMP
47822,6,20,27766,0,20,0,0,BENIGN
80,6,20,1200,20,0,0,0,DoS-SYN-Flood
0,1,20,1200,0,0,0,0,DoS-ICMP
80,17,20,1200,0,0,0,0,DoS-UDP
80,6,20,1200,20,0,0,0,DoS-SYN-Flood
23688,6,2,120,2,0,0,0,PortScan
28960,6,4,240,4,0,0,0,PortScan
57482,6,2,120,2,0,0,0,PortScan
0,1,20,840,0,0,0,0,DoS-ICMP
80,6,20,1480,20,0,0,0,DoS-HTTP
15201,6,4,240,4,0,0,0,PortScan
0,1,20,1200,0,0,0,0,DoS-ICMP
80,6,20,1480,20,0,0,0,DoS-HTTP
0,1,20,840,0,0,0,0,DoS-ICMP
52699,6,13,754,13,13,0,0,SSH-Bruteforce
80,17,20,1200,0,0,0,0,DoS-UDP
46341,6,4,240,4,0,0,0,PortScan
80,17,20,1200,0,0,0,0,DoS-UDP
54223,6,2,120,2,0,0,0,PortScan
80,6,20,1200,20,0,0,0,DoS-SYN-Flood
80,6,20,1480,20,0,0,0,DoS-HTTP
53584,6,2,120,2,0,0,0,PortScan
80,6,20,1200,20,0,0,0,DoS-SYN-Flood
10388,6,4,240,4,0,0,0,PortScan
80,6,20,1200,20,0,0,0,DoS-SYN-Flood
80,6,20,1480,20,0,0,0,DoS-HTTP
49288,6,4,240,4,0,0,0,PortScan
22,6,20,1200,5,0,15,0,SSH-Bruteforce
0,1,20,840,0,0,0,0,DoS-ICMP
29470,6,7,406,7,7,0,0,SSH-Bruteforce
0,1,20,840,0,0,0,0,DoS-ICMP
0,1,20,1200,0,0,0,0,DoS-ICMP
63082,6,6,348,6,6,0,0,SSH-Bruteforce
43289,6,2,120,2,0,0,0,PortScan
80,6,20,1480,20,0,0,0,DoS-HTTP
1537,6,6,348,6,6,0,0,SSH-Bruteforce
80,6,20,1480,20,0,0,0,DoS-HTTP
80,17,20,1200,0,0,0,0,DoS-UDP
61327,6,2,120,2,0,0,0,PortScan
30459,6,2,120,2,0,0,0,PortScan
34310,6,2,120,2,0,0,0,PortScan
0,1,20,1200,0,0,0,0,DoS-ICMP
80,6,20,1480,20,0,0,0,DoS-HTTP
49802,6,2,120,2,0,0,0,PortScan
80,6,20,1480,20,0,0,0,DoS-HTTP
80,17,20,1200,0,0,0,0,DoS-UDP
0,1,20,840,0,0,0,0,DoS-ICMP
80,17,20,1200,0,0,0,0,DoS-UDP
80,6,20,1480,20,0,0,0,DoS-HTTP
53151,6,2,120,2,0,0,0,PortScan
41092,6,2,120,2,0,0,0,PortScan
0,1,20,840,0,0,0,0,DoS-ICMP
41598,6,4,240,4,0,0,0,PortScan
80,6,20,1480,20,0,0,0,DoS-HTTP
80,17,20,1200,0,0,0,0,DoS-UDP
80,6,20,1200,20,0,0,0,DoS-SYN-Flood
80,6,20,1480,20,0,0,0,DoS-HTTP
36268,17,20,27980,0,0,0,0,BENIGN
4942,6,4,240,4,0,0,0,PortScan
3097,6,4,240,4,0,0,0,PortScan
21947,6,2,120,2,0,0,0,PortScan
22,6,20,1200,20,0,0,0,SSH-Bruteforce
80,6,20,1480,20,0,0,0,DoS-HTTP
22,6,20,1200,19,0,1,0,SSH-Bruteforce
80,17,20,1200,0,0,0,0,DoS-UDP
34023,6,7,406,7,7,0,0,SSH-Bruteforce
80,6,20,1200,20,0,0,0,DoS-SYN-Flood
36520,17,20,27980,0,0,0,0,BENIGN
80,17,20,1200,0,0,0,0,DoS-UDP
0,1,20,840,0,0,0,0,DoS-ICMP
80,6,20,1480,20,0,0,0,DoS-HTTP
56511,6,4,240,4,0,0,0,PortScan
80,6,20,1480,20,0,0,0,DoS-HTTP
80,6,20,1200,20,0,0,0,DoS-SYN-Flood
0,1,20,840,0,0,0,0,DoS-ICMP
22,6,20,1200,0,0,20,0,SSH-Bruteforce
80,17,20,1200,0,0,0,0,DoS-UDP
22,6,20,1200,0,0,20,0,SSH-Bruteforce
80,17,20,1200,0,0,0,0,DoS-UDP
80,6,20,1480,20,0,0,0,DoS-HTTP
443,6,20,1200,0,20,0,0,BENIGN
80,17,20,1200,0,0,0,0,DoS-UDP
17269,6,2,120,2,0,0,0,PortScan
46413,6,4,240,4,0,0,0,PortScan
0,1,20,1200,0,0,0,0,DoS-ICMP
80,17,20,1200,0,0,0,0,DoS-UDP
14136,6,4,240,4,0,0,0,PortScan
80,17,20,1200,0,0,0,0,DoS-UDP
22,6,20,1200,20,0,0,0,SSH-Bruteforce
22,6,20,1200,2,0,18,0,SSH-Bruteforce
0,1,20,840,0,0,0,0,DoS-ICMP
0,1,20,840,0,0,0,0,DoS-ICMP
80,6,20,1480,20,0,0,0,DoS-HTTP
53278,6,20,29100,0,20,0,0,BENIGN
80,17,20,1200,0,0,0,0,DoS-UDP
39069,6,2,120,2,0,0,0,PortScan
80,6,20,1480,20,0,0,0,DoS-HTTP
0,1,20,840,0,0,0,0,DoS-ICMP
80,6,20,1480,20,0,0,0,DoS-HTTP
2247,6,6,348,6,6,0,0,SSH-Bruteforce
22,6,20,1200,0,0,20,0,SSH-Bruteforce
80,6,20,1200,20,0,0,0,DoS-SYN-Flood
13045,6,4,240,4,0,0,0,PortScan
0,1,20,1200,0,0,0,0,DoS-ICMP
25796,6,10,580,10,10,0,0,SSH-Bruteforce
80,17,20,1200,0,0,0,0,DoS-UDP
80,17,20,1200,0,0,0,0,DoS-UDP
33240,6,20,29080,0,20,0,0,BENIGN
14955,6,4,240,4,0,0,0,PortScan
80,17,20,1200,0,0,0,0,DoS-UDP
59830,6,7,406,7,7,0,0,SSH-Bruteforce
80,6,20,1200,20,0,0,0,DoS-SYN-Flood
80,17,20,1200,0,0,0,0,DoS-UDP
0,1,20,840,0,0,0,0,DoS-ICMP
80,6,20,1480,20,0,0,0,DoS-HTTP
80,6,20,1200,20,0,0,0,DoS-SYN-Flood
41506,6,8,464,8,8,0,0,SSH-Bruteforce
22,6,20,1200,0,0,20,0,SSH-Bruteforce
80,6,20,1200,20,0,0,0,DoS-SYN-Flood
0,1,20,1200,0,0,0,0,DoS-ICMP
22,6,20,1200,0,0,20,0,SSH-Bruteforce
80,6,20,1480,20,0,0,0,DoS-HTTP
0,1,20,1200,0,0,0,0,DoS-ICMP
80,6,20,1200,20,0,0,0,DoS-SYN-Flood
63220,6,8,464,8,8,0,0,SSH-Bruteforce
22,6,20,1200,20,0,0,0,SSH-Bruteforce
35542,6,2,120,2,0,0,0,PortScan
80,6,20,1480,20,0,0,0,DoS-HTTP
80,17,20,1200,0,0,0,0,DoS-UDP
443,6,20,2345,0,20,0,0,BENIGN
80,17,20,1200,0,0,0,0,DoS-UDP
80,17,20,1200,0,0,0,0,DoS-UDP
25573,6,4,240,4,0,0,0,PortScan
0,1,20,840,0,0,0,0,DoS-ICMP
18566,6,4,240,4,0,0,0,PortScan
0,1,20,840,0,0,0,0,DoS-ICMP
22,6,20,1200,0,0,20,0,SSH-Bruteforce
0,1,20,1200,0,0,0,0,DoS-ICMP
80,6,20,1480,20,0,0,0,DoS-HTTP
63085,6,2,120,2,0,0,0,PortScan
22728,6,6,348,6,6,0,0,SSH-Bruteforce
43399,6,4,240,4,0,0,0,PortScan
36520,17,20,27980,0,0,0,0,BENIGN
22,6,20,1200,5,0,15,0,SSH-Bruteforce
22,6,20,1200,4,0,16,0,SSH-Bruteforce
80,6,20,1480,20,0,0,0,DoS-HTTP
80,6,20,1200,20,0,0,0,DoS-SYN-Flood
33286,6,8,464,8,8,0,0,SSH-Bruteforce
22,6,20,1200,20,0,0,0,SSH-Bruteforce
63321,6,7,406,7,7,0,0,SSH-Bruteforce
34817,6,2,120,2,0,0,0,PortScan
0,1,20,840,0,0,0,0,DoS-ICMP
0,1,20,1200,0,0,0,0,DoS-ICMP
36399,6,2,120,2,0,0,0,PortScan
80,6,20,1200,20,0,0,0,DoS-SYN-Flood
34417,6,4,240,4,0,0,0,PortScan
80,6,20,1480,20,0,0,0,DoS-HTTP
80,17,20,1200,0,0,0,0,DoS-UDP
60886,6,20,29080,0,20,0,0,BENIGN
80,17,20,1200,0,0,0,0,DoS-UDP
0,1,20,840,0,0,0,0,DoS-ICMP
80,6,20,1480,20,0,0,0,DoS-HTTP
36520,17,20,27980,0,0,0,0,BENIGN
0,1,20,840,0,0,0,0,DoS-ICMP
80,17,20,1200,0,0,0,0,DoS-UDP
7586,6,7,406,7,7,0,0,SSH-Bruteforce
80,6,20,1480,20,0,0,0,DoS-HTTP
6135,6,6,360,6,0,0,0,PortScan
80,6,20,1200,20,0,0,0,DoS-SYN-Flood
33240,6,20,29200,0,20,0,0,BENIGN
80,6,20,1480,20,0,0,0,DoS-HTTP
80,17,20,1200,0,0,0,0,DoS-UDP
0,1,20,840,0,0,0,0,DoS-ICMP
20536,6,7,406,7,7,0,0,SSH-Bruteforce
0,1,20,1200,0,0,0,0,DoS-ICMP
80,17,20,1200,0,0,0,0,DoS-UDP
80,17,20,1200,0,0,0,0,DoS-UDP
41332,6,7,406,7,7,0,0,SSH-Bruteforce
0,1,20,1200,0,0,0,0,DoS-ICMP
35854,6,20,28840,0,20,0,0,BENIGN
80,17,20,1200,0,0,0,0,DoS-UDP
80,6,20,1480,20,0,0,0,DoS-HTTP
53837,6,4,240,4,0,0,0,PortScan
30813,6,4,240,4,0,0,0,PortScan
0,1,20,840,0,0,0,0,DoS-ICMP
0,1,20,840,0,0,0,0,DoS-ICMP
36520,17,20,27980,0,0,0,0,BENIGN
443,6,20,15093,0,20,0,0,BENIGN
0,1,20,1200,0,0,0,0,DoS-ICMP
64571,6,2,120,2,0,0,0,PortScan
80,6,20,1480,20,0,0,0,DoS-HTTP
80,6,20,1200,20,0,0,0,DoS-SYN-Flood
80,6,20,1200,20,0,0,0,DoS-SYN-Flood
80,6,20,1480,20,0,0,0,DoS-HTTP
80,17,20,1200,0,0,0,0,DoS-UDP
80,6,20,1480,20,0,0,0,DoS-HTTP
39106,6,2,120,2,0,0,0,PortScan
54159,6,6,348,6,6,0,0,SSH-Bruteforce
80,17,20,1200,0,0,0,0,DoS-UDP
41308,17,20,27980,0,0,0,0,BENIGN
35036,6,2,120,2,0,0,0,PortScan
22,6,20,1200,20,0,0,0,SSH-Bruteforce
36520,17,20,27980,0,0,0,0,BENIGN
80,6,20,1200,20,0,0,0,DoS-SYN-Flood
26758,6,8,464,8,8,0,0,SSH-Bruteforce
0,1,20,1200,0,0,0,0,DoS-ICMP
36520,17,20,27980,0,0,0,0,BENIGN
80,17,20,1200,0,0,0,0,DoS-UDP
0,1,20,1200,0,0,0,0,DoS-ICMP
6942,6,4,240,4,0,0,0,PortScan
80,6,20,1200,20,0,0,0,DoS-SYN-Flood
80,6,20,1480,20,0,0,0,DoS-HTTP
0,1,20,840,0,0,0,0,DoS-ICMP
22745,6,2,120,2,0,0,0,PortScan
22,6,20,1200,20,0,0,0,SSH-Bruteforce
80,6,20,1200,20,0,0,0,DoS-SYN-Flood
46398,17,20,27980,0,0,0,0,BENIGN
0,1,20,1200,0,0,0,0,DoS-ICMP
0,1,20,1200,0,0,0,0,DoS-ICMP
80,17,20,1200,0,0,0,0,DoS-UDP
62843,6,4,240,4,0,0,0,PortScan
0,1,20,840,0,0,0,0,DoS-ICMP
20180,6,2,120,2,0,0,0,PortScan
80,17,20,1200,0,0,0,0,DoS-UDP
80,6,20,1200,20,0,0,0,DoS-SYN-Flood
52574,6,4,240,4,0,0,0,PortScan
0,1,20,840,0,0,0,0,DoS-ICMP
51967,6,2,120,2,0,0,0,PortScan
80,6,20,1480,20,0,0,0,DoS-HTTP
46788,6,10,580,10,10,0,0,SSH-Bruteforce
50698,6,4,240,4,0,0,0,PortScan
10772,6,6,360,6,0,0,0,PortScan
49990,6,11,638,11,11,0,0,SSH-Bruteforce
0,1,20,840,0,0,0,0,DoS-ICMP
80,6,20,1200,20,0,0,0,DoS-SYN-Flood
80,6,20,1480,20,0,0,0,DoS-HTTP
35118,6,4,240,4,0,0,0,PortScan
80,6,20,1200,20,0,0,0,DoS-SYN-Flood
24790,6,8,464,8,8,0,0,SSH-Bruteforce
0,1,20,1200,0,0,0,0,DoS-ICMP
80,6,20,1200,0,20,0,1,BENIGN
80,17,20,1200,0,0,0,0,DoS-UDP
80,17,20,1200,0,0,0,0,DoS-UDP
36520,17,20,27980,0,0,0,0,BENIGN
80,6,20,1200,20,0,0,0,DoS-SYN-Flood
80,6,20,1480,20,0,0,0,DoS-HTTP
80,6,20,1480,20,0,0,0,DoS-HTTP
33240,6,20,29320,0,20,0,0,BENIGN
54829,17,20,27980,0,0,0,0,BENIGN
36520,17,20,27980,0,0,0,0,BENIGN
55979,6,2,120,2,0,0,0,PortScan
50801,6,2,120,2,0,0,0,PortScan
80,17,20,1200,0,0,0,0,DoS-UDP
38127,6,2,120,2,0,0,0,PortScan
0,1,20,840,0,0,0,0,DoS-ICMP
80,6,20,1200,20,0,0,0,DoS-SYN-Flood
80,6,20,1480,20,0,0,0,DoS-HTTP
80,17,20,1200,0,0,0,0,DoS-UDP
22,6,20,1200,10,0,10,0,SSH-Bruteforce
0,1,20,1200,0,0,0,0,DoS-ICMP
56781,6,2,120,2,0,0,0,PortScan
10342,6,4,240,4,0,0,0,PortScan
60880,6,2,120,2,0,0,0,PortScan
80,6,20,1480,20,0,0,0,DoS-HTTP
80,6,20,1480,20,0,0,0,DoS-HTTP
54026,6,4,240,4,0,0,0,PortScan
0,1,20,1200,0,0,0,0,DoS-ICMP
80,17,20,1200,0,0,0,0,DoS-UDP
80,6,20,1480,20,0,0,0,DoS-HTTP
80,6,20,1480,20,0,0,0,DoS-HTTP
19910,6,2,120,2,0,0,0,PortScan
80,6,20,1480,20,0,0,0,DoS-HTTP
50359,6,6,348,6,6,0,0,SSH-Bruteforce
13295,6,12,696,12,12,0,0,SSH-Bruteforce
80,6,20,1480,20,0,0,0,DoS-HTTP
80,6,20,1480,20,0,0,0,DoS-HTTP
80,6,20,1480,20,0,0,0,DoS-HTTP
41881,6,2,120,2,0,0,0,PortScan
5981,6,4,240,4,0,0,0,PortScan
80,6,20,1200,20,0,0,0,DoS-SYN-Flood
40867,6,2,120,2,0,0,0,PortScan
10708,6,4,240,4,0,0,0,PortScan
53308,6,20,28780,0,20,0,0,BENIGN
80,6,20,1480,20,0,0,0,DoS-HTTP
80,17,20,1200,0,0,0,0,DoS-UDP
443,17,11,1429,0,0,0,0,BENIGN
36520,17,20,27980,0,0,0,0,BENIGN
0,1,20,840,0,0,0,0,DoS-ICMP
31089,6,2,120,2,0,0,0,PortScan
4031,6,6,360,6,0,0,0,PortScan
64423,6,2,120,2,0,0,0,PortScan
80,17,20,1200,0,0,0,0,DoS-UDP
80,6,20,1480,20,0,0,0,DoS-HTTP
0,1,20,840,0,0,0,0,DoS-ICMP
22,6,20,1200,19,0,1,0,SSH-Bruteforce
80,17,20,1200,0,0,0,0,DoS-UDP
61806,6,2,120,2,0,0,0,PortScan
80,6,20,1480,20,0,0,0,DoS-HTTP
80,6,20,1200,20,0,0,0,DoS-SYN-Flood
57240,6,4,240,4,0,0,0,PortScan
80,17,20,1200,0,0,0,0,DoS-UDP
80,17,20,1200,0,0,0,0,DoS-UDP
48806,17,20,27980,0,0,0,0,BENIGN
0,1,20,840,0,0,0,0,DoS-ICMP
80,6,20,1200,20,0,0,0,DoS-SYN-Flood
80,6,20,1480,20,0,0,0,DoS-HTTP
0,1,20,840,0,0,0,0,DoS-ICMP
80,17,20,1200,0,0,0,0,DoS-UDP
0,1,20,1200,0,0,0,0,DoS-ICMP
80,17,20,1200,0,0,0,0,DoS-UDP
80,6,20,1200,20,0,0,0,DoS-SYN-Flood
80,6,20,1480,20,0,0,0,DoS-HTTP
80,6,20,1480,20,0,0,0,DoS-HTTP
80,6,20,1480,20,0,0,0,DoS-HTTP
80,17,20,1200,0,0,0,0,DoS-UDP
49816,6,4,240,4,0,0,0,PortScan
80,6,20,1480,20,0,0,0,DoS-HTTP
36520,17,20,27980,0,0,0,0,BENIGN
80,6,20,1480,20,0,0,0,DoS-HTTP
80,6,20,1480,20,0,0,0,DoS-HTTP
80,6,20,1480,20,0,0,0,DoS-HTTP
0,1,20,1200,0,0,0,0,DoS-ICMP
15639,6,8,464,8,8,0,0,SSH-Bruteforce
80,6,20,1200,20,0,0,0,DoS-SYN-Flood
80,6,20,1200,20,0,0,0,DoS-SYN-Flood
80,6,20,1480,20,0,0,0,DoS-HTTP
80,6,20,1480,20,0,0,0,DoS-HTTP
80,6,20,1480,20,0,0,0,DoS-HTTP
22,6,20,1200,12,0,8,0,SSH-Bruteforce
0,1,20,840,0,0,0,0,DoS-ICMP
80,6,20,1200,20,0,0,0,DoS-SYN-Flood
80,6,20,1200,20,0,0,0,DoS-SYN-Flood
80,17,20,1200,0,0,0,0,DoS-UDP
25498,6,4,240,4,0,0,0,PortScan
49832,6,8,464,8,8,0,0,SSH-Bruteforce
30102,6,2,120,2,0,0,0,PortScan
0,1,20,840,0,0,0,0,DoS-ICMP
80,6,20,1480,20,0,0,0,DoS-HTTP
80,17,20,1200,0,0,0,0,DoS-UDP
80,17,20,1200,0,0,0,0,DoS-UDP
80,6,20,1200,20,0,0,0,DoS-SYN-Flood
80,6,20,1200,20,0,0,0,DoS-SYN-Flood
80,6,20,1200,20,0,0,0,DoS-SYN-Flood
80,6,20,1480,20,0,0,0,DoS-HTTP
54829,17,20,27980,0,0,0,0,BENIGN
80,6,20,1480,20,0,0,0,DoS-HTTP
80,17,20,1200,0,0,0,0,DoS-UDP
36520,17,20,27980,0,0,0,0,BENIGN
80,6,20,1480,20,0,0,0,DoS-HTTP
80,6,20,1200,20,0,0,0,DoS-SYN-Flood
36520,17,20,22774,0,0,0,0,BENIGN
80,17,20,1200,0,0,0,0,DoS-UDP
53258,6,20,29080,0,20,0,0,BENIGN
50383,6,4,240,4,0,0,0,PortScan
80,17,20,1200,0,0,0,0,DoS-UDP
80,6,20,1480,20,0,0,0,DoS-HTTP
18905,6,4,240,4,0,0,0,PortScan
80,6,20,1480,20,0,0,0,DoS-HTTP
45622,6,7,406,7,7,0,0,SSH-Bruteforce
22,6,20,1200,7,0,13,0,SSH-Bruteforce
4431,6,7,406,7,7,0,0,SSH-Bruteforce
80,6,20,1200,20,0,0,0,DoS-SYN-Flood
80,6,20,1200,20,0,0,0,DoS-SYN-Flood
80,17,20,1200,0,0,0,0,DoS-UDP
80,6,20,1200,20,0,0,0,DoS-SYN-Flood
42071,6,2,120,2,0,0,0,PortScan
22,6,20,1200,20,0,0,0,SSH-Bruteforce
80,6,20,1200,20,0,0,0,DoS-SYN-Flood
0,1,20,1200,0,0,0,0,DoS-ICMP
80,6,20,1480,20,0,0,0,DoS-HTTP
0,1,20,1200,0,0,0,0,DoS-ICMP
50106,6,9,522,9,9,0,0,SSH-Bruteforce
80,6,20,1200,20,0,0,0,DoS-SYN-Flood
0,1,20,840,0,0,0,0,DoS-ICMP
39026,6,4,240,4,0,0,0,PortScan
16372,6,2,120,2,0,0,0,PortScan
80,6,20,1480,20,0,0,0,DoS-HTTP
2762,6,4,240,4,0,0,0,PortScan
25609,6,4,240,4,0,0,0,PortScan
80,17,20,1200,0,0,0,0,DoS-UDP
80,17,20,1200,0,0,0,0,DoS-UDP
0,1,20,1200,0,0,0,0,DoS-ICMP
22,6,20,1200,20,0,0,0,SSH-Bruteforce
8571,6,4,240,4,0,0,0,PortScan
64901,6,2,120,2,0,0,0,PortScan
0,1,20,1200,0,0,0,0,DoS-ICMP
80,6,20,1480,20,0,0,0,DoS-HTTP
0,1,20,1200,0,0,0,0,DoS-ICMP
22,6,20,1200,11,0,9,0,SSH-Bruteforce
23974,6,6,348,6,6,0,0,SSH-Bruteforce
80,6,20,1200,20,0,0,0,DoS-SYN-Flood
33917,6,13,750,12,12,1,0,SSH-Bruteforce
80,17,20,1200,0,0,0,0,DoS-UDP
80,17,20,1200,0,0,0,0,DoS-UDP
0,1,20,840,0,0,0,0,DoS-ICMP
22,6,20,1200,20,0,0,0,SSH-Bruteforce
80,6,20,1480,20,0,0,0,DoS-HTTP
80,17,20,1200,0,0,0,0,DoS-UDP
80,6,20,1200,20,0,0,0,DoS-SYN-Flood
22,6,20,1200,0,0,20,0,SSH-Bruteforce
80,17,20,1200,0,0,0,0,DoS-UDP
80,6,20,1480,20,0,0,0,DoS-HTTP
80,6,20,1200,20,0,0,0,DoS-SYN-Flood
22,6,20,1200,20,0,0,0,SSH-Bruteforce
0,1,20,840,0,0,0,0,DoS-ICMP
80,17,20,1200,0,0,0,0,DoS-UDP
80,6,20,1200,20,0,0,0,DoS-SYN-Flood
80,6,20,1200,20,0,0,0,DoS-SYN-Flood
39736,6,2,120,2,0,0,0,PortScan
1596,6,5,290,5,5,0,0,SSH-Bruteforce
41308,17,20,27980,0,0,0,0,BENIGN
35186,6,8,464,8,8,0,0,SSH-Bruteforce
22,6,20,1200,20,0,0,0,SSH-Bruteforce
80,6,20,1200,20,0,0,0,DoS-SYN-Flood
0,1,20,1200,0,0,0,0,DoS-ICMP
80,17,20,1200,0,0,0,0,DoS-UDP
62617,6,2,120,2,0,0,0,PortScan
59804,6,20,17591,0,20,0,0,BENIGN
80,6,20,1480,20,0,0,0,DoS-HTTP
0,1,20,1200,0,0,0,0,DoS-ICMP
0,1,20,1200,0,0,0,0,DoS-ICMP
10502,6,6,348,6,6,0,0,SSH-Bruteforce
42921,6,7,406,7,7,0,0,SSH-Bruteforce
9969,6,9,522,9,9,0,0,SSH-Bruteforce
36520,17,20,27980,0,0,0,0,BENIGN
31645,6,4,240,4,0,0,0,PortScan
22,6,20,1200,4,0,16,0,SSH-Bruteforce
80,17,20,1200,0,0,0,0,DoS-UDP
56656,6,2,120,2,0,0,0,PortScan
25219,6,2,120,2,0,0,0,PortScan
0,1,20,1200,0,0,0,0,DoS-ICMP
52776,17,2,510,0,0,0,0,BENIGN
80,6,20,1480,20,0,0,0,DoS-HTTP
80,6,20,1480,20,0,0,0,DoS-HTTP
16644,6,2,120,2,0,0,0,PortScan
0,1,20,1200,0,0,0,0,DoS-ICMP
29959,6,2,120,2,0,0,0,PortScan
80,6,20,1480,20,0,0,0,DoS-HTTP
25922,6,2,120,2,0,0,0,PortScan
17673,6,2,120,2,0,0,0,PortScan
22,6,20,1200,20,0,0,0,SSH-Bruteforce
45060,6,4,240,4,0,0,0,PortScan
80,6,20,1200,20,0,0,0,DoS-SYN-Flood
80,6,20,1200,20,0,0,0,DoS-SYN-Flood
80,17,20,1200,0,0,0,0,DoS-UDP
80,6,20,1480,20,0,0,0,DoS-HTTP
80,6,20,1200,20,0,0,0,DoS-SYN-Flood
7093,6,6,348,6,6,0,0,SSH-Bruteforce
0,1,20,840,0,0,0,0,DoS-ICMP
0,1,20,1200,0,0,0,0,DoS-ICMP
80,6,20,1480,20,0,0,0,DoS-HTTP
80,6,20,1480,20,0,0,0,DoS-HTTP
42904,17,11,4583,0,0,0,0,BENIGN
80,6,20,1480,20,0,0,0,DoS-HTTP
23573,6,2,120,2,0,0,0,PortScan
29128,6,2,120,2,0,0,0,PortScan
33240,6,20,29140,0,20,0,0,BENIGN
80,6,20,1480,20,0,0,0,DoS-HTTP
0,1,20,840,0,0,0,0,DoS-ICMP
80,6,20,1200,20,0,0,0,DoS-SYN-Flood
80,6,20,1200,20,0,0,0,DoS-SYN-Flood
80,17,20,1200,0,0,0,0,DoS-UDP
0,1,20,840,0,0,0,0,DoS-ICMP
80,17,20,1200,0,0,0,0,DoS-UDP
21061,6,2,120,2,0,0,0,PortScan
80,17,20,1200,0,0,0,0,DoS-UDP
41602,6,2,120,2,0,0,0,PortScan
21135,6,2,120,2,0,0,0,PortScan
0,1,20,1200,0,0,0,0,DoS-ICMP
9964,6,4,240,4,0,0,0,PortScan
80,6,20,1200,20,0,0,0,DoS-SYN-Flood
22,6,20,1200,0,0,20,0,SSH-Bruteforce
0,1,20,1200,0,0,0,0,DoS-ICMP
80,6,20,1480,20,0,0,0,DoS-HTTP
0,1,20,840,0,0,0,0,DoS-ICMP
80,17,20,1200,0,0,0,0,DoS-UDP
18347,6,4,240,4,0,0,0,PortScan
0,1,20,840,0,0,0,0,DoS-ICMP
80,17,20,1200,0,0,0,0,DoS-UDP
80,6,20,1200,20,0,0,0,DoS-SYN-Flood
80,6,20,1200,20,0,0,0,DoS-SYN-Flood
0,1,20,1200,0,0,0,0,DoS-ICMP
80,6,20,1200,20,0,0,0,DoS-SYN-Flood
22,6,20,1200,0,0,20,0,SSH-Bruteforce
0,1,20,1200,0,0,0,0,DoS-ICMP
80,17,20,1200,0,0,0,0,DoS-UDP
0,1,20,1200,0,0,0,0,DoS-ICMP
63320,6,9,522,9,9,0,0,SSH-Bruteforce
0,1,20,1200,0,0,0,0,DoS-ICMP
0,1,20,1200,0,0,0,0,DoS-ICMP
80,6,20,1200,20,0,0,0,DoS-SYN-Flood
80,17,20,1200,0,0,0,0,DoS-UDP
48596,6,2,120,2,0,0,0,PortScan
80,6,20,1480,20,0,0,0,DoS-HTTP
0,1,20,1200,0,0,0,0,DoS-ICMP
80,17,20,1200,0,0,0,0,DoS-UDP
443,6,20,3503,1,19,0,1,BENIGN
36520,17,20,27980,0,0,0,0,BENIGN
443,6,20,4267,2,18,0,1,BENIGN
80,6,20,1480,20,0,0,0,DoS-HTTP
0,1,20,1200,0,0,0,0,DoS-ICMP
22,6,20,1200,20,0,0,0,SSH-Bruteforce
0,1,20,1200,0,0,0,0,DoS-ICMP
80,17,20,1200,0,0,0,0,DoS-UDP
80,6,20,1480,20,0,0,0,DoS-HTTP
0,1,20,1200,0,0,0,0,DoS-ICMP
80,17,20,1200,0,0,0,0,DoS-UDP
44732,6,11,3336,0,11,0,1,BENIGN
80,6,20,1480,20,0,0,0,DoS-HTTP
1138,6,6,348,6,6,0,0,SSH-Bruteforce
45714,6,8,464,8,8,0,0,SSH-Bruteforce
80,6,20,1480,20,0,0,0,DoS-HTTP
49780,6,4,240,4,0,0,0,PortScan
42440,17,20,27980,0,0,0,0,BENIGN
80,17,20,1200,0,0,0,0,DoS-UDP
80,6,20,1200,20,0,0,0,DoS-SYN-Flood
0,1,20,1200,0,0,0,0,DoS-ICMP
36660,6,7,406,7,7,0,0,SSH-Bruteforce
80,6,20,1480,20,0,0,0,DoS-HTTP
0,1,20,840,0,0,0,0,DoS-ICMP
80,6,20,1200,20,0,0,0,DoS-SYN-Flood
36520,17,20,27980,0,0,0,0,BENIGN
80,17,20,1200,0,0,0,0,DoS-UDP
36223,6,14,812,14,14,0,0,SSH-Bruteforce
12990,6,4,240,4,0,0,0,PortScan
80,17,20,1200,0,0,0,0,DoS-UDP
0,1,20,1200,0,0,0,0,DoS-ICMP
51574,6,2,120,2,0,0,0,PortScan
80,6,20,1200,20,0,0,0,DoS-SYN-Flood
21529,6,4,240,4,0,0,0,PortScan
0,1,20,1200,0,0,0,0,DoS-ICMP
80,6,20,1480,20,0,0,0,DoS-HTTP
80,6,20,1480,20,0,0,0,DoS-HTTP
80,17,20,1200,0,0,0,0,DoS-UDP
80,6,20,1480,20,0,0,0,DoS-HTTP
49324,6,8,464,8,8,0,0,SSH-Bruteforce
80,17,20,1200,0,0,0,0,DoS-UDP
0,1,20,1200,0,0,0,0,DoS-ICMP
0,1,20,840,0,0,0,0,DoS-ICMP
80,6,20,1200,20,0,0,0,DoS-SYN-Flood
22,6,20,1200,0,0,20,0,SSH-Bruteforce
0,1,20,1200,0,0,0,0,DoS-ICMP
41618,6,9,522,9,9,0,0,SSH-Bruteforce
1734,6,6,348,6,6,0,0,SSH-Bruteforce
80,17,20,1200,0,0,0,0,DoS-UDP
0,1,20,1200,0,0,0,0,DoS-ICMP
37419,6,2,120,2,0,0,0,PortScan
53258,6,20,28981,0,20,0,0,BENIGN
60886,6,20,29020,0,20,0,0,BENIGN
22,6,20,1200,20,0,0,0,SSH-Bruteforce
0,1,20,840,0,0,0,0,DoS-ICMP
22,6,20,1200,9,0,11,0,SSH-Bruteforce
80,6,20,1480,20,0,0,0,DoS-HTTP
80,17,20,1200,0,0,0,0,DoS-UDP
80,6,20,1200,20,0,0,0,DoS-SYN-Flood
0,1,20,1200,0,0,0,0,DoS-ICMP
0,1,20,840,0,0,0,0,DoS-ICMP
80,6,20,1200,20,0,0,0,DoS-SYN-Flood
80,17,20,1200,0,0,0,0,DoS-UDP
18481,6,7,406,7,7,0,0,SSH-Bruteforce
62848,6,6,348,6,6,0,0,SSH-Bruteforce
22,6,20,1200,20,0,0,0,SSH-Bruteforce
80,6,20,1480,20,0,0,0,DoS-HTTP
80,6,20,1200,20,0,0,0,DoS-SYN-Flood
0,1,20,1200,0,0,0,0,DoS-ICMP
80,6,20,1480,20,0,0,0,DoS-HTTP
30715,6,4,240,4,0,0,0,PortScan
29851,6,7,406,7,7,0,0,SSH-Bruteforce
62249,6,2,120,2,0,0,0,PortScan
80,6,20,1200,20,0,0,0,DoS-SYN-Flood
6407,6,6,360,6,0,0,0,PortScan
80,6,20,1480,20,0,0,0,DoS-HTTP
80,17,20,1200,0,0,0,0,DoS-UDP
80,6,20,1480,20,0,0,0,DoS-HTTP
1417,6,4,240,4,0,0,0,PortScan
22,6,20,1200,20,0,0,0,SSH-Bruteforce
47876,6,2,120,2,0,0,0,PortScan
41984,6,5,290,5,5,0,0,SSH-Bruteforce
0,1,20,840,0,0,0,0,DoS-ICMP
60886,6,20,27620,0,20,0,0,BENIGN
80,17,20,1200,0,0,0,0,DoS-UDP
21394,6,9,522,9,9,0,0,SSH-Bruteforce
80,6,20,1480,20,0,0,0,DoS-HTTP
0,1,20,840,0,0,0,0,DoS-ICMP
0,1,20,840,0,0,0,0,DoS-ICMP
22,6,20,1200,0,0,20,0,SSH-Bruteforce
80,6,20,1480,20,0,0,0,DoS-HTTP
10578,6,9,522,9,9,0,0,SSH-Bruteforce
0,1,20,840,0,0,0,0,DoS-ICMP
80,17,20,1200,0,0,0,0,DoS-UDP
48529,6,4,240,4,0,0,0,PortScan
80,6,20,1480,20,0,0,0,DoS-HTTP
443,6,20,2678,1,19,0,0,BENIGN
32664,6,2,120,2,0,0,0,PortScan
42440,17,20,22225,0,0,0,0,BENIGN
80,6,20,1200,20,0,0,0,DoS-SYN-Flood
80,17,20,1200,0,0,0,0,DoS-UDP
80,17,20,1200,0,0,0,0,DoS-UDP
0,1,20,1200,0,0,0,0,DoS-ICMP
63071,6,2,120,2,0,0,0,PortScan
45375,6,2,120,2,0,0,0,PortScan
80,17,20,1200,0,0,0,0,DoS-UDP
80,17,20,1200,0,0,0,0,DoS-UDP
0,1,20,840,0,0,0,0,DoS-ICMP
80,6,20,1480,20,0,0,0,DoS-HTTP
36520,17,20,27980,0,0,0,0,BENIGN
80,6,20,1480,20,0,0,0,DoS-HTTP
80,6,20,1480,20,0,0,0,DoS-HTTP
80,6,20,1200,20,0,0,0,DoS-SYN-Flood
79,6,7,406,7,7,0,0,SSH-Bruteforce
0,1,20,1200,0,0,0,0,DoS-ICMP
80,6,20,1480,20,0,0,0,DoS-HTTP
80,6,20,1480,20,0,0,0,DoS-HTTP
35734,6,2,120,2,0,0,0,PortScan
22,6,20,1200,15,0,5,0,SSH-Bruteforce
27702,6,2,120,2,0,0,0,PortScan
22,6,20,1200,20,0,0,0,SSH-Bruteforce
80,6,20,1480,20,0,0,0,DoS-HTTP
80,6,20,1480,20,0,0,0,DoS-HTTP
80,17,20,1200,0,0,0,0,DoS-UDP
80,6,20,1480,20,0,0,0,DoS-HTTP
31315,6,2,120,2,0,0,0,PortScan
0,1,20,840,0,0,0,0,DoS-ICMP
80,6,20,1480,20,0,0,0,DoS-HTTP
80,17,20,1200,0,0,0,0,DoS-UDP
22407,6,2,120,2,0,0,0,PortScan
25273,6,2,120,2,0,0,0,PortScan
56481,6,4,240,4,0,0,0,PortScan
80,6,20,1200,20,0,0,0,DoS-SYN-Flood
0,1,20,840,0,0,0,0,DoS-ICMP
36520,17,20,27980,0,0,0,0,BENIGN
80,6,20,1480,20,0,0,0,DoS-HTTP
80,6,20,1200,20,0,0,0,DoS-SYN-Flood
0,1,20,1200,0,0,0,0,DoS-ICMP
80,17,20,1200,0,0,0,0,DoS-UDP
0,1,20,840,0,0,0,0,DoS-ICMP
80,6,20,1480,20,0,0,0,DoS-HTTP
80,6,20,1480,20,0,0,0,DoS-HTTP
11303,6,6,360,6,0,0,0,PortScan
0,1,20,1200,0,0,0,0,DoS-ICMP
3676,6,6,348,6,6,0,0,SSH-Bruteforce
80,6,20,1480,20,0,0,0,DoS-HTTP
80,6,20,1200,20,0,0,0,DoS-SYN-Flood
80,17,20,1200,0,0,0,0,DoS-UDP
80,17,20,1200,0,0,0,0,DoS-UDP
80,6,20,1200,20,0,0,0,DoS-SYN-Flood
45890,6,2,120,2,0,0,0,PortScan
22,6,20,1200,0,0,20,0,SSH-Bruteforce
22,6,20,1200,20,0,0,0,SSH-Bruteforce
80,6,20,1200,20,0,0,0,DoS-SYN-Flood
80,17,20,1200,0,0,0,0,DoS-UDP
80,6,20,1480,20,0,0,0,DoS-HTTP
80,6,20,1200,20,0,0,0,DoS-SYN-Flood
80,6,20,1480,20,0,0,0,DoS-HTTP
80,6,20,1200,20,0,0,0,DoS-SYN-Flood
0,1,20,840,0,0,0,0,DoS-ICMP
27976,6,8,464,8,8,0,0,SSH-Bruteforce
80,6,20,1200,20,0,0,0,DoS-SYN-Flood
80,6,20,1200,20,0,0,0,DoS-SYN-Flood
0,1,20,1200,0,0,0,0,DoS-ICMP
80,17,20,1200,0,0,0,0,DoS-UDP
0,1,20,840,0,0,0,0,DoS-ICMP
22,6,20,1200,2,0,18,0,SSH-Bruteforce
80,6,20,1480,20,0,0,0,DoS-HTTP
80,17,20,1200,0,0,0,0,DoS-UDP
36520,17,20,27980,0,0,0,0,BENIGN
0,1,20,840,0,0,0,0,DoS-ICMP
0,1,20,840,0,0,0,0,DoS-ICMP
46398,17,20,27980,0,0,0,0,BENIGN
80,17,20,1200,0,0,0,0,DoS-UDP
0,1,20,840,0,0,0,0,DoS-ICMP
48567,6,2,120,2,0,0,0,PortScan
22,6,20,1200,20,0,0,0,SSH-Bruteforce
4543,6,4,240,4,0,0,0,PortScan
80,6,20,1200,20,0,0,0,DoS-SYN-Flood
80,6,20,1200,20,0,0,0,DoS-SYN-Flood
58103,6,2,120,2,0,0,0,PortScan
80,6,20,1200,20,0,0,0,DoS-SYN-Flood
80,6,20,1200,20,0,0,0,DoS-SYN-Flood
40479,6,9,522,9,9,0,0,SSH-Bruteforce
80,6,20,1480,20,0,0,0,DoS-HTTP
80,6,20,1480,20,0,0,0,DoS-HTTP
80,6,20,1480,20,0,0,0,DoS-HTTP
80,17,20,1200,0,0,0,0,DoS-UDP
80,17,20,1200,0,0,0,0,DoS-UDP
22,6,20,1200,1,0,19,0,SSH-Bruteforce
80,17,20,1200,0,0,0,0,DoS-UDP
0,1,20,1200,0,0,0,0,DoS-ICMP
22,6,20,1200,20,0,0,0,SSH-Bruteforce
14538,6,8,464,8,8,0,0,SSH-Bruteforce
80,17,20,1200,0,0,0,0,DoS-UDP
44901,17,7,3104,0,0,0,0,BENIGN
62388,6,4,240,4,0,0,0,PortScan
21832,6,8,464,8,8,0,0,SSH-Bruteforce
58368,6,7,406,7,7,0,0,SSH-Bruteforce
0,1,20,840,0,0,0,0,DoS-ICMP
0,1,20,840,0,0,0,0,DoS-ICMP
80,17,20,1200,0,0,0,0,DoS-UDP
80,17,20,1200,0,0,0,0,DoS-UDP
80,6,20,1200,20,0,0,0,DoS-SYN-Flood
8023,6,11,638,11,11,0,0,SSH-Bruteforce
80,6,20,1480,20,0,0,0,DoS-HTTP
35939,6,9,522,9,9,0,0,SSH-Bruteforce
80,6,20,1200,20,0,0,0,DoS-SYN-Flood
80,6,20,1200,20,0,0,0,DoS-SYN-Flood
48600,6,4,240,4,0,0,0,PortScan
80,6,20,1200,20,0,0,0,DoS-SYN-Flood
22,6,20,1200,5,0,15,0,SSH-Bruteforce
80,6,20,1480,20,0,0,0,DoS-HTTP
80,6,20,1480,20,0,0,0,DoS-HTTP
80,6,20,1480,20,0,0,0,DoS-HTTP
0,1,20,1200,0,0,0,0,DoS-ICMP
80,6,20,1480,20,0,0,0,DoS-HTTP
54746,6,20,29020,0,20,0,0,BENIGN
80,6,20,1200,20,0,0,0,DoS-SYN-Flood
0,1,20,1200,0,0,0,0,DoS-ICMP
80,6,20,1200,20,0,0,0,DoS-SYN-Flood
80,6,20,1480,20,0,0,0,DoS-HTTP
80,17,20,1200,0,0,0,0,DoS-UDP
0,1,20,1200,0,0,0,0,DoS-ICMP
80,6,20,1200,20,0,0,0,DoS-SYN-Flood
80,6,20,1480,20,0,0,0,DoS-HTTP
62742,6,5,290,5,5,0,0,SSH-Bruteforce
80,6,20,1200,20,0,0,0,DoS-SYN-Flood
0,1,20,1200,0,0,0,0,DoS-ICMP
48806,17,20,27980,0,0,0,0,BENIGN
36520,17,20,27980,0,0,0,0,BENIGN
0,1,20,1200,0,0,0,0,DoS-ICMP
0,1,20,840,0,0,0,0,DoS-ICMP
80,6,20,1480,20,0,0,0,DoS-HTTP
80,17,20,1200,0,0,0,0,DoS-UDP
24099,6,4,240,4,0,0,0,PortScan
36520,17,20,27980,0,0,0,0,BENIGN
0,1,20,840,0,0,0,0,DoS-ICMP
62717,6,6,348,6,6,0,0,SSH-Bruteforce
80,17,20,1200,0,0,0,0,DoS-UDP
80,6,20,1200,20,0,0,0,DoS-SYN-Flood
0,1,20,1200,0,0,0,0,DoS-ICMP
53575,6,9,522,9,9,0,0,SSH-Bruteforce
80,6,20,1480,20,0,0,0,DoS-HTTP
80,6,20,1200,20,0,0,0,DoS-SYN-Flood
80,6,20,1480,20,0,0,0,DoS-HTTP
0,1,20,1200,0,0,0,0,DoS-ICMP
80,6,20,1480,20,0,0,0,DoS-HTTP
50171,6,2,120,2,0,0,0,PortScan
80,17,20,1200,0,0,0,0,DoS-UDP
80,17,20,1200,0,0,0,0,DoS-UDP
80,17,20,1200,0,0,0,0,DoS-UDP
80,17,20,1200,0,0,0,0,DoS-UDP
80,17,20,1200,0,0,0,0,DoS-UDP
22316,6,9,522,9,9,0,0,SSH-Bruteforce
80,6,20,1200,20,0,0,0,DoS-SYN-Flood
80,6,20,1200,20,0,0,0,DoS-SYN-Flood
0,1,20,1200,0,0,0,0,DoS-ICMP
0,1,20,840,0,0,0,0,DoS-ICMP
80,6,20,1480,20,0,0,0,DoS-HTTP
56114,6,16,1849,1,16,0,1,BENIGN
80,6,20,1200,20,0,0,0,DoS-SYN-Flood
80,17,20,1200,0,0,0,0,DoS-UDP
80,6,20,1200,20,0,0,0,DoS-SYN-Flood
80,6,20,1480,20,0,0,0,DoS-HTTP
12779,6,6,360,6,0,0,0,PortScan
40974,6,4,240,4,0,0,0,PortScan
22,6,20,1200,5,0,15,0,SSH-Bruteforce
80,6,20,1200,20,0,0,0,DoS-SYN-Flood
56099,6,6,348,6,6,0,0,SSH-Bruteforce
80,6,20,1200,20,0,0,0,DoS-SYN-Flood
22,6,20,1200,0,0,20,0,SSH-Bruteforce
0,1,20,1200,0,0,0,0,DoS-ICMP
80,6,20,1480,20,0,0,0,DoS-HTTP
80,17,20,1200,0,0,0,0,DoS-UDP
80,6,20,1480,20,0,0,0,DoS-HTTP
55171,6,7,406,7,7,0,0,SSH-Bruteforce
80,6,20,1480,20,0,0,0,DoS-HTTP
18622,6,2,120,2,0,0,0,PortScan
41308,17,20,27980,0,0,0,0,BENIGN
80,6,20,1200,20,0,0,0,DoS-SYN-Flood
80,6,20,1200,20,0,0,0,DoS-SYN-Flood
80,17,20,1200,0,0,0,0,DoS-UDP
35,6,5,290,5,5,0,0,SSH-Bruteforce
80,6,20,1480,20,0,0,0,DoS-HTTP
49477,6,5,290,5,5,0,0,SSH-Bruteforce
814,6,5,290,5,5,0,0,SSH-Bruteforce
22,6,20,1200,0,0,20,0,SSH-Bruteforce
80,6,20,1480,20,0,0,0,DoS-HTTP
0,1,20,840,0,0,0,0,DoS-ICMP
80,6,20,1200,20,0,0,0,DoS-SYN-Flood
48889,6,6,348,6,6,0,0,SSH-Bruteforce
0,1,20,840,0,0,0,0,DoS-ICMP
26173,6,2,120,2,0,0,0,PortScan
58439,6,2,120,2,0,0,0,PortScan
42743,6,2,120,2,0,0,0,PortScan
53488,6,8,464,8,8,0,0,SSH-Bruteforce
80,6,20,1480,20,0,0,0,DoS-HTTP
53568,6,20,26303,0,20,0,0,BENIGN
80,6,20,1480,20,0,0,0,DoS-HTTP
0,1,20,1200,0,0,0,0,DoS-ICMP
0,1,20,1200,0,0,0,0,DoS-ICMP
54888,6,2,120,2,0,0,0,PortScan
64666,6,8,464,8,8,0,0,SSH-Bruteforce
49366,6,2,120,2,0,0,0,PortScan
53272,6,20,29320,0,20,0,0,BENIGN
80,6,20,1200,20,0,0,0,DoS-SYN-Flood
22019,6,6,348,6,6,0,0,SSH-Bruteforce
60886,6,20,27620,0,20,0,0,BENIGN
20650,6,2,120,2,0,0,0,PortScan
0,1,20,840,0,0,0,0,DoS-ICMP
80,6,20,1480,20,0,0,0,DoS-HTTP
36520,17,20,27980,0,0,0,0,BENIGN
80,17,20,1200,0,0,0,0,DoS-UDP
11454,6,6,360,6,0,0,0,PortScan
80,6,20,1480,20,0,0,0,DoS-HTTP
0,1,20,1200,0,0,0,0,DoS-ICMP
9894,6,4,240,4,0,0,0,PortScan
80,6,20,1480,20,0,0,0,DoS-HTTP
22,6,20,1200,4,0,16,0,SSH-Bruteforce
80,17,20,1200,0,0,0,0,DoS-UDP
80,6,20,1480,20,0,0,0,DoS-HTTP
80,17,20,1200,0,0,0,0,DoS-UDP
80,17,20,1200,0,0,0,0,DoS-UDP
0,1,20,1200,0,0,0,0,DoS-ICMP
28543,6,4,240,4,0,0,0,PortScan
47094,17,20,27980,0,0,0,0,BENIGN
0,1,20,1200,0,0,0,0,DoS-ICMP
35528,6,17,6691,1,17,0,1,BENIGN
22,6,20,1200,18,0,2,0,SSH-Bruteforce
80,17,20,1200,0,0,0,0,DoS-UDP
80,17,20,1200,0,0,0,0,DoS-UDP
36520,17,20,27980,0,0,0,0,BENIGN
2539,6,4,240,4,0,0,0,PortScan
80,6,20,1200,20,0,0,0,DoS-SYN-Flood
0,1,20,840,0,0,0,0,DoS-ICMP
56297,6,2,120,2,0,0,0,PortScan
80,6,20,1200,20,0,0,0,DoS-SYN-Flood
80,17,20,1200,0,0,0,0,DoS-UDP
61946,6,2,120,2,0,0,0,PortScan
80,17,20,1200,0,0,0,0,DoS-UDP
60886,6,20,28840,0,20,0,0,BENIGN
22,6,20,1200,0,0,20,0,SSH-Bruteforce
80,6,20,1480,20,0,0,0,DoS-HTTP
0,1,20,840,0,0,0,0,DoS-ICMP
38008,6,2,120,2,0,0,0,PortScan
33585,6,4,240,4,0,0,0,PortScan
80,6,20,1200,20,0,0,0,DoS-SYN-Flood
0,1,20,840,0,0,0,0,DoS-ICMP
3250,6,4,240,4,0,0,0,PortScan
15532,6,2,120,2,0,0,0,PortScan
80,17,20,1200,0,0,0,0,DoS-UDP
80,6,20,1200,20,0,0,0,DoS-SYN-Flood
80,17,20,1200,0,0,0,0,DoS-UDP
16886,6,2,120,2,0,0,0,PortScan
80,6,20,1480,20,0,0,0,DoS-HTTP
80,6,20,1480,20,0,0,0,DoS-HTTP
40142,6,10,580,10,10,0,0,SSH-Bruteforce
80,6,20,1200,20,0,0,0,DoS-SYN-Flood
22,6,20,1200,20,0,0,0,SSH-Bruteforce
24206,6,4,232,4,4,0,0,SSH-Bruteforce
36520,17,20,27980,0,0,0,0,BENIGN
80,6,20,1200,20,0,0,0,DoS-SYN-Flood
80,6,20,1200,20,0,0,0,DoS-SYN-Flood
0,1,20,840,0,0,0,0,DoS-ICMP
80,6,20,1200,20,0,0,0,DoS-SYN-Flood
4337,6,4,240,4,0,0,0,PortScan
0,1,20,840,0,0,0,0,DoS-ICMP
80,6,20,1200,20,0,0,0,DoS-SYN-Flood
22,6,20,1200,0,0,20,0,SSH-Bruteforce
36520,17,20,27980,0,0,0,0,BENIGN
45424,6,8,755,0,8,0,0,BENIGN
2075,6,4,240,4,0,0,0,PortScan
80,6,20,1480,20,0,0,0,DoS-HTTP
0,1,20,1200,0,0,0,0,DoS-ICMP
80,17,20,1200,0,0,0,0,DoS-UDP
3846,6,7,406,7,7,0,0,SSH-Bruteforce
29754,6,4,240,4,0,0,0,PortScan
0,1,20,840,0,0,0,0,DoS-ICMP
80,6,20,1200,20,0,0,0,DoS-SYN-Flood
80,6,20,1480,20,0,0,0,DoS-HTTP
32099,6,4,240,4,0,0,0,PortScan
58743,6,4,240,4,0,0,0,PortScan
46936,6,2,120,2,0,0,0,PortScan
36520,17,20,27980,0,0,0,0,BENIGN
80,6,20,1480,20,0,0,0,DoS-HTTP
80,17,20,1200,0,0,0,0,DoS-UDP
22,6,20,1200,20,0,0,0,SSH-Bruteforce
0,1,20,840,0,0,0,0,DoS-ICMP
80,6,20,1200,20,0,0,0,DoS-SYN-Flood
80,6,20,1200,20,0,0,0,DoS-SYN-Flood
80,6,20,1480,20,0,0,0,DoS-HTTP
45925,6,2,120,2,0,0,0,PortScan
42440,17,20,27980,0,0,0,0,BENIGN
16059,6,2,120,2,0,0,0,PortScan
12370,6,4,240,4,0,0,0,PortScan
80,6,20,1480,20,0,0,0,DoS-HTTP
80,6,20,1480,20,0,0,0,DoS-HTTP
80,6,20,1200,20,0,0,0,DoS-SYN-Flood
80,6,20,1200,20,0,0,0,DoS-SYN-Flood
0,1,20,1200,0,0,0,0,DoS-ICMP
0,1,20,1200,0,0,0,0,DoS-ICMP
80,6,20,1480,20,0,0,0,DoS-HTTP
46564,6,10,580,10,10,0,0,SSH-Bruteforce
22241,6,2,120,2,0,0,0,PortScan
53296,6,20,29020,0,20,0,0,BENIGN
61747,6,6,348,6,6,0,0,SSH-Bruteforce
80,6,20,1200,20,0,0,0,DoS-SYN-Flood
80,17,20,1200,0,0,0,0,DoS-UDP
0,1,20,1200,0,0,0,0,DoS-ICMP
80,17,20,1200,0,0,0,0,DoS-UDP
0,1,20,1200,0,0,0,0,DoS-ICMP
29133,6,4,240,4,0,0,0,PortScan
80,17,20,1200,0,0,0,0,DoS-UDP
80,17,20,1200,0,0,0,0,DoS-UDP
242,6,6,360,6,0,0,0,PortScan
80,6,20,1480,20,0,0,0,DoS-HTTP
0,1,20,840,0,0,0,0,DoS-ICMP
0,1,20,840,0,0,0,0,DoS-ICMP
80,6,20,1480,20,0,0,0,DoS-HTTP
36520,17,20,27980,0,0,0,0,BENIGN
80,17,20,1200,0,0,0,0,DoS-UDP
80,6,20,1480,20,0,0,0,DoS-HTTP
0,1,20,840,0,0,0,0,DoS-ICMP
42325,6,2,120,2,0,0,0,PortScan
80,6,20,1480,20,0,0,0,DoS-HTTP
443,17,20,2671,0,0,0,0,BENIGN
80,6,20,1480,20,0,0,0,DoS-HTTP
80,6,20,1200,20,0,0,0,DoS-SYN-Flood
80,17,20,1200,0,0,0,0,DoS-UDP
28376,6,9,522,9,9,0,0,SSH-Bruteforce
80,17,20,1200,0,0,0,0,DoS-UDP
0,1,20,1200,0,0,0,0,DoS-ICMP
0,1,20,840,0,0,0,0,DoS-ICMP
22,6,20,1200,20,0,0,0,SSH-Bruteforce
22,6,20,1200,20,0,0,0,SSH-Bruteforce
80,6,20,1200,20,0,0,0,DoS-SYN-Flood
80,17,20,1200,0,0,0,0,DoS-UDP
0,1,20,1200,0,0,0,0,DoS-ICMP
80,6,20,1480,20,0,0,0,DoS-HTTP
80,6,20,1480,20,0,0,0,DoS-HTTP
80,6,20,1200,20,0,0,0,DoS-SYN-Flood
21767,6,4,240,4,0,0,0,PortScan
36520,17,20,27980,0,0,0,0,BENIGN
0,1,20,840,0,0,0,0,DoS-ICMP
36520,17,20,27980,0,0,0,0,BENIGN
22,6,20,1200,0,0,20,0,SSH-Bruteforce
80,6,20,1480,20,0,0,0,DoS-HTTP
42793,6,4,240,4,0,0,0,PortScan
80,6,20,1200,20,0,0,0,DoS-SYN-Flood
80,17,20,1200,0,0,0,0,DoS-UDP
80,6,20,1480,20,0,0,0,DoS-HTTP
36520,17,20,27980,0,0,0,0,BENIGN
80,6,20,1480,20,0,0,0,DoS-HTTP
80,17,20,1200,0,0,0,0,DoS-UDP
62539,6,5,290,5,5,0,0,SSH-Bruteforce
80,6,20,1480,20,0,0,0,DoS-HTTP
0,1,20,1200,0,0,0,0,DoS-ICMP
80,17,20,1200,0,0,0,0,DoS-UDP
80,6,20,1480,20,0,0,0,DoS-HTTP
3891,6,5,290,5,5,0,0,SSH-Bruteforce
22,6,20,1200,20,0,0,0,SSH-Bruteforce
36520,17,20,27980,0,0,0,0,BENIGN
80,6,20,1200,20,0,0,0,DoS-SYN-Flood
9312,6,7,406,7,7,0,0,SSH-Bruteforce
0,1,20,1200,0,0,0,0,DoS-ICMP
80,17,20,1200,0,0,0,0,DoS-UDP
80,17,20,1200,0,0,0,0,DoS-UDP
80,17,20,1200,0,0,0,0,DoS-UDP
0,1,20,1200,0,0,0,0,DoS-ICMP
0,1,20,1200,0,0,0,0,DoS-ICMP
0,1,20,1200,0,0,0,0,DoS-ICMP
7260,6,4,240,4,0,0,0,PortScan
80,6,20,1480,20,0,0,0,DoS-HTTP
0,1,20,840,0,0,0,0,DoS-ICMP
80,17,20,1200,0,0,0,0,DoS-UDP
80,6,20,1480,20,0,0,0,DoS-HTTP
80,6,20,1480,20,0,0,0,DoS-HTTP
80,6,20,1200,20,0,0,0,DoS-SYN-Flood
58481,6,11,638,11,11,0,0,SSH-Bruteforce
80,6,20,1200,20,0,0,0,DoS-SYN-Flood
22,6,20,1200,5,0,15,0,SSH-Bruteforce
80,6,20,1200,20,0,0,0,DoS-SYN-Flood
24547,6,2,120,2,0,0,0,PortScan
80,6,20,1200,20,0,0,0,DoS-SYN-Flood
80,6,20,1480,20,0,0,0,DoS-HTTP
80,6,20,1480,20,0,0,0,DoS-HTTP
80,6,20,1480,20,0,0,0,DoS-HTTP
80,17,20,1200,0,0,0,0,DoS-UDP
80,17,20,1200,0,0,0,0,DoS-UDP
0,1,20,1200,0,0,0,0,DoS-ICMP
443,17,20,2708,0,0,0,0,BENIGN
80,6,20,1480,20,0,0,0,DoS-HTTP
80,6,20,1480,20,0,0,0,DoS-HTTP
49281,6,4,240,4,0,0,0,PortScan
80,17,20,1200,0,0,0,0,DoS-UDP
80,17,20,1200,0,0,0,0,DoS-UDP
80,6,20,1200,20,0,0,0,DoS-SYN-Flood
9984,6,7,406,7,7,0,0,SSH-Bruteforce
80,6,20,1200,20,0,0,0,DoS-SYN-Flood
22,6,20,1200,0,0,20,0,SSH-Bruteforce
7971,6,6,348,6,6,0,0,SSH-Bruteforce
6162,6,4,240,4,0,0,0,PortScan
60843,6,4,240,4,0,0,0,PortScan
80,17,20,1200,0,0,0,0,DoS-UDP
80,17,20,1200,0,0,0,0,DoS-UDP
80,6,20,1200,20,0,0,0,DoS-SYN-Flood
80,6,20,1480,20,0,0,0,DoS-HTTP
80,6,20,1200,20,0,0,0,DoS-SYN-Flood
80,6,20,1480,20,0,0,0,DoS-HTTP
34522,6,4,240,4,0,0,0,PortScan
35112,6,4,240,4,0,0,0,PortScan
0,1,20,1200,0,0,0,0,DoS-ICMP
80,6,20,1200,20,0,0,0,DoS-SYN-Flood
80,17,20,1200,0,0,0,0,DoS-UDP
80,6,20,1480,20,0,0,0,DoS-HTTP
80,6,20,1200,20,0,0,0,DoS-SYN-Flood
44645,6,7,406,7,7,0,0,SSH-Bruteforce
80,17,20,1200,0,0,0,0,DoS-UDP
62115,6,6,348,6,6,0,0,SSH-Bruteforce
37568,6,9,522,9,9,0,0,SSH-Bruteforce
0,1,20,840,0,0,0,0,DoS-ICMP
0,1,20,840,0,0,0,0,DoS-ICMP
38766,6,2,120,2,0,0,0,PortScan
45447,17,20,27980,0,0,0,0,BENIGN
80,6,20,1480,20,0,0,0,DoS-HTTP
47396,6,6,348,6,6,0,0,SSH-Bruteforce
22,6,20,1200,20,0,0,0,SSH-Bruteforce
80,6,20,1200,20,0,0,0,DoS-SYN-Flood
0,1,20,840,0,0,0,0,DoS-ICMP
0,1,20,1200,0,0,0,0,DoS-ICMP
22,6,20,1200,0,0,20,0,SSH-Bruteforce
49437,6,7,406,7,7,0,0,SSH-Bruteforce
80,6,20,1480,20,0,0,0,DoS-HTTP
80,6,20,1200,20,0,0,0,DoS-SYN-Flood
80,6,20,1200,20,0,0,0,DoS-SYN-Flood
0,1,20,840,0,0,0,0,DoS-ICMP
80,6,20,1480,20,0,0,0,DoS-HTTP
80,6,20,1200,20,0,0,0,DoS-SYN-Flood
80,6,20,1480,20,0,0,0,DoS-HTTP
80,6,20,1480,20,0,0,0,DoS-HTTP
80,6,20,1200,20,0,0,0,DoS-SYN-Flood
0,1,20,1200,0,0,0,0,DoS-ICMP
80,6,20,1200,20,0,0,0,DoS-SYN-Flood
80,6,20,1480,20,0,0,0,DoS-HTTP
36819,6,2,120,2,0,0,0,PortScan
4930,6,4,240,4,0,0,0,PortScan
51997,6,2,120,2,0,0,0,PortScan
47023,6,8,464,8,8,0,0,SSH-Bruteforce
80,6,20,1480,20,0,0,0,DoS-HTTP
0,1,20,1200,0,0,0,0,DoS-ICMP
80,6,20,1480,20,0,0,0,DoS-HTTP
80,6,20,1480,20,0,0,0,DoS-HTTP
27978,6,2,120,2,0,0,0,PortScan
60886,6,20,20316,0,20,0,0,BENIGN
80,17,20,1200,0,0,0,0,DoS-UDP
80,6,20,1480,20,0,0,0,DoS-HTTP
23207,6,10,580,10,10,0,0,SSH-Bruteforce
0,1,20,1200,0,0,0,0,DoS-ICMP
0,1,20,1200,0,0,0,0,DoS-ICMP
0,1,20,1200,0,0,0,0,DoS-ICMP
65032,6,6,348,6,6,0,0,SSH-Bruteforce
80,6,20,1480,20,0,0,0,DoS-HTTP
0,1,20,840,0,0,0,0,DoS-ICMP
80,6,20,1480,20,0,0,0,DoS-HTTP
80,17,20,1200,0,0,0,0,DoS-UDP
23699,6,7,406,7,7,0,0,SSH-Bruteforce
80,6,20,1200,20,0,0,0,DoS-SYN-Flood
0,1,20,1200,0,0,0,0,DoS-ICMP
50584,6,3,174,3,3,0,0,SSH-Bruteforce
0,1,20,1200,0,0,0,0,DoS-ICMP
80,6,20,1200,20,0,0,0,DoS-SYN-Flood
80,6,20,1200,20,0,0,0,DoS-SYN-Flood
80,17,20,1200,0,0,0,0,DoS-UDP
80,6,20,1480,20,0,0,0,DoS-HTTP
80,6,20,1480,20,0,0,0,DoS-HTTP
22,6,20,1200,20,0,0,0,SSH-Bruteforce
80,6,20,1200,20,0,0,0,DoS-SYN-Flood
80,6,20,1480,20,0,0,0,DoS-HTTP
0,1,20,1200,0,0,0,0,DoS-ICMP
22404,6,11,638,11,11,0,0,SSH-Bruteforce
80,6,20,1200,20,0,0,0,DoS-SYN-Flood
80,6,20,1200,20,0,0,0,DoS-SYN-Flood
63460,6,2,120,2,0,0,0,PortScan
80,17,20,1200,0,0,0,0,DoS-UDP
80,17,20,1200,0,0,0,0,DoS-UDP
0,1,20,840,0,0,0,0,DoS-ICMP
80,6,20,1480,20,0,0,0,DoS-HTTP
80,6,20,1200,20,0,0,0,DoS-SYN-Flood
80,17,20,1200,0,0,0,0,DoS-UDP
22,6,20,1200,17,0,3,0,SSH-Bruteforce
80,6,20,1200,20,0,0,0,DoS-SYN-Flood
0,1,20,840,0,0,0,0,DoS-ICMP
22,6,20,1200,12,0,8,0,SSH-Bruteforce
80,6,20,1200,20,0,0,0,DoS-SYN-Flood
80,6,20,1200,20,0,0,0,DoS-SYN-Flood
20205,6,8,464,8,8,0,0,SSH-Bruteforce
80,6,20,1480,20,0,0,0,DoS-HTTP
80,6,20,1480,20,0,0,0,DoS-HTTP
35143,6,4,240,4,0,0,0,PortScan
80,6,20,1200,20,0,0,0,DoS-SYN-Flood
80,6,20,1480,20,0,0,0,DoS-HTTP
22,6,20,1200,20,0,0,0,SSH-Bruteforce
80,6,20,1200,20,0,0,0,DoS-SYN-Flood
31382,6,2,120,2,0,0,0,PortScan
80,6,20,1480,20,0,0,0,DoS-HTTP
1005,6,6,360,6,0,0,0,PortScan
0,1,20,840,0,0,0,0,DoS-ICMP
80,6,20,1200,20,0,0,0,DoS-SYN-Flood
12643,6,4,240,4,0,0,0,PortScan
0,1,20,1200,0,0,0,0,DoS-ICMP
22,6,20,1200,19,0,1,0,SSH-Bruteforce
49941,6,4,240,4,0,0,0,PortScan
80,6,20,1200,20,0,0,0,DoS-SYN-Flood
80,6,20,1480,20,0,0,0,DoS-HTTP
60886,6,20,29080,0,20,0,0,BENIGN
59804,6,20,16865,0,20,0,0,BENIGN
80,6,20,1200,20,0,0,0,DoS-SYN-Flood
80,6,20,1200,20,0,0,0,DoS-SYN-Flood
80,6,20,1200,20,0,0,0,DoS-SYN-Flood
0,1,20,840,0,0,0,0,DoS-ICMP
33240,6,20,28960,0,20,0,0,BENIGN
80,17,20,1200,0,0,0,0,DoS-UDP
1406,6,4,240,4,0,0,0,PortScan
80,17,20,1200,0,0,0,0,DoS-UDP
0,1,20,840,0,0,0,0,DoS-ICMP
36520,17,20,27980,0,0,0,0,BENIGN
80,17,20,1200,0,0,0,0,DoS-UDP
80,17,20,1200,0,0,0,0,DoS-UDP
61638,6,2,120,2,0,0,0,PortScan
80,6,20,1480,20,0,0,0,DoS-HTTP
80,6,20,1200,20,0,0,0,DoS-SYN-Flood
80,17,20,1200,0,0,0,0,DoS-UDP
43180,6,4,240,4,0,0,0,PortScan
0,1,20,1200,0,0,0,0,DoS-ICMP
48806,17,20,27980,0,0,0,0,BENIGN
80,6,20,1480,20,0,0,0,DoS-HTTP
20710,6,2,120,2,0,0,0,PortScan
80,6,20,1480,20,0,0,0,DoS-HTTP
80,6,20,1200,20,0,0,0,DoS-SYN-Flood
0,1,20,840,0,0,0,0,DoS-ICMP
22,6,20,1200,13,0,7,0,SSH-Bruteforce
80,6,20,1480,20,0,0,0,DoS-HTTP
80,6,20,1200,20,0,0,0,DoS-SYN-Flood
80,17,20,1200,0,0,0,0,DoS-UDP
30091,6,2,120,2,0,0,0,PortScan
80,6,20,1200,20,0,0,0,DoS-SYN-Flood
80,6,20,1200,20,0,0,0,DoS-SYN-Flood
47433,6,2,120,2,0,0,0,PortScan
7940,6,4,240,4,0,0,0,PortScan
80,6,20,1480,20,0,0,0,DoS-HTTP
0,1,20,840,0,0,0,0,DoS-ICMP
13221,6,9,522,9,9,0,0,SSH-Bruteforce
0,1,20,1200,0,0,0,0,DoS-ICMP
80,6,20,1480,20,0,0,0,DoS-HTTP
80,6,20,1200,20,0,0,0,DoS-SYN-Flood
22,6,20,1200,0,0,20,0,SSH-Bruteforce
0,1,20,840,0,0,0,0,DoS-ICMP
80,17,20,1200,0,0,0,0,DoS-UDP
7054,6,4,240,4,0,0,0,PortScan
80,6,20,1200,20,0,0,0,DoS-SYN-Flood
80,6,20,1480,20,0,0,0,DoS-HTTP
80,6,20,1200,20,0,0,0,DoS-SYN-Flood
13416,6,6,360,6,0,0,0,PortScan
0,1,20,840,0,0,0,0,DoS-ICMP
8594,6,4,240,4,0,0,0,PortScan
80,17,20,1200,0,0,0,0,DoS-UDP
80,6,20,1200,20,0,0,0,DoS-SYN-Flood
0,1,20,1200,0,0,0,0,DoS-ICMP
80,6,20,1200,20,0,0,0,DoS-SYN-Flood
26412,6,2,120,2,0,0,0,PortScan
80,6,20,1200,20,0,0,0,DoS-SYN-Flood
60886,6,20,30279,0,20,0,0,BENIGN
36067,6,10,580,10,10,0,0,SSH-Bruteforce
29537,6,4,240,4,0,0,0,PortScan
80,6,20,1480,20,0,0,0,DoS-HTTP
1800,6,4,240,4,0,0,0,PortScan
3131,6,4,240,4,0,0,0,PortScan
80,6,20,1480,20,0,0,0,DoS-HTTP
80,17,20,1200,0,0,0,0,DoS-UDP
80,6,20,1480,20,0,0,0,DoS-HTTP
22,6,20,1200,0,0,20,0,SSH-Bruteforce
0,1,20,1200,0,0,0,0,DoS-ICMP
19909,6,4,240,4,0,0,0,PortScan
25519,6,2,120,2,0,0,0,PortScan
80,6,20,1200,20,0,0,0,DoS-SYN-Flood
0,1,20,1200,0,0,0,0,DoS-ICMP
80,17,20,1200,0,0,0,0,DoS-UDP
0,1,20,840,0,0,0,0,DoS-ICMP
80,6,20,1200,20,0,0,0,DoS-SYN-Flood
80,6,20,1480,20,0,0,0,DoS-HTTP
0,1,20,1200,0,0,0,0,DoS-ICMP
33595,17,15,1277,0,0,0,0,BENIGN
21418,6,9,522,9,9,0,0,SSH-Bruteforce
80,6,20,1480,20,0,0,0,DoS-HTTP
80,6,20,1480,20,0,0,0,DoS-HTTP
22,6,20,1200,3,0,17,0,SSH-Bruteforce
22,6,20,1200,6,0,14,0,SSH-Bruteforce
20502,6,2,120,2,0,0,0,PortScan
80,6,20,1480,20,0,0,0,DoS-HTTP
42896,6,8,464,8,8,0,0,SSH-Bruteforce
80,17,20,1200,0,0,0,0,DoS-UDP
30771,6,7,406,7,7,0,0,SSH-Bruteforce
80,6,20,1200,20,0,0,0,DoS-SYN-Flood
80,6,20,1200,20,0,0,0,DoS-SYN-Flood
80,6,20,1200,20,0,0,0,DoS-SYN-Flood
80,6,20,1200,20,0,0,0,DoS-SYN-Flood
80,6,20,1200,20,0,0,0,DoS-SYN-Flood
80,17,20,1200,0,0,0,0,DoS-UDP
80,6,20,1480,20,0,0,0,DoS-HTTP
7576,6,4,240,4,0,0,0,PortScan
80,6,20,1200,20,0,0,0,DoS-SYN-Flood
0,1,20,840,0,0,0,0,DoS-ICMP
22990,6,8,464,8,8,0,0,SSH-Bruteforce
22,6,20,1200,20,0,0,0,SSH-Bruteforce
80,6,20,1200,20,0,0,0,DoS-SYN-Flood
80,6,20,1480,20,0,0,0,DoS-HTTP
80,6,20,1480,20,0,0,0,DoS-HTTP
80,17,20,1200,0,0,0,0,DoS-UDP
8569,6,7,406,7,7,0,0,SSH-Bruteforce
6107,6,8,464,8,8,0,0,SSH-Bruteforce
0,1,20,1200,0,0,0,0,DoS-ICMP
61153,6,2,120,2,0,0,0,PortScan
80,6,20,1480,20,0,0,0,DoS-HTTP
80,6,20,1480,20,0,0,0,DoS-HTTP
80,17,20,1200,0,0,0,0,DoS-UDP
27405,6,4,240,4,0,0,0,PortScan
80,6,20,1200,20,0,0,0,DoS-SYN-Flood
80,6,20,1480,20,0,0,0,DoS-HTTP
13142,6,9,522,9,9,0,0,SSH-Bruteforce
80,6,20,1480,20,0,0,0,DoS-HTTP
80,6,20,1480,20,0,0,0,DoS-HTTP
22,6,20,1200,0,0,20,0,SSH-Bruteforce
80,6,20,1200,20,0,0,0,DoS-SYN-Flood
80,6,20,1200,20,0,0,0,DoS-SYN-Flood
80,6,20,1200,20,0,0,0,DoS-SYN-Flood
80,6,20,1480,20,0,0,0,DoS-HTTP
80,6,20,1480,20,0,0,0,DoS-HTTP
27757,6,4,240,4,0,0,0,PortScan
80,6,20,1480,20,0,0,0,DoS-HTTP
80,6,20,1200,20,0,0,0,DoS-SYN-Flood
80,6,20,1200,20,0,0,0,DoS-SYN-Flood
0,1,20,840,0,0,0,0,DoS-ICMP
80,17,20,1200,0,0,0,0,DoS-UDP
11255,6,4,240,4,0,0,0,PortScan
443,17,20,4671,0,0,0,0,BENIGN
22,6,20,1200,0,0,20,0,SSH-Bruteforce
46047,6,2,120,2,0,0,0,PortScan
25797,6,2,120,2,0,0,0,PortScan
80,17,20,1200,0,0,0,0,DoS-UDP
30467,6,2,120,2,0,0,0,PortScan
0,1,20,1200,0,0,0,0,DoS-ICMP
22,6,20,1200,0,0,20,0,SSH-Bruteforce
80,6,20,1480,20,0,0,0,DoS-HTTP
0,1,20,1200,0,0,0,0,DoS-ICMP
80,6,20,1200,20,0,0,0,DoS-SYN-Flood
80,17,20,1200,0,0,0,0,DoS-UDP
80,17,20,1200,0,0,0,0,DoS-UDP
41543,17,1,365,0,0,0,0,BENIGN
80,6,20,1480,20,0,0,0,DoS-HTTP
80,17,20,1200,0,0,0,0,DoS-UDP
80,6,20,1480,20,0,0,0,DoS-HTTP
80,6,20,1200,20,0,0,0,DoS-SYN-Flood
80,6,20,1200,20,0,0,0,DoS-SYN-Flood
80,6,20,1200,20,0,0,0,DoS-SYN-Flood
22,6,20,1200,20,0,0,0,SSH-Bruteforce
55269,6,7,406,7,7,0,0,SSH-Bruteforce
80,6,20,1200,20,0,0,0,DoS-SYN-Flood
80,6,20,1480,20,0,0,0,DoS-HTTP
33240,6,20,28960,0,20,0,0,BENIGN
46398,17,20,27980,0,0,0,0,BENIGN
0,1,20,1200,0,0,0,0,DoS-ICMP
49791,6,2,120,2,0,0,0,PortScan
0,1,20,840,0,0,0,0,DoS-ICMP
0,1,20,1200,0,0,0,0,DoS-ICMP
60516,6,20,24155,0,20,0,0,BENIGN
80,6,20,1480,20,0,0,0,DoS-HTTP
57015,6,2,120,2,0,0,0,PortScan
80,6,20,1200,20,0,0,0,DoS-SYN-Flood
80,17,20,1200,0,0,0,0,DoS-UDP
80,6,20,1200,20,0,0,0,DoS-SYN-Flood
80,17,20,1200,0,0,0,0,DoS-UDP
80,6,20,1480,20,0,0,0,DoS-HTTP
80,6,20,1480,20,0,0,0,DoS-HTTP
80,6,20,1480,20,0,0,0,DoS-HTTP
0,1,20,1200,0,0,0,0,DoS-ICMP
29228,6,10,580,10,10,0,0,SSH-Bruteforce
16319,6,4,240,4,0,0,0,PortScan
0,1,20,1200,0,0,0,0,DoS-ICMP
45447,17,20,18868,0,0,0,0,BENIGN
80,6,20,1200,20,0,0,0,DoS-SYN-Flood
45424,6,20,26413,0,20,0,0,BENIGN
56584,6,7,406,7,7,0,0,SSH-Bruteforce
2564,6,4,240,4,0,0,0,PortScan
80,17,20,1200,0,0,0,0,DoS-UDP
49480,6,2,120,2,0,0,0,PortScan
80,6,20,1480,20,0,0,0,DoS-HTTP
0,1,20,840,0,0,0,0,DoS-ICMP
0,1,20,840,0,0,0,0,DoS-ICMP
53296,6,20,29200,0,20,0,0,BENIGN
80,6,20,1480,20,0,0,0,DoS-HTTP
80,6,20,1480,20,0,0,0,DoS-HTTP
80,6,20,1200,20,0,0,0,DoS-SYN-Flood
59804,6,20,19922,0,20,0,0,BENIGN
80,6,20,1200,20,0,0,0,DoS-SYN-Flood
0,1,20,840,0,0,0,0,DoS-ICMP
0,1,20,1200,0,0,0,0,DoS-ICMP
0,1,20,840,0,0,0,0,DoS-ICMP
35589,6,4,240,4,0,0,0,PortScan
0,1,20,840,0,0,0,0,DoS-ICMP
0,1,20,1200,0,0,0,0,DoS-ICMP
80,6,20,1200,20,0,0,0,DoS-SYN-Flood
80,6,20,1480,20,0,0,0,DoS-HTTP
80,6,20,1200,20,0,0,0,DoS-SYN-Flood
12160,6,7,406,7,7,0,0,SSH-Bruteforce
22,6,20,1200,20,0,0,0,SSH-Bruteforce
34803,6,7,406,7,7,0,0,SSH-Bruteforce
57034,6,5,290,5,5,0,0,SSH-Bruteforce
57744,6,2,120,2,0,0,0,PortScan
80,6,20,1200,20,0,0,0,DoS-SYN-Flood
80,6,20,1480,20,0,0,0,DoS-HTTP
80,17,20,1200,0,0,0,0,DoS-UDP
80,6,20,1200,20,0,0,0,DoS-SYN-Flood
0,1,20,840,0,0,0,0,DoS-ICMP
80,6,20,1480,20,0,0,0,DoS-HTTP
80,6,20,1480,20,0,0,0,DoS-HTTP
39919,6,4,240,4,0,0,0,PortScan
80,6,20,1200,20,0,0,0,DoS-SYN-Flood
80,6,20,1480,20,0,0,0,DoS-HTTP
22,6,20,1200,6,0,14,0,SSH-Bruteforce
80,6,20,1480,20,0,0,0,DoS-HTTP
28169,6,10,580,10,10,0,0,SSH-Bruteforce
80,17,20,1200,0,0,0,0,DoS-UDP
22,6,20,1200,20,0,0,0,SSH-Bruteforce
22,6,20,1200,18,0,2,0,SSH-Bruteforce
22,6,20,1200,0,0,20,0,SSH-Bruteforce
13421,6,6,360,6,0,0,0,PortScan
80,17,20,1200,0,0,0,0,DoS-UDP
80,17,20,1200,0,0,0,0,DoS-UDP
0,1,20,1200,0,0,0,0,DoS-ICMP
56530,6,20,8065,1,20,0,0,BENIGN
80,17,20,1200,0,0,0,0,DoS-UDP
80,6,20,1200,20,0,0,0,DoS-SYN-Flood
0,1,20,1200,0,0,0,0,DoS-ICMP
54737,6,5,290,5,5,0,0,SSH-Bruteforce
80,6,20,1200,20,0,0,0,DoS-SYN-Flood
36108,6,2,120,2,0,0,0,PortScan
80,6,20,1480,20,0,0,0,DoS-HTTP
80,17,20,1200,0,0,0,0,DoS-UDP
0,1,20,1200,0,0,0,0,DoS-ICMP
50773,6,2,120,2,0,0,0,PortScan
80,17,20,1200,0,0,0,0,DoS-UDP
36520,17,20,27980,0,0,0,0,BENIGN
80,6,20,1200,20,0,0,0,DoS-SYN-Flood
41123,6,2,120,2,0,0,0,PortScan
0,1,20,840,0,0,0,0,DoS-ICMP
42468,6,8,464,8,8,0,0,SSH-Bruteforce
80,17,20,1200,0,0,0,0,DoS-UDP
80,17,20,1200,0,0,0,0,DoS-UDP
59874,6,4,240,4,0,0,0,PortScan
80,6,20,1200,20,0,0,0,DoS-SYN-Flood
22,6,20,1200,20,0,0,0,SSH-Bruteforce
0,1,20,840,0,0,0,0,DoS-ICMP
22,6,20,1200,20,0,0,0,SSH-Bruteforce
80,17,20,1200,0,0,0,0,DoS-UDP
80,6,20,1200,20,0,0,0,DoS-SYN-Flood
80,6,20,1480,20,0,0,0,DoS-HTTP
80,6,20,1200,20,0,0,0,DoS-SYN-Flood
19105,6,8,464,8,8,0,0,SSH-Bruteforce
50740,6,7,406,7,7,0,0,SSH-Bruteforce
22,6,20,1200,9,0,11,0,SSH-Bruteforce
0,1,20,840,0,0,0,0,DoS-ICMP
0,1,20,1200,0,0,0,0,DoS-ICMP
80,6,20,1480,20,0,0,0,DoS-HTTP
80,6,20,1200,20,0,0,0,DoS-SYN-Flood
0,1,20,840,0,0,0,0,DoS-ICMP
2690,6,7,406,7,7,0,0,SSH-Bruteforce
80,6,20,1200,20,0,0,0,DoS-SYN-Flood
80,6,20,1480,20,0,0,0,DoS-HTTP
0,1,20,1200,0,0,0,0,DoS-ICMP
53577,6,2,120,2,0,0,0,PortScan
12269,6,4,240,4,0,0,0,PortScan
24272,6,4,240,4,0,0,0,PortScan
22,6,20,1200,0,0,20,0,SSH-Bruteforce
80,17,20,1200,0,0,0,0,DoS-UDP
46123,6,9,522,9,9,0,0,SSH-Bruteforce
80,17,20,1200,0,0,0,0,DoS-UDP
59145,6,8,464,8,8,0,0,SSH-Bruteforce
80,6,20,1480,20,0,0,0,DoS-HTTP
80,17,20,1200,0,0,0,0,DoS-UDP
0,1,20,840,0,0,0,0,DoS-ICMP
57552,6,6,348,6,6,0,0,SSH-Bruteforce
80,6,20,1200,20,0,0,0,DoS-SYN-Flood
80,17,20,1200,0,0,0,0,DoS-UDP
443,6,20,1200,0,20,0,0,BENIGN
80,6,20,1200,20,0,0,0,DoS-SYN-Flood
80,17,20,1200,0,0,0,0,DoS-UDP
22,6,20,1200,4,0,16,0,SSH-Bruteforce
80,6,20,1480,20,0,0,0,DoS-HTTP
80,6,20,1480,20,0,0,0,DoS-HTTP
0,1,20,840,0,0,0,0,DoS-ICMP
7664,6,5,290,5,5,0,0,SSH-Bruteforce
36520,17,20,27980,0,0,0,0,BENIGN
80,6,20,1200,20,0,0,0,DoS-SYN-Flood
80,6,20,1480,20,0,0,0,DoS-HTTP
80,17,20,1200,0,0,0,0,DoS-UDP
40613,6,4,240,4,0,0,0,PortScan
61750,6,4,240,4,0,0,0,PortScan
80,6,20,1200,20,0,0,0,DoS-SYN-Flood
80,6,20,1480,20,0,0,0,DoS-HTTP
0,1,20,840,0,0,0,0,DoS-ICMP
53453,6,6,348,6,6,0,0,SSH-Bruteforce
0,1,20,1200,0,0,0,0,DoS-ICMP
80,17,20,1200,0,0,0,0,DoS-UDP
80,6,20,1200,20,0,0,0,DoS-SYN-Flood
0,1,20,1200,0,0,0,0,DoS-ICMP
33338,6,2,120,2,0,0,0,PortScan
80,17,20,1200,0,0,0,0,DoS-UDP
80,17,20,1200,0,0,0,0,DoS-UDP
80,6,20,1480,20,0,0,0,DoS-HTTP
80,17,20,1200,0,0,0,0,DoS-UDP
80,17,20,1200,0,0,0,0,DoS-UDP
0,1,20,1200,0,0,0,0,DoS-ICMP
22,6,20,1200,20,0,0,0,SSH-Bruteforce
80,6,20,1480,20,0,0,0,DoS-HTTP
0,1,20,1200,0,0,0,0,DoS-ICMP
80,6,20,1200,20,0,0,0,DoS-SYN-Flood
0,1,20,840,0,0,0,0,DoS-ICMP
60874,6,2,120,2,0,0,0,PortScan
0,1,20,1200,0,0,0,0,DoS-ICMP
0,1,20,840,0,0,0,0,DoS-ICMP
41157,6,2,120,2,0,0,0,PortScan
80,6,20,1200,20,0,0,0,DoS-SYN-Flood
80,6,20,1480,20,0,0,0,DoS-HTTP
0,1,20,840,0,0,0,0,DoS-ICMP
80,6,20,1480,20,0,0,0,DoS-HTTP
0,1,20,1200,0,0,0,0,DoS-ICMP
80,17,20,1200,0,0,0,0,DoS-UDP
80,6,20,1480,20,0,0,0,DoS-HTTP
20054,6,2,120,2,0,0,0,PortScan
80,6,20,1480,20,0,0,0,DoS-HTTP
3749,6,6,360,6,0,0,0,PortScan
80,6,20,1200,20,0,0,0,DoS-SYN-Flood
80,6,20,1200,20,0,0,0,DoS-SYN-Flood
80,6,20,1200,20,0,0,0,DoS-SYN-Flood
53258,6,20,29200,0,20,0,0,BENIGN
22,6,20,1200,20,0,0,0,SSH-Bruteforce
80,17,20,1200,0,0,0,0,DoS-UDP
80,6,20,1480,20,0,0,0,DoS-HTTP
80,6,20,1480,20,0,0,0,DoS-HTTP
80,17,20,1200,0,0,0,0,DoS-UDP
22,6,20,1200,1,0,19,0,SSH-Bruteforce
80,6,20,1200,20,0,0,0,DoS-SYN-Flood
0,1,20,1200,0,0,0,0,DoS-ICMP
80,17,20,1200,0,0,0,0,DoS-UDP
80,17,20,1200,0,0,0,0,DoS-UDP
0,1,20,1200,0,0,0,0,DoS-ICMP
22,6,20,1200,3,0,17,0,SSH-Bruteforce
0,1,20,840,0,0,0,0,DoS-ICMP
18023,6,2,120,2,0,0,0,PortScan
0,1,20,1200,0,0,0,0,DoS-ICMP
80,17,20,1200,0,0,0,0,DoS-UDP
80,6,20,1480,20,0,0,0,DoS-HTTP
22,6,20,1200,20,0,0,0,SSH-Bruteforce
80,6,20,1200,20,0,0,0,DoS-SYN-Flood
80,6,20,1200,20,0,0,0,DoS-SYN-Flood
80,17,20,1200,0,0,0,0,DoS-UDP
80,6,20,1200,20,0,0,0,DoS-SYN-Flood
45363,6,2,120,2,0,0,0,PortScan
80,6,20,1200,20,0,0,0,DoS-SYN-Flood
51404,6,11,5991,1,11,0,1,BENIGN
39151,6,7,406,7,7,0,0,SSH-Bruteforce
22,6,20,1200,0,0,20,0,SSH-Bruteforce
80,6,20,1480,20,0,0,0,DoS-HTTP
80,6,20,1200,20,0,0,0,DoS-SYN-Flood
80,6,20,1200,20,0,0,0,DoS-SYN-Flood
80,17,20,1200,0,0,0,0,DoS-UDP
80,6,20,1480,20,0,0,0,DoS-HTTP
0,1,20,840,0,0,0,0,DoS-ICMP
22,6,20,1200,0,0,20,0,SSH-Bruteforce
80,17,20,1200,0,0,0,0,DoS-UDP
80,6,20,1480,20,0,0,0,DoS-HTTP
28272,6,4,240,4,0,0,0,PortScan
80,6,20,1200,20,0,0,0,DoS-SYN-Flood
80,17,20,1200,0,0,0,0,DoS-UDP
80,6,20,1480,20,0,0,0,DoS-HTTP
80,6,20,1200,20,0,0,0,DoS-SYN-Flood
80,6,20,1200,20,0,0,0,DoS-SYN-Flood
45424,6,20,28960,0,20,0,0,BENIGN
37407,6,11,638,11,11,0,0,SSH-Bruteforce
80,6,20,1200,20,0,0,0,DoS-SYN-Flood
0,1,20,840,0,0,0,0,DoS-ICMP
22,6,20,1200,20,0,0,0,SSH-Bruteforce
0,1,20,840,0,0,0,0,DoS-ICMP
8261,6,7,406,7,7,0,0,SSH-Bruteforce
80,6,20,1480,20,0,0,0,DoS-HTTP
0,1,20,1200,0,0,0,0,DoS-ICMP
36520,17,20,27980,0,0,0,0,BENIGN
80,6,20,1480,20,0,0,0,DoS-HTTP
80,6,20,1480,20,0,0,0,DoS-HTTP
0,1,20,1200,0,0,0,0,DoS-ICMP
80,6,20,1480,20,0,0,0,DoS-HTTP
0,1,20,1200,0,0,0,0,DoS-ICMP
80,17,20,1200,0,0,0,0,DoS-UDP
80,6,20,1480,20,0,0,0,DoS-HTTP
80,6,20,1200,20,0,0,0,DoS-SYN-Flood
80,17,20,1200,0,0,0,0,DoS-UDP
0,1,20,840,0,0,0,0,DoS-ICMP
80,17,20,1200,0,0,0,0,DoS-UDP
80,17,20,1200,0,0,0,0,DoS-UDP
50958,6,5,290,5,5,0,0,SSH-Bruteforce
46398,17,20,27980,0,0,0,0,BENIGN
80,17,20,1200,0,0,0,0,DoS-UDP
80,6,20,1200,20,0,0,0,DoS-SYN-Flood
22,6,20,1200,20,0,0,0,SSH-Bruteforce
80,6,20,1200,20,0,0,0,DoS-SYN-Flood
80,6,20,1480,20,0,0,0,DoS-HTTP
80,6,20,1480,20,0,0,0,DoS-HTTP
80,6,20,1200,20,0,0,0,DoS-SYN-Flood
80,6,20,1200,20,0,0,0,DoS-SYN-Flood
80,17,20,1200,0,0,0,0,DoS-UDP
80,6,20,1480,20,0,0,0,DoS-HTTP
50598,6,4,240,4,0,0,0,PortScan
80,17,20,1200,0,0,0,0,DoS-UDP
80,6,20,1200,20,0,0,0,DoS-SYN-Flood
80,6,20,1480,20,0,0,0,DoS-HTTP
1018,6,4,240,4,0,0,0,PortScan
12975,6,4,240,4,0,0,0,PortScan
80,17,20,1200,0,0,0,0,DoS-UDP
80,6,20,1480,20,0,0,0,DoS-HTTP
80,6,20,1200,20,0,0,0,DoS-SYN-Flood
18620,6,4,240,4,0,0,0,PortScan
80,6,20,1480,20,0,0,0,DoS-HTTP
80,6,20,1480,20,0,0,0,DoS-HTTP
25675,6,8,464,8,8,0,0,SSH-Bruteforce
80,6,20,1200,20,0,0,0,DoS-SYN-Flood
80,17,20,1200,0,0,0,0,DoS-UDP
0,1,20,1200,0,0,0,0,DoS-ICMP
80,17,20,1200,0,0,0,0,DoS-UDP
0,1,20,1200,0,0,0,0,DoS-ICMP
0,1,20,1200,0,0,0,0,DoS-ICMP
0,1,20,1200,0,0,0,0,DoS-ICMP
47203,6,4,240,4,0,0,0,PortScan
80,6,20,1200,20,0,0,0,DoS-SYN-Flood
80,17,20,1200,0,0,0,0,DoS-UDP
0,1,20,840,0,0,0,0,DoS-ICMP
80,6,20,1200,20,0,0,0,DoS-SYN-Flood
0,1,20,1200,0,0,0,0,DoS-ICMP
0,1,20,1200,0,0,0,0,DoS-ICMP
22,6,20,1200,1,0,19,0,SSH-Bruteforce
80,17,20,1200,0,0,0,0,DoS-UDP
80,17,20,1200,0,0,0,0,DoS-UDP
28232,6,2,120,2,0,0,0,PortScan
2796,6,10,580,10,10,0,0,SSH-Bruteforce
80,6,20,1480,20,0,0,0,DoS-HTTP
22,6,20,1200,19,0,1,0,SSH-Bruteforce
80,6,20,1480,20,0,0,0,DoS-HTTP
0,1,20,840,0,0,0,0,DoS-ICMP
11152,6,7,406,7,7,0,0,SSH-Bruteforce
80,6,20,1480,20,0,0,0,DoS-HTTP
22,6,20,1200,0,0,20,0,SSH-Bruteforce
80,6,20,1200,20,0,0,0,DoS-SYN-Flood
80,17,20,1200,0,0,0,0,DoS-UDP
0,1,20,840,0,0,0,0,DoS-ICMP
26101,6,4,240,4,0,0,0,PortScan
80,6,20,1480,20,0,0,0,DoS-HTTP
9298,6,4,240,4,0,0,0,PortScan
80,6,20,1480,20,0,0,0,DoS-HTTP
80,6,20,1200,20,0,0,0,DoS-SYN-Flood
64275,6,7,406,7,7,0,0,SSH-Bruteforce
80,6,20,1480,20,0,0,0,DoS-HTTP
36520,17,20,27980,0,0,0,0,BENIGN
80,6,20,1480,20,0,0,0,DoS-HTTP
0,1,20,840,0,0,0,0,DoS-ICMP
42881,6,9,522,9,9,0,0,SSH-Bruteforce
0,1,20,1200,0,0,0,0,DoS-ICMP
0,1,20,1200,0,0,0,0,DoS-ICMP
80,6,20,1480,20,0,0,0,DoS-HTTP
80,6,20,1480,20,0,0,0,DoS-HTTP
80,17,20,1200,0,0,0,0,DoS-UDP
80,6,20,1200,20,0,0,0,DoS-SYN-Flood
80,17,20,1200,0,0,0,0,DoS-UDP
80,17,20,1200,0,0,0,0,DoS-UDP
80,6,20,1480,20,0,0,0,DoS-HTTP
80,6,20,1480,20,0,0,0,DoS-HTTP
45176,6,2,120,2,0,0,0,PortScan
0,1,20,840,0,0,0,0,DoS-ICMP
80,17,20,1200,0,0,0,0,DoS-UDP
15917,6,5,290,5,5,0,0,SSH-Bruteforce
50135,6,10,580,10,10,0,0,SSH-Bruteforce
80,6,20,1200,20,0,0,0,DoS-SYN-Flood
80,17,20,1200,0,0,0,0,DoS-UDP
80,6,20,1480,20,0,0,0,DoS-HTTP
45447,17,20,27980,0,0,0,0,BENIGN
80,17,20,1200,0,0,0,0,DoS-UDP
443,6,3,198,0,3,0,1,BENIGN
49041,6,7,406,7,7,0,0,SSH-Bruteforce
42884,6,2,120,2,0,0,0,PortScan
39028,6,5,290,5,5,0,0,SSH-Bruteforce
0,1,20,840,0,0,0,0,DoS-ICMP
22,6,20,1200,12,0,8,0,SSH-Bruteforce
62462,6,2,120,2,0,0,0,PortScan
80,6,20,1200,20,0,0,0,DoS-SYN-Flood
80,17,20,1200,0,0,0,0,DoS-UDP
22,6,20,1200,0,0,20,0,SSH-Bruteforce
80,6,20,1480,20,0,0,0,DoS-HTTP
0,1,20,1200,0,0,0,0,DoS-ICMP
80,6,20,1200,20,0,0,0,DoS-SYN-Flood
80,6,20,1480,20,0,0,0,DoS-HTTP
80,6,20,1480,20,0,0,0,DoS-HTTP
44142,6,4,240,4,0,0,0,PortScan
80,17,20,1200,0,0,0,0,DoS-UDP
0,1,20,840,0,0,0,0,DoS-ICMP
23600,6,6,348,6,6,0,0,SSH-Bruteforce
80,6,20,1480,20,0,0,0,DoS-HTTP
80,6,20,1200,20,0,0,0,DoS-SYN-Flood
60886,6,20,29200,0,20,0,0,BENIGN
4652,6,8,464,8,8,0,0,SSH-Bruteforce
54139,6,4,240,4,0,0,0,PortScan
2138,6,4,240,4,0,0,0,PortScan
4148,6,9,522,9,9,0,0,SSH-Bruteforce
22,6,20,1200,0,0,20,0,SSH-Bruteforce
80,6,20,1200,20,0,0,0,DoS-SYN-Flood
22,6,20,1200,0,0,20,0,SSH-Bruteforce
0,1,20,840,0,0,0,0,DoS-ICMP
0,1,20,840,0,0,0,0,DoS-ICMP
80,6,20,1200,20,0,0,0,DoS-SYN-Flood
80,6,20,1480,20,0,0,0,DoS-HTTP
80,6,20,1200,20,0,0,0,DoS-SYN-Flood
80,17,20,1200,0,0,0,0,DoS-UDP
0,1,20,840,0,0,0,0,DoS-ICMP
47094,17,20,27980,0,0,0,0,BENIGN
0,1,20,840,0,0,0,0,DoS-ICMP
80,6,20,1480,20,0,0,0,DoS-HTTP
22,6,20,1200,20,0,0,0,SSH-Bruteforce
50008,6,4,240,4,0,0,0,PortScan
80,6,20,1200,20,0,0,0,DoS-SYN-Flood
80,6,20,1480,20,0,0,0,DoS-HTTP
33461,6,7,406,7,7,0,0,SSH-Bruteforce
80,6,20,1480,20,0,0,0,DoS-HTTP
32263,6,2,120,2,0,0,0,PortScan
80,6,20,1480,20,0,0,0,DoS-HTTP
80,6,20,1200,20,0,0,0,DoS-SYN-Flood
80,6,20,1200,20,0,0,0,DoS-SYN-Flood
0,1,20,1200,0,0,0,0,DoS-ICMP
80,6,20,1480,20,0,0,0,DoS-HTTP
3980,6,4,240,4,0,0,0,PortScan
12001,6,8,464,8,8,0,0,SSH-Bruteforce
0,1,20,1200,0,0,0,0,DoS-ICMP
0,1,20,1200,0,0,0,0,DoS-ICMP
80,6,20,1480,20,0,0,0,DoS-HTTP
80,6,20,1480,20,0,0,0,DoS-HTTP
54808,6,4,240,4,0,0,0,PortScan
0,1,20,1200,0,0,0,0,DoS-ICMP
80,6,20,1200,20,0,0,0,DoS-SYN-Flood
43500,6,9,522,9,9,0,0,SSH-Bruteforce
80,17,20,1200,0,0,0,0,DoS-UDP
0,1,20,1200,0,0,0,0,DoS-ICMP
12008,6,4,240,4,0,0,0,PortScan
61286,6,4,240,4,0,0,0,PortScan
80,6,20,1200,20,0,0,0,DoS-SYN-Flood
80,6,20,1480,20,0,0,0,DoS-HTTP
22,6,20,1200,11,0,9,0,SSH-Bruteforce
80,17,20,1200,0,0,0,0,DoS-UDP
80,6,20,1200,20,0,0,0,DoS-SYN-Flood
80,6,20,1480,20,0,0,0,DoS-HTTP
80,17,20,1200,0,0,0,0,DoS-UDP
80,17,20,1200,0,0,0,0,DoS-UDP
0,1,20,1200,0,0,0,0,DoS-ICMP
22,6,20,1200,20,0,0,0,SSH-Bruteforce
34489,6,4,240,4,0,0,0,PortScan
36268,17,20,27980,0,0,0,0,BENIGN
80,17,20,1200,0,0,0,0,DoS-UDP
57552,6,2,120,2,0,0,0,PortScan
36520,17,20,27980,0,0,0,0,BENIGN
80,17,20,1200,0,0,0,0,DoS-UDP
38090,6,7,406,7,7,0,0,SSH-Bruteforce
59769,17,20,27980,0,0,0,0,BENIGN
23853,6,2,120,2,0,0,0,PortScan
80,6,20,1480,20,0,0,0,DoS-HTTP
80,17,20,1200,0,0,0,0,DoS-UDP
0,1,20,840,0,0,0,0,DoS-ICMP
80,6,20,1480,20,0,0,0,DoS-HTTP
443,17,20,10769,0,0,0,0,BENIGN
80,17,20,1200,0,0,0,0,DoS-UDP
80,6,20,1200,20,0,0,0,DoS-SYN-Flood
80,17,20,1200,0,0,0,0,DoS-UDP
60886,6,20,26665,0,20,0,0,BENIGN
80,17,20,1200,0,0,0,0,DoS-UDP
80,17,20,1200,0,0,0,0,DoS-UDP
54829,17,20,27980,0,0,0,0,BENIGN
80,17,20,1200,0,0,0,0,DoS-UDP
32332,6,4,240,4,0,0,0,PortScan
10974,6,7,406,7,7,0,0,SSH-Bruteforce
20724,6,2,120,2,0,0,0,PortScan
0,1,20,1200,0,0,0,0,DoS-ICMP
80,6,20,1480,20,0,0,0,DoS-HTTP
80,6,20,1200,20,0,0,0,DoS-SYN-Flood
43237,6,2,120,2,0,0,0,PortScan
23155,6,2,120,2,0,0,0,PortScan
80,17,20,1200,0,0,0,0,DoS-UDP
80,6,20,1200,20,0,0,0,DoS-SYN-Flood
36520,17,20,27980,0,0,0,0,BENIGN
80,6,20,1480,20,0,0,0,DoS-HTTP
40935,6,4,240,4,0,0,0,PortScan
80,6,20,1480,20,0,0,0,DoS-HTTP
80,6,20,1480,20,0,0,0,DoS-HTTP
53120,6,4,240,4,0,0,0,PortScan
80,17,20,1200,0,0,0,0,DoS-UDP
80,6,20,1200,20,0,0,0,DoS-SYN-Flood
0,1,20,840,0,0,0,0,DoS-ICMP
80,17,20,1200,0,0,0,0,DoS-UDP
0,1,20,1200,0,0,0,0,DoS-ICMP
0,1,20,840,0,0,0,0,DoS-ICMP
22,6,20,1200,0,0,20,0,SSH-Bruteforce
26391,6,4,240,4,0,0,0,PortScan
80,6,20,1480,20,0,0,0,DoS-HTTP
80,17,20,1200,0,0,0,0,DoS-UDP
80,6,20,1200,20,0,0,0,DoS-SYN-Flood
22,6,20,1200,11,0,9,0,SSH-Bruteforce
0,1,20,840,0,0,0,0,DoS-ICMP
22,6,20,1200,20,0,0,0,SSH-Bruteforce
39176,6,7,406,7,7,0,0,SSH-Bruteforce
42878,6,2,120,2,0,0,0,PortScan
0,1,20,840,0,0,0,0,DoS-ICMP
80,6,20,1480,20,0,0,0,DoS-HTTP
60886,6,20,29140,0,20,0,0,BENIGN
80,6,20,1200,20,0,0,0,DoS-SYN-Flood
80,6,20,1200,20,0,0,0,DoS-SYN-Flood
18625,6,7,406,7,7,0,0,SSH-Bruteforce
22,6,20,1200,20,0,0,0,SSH-Bruteforce
50867,6,8,464,8,8,0,0,SSH-Bruteforce
80,6,20,1480,20,0,0,0,DoS-HTTP
0,1,20,840,0,0,0,0,DoS-ICMP
80,6,20,1480,20,0,0,0,DoS-HTTP
0,1,20,1200,0,0,0,0,DoS-ICMP
80,17,20,1200,0,0,0,0,DoS-UDP
443,17,20,5751,0,0,0,0,BENIGN
0,1,20,1200,0,0,0,0,DoS-ICMP
80,17,20,1200,0,0,0,0,DoS-UDP
80,6,20,1200,20,0,0,0,DoS-SYN-Flood
80,6,20,1200,20,0,0,0,DoS-SYN-Flood
80,17,20,1200,0,0,0,0,DoS-UDP
80,6,20,1200,20,0,0,0,DoS-SYN-Flood
80,6,20,1200,20,0,0,0,DoS-SYN-Flood
0,1,20,1200,0,0,0,0,DoS-ICMP
0,1,20,1200,0,0,0,0,DoS-ICMP
80,6,20,1480,20,0,0,0,DoS-HTTP
80,6,20,1480,20,0,0,0,DoS-HTTP
45808,6,9,522,9,9,0,0,SSH-Bruteforce
80,17,20,1200,0,0,0,0,DoS-UDP
80,17,20,1200,0,0,0,0,DoS-UDP
80,6,20,1480,20,0,0,0,DoS-HTTP
33240,6,20,29260,0,20,0,0,BENIGN
9483,6,8,464,8,8,0,0,SSH-Bruteforce
58646,6,2,120,2,0,0,0,PortScan
0,1,20,840,0,0,0,0,DoS-ICMP
47392,6,2,120,2,0,0,0,PortScan
63852,6,2,120,2,0,0,0,PortScan
80,6,20,1480,20,0,0,0,DoS-HTTP
80,17,20,1200,0,0,0,0,DoS-UDP
8539,6,6,348,6,6,0,0,SSH-Bruteforce
80,6,20,1200,20,0,0,0,DoS-SYN-Flood
80,17,20,1200,0,0,0,0,DoS-UDP
0,1,20,840,0,0,0,0,DoS-ICMP
80,6,20,1480,20,0,0,0,DoS-HTTP
40718,6,8,464,8,8,0,0,SSH-Bruteforce
0,1,20,1200,0,0,0,0,DoS-ICMP
0,1,20,840,0,0,0,0,DoS-ICMP
80,6,20,1480,20,0,0,0,DoS-HTTP
443,17,20,21599,0,0,0,0,BENIGN
11128,6,6,360,6,0,0,0,PortScan
1413,6,4,240,4,0,0,0,PortScan
41129,6,2,120,2,0,0,0,PortScan
80,17,20,1200,0,0,0,0,DoS-UDP
24705,6,4,240,4,0,0,0,PortScan
37801,6,2,120,2,0,0,0,PortScan
0,1,20,840,0,0,0,0,DoS-ICMP
80,17,20,1200,0,0,0,0,DoS-UDP
80,6,20,1480,20,0,0,0,DoS-HTTP
22,6,20,1200,20,0,0,0,SSH-Bruteforce
21330,6,10,580,10,10,0,0,SSH-Bruteforce
14280,6,4,240,4,0,0,0,PortScan
41308,17,20,27980,0,0,0,0,BENIGN
22,6,20,1200,1,0,19,0,SSH-Bruteforce
80,6,20,1480,20,0,0,0,DoS-HTTP
80,6,20,1480,20,0,0,0,DoS-HTTP
80,17,20,1200,0,0,0,0,DoS-UDP
35745,6,2,120,2,0,0,0,PortScan
80,17,20,1200,0,0,0,0,DoS-UDP
80,6,20,1200,20,0,0,0,DoS-SYN-Flood
22,6,20,1200,20,0,0,0,SSH-Bruteforce
0,1,20,1200,0,0,0,0,DoS-ICMP
50754,6,2,120,2,0,0,0,PortScan
80,6,20,1200,20,0,0,0,DoS-SYN-Flood
80,17,20,1200,0,0,0,0,DoS-UDP
0,1,20,1200,0,0,0,0,DoS-ICMP
80,17,20,1200,0,0,0,0,DoS-UDP
22,6,20,1200,4,0,16,0,SSH-Bruteforce
58574,6,9,522,9,9,0,0,SSH-Bruteforce
80,6,20,1480,20,0,0,0,DoS-HTTP
3302,6,4,240,4,0,0,0,PortScan
80,6,20,1200,20,0,0,0,DoS-SYN-Flood
443,17,20,1502,0,0,0,0,BENIGN
80,6,20,1480,20,0,0,0,DoS-HTTP
80,17,20,1200,0,0,0,0,DoS-UDP
0,1,20,840,0,0,0,0,DoS-ICMP
80,6,20,1480,20,0,0,0,DoS-HTTP
80,6,20,1480,20,0,0,0,DoS-HTTP
0,1,20,1200,0,0,0,0,DoS-ICMP
80,17,20,1200,0,0,0,0,DoS-UDP
0,1,20,1200,0,0,0,0,DoS-ICMP
11977,6,6,360,6,0,0,0,PortScan
80,6,20,1200,20,0,0,0,DoS-SYN-Flood
48323,6,2,120,2,0,0,0,PortScan
0,1,20,840,0,0,0,0,DoS-ICMP
0,1,20,1200,0,0,0,0,DoS-ICMP
80,6,20,1480,20,0,0,0,DoS-HTTP
80,17,20,1200,0,0,0,0,DoS-UDP
0,1,20,1200,0,0,0,0,DoS-ICMP
80,6,20,1480,20,0,0,0,DoS-HTTP
80,6,20,1480,20,0,0,0,DoS-HTTP
80,6,20,1480,20,0,0,0,DoS-HTTP
0,1,20,1200,0,0,0,0,DoS-ICMP
80,6,20,1200,20,0,0,0,DoS-SYN-Flood
56634,6,4,240,4,0,0,0,PortScan
8120,6,10,580,10,10,0,0,SSH-Bruteforce
80,6,20,1200,20,0,0,0,DoS-SYN-Flood
80,6,20,1200,20,0,0,0,DoS-SYN-Flood
80,6,20,1200,20,0,0,0,DoS-SYN-Flood
0,1,20,840,0,0,0,0,DoS-ICMP
0,1,20,840,0,0,0,0,DoS-ICMP
0,1,20,840,0,0,0,0,DoS-ICMP
22,6,20,1200,9,0,11,0,SSH-Bruteforce
29049,6,4,232,4,4,0,0,SSH-Bruteforce
0,1,20,840,0,0,0,0,DoS-ICMP
80,6,20,1200,20,0,0,0,DoS-SYN-Flood
36028,6,2,120,2,0,0,0,PortScan
0,1,20,840,0,0,0,0,DoS-ICMP
80,6,20,1200,20,0,0,0,DoS-SYN-Flood
0,1,20,1200,0,0,0,0,DoS-ICMP
22,6,20,1200,18,0,2,0,SSH-Bruteforce
80,17,20,1200,0,0,0,0,DoS-UDP
80,6,20,1480,20,0,0,0,DoS-HTTP
80,17,20,1200,0,0,0,0,DoS-UDP
14095,6,4,240,4,0,0,0,PortScan
22,6,20,1200,10,0,10,0,SSH-Bruteforce
65319,6,6,348,6,6,0,0,SSH-Bruteforce
0,1,20,840,0,0,0,0,DoS-ICMP
0,1,20,1200,0,0,0,0,DoS-ICMP
80,6,20,1480,20,0,0,0,DoS-HTTP
34355,6,10,580,10,10,0,0,SSH-Bruteforce
80,6,20,1480,20,0,0,0,DoS-HTTP
0,1,20,840,0,0,0,0,DoS-ICMP
29457,6,2,120,2,0,0,0,PortScan
80,6,20,1200,20,0,0,0,DoS-SYN-Flood
45883,6,10,580,10,10,0,0,SSH-Bruteforce
80,6,20,1480,20,0,0,0,DoS-HTTP
8401,6,4,240,4,0,0,0,PortScan
0,1,20,840,0,0,0,0,DoS-ICMP
15424,6,9,522,9,9,0,0,SSH-Bruteforce
45424,6,20,17090,0,20,0,0,BENIGN
0,1,20,840,0,0,0,0,DoS-ICMP
22,6,20,1200,20,0,0,0,SSH-Bruteforce
22,6,20,1200,20,0,0,0,SSH-Bruteforce
80,6,20,1480,20,0,0,0,DoS-HTTP
0,1,20,1200,0,0,0,0,DoS-ICMP
80,17,20,1200,0,0,0,0,DoS-UDP
80,6,20,1480,20,0,0,0,DoS-HTTP
80,6,20,1480,20,0,0,0,DoS-HTTP
7668,6,7,406,7,7,0,0,SSH-Bruteforce
80,6,20,1480,20,0,0,0,DoS-HTTP
80,6,20,1480,20,0,0,0,DoS-HTTP
36520,17,20,27980,0,0,0,0,BENIGN
43828,6,2,120,2,0,0,0,PortScan
80,17,20,1200,0,0,0,0,DoS-UDP
80,17,20,1200,0,0,0,0,DoS-UDP
0,1,20,840,0,0,0,0,DoS-ICMP
36520,17,20,27980,0,0,0,0,BENIGN
80,6,20,1480,20,0,0,0,DoS-HTTP
80,6,20,1480,20,0,0,0,DoS-HTTP
80,17,20,1200,0,0,0,0,DoS-UDP
22,6,20,1200,0,0,20,0,SSH-Bruteforce
80,6,20,1200,20,0,0,0,DoS-SYN-Flood
21182,6,4,240,4,0,0,0,PortScan
80,17,20,1200,0,0,0,0,DoS-UDP
80,6,20,1480,20,0,0,0,DoS-HTTP
0,1,20,1200,0,0,0,0,DoS-ICMP
0,1,20,1200,0,0,0,0,DoS-ICMP
0,1,20,1200,0,0,0,0,DoS-ICMP
0,1,20,840,0,0,0,0,DoS-ICMP
80,17,20,1200,0,0,0,0,DoS-UDP
80,6,20,1480,20,0,0,0,DoS-HTTP
22,6,20,1200,0,0,20,0,SSH-Bruteforce
33179,6,9,522,9,9,0,0,SSH-Bruteforce
23298,6,9,522,9,9,0,0,SSH-Bruteforce
80,6,20,1480,20,0,0,0,DoS-HTTP
0,1,20,1200,0,0,0,0,DoS-ICMP
80,6,20,1480,20,0,0,0,DoS-HTTP
80,6,20,1480,20,0,0,0,DoS-HTTP
49378,6,2,120,2,0,0,0,PortScan
80,6,20,1480,20,0,0,0,DoS-HTTP
46390,6,9,522,9,9,0,0,SSH-Bruteforce
0,1,20,840,0,0,0,0,DoS-ICMP
80,6,20,1200,20,0,0,0,DoS-SYN-Flood
0,1,20,840,0,0,0,0,DoS-ICMP
80,17,20,1200,0,0,0,0,DoS-UDP
80,6,20,1480,20,0,0,0,DoS-HTTP
39993,6,12,696,12,12,0,0,SSH-Bruteforce
25715,6,8,464,8,8,0,0,SSH-Bruteforce
35826,6,7,406,7,7,0,0,SSH-Bruteforce
80,6,20,1200,20,0,0,0,DoS-SYN-Flood
36520,17,20,27980,0,0,0,0,BENIGN
33240,6,20,29020,0,20,0,0,BENIGN
0,1,20,1200,0,0,0,0,DoS-ICMP
32126,6,10,580,10,10,0,0,SSH-Bruteforce
80,6,20,1200,20,0,0,0,DoS-SYN-Flood
0,1,20,840,0,0,0,0,DoS-ICMP
80,17,20,1200,0,0,0,0,DoS-UDP
0,1,20,840,0,0,0,0,DoS-ICMP
27612,6,9,522,9,9,0,0,SSH-Bruteforce
80,17,20,1200,0,0,0,0,DoS-UDP
0,1,20,840,0,0,0,0,DoS-ICMP
80,6,20,1200,20,0,0,0,DoS-SYN-Flood
20459,6,2,120,2,0,0,0,PortScan
0,1,20,840,0,0,0,0,DoS-ICMP
80,6,20,1480,20,0,0,0,DoS-HTTP
80,6,20,1200,20,0,0,0,DoS-SYN-Flood
9760,6,4,240,4,0,0,0,PortScan
0,1,20,1200,0,0,0,0,DoS-ICMP
0,1,20,840,0,0,0,0,DoS-ICMP
0,1,20,1200,0,0,0,0,DoS-ICMP
39975,6,9,522,9,9,0,0,SSH-Bruteforce
80,17,20,1200,0,0,0,0,DoS-UDP
24833,6,4,240,4,0,0,0,PortScan
61948,6,4,240,4,0,0,0,PortScan
80,17,20,1200,0,0,0,0,DoS-UDP
80,17,20,1200,0,0,0,0,DoS-UDP
36379,6,2,120,2,0,0,0,PortScan
56832,6,2,120,2,0,0,0,PortScan
0,1,20,840,0,0,0,0,DoS-ICMP
80,6,20,1480,20,0,0,0,DoS-HTTP
80,6,20,1480,20,0,0,0,DoS-HTTP
22,6,20,1200,0,0,20,0,SSH-Bruteforce
53308,6,20,29140,0,20,0,0,BENIGN
32000,6,2,120,2,0,0,0,PortScan
0,1,20,840,0,0,0,0,DoS-ICMP
15880,6,4,240,4,0,0,0,PortScan
60110,6,6,348,6,6,0,0,SSH-Bruteforce
0,1,20,840,0,0,0,0,DoS-ICMP
80,6,20,1480,20,0,0,0,DoS-HTTP
80,17,20,1200,0,0,0,0,DoS-UDP
0,1,20,840,0,0,0,0,DoS-ICMP
22,6,20,1200,0,0,20,0,SSH-Bruteforce
80,6,20,1200,20,0,0,0,DoS-SYN-Flood
5448,6,6,360,6,0,0,0,PortScan
80,6,20,1480,20,0,0,0,DoS-HTTP
80,17,20,1200,0,0,0,0,DoS-UDP
80,6,20,1480,20,0,0,0,DoS-HTTP
7783,6,5,290,5,5,0,0,SSH-Bruteforce
0,1,20,840,0,0,0,0,DoS-ICMP
80,17,20,1200,0,0,0,0,DoS-UDP
22,6,20,1200,0,0,20,0,SSH-Bruteforce
80,17,20,1200,0,0,0,0,DoS-UDP
80,6,20,1480,20,0,0,0,DoS-HTTP
53258,6,20,29140,0,20,0,0,BENIGN
80,6,20,1480,20,0,0,0,DoS-HTTP
80,6,20,1200,20,0,0,0,DoS-SYN-Flood
44412,6,2,120,2,0,0,0,PortScan
0,1,20,840,0,0,0,0,DoS-ICMP
59440,6,2,120,2,0,0,0,PortScan
64545,6,2,120,2,0,0,0,PortScan
80,6,20,1480,20,0,0,0,DoS-HTTP
80,17,20,1200,0,0,0,0,DoS-UDP
3589,6,4,240,4,0,0,0,PortScan
80,17,20,1200,0,0,0,0,DoS-UDP
0,1,20,1200,0,0,0,0,DoS-ICMP
22,6,20,1200,20,0,0,0,SSH-Bruteforce
42843,6,2,120,2,0,0,0,PortScan
43992,17,20,27980,0,0,0,0,BENIGN
80,17,20,1200,0,0,0,0,DoS-UDP
50307,6,2,120,2,0,0,0,PortScan
80,6,20,1480,20,0,0,0,DoS-HTTP
0,1,20,1200,0,0,0,0,DoS-ICMP
20300,6,4,240,4,0,0,0,PortScan
80,6,20,1480,20,0,0,0,DoS-HTTP
80,6,20,1200,20,0,0,0,DoS-SYN-Flood
80,6,20,1200,20,0,0,0,DoS-SYN-Flood
0,1,20,1200,0,0,0,0,DoS-ICMP
23264,6,2,120,2,0,0,0,PortScan
36520,17,20,27980,0,0,0,0,BENIGN
16330,6,4,240,4,0,0,0,PortScan
57704,6,7,406,7,7,0,0,SSH-Bruteforce
0,1,20,840,0,0,0,0,DoS-ICMP
0,1,20,840,0,0,0,0,DoS-ICMP
80,6,20,1200,20,0,0,0,DoS-SYN-Flood
2118,6,5,290,5,5,0,0,SSH-Bruteforce
0,1,20,840,0,0,0,0,DoS-ICMP
80,6,20,1480,20,0,0,0,DoS-HTTP
22,6,20,1200,20,0,0,0,SSH-Bruteforce
58978,6,8,464,8,8,0,0,SSH-Bruteforce
443,17,20,19869,0,0,0,0,BENIGN
80,17,20,1200,0,0,0,0,DoS-UDP
24172,6,4,240,4,0,0,0,PortScan
443,6,20,3126,1,19,0,0,BENIGN
80,6,20,1480,20,0,0,0,DoS-HTTP
80,6,20,1480,20,0,0,0,DoS-HTTP
80,17,20,1200,0,0,0,0,DoS-UDP
0,1,20,840,0,0,0,0,DoS-ICMP
45424,6,20,22269,0,20,0,0,BENIGN
80,17,20,1200,0,0,0,0,DoS-UDP
80,6,20,1480,20,0,0,0,DoS-HTTP
80,17,20,1200,0,0,0,0,DoS-UDP
80,6,20,1480,20,0,0,0,DoS-HTTP
80,17,20,1200,0,0,0,0,DoS-UDP
80,17,20,1200,0,0,0,0,DoS-UDP
80,6,20,1200,20,0,0,0,DoS-SYN-Flood
80,6,20,1200,20,0,0,0,DoS-SYN-Flood
22,6,20,1200,18,0,2,0,SSH-Bruteforce
80,6,20,1480,20,0,0,0,DoS-HTTP
80,6,20,1480,20,0,0,0,DoS-HTTP
80,6,20,1200,20,0,0,0,DoS-SYN-Flood
80,6,20,1480,20,0,0,0,DoS-HTTP
443,17,20,2721,0,0,0,0,BENIGN
36520,17,20,27980,0,0,0,0,BENIGN
16940,6,2,120,2,0,0,0,PortScan
80,6,20,1480,20,0,0,0,DoS-HTTP
80,6,20,1480,20,0,0,0,DoS-HTTP
27848,6,7,406,7,7,0,0,SSH-Bruteforce
0,1,20,840,0,0,0,0,DoS-ICMP
80,6,20,1480,20,0,0,0,DoS-HTTP
22,6,20,1200,14,0,6,0,SSH-Bruteforce
0,1,20,1200,0,0,0,0,DoS-ICMP
33240,6,20,28900,0,20,0,0,BENIGN
80,6,20,1480,20,0,0,0,DoS-HTTP
80,6,20,1480,20,0,0,0,DoS-HTTP
80,6,20,1480,20,0,0,0,DoS-HTTP
0,1,20,840,0,0,0,0,DoS-ICMP
80,6,20,1200,20,0,0,0,DoS-SYN-Flood
80,6,20,1480,20,0,0,0,DoS-HTTP
80,6,20,1480,20,0,0,0,DoS-HTTP
80,17,20,1200,0,0,0,0,DoS-UDP
80,17,20,1200,0,0,0,0,DoS-UDP
0,1,20,840,0,0,0,0,DoS-ICMP
80,6,20,1480,20,0,0,0,DoS-HTTP
45690,6,7,406,7,7,0,0,SSH-Bruteforce
80,17,20,1200,0,0,0,0,DoS-UDP
80,17,20,1200,0,0,0,0,DoS-UDP
59251,6,2,120,2,0,0,0,PortScan
0,1,20,1200,0,0,0,0,DoS-ICMP
80,6,20,1200,20,0,0,0,DoS-SYN-Flood
12105,6,7,406,7,7,0,0,SSH-Bruteforce
3712,6,4,240,4,0,0,0,PortScan
33240,6,20,28900,0,20,0,0,BENIGN
4661,6,4,240,4,0,0,0,PortScan
0,1,20,840,0,0,0,0,DoS-ICMP
0,1,20,840,0,0,0,0,DoS-ICMP
29683,6,2,120,2,0,0,0,PortScan
4341,6,8,464,8,8,0,0,SSH-Bruteforce
33240,6,20,28960,0,20,0,0,BENIGN
80,17,20,1200,0,0,0,0,DoS-UDP
80,6,20,1200,20,0,0,0,DoS-SYN-Flood
80,6,20,1200,20,0,0,0,DoS-SYN-Flood
0,1,20,1200,0,0,0,0,DoS-ICMP
0,1,20,840,0,0,0,0,DoS-ICMP
80,17,20,1200,0,0,0,0,DoS-UDP
0,1,20,840,0,0,0,0,DoS-ICMP
38696,6,2,120,2,0,0,0,PortScan
80,6,20,1480,20,0,0,0,DoS-HTTP
36520,17,20,27980,0,0,0,0,BENIGN
22,6,20,1200,2,0,18,0,SSH-Bruteforce
49593,6,2,120,2,0,0,0,PortScan
3502,6,4,240,4,0,0,0,PortScan
0,1,20,1200,0,0,0,0,DoS-ICMP
36520,17,20,26904,0,0,0,0,BENIGN
22,6,20,1200,20,0,0,0,SSH-Bruteforce
80,6,20,1480,20,0,0,0,DoS-HTTP
60886,6,20,26220,0,20,0,0,BENIGN
80,17,20,1200,0,0,0,0,DoS-UDP
80,17,20,1200,0,0,0,0,DoS-UDP
53340,6,7,406,7,7,0,0,SSH-Bruteforce
80,17,20,1200,0,0,0,0,DoS-UDP
80,17,20,1200,0,0,0,0,DoS-UDP
80,6,20,1480,20,0,0,0,DoS-HTTP
80,6,20,1480,20,0,0,0,DoS-HTTP
80,6,20,1200,20,0,0,0,DoS-SYN-Flood
80,17,20,1200,0,0,0,0,DoS-UDP
26343,6,7,406,7,7,0,0,SSH-Bruteforce
80,6,20,1480,20,0,0,0,DoS-HTTP
39746,6,2,120,2,0,0,0,PortScan
80,6,20,1200,20,0,0,0,DoS-SYN-Flood
4108,6,8,464,8,8,0,0,SSH-Bruteforce
80,6,20,1480,20,0,0,0,DoS-HTTP
80,6,20,1480,20,0,0,0,DoS-HTTP
0,1,20,840,0,0,0,0,DoS-ICMP
9008,6,4,240,4,0,0,0,PortScan
8959,6,4,240,4,0,0,0,PortScan
0,1,20,1200,0,0,0,0,DoS-ICMP
80,17,20,1200,0,0,0,0,DoS-UDP
35926,6,2,120,2,0,0,0,PortScan
80,17,20,1200,0,0,0,0,DoS-UDP
80,17,20,1200,0,0,0,0,DoS-UDP
80,6,20,1200,20,0,0,0,DoS-SYN-Flood
80,6,20,1480,20,0,0,0,DoS-HTTP
80,6,20,1200,20,0,0,0,DoS-SYN-Flood
80,6,20,1200,20,0,0,0,DoS-SYN-Flood
80,17,20,1200,0,0,0,0,DoS-UDP
80,17,20,1200,0,0,0,0,DoS-UDP
80,6,20,1200,20,0,0,0,DoS-SYN-Flood
22,6,20,1200,14,0,6,0,SSH-Bruteforce
0,1,20,1200,0,0,0,0,DoS-ICMP
80,6,20,1200,20,0,0,0,DoS-SYN-Flood
34198,6,6,348,6,6,0,0,SSH-Bruteforce
80,17,20,1200,0,0,0,0,DoS-UDP
80,6,20,1200,20,0,0,0,DoS-SYN-Flood
47038,6,11,638,11,11,0,0,SSH-Bruteforce
80,6,20,1200,20,0,0,0,DoS-SYN-Flood
0,1,20,1200,0,0,0,0,DoS-ICMP
14205,6,6,360,6,0,0,0,PortScan
0,1,20,840,0,0,0,0,DoS-ICMP
0,1,20,1200,0,0,0,0,DoS-ICMP
80,6,20,1480,20,0,0,0,DoS-HTTP
64463,6,5,290,5,5,0,0,SSH-Bruteforce
4684,6,7,406,7,7,0,0,SSH-Bruteforce
80,6,20,1200,20,0,0,0,DoS-SYN-Flood
26437,6,2,120,2,0,0,0,PortScan
80,6,20,1480,20,0,0,0,DoS-HTTP
0,1,20,840,0,0,0,0,DoS-ICMP
0,1,20,840,0,0,0,0,DoS-ICMP
22,6,20,1200,0,0,20,0,SSH-Bruteforce
0,1,20,840,0,0,0,0,DoS-ICMP
33240,6,20,29080,0,20,0,0,BENIGN
80,6,20,1480,20,0,0,0,DoS-HTTP
80,6,20,1200,20,0,0,0,DoS-SYN-Flood
0,1,20,1200,0,0,0,0,DoS-ICMP
63012,6,3,180,3,0,0,0,PortScan
80,17,20,1200,0,0,0,0,DoS-UDP
80,6,20,1480,20,0,0,0,DoS-HTTP
80,6,20,1200,20,0,0,0,DoS-SYN-Flood
80,17,20,1200,0,0,0,0,DoS-UDP
36268,17,20,27980,0,0,0,0,BENIGN
80,6,20,1200,20,0,0,0,DoS-SYN-Flood
80,6,20,1200,20,0,0,0,DoS-SYN-Flood
80,17,20,1200,0,0,0,0,DoS-UDP
22,6,20,1200,5,0,15,0,SSH-Bruteforce
60886,6,20,28660,0,20,0,0,BENIGN
80,17,20,1200,0,0,0,0,DoS-UDP
22,6,20,1200,0,0,20,0,SSH-Bruteforce
14759,6,6,360,6,0,0,0,PortScan
80,6,20,1200,20,0,0,0,DoS-SYN-Flood
80,6,20,1480,20,0,0,0,DoS-HTTP
22,6,20,1200,20,0,0,0,SSH-Bruteforce
43535,6,2,120,2,0,0,0,PortScan
0,1,20,1200,0,0,0,0,DoS-ICMP
37705,6,9,522,9,9,0,0,SSH-Bruteforce
80,6,20,1200,20,0,0,0,DoS-SYN-Flood
80,17,20,1200,0,0,0,0,DoS-UDP
80,6,20,1200,20,0,0,0,DoS-SYN-Flood
60188,6,6,348,6,6,0,0,SSH-Bruteforce
3523,6,6,360,6,0,0,0,PortScan
22,6,20,1200,20,0,0,0,SSH-Bruteforce
48807,6,6,348,6,6,0,0,SSH-Bruteforce
80,17,20,1200,0,0,0,0,DoS-UDP
80,17,20,1200,0,0,0,0,DoS-UDP
80,6,20,1480,20,0,0,0,DoS-HTTP
23406,6,6,348,6,6,0,0,SSH-Bruteforce
60412,6,4,240,4,0,0,0,PortScan
80,6,20,1200,20,0,0,0,DoS-SYN-Flood
53308,6,20,28960,0,20,0,0,BENIGN
80,17,20,1200,0,0,0,0,DoS-UDP
11720,6,4,240,4,0,0,0,PortScan
80,17,20,1200,0,0,0,0,DoS-UDP
59291,17,2,276,0,0,0,0,BENIGN
80,6,20,1480,20,0,0,0,DoS-HTTP
22,6,20,1200,20,0,0,0,SSH-Bruteforce
26091,6,4,240,4,0,0,0,PortScan
80,17,20,1200,0,0,0,0,DoS-UDP
0,1,20,1200,0,0,0,0,DoS-ICMP
0,1,20,840,0,0,0,0,DoS-ICMP
80,17,20,1200,0,0,0,0,DoS-UDP
80,6,20,1200,20,0,0,0,DoS-SYN-Flood
80,6,20,1480,20,0,0,0,DoS-HTTP
60886,6,20,21644,0,20,0,0,BENIGN
28393,6,2,120,2,0,0,0,PortScan
0,1,20,840,0,0,0,0,DoS-ICMP
80,6,20,1200,20,0,0,0,DoS-SYN-Flood
6193,6,6,360,6,0,0,0,PortScan
24277,6,6,348,6,6,0,0,SSH-Bruteforce
10579,6,6,348,6,6,0,0,SSH-Bruteforce
39901,6,5,290,5,5,0,0,SSH-Bruteforce
44392,6,2,120,2,0,0,0,PortScan
10936,6,4,240,4,0,0,0,PortScan
80,6,20,1200,20,0,0,0,DoS-SYN-Flood
80,6,20,1480,20,0,0,0,DoS-HTTP
10571,6,8,464,8,8,0,0,SSH-Bruteforce
80,6,20,1200,20,0,0,0,DoS-SYN-Flood
0,1,20,1200,0,0,0,0,DoS-ICMP
80,6,20,1480,20,0,0,0,DoS-HTTP
80,17,20,1200,0,0,0,0,DoS-UDP
80,17,20,1200,0,0,0,0,DoS-UDP
10901,6,8,464,8,8,0,0,SSH-Bruteforce
691,6,4,240,4,0,0,0,PortScan
24147,6,6,348,6,6,0,0,SSH-Bruteforce
147,6,6,360,6,0,0,0,PortScan
22,6,20,1200,0,0,20,0,SSH-Bruteforce
80,6,20,1200,20,0,0,0,DoS-SYN-Flood
80,17,20,1200,0,0,0,0,DoS-UDP
80,6,20,1480,20,0,0,0,DoS-HTTP
80,17,20,1200,0,0,0,0,DoS-UDP
0,1,20,840,0,0,0,0,DoS-ICMP
36342,6,2,120,2,0,0,0,PortScan
80,6,20,1200,20,0,0,0,DoS-SYN-Flood
80,6,20,1200,20,0,0,0,DoS-SYN-Flood
22,6,20,1200,0,0,20,0,SSH-Bruteforce
80,6,20,1200,20,0,0,0,DoS-SYN-Flood
80,6,20,1480,20,0,0,0,DoS-HTTP
23949,6,5,290,5,5,0,0,SSH-Bruteforce
80,6,20,1480,20,0,0,0,DoS-HTTP
8794,6,6,360,6,0,0,0,PortScan
0,1,20,840,0,0,0,0,DoS-ICMP
0,1,20,1200,0,0,0,0,DoS-ICMP
35092,6,4,240,4,0,0,0,PortScan
80,6,20,1480,20,0,0,0,DoS-HTTP
23993,6,2,120,2,0,0,0,PortScan
80,6,20,1480,20,0,0,0,DoS-HTTP
0,1,20,1200,0,0,0,0,DoS-ICMP
80,17,20,1200,0,0,0,0,DoS-UDP
0,1,20,840,0,0,0,0,DoS-ICMP
80,17,20,1200,0,0,0,0,DoS-UDP
80,6,20,1200,20,0,0,0,DoS-SYN-Flood
80,17,20,1200,0,0,0,0,DoS-UDP
80,6,20,1200,20,0,0,0,DoS-SYN-Flood
80,6,20,1200,20,0,0,0,DoS-SYN-Flood
443,6,20,14170,1,19,0,0,BENIGN
80,17,20,1200,0,0,0,0,DoS-UDP
80,6,20,1480,20,0,0,0,DoS-HTTP
80,6,20,1200,20,0,0,0,DoS-SYN-Flood
19967,6,2,120,2,0,0,0,PortScan
60019,6,2,120,2,0,0,0,PortScan
80,17,20,1200,0,0,0,0,DoS-UDP
63850,6,4,240,4,0,0,0,PortScan
80,17,20,1200,0,0,0,0,DoS-UDP
0,1,20,1200,0,0,0,0,DoS-ICMP
80,17,20,1200,0,0,0,0,DoS-UDP
40228,17,2,314,0,0,0,0,BENIGN
80,6,20,1480,20,0,0,0,DoS-HTTP
80,17,20,1200,0,0,0,0,DoS-UDP
57564,6,2,120,2,0,0,0,PortScan
54829,17,20,24706,0,0,0,0,BENIGN
24872,6,5,290,5,5,0,0,SSH-Bruteforce
80,17,20,1200,0,0,0,0,DoS-UDP
0,1,20,840,0,0,0,0,DoS-ICMP
80,17,20,1200,0,0,0,0,DoS-UDP
80,17,20,1200,0,0,0,0,DoS-UDP
31500,6,3,180,3,0,0,0,PortScan
22,6,20,1200,20,0,0,0,SSH-Bruteforce
22,6,20,1200,20,0,0,0,SSH-Bruteforce
443,17,20,1502,0,0,0,0,BENIGN
80,17,20,1200,0,0,0,0,DoS-UDP
22,6,20,1200,0,0,20,0,SSH-Bruteforce
0,1,20,1200,0,0,0,0,DoS-ICMP
44689,6,4,240,4,0,0,0,PortScan
0,1,20,840,0,0,0,0,DoS-ICMP
80,17,20,1200,0,0,0,0,DoS-UDP
0,1,20,1200,0,0,0,0,DoS-ICMP
80,17,20,1200,0,0,0,0,DoS-UDP
80,6,20,1480,20,0,0,0,DoS-HTTP
80,17,20,1200,0,0,0,0,DoS-UDP
80,6,20,1480,20,0,0,0,DoS-HTTP
47851,6,7,406,7,7,0,0,SSH-Bruteforce
80,6,20,1200,20,0,0,0,DoS-SYN-Flood
22,6,20,1200,20,0,0,0,SSH-Bruteforce
22,6,20,1200,0,0,20,0,SSH-Bruteforce
80,17,20,1200,0,0,0,0,DoS-UDP
80,6,20,1480,20,0,0,0,DoS-HTTP
80,6,20,1480,20,0,0,0,DoS-HTTP
80,6,20,1200,20,0,0,0,DoS-SYN-Flood
13653,6,4,240,4,0,0,0,PortScan
80,6,20,1200,20,0,0,0,DoS-SYN-Flood
60886,6,20,29500,0,20,0,0,BENIGN
126,6,6,348,6,6,0,0,SSH-Bruteforce
54446,6,2,120,2,0,0,0,PortScan
80,6,20,1200,20,0,0,0,DoS-SYN-Flood
80,6,20,1480,20,0,0,0,DoS-HTTP
0,1,20,840,0,0,0,0,DoS-ICMP
22775,6,6,348,6,6,0,0,SSH-Bruteforce
80,17,20,1200,0,0,0,0,DoS-UDP
0,1,20,1200,0,0,0,0,DoS-ICMP
51695,17,2,200,0,0,0,0,BENIGN
17419,6,5,290,5,5,0,0,SSH-Bruteforce
80,6,20,1480,20,0,0,0,DoS-HTTP
0,1,20,1200,0,0,0,0,DoS-ICMP
51412,6,13,7293,1,13,0,1,BENIGN
80,6,20,1480,20,0,0,0,DoS-HTTP
0,1,20,1200,0,0,0,0,DoS-ICMP
22,6,20,1200,3,0,17,0,SSH-Bruteforce
0,1,20,840,0,0,0,0,DoS-ICMP
22,6,20,1200,0,0,20,0,SSH-Bruteforce
80,17,20,1200,0,0,0,0,DoS-UDP
80,17,20,1200,0,0,0,0,DoS-UDP
80,6,20,1480,20,0,0,0,DoS-HTTP
80,6,20,1480,20,0,0,0,DoS-HTTP
0,1,20,840,0,0,0,0,DoS-ICMP
0,1,20,840,0,0,0,0,DoS-ICMP
80,6,20,1200,20,0,0,0,DoS-SYN-Flood
22,6,20,1200,16,0,4,0,SSH-Bruteforce
0,1,20,1200,0,0,0,0,DoS-ICMP
22,6,20,1200,0,0,20,0,SSH-Bruteforce
0,1,20,1200,0,0,0,0,DoS-ICMP
52132,6,2,120,2,0,0,0,PortScan
0,1,20,840,0,0,0,0,DoS-ICMP
23659,6,2,120,2,0,0,0,PortScan
7821,6,4,240,4,0,0,0,PortScan
80,17,20,1200,0,0,0,0,DoS-UDP
58877,6,2,120,2,0,0,0,PortScan
0,1,20,840,0,0,0,0,DoS-ICMP
19325,6,2,120,2,0,0,0,PortScan
0,1,20,1200,0,0,0,0,DoS-ICMP
0,1,20,840,0,0,0,0,DoS-ICMP
80,6,20,1480,20,0,0,0,DoS-HTTP
80,6,20,1480,20,0,0,0,DoS-HTTP
0,1,20,840,0,0,0,0,DoS-ICMP
80,6,20,1200,20,0,0,0,DoS-SYN-Flood
80,6,20,1200,20,0,0,0,DoS-SYN-Flood
19437,6,9,522,9,9,0,0,SSH-Bruteforce
0,1,20,1200,0,0,0,0,DoS-ICMP
80,6,20,1200,20,0,0,0,DoS-SYN-Flood
52116,6,4,240,4,0,0,0,PortScan
80,6,20,1200,20,0,0,0,DoS-SYN-Flood
80,6,20,1200,20,0,0,0,DoS-SYN-Flood
0,1,20,840,0,0,0,0,DoS-ICMP
25284,6,5,290,5,5,0,0,SSH-Bruteforce
53296,6,20,29260,0,20,0,0,BENIGN
80,17,20,1200,0,0,0,0,DoS-UDP
52733,6,2,120,2,0,0,0,PortScan
0,1,20,1200,0,0,0,0,DoS-ICMP
0,1,20,1200,0,0,0,0,DoS-ICMP
80,17,20,1200,0,0,0,0,DoS-UDP
56704,6,1,54,0,1,1,0,BENIGN
22,6,20,1200,10,0,10,0,SSH-Bruteforce
80,6,20,1480,20,0,0,0,DoS-HTTP
80,6,20,1200,20,0,0,0,DoS-SYN-Flood
27699,6,4,240,4,0,0,0,PortScan
36098,6,9,522,9,9,0,0,SSH-Bruteforce
80,6,20,1200,20,0,0,0,DoS-SYN-Flood
10499,6,4,240,4,0,0,0,PortScan
8741,6,4,240,4,0,0,0,PortScan
20609,6,8,464,8,8,0,0,SSH-Bruteforce
80,6,20,1480,20,0,0,0,DoS-HTTP
16638,6,2,120,2,0,0,0,PortScan
34876,6,2,120,2,0,0,0,PortScan
443,6,20,2311,0,20,0,0,BENIGN
20814,6,4,240,4,0,0,0,PortScan
80,17,20,1200,0,0,0,0,DoS-UDP
0,1,20,840,0,0,0,0,DoS-ICMP
20698,6,10,580,10,10,0,0,SSH-Bruteforce
80,17,20,1200,0,0,0,0,DoS-UDP
36520,17,20,27980,0,0,0,0,BENIGN
2659,6,6,360,6,0,0,0,PortScan
80,6,20,1480,20,0,0,0,DoS-HTTP
0,1,20,840,0,0,0,0,DoS-ICMP
4483,6,4,240,4,0,0,0,PortScan
36266,6,4,240,4,0,0,0,PortScan
0,1,20,1200,0,0,0,0,DoS-ICMP
80,6,20,1200,20,0,0,0,DoS-SYN-Flood
80,17,20,1200,0,0,0,0,DoS-UDP
0,1,20,1200,0,0,0,0,DoS-ICMP
64399,6,4,240,4,0,0,0,PortScan
28674,6,4,240,4,0,0,0,PortScan
80,6,20,1480,20,0,0,0,DoS-HTTP
80,6,20,1480,20,0,0,0,DoS-HTTP
0,1,20,840,0,0,0,0,DoS-ICMP
80,17,20,1200,0,0,0,0,DoS-UDP
0,1,20,840,0,0,0,0,DoS-ICMP
80,6,20,1480,20,0,0,0,DoS-HTTP
22,6,20,1200,5,0,15,0,SSH-Bruteforce
22,6,20,1200,4,0,16,0,SSH-Bruteforce
64010,6,5,290,5,5,0,0,SSH-Bruteforce
80,6,20,1480,20,0,0,0,DoS-HTTP
0,1,20,840,0,0,0,0,DoS-ICMP
22007,6,2,120,2,0,0,0,PortScan
30645,6,9,522,9,9,0,0,SSH-Bruteforce
0,1,20,840,0,0,0,0,DoS-ICMP
26555,6,2,120,2,0,0,0,PortScan
17279,6,7,406,7,7,0,0,SSH-Bruteforce
0,1,20,840,0,0,0,0,DoS-ICMP
22,6,20,1200,0,0,20,0,SSH-Bruteforce
443,6,4,258,0,4,0,1,BENIGN
80,6,20,1200,20,0,0,0,DoS-SYN-Flood
80,6,20,1200,20,0,0,0,DoS-SYN-Flood
80,6,20,1200,20,0,0,0,DoS-SYN-Flood
22,6,20,1200,3,0,17,0,SSH-Bruteforce
12596,6,8,464,8,8,0,0,SSH-Bruteforce
80,6,20,1200,20,0,0,0,DoS-SYN-Flood
80,6,20,1200,20,0,0,0,DoS-SYN-Flood
80,6,20,1480,20,0,0,0,DoS-HTTP
80,6,20,1200,20,0,0,0,DoS-SYN-Flood
80,6,20,1480,20,0,0,0,DoS-HTTP
80,6,20,1480,20,0,0,0,DoS-HTTP
25493,6,4,240,4,0,0,0,PortScan
2548,6,4,240,4,0,0,0,PortScan
80,6,20,1480,20,0,0,0,DoS-HTTP
80,17,20,1200,0,0,0,0,DoS-UDP
80,6,20,1200,20,0,0,0,DoS-SYN-Flood
22,6,20,1200,19,0,1,0,SSH-Bruteforce
59094,6,2,120,2,0,0,0,PortScan
0,1,20,1200,0,0,0,0,DoS-ICMP
80,6,20,1200,20,0,0,0,DoS-SYN-Flood
0,1,20,1200,0,0,0,0,DoS-ICMP
50642,6,9,1390,1,9,0,0,BENIGN
0,1,20,1200,0,0,0,0,DoS-ICMP
0,1,20,840,0,0,0,0,DoS-ICMP
62499,6,6,348,6,6,0,0,SSH-Bruteforce
80,6,20,1480,20,0,0,0,DoS-HTTP
0,1,20,1200,0,0,0,0,DoS-ICMP
80,6,20,1480,20,0,0,0,DoS-HTTP
80,17,20,1200,0,0,0,0,DoS-UDP
80,17,20,1200,0,0,0,0,DoS-UDP
80,6,20,1200,20,0,0,0,DoS-SYN-Flood
18990,6,6,348,6,6,0,0,SSH-Bruteforce
30308,6,7,406,7,7,0,0,SSH-Bruteforce
80,6,20,1480,20,0,0,0,DoS-HTTP
0,1,20,840,0,0,0,0,DoS-ICMP
80,6,20,1200,20,0,0,0,DoS-SYN-Flood
80,6,20,1200,20,0,0,0,DoS-SYN-Flood
36520,17,20,27980,0,0,0,0,BENIGN
80,6,20,1480,20,0,0,0,DoS-HTTP
80,6,20,1480,20,0,0,0,DoS-HTTP
24209,6,4,240,4,0,0,0,PortScan
0,1,20,840,0,0,0,0,DoS-ICMP
49362,6,4,240,4,0,0,0,PortScan
0,1,20,1200,0,0,0,0,DoS-ICMP
80,6,20,1200,20,0,0,0,DoS-SYN-Flood
80,17,20,1200,0,0,0,0,DoS-UDP
80,6,20,1480,20,0,0,0,DoS-HTTP
80,6,20,1480,20,0,0,0,DoS-HTTP
62281,6,4,240,4,0,0,0,PortScan
0,1,20,1200,0,0,0,0,DoS-ICMP
80,6,20,1480,20,0,0,0,DoS-HTTP
80,6,20,1480,20,0,0,0,DoS-HTTP
80,6,20,1200,20,0,0,0,DoS-SYN-Flood
55083,6,2,120,2,0,0,0,PortScan
80,17,20,1200,0,0,0,0,DoS-UDP
80,6,20,1480,20,0,0,0,DoS-HTTP
0,1,20,840,0,0,0,0,DoS-ICMP
38990,6,2,120,2,0,0,0,PortScan
42440,17,20,27980,0,0,0,0,BENIGN
22,6,20,1200,20,0,0,0,SSH-Bruteforce
443,6,15,2283,1,14,0,0,BENIGN
80,6,20,1200,20,0,0,0,DoS-SYN-Flood
3296,6,8,464,8,8,0,0,SSH-Bruteforce
0,1,20,1200,0,0,0,0,DoS-ICMP
80,6,20,1200,20,0,0,0,DoS-SYN-Flood
80,6,20,1200,20,0,0,0,DoS-SYN-Flood
80,17,20,1200,0,0,0,0,DoS-UDP
0,1,20,840,0,0,0,0,DoS-ICMP
80,17,20,1200,0,0,0,0,DoS-UDP
0,1,20,840,0,0,0,0,DoS-ICMP
80,6,20,1200,20,0,0,0,DoS-SYN-Flood
0,1,20,840,0,0,0,0,DoS-ICMP
80,6,20,1200,20,0,0,0,DoS-SYN-Flood
80,6,20,1200,20,0,0,0,DoS-SYN-Flood
80,17,20,1200,0,0,0,0,DoS-UDP
80,6,20,1480,20,0,0,0,DoS-HTTP
33240,6,20,29080,0,20,0,0,BENIGN
80,6,20,1200,20,0,0,0,DoS-SYN-Flood
0,1,20,1200,0,0,0,0,DoS-ICMP
80,6,20,1480,20,0,0,0,DoS-HTTP
0,1,20,840,0,0,0,0,DoS-ICMP
80,17,20,1200,0,0,0,0,DoS-UDP
80,6,20,1480,20,0,0,0,DoS-HTTP
80,17,20,1200,0,0,0,0,DoS-UDP
31707,6,2,120,2,0,0,0,PortScan
80,6,20,1480,20,0,0,0,DoS-HTTP
22,6,20,1200,0,0,20,0,SSH-Bruteforce
22,6,20,1200,0,0,20,0,SSH-Bruteforce
0,1,20,1200,0,0,0,0,DoS-ICMP
80,17,20,1200,0,0,0,0,DoS-UDP
22,6,20,1200,8,0,12,0,SSH-Bruteforce
0,1,20,1200,0,0,0,0,DoS-ICMP
28607,6,2,120,2,0,0,0,PortScan
0,1,20,840,0,0,0,0,DoS-ICMP
80,6,20,1480,20,0,0,0,DoS-HTTP
80,6,20,1200,20,0,0,0,DoS-SYN-Flood
22,6,20,1200,20,0,0,0,SSH-Bruteforce
80,17,20,1200,0,0,0,0,DoS-UDP
80,6,20,1200,20,0,0,0,DoS-SYN-Flood
80,17,20,1200,0,0,0,0,DoS-UDP
34076,6,2,120,2,0,0,0,PortScan
36212,6,2,120,2,0,0,0,PortScan
40472,6,2,120,2,0,0,0,PortScan
80,6,20,1480,20,0,0,0,DoS-HTTP
21616,6,8,464,8,8,0,0,SSH-Bruteforce
80,17,20,1200,0,0,0,0,DoS-UDP
80,17,20,1200,0,0,0,0,DoS-UDP
53278,6,20,29200,0,20,0,0,BENIGN
80,6,20,1200,20,0,0,0,DoS-SYN-Flood
80,6,20,1480,20,0,0,0,DoS-HTTP
80,17,20,1200,0,0,0,0,DoS-UDP
44986,6,2,120,2,0,0,0,PortScan
80,6,20,1480,20,0,0,0,DoS-HTTP
80,17,20,1200,0,0,0,0,DoS-UDP
54129,6,2,120,2,0,0,0,PortScan
0,1,20,840,0,0,0,0,DoS-ICMP
0,1,20,1200,0,0,0,0,DoS-ICMP
80,6,20,1200,20,0,0,0,DoS-SYN-Flood
39355,6,5,290,5,5,0,0,SSH-Bruteforce
22,6,20,1200,20,0,0,0,SSH-Bruteforce
80,6,20,1480,20,0,0,0,DoS-HTTP
80,6,20,1200,20,0,0,0,DoS-SYN-Flood
56575,6,6,348,6,6,0,0,SSH-Bruteforce
80,6,20,1200,20,0,0,0,DoS-SYN-Flood
80,17,20,1200,0,0,0,0,DoS-UDP
80,6,20,1480,20,0,0,0,DoS-HTTP
80,6,20,1480,20,0,0,0,DoS-HTTP
80,6,20,1480,20,0,0,0,DoS-HTTP
80,6,20,1200,20,0,0,0,DoS-SYN-Flood
28196,6,9,522,9,9,0,0,SSH-Bruteforce
29781,6,2,120,2,0,0,0,PortScan
80,17,20,1200,0,0,0,0,DoS-UDP
443,17,20,6800,0,0,0,0,BENIGN
80,6,20,1200,20,0,0,0,DoS-SYN-Flood
80,17,20,1200,0,0,0,0,DoS-UDP
80,6,20,1200,20,0,0,0,DoS-SYN-Flood
22,6,20,1200,16,0,4,0,SSH-Bruteforce
22288,6,2,120,2,0,0,0,PortScan
0,1,20,1200,0,0,0,0,DoS-ICMP
80,17,20,1200,0,0,0,0,DoS-UDP
80,17,20,1200,0,0,0,0,DoS-UDP
443,17,20,6816,0,0,0,0,BENIGN
49993,6,10,580,10,10,0,0,SSH-Bruteforce
38577,6,8,464,8,8,0,0,SSH-Bruteforce
80,17,20,1200,0,0,0,0,DoS-UDP
15061,6,6,348,6,6,0,0,SSH-Bruteforce
80,17,20,1200,0,0,0,0,DoS-UDP
80,6,20,1480,20,0,0,0,DoS-HTTP
80,6,20,1480,20,0,0,0,DoS-HTTP
80,6,20,1480,20,0,0,0,DoS-HTTP
80,6,20,1200,20,0,0,0,DoS-SYN-Flood
80,6,20,1200,20,0,0,0,DoS-SYN-Flood
60665,6,2,120,2,0,0,0,PortScan
80,17,20,1200,0,0,0,0,DoS-UDP
80,6,20,1480,20,0,0,0,DoS-HTTP
80,6,20,1480,20,0,0,0,DoS-HTTP
22,6,20,1200,20,0,0,0,SSH-Bruteforce
80,6,20,1480,20,0,0,0,DoS-HTTP
80,6,20,1200,20,0,0,0,DoS-SYN-Flood
12089,6,6,360,6,0,0,0,PortScan
59208,6,2,120,2,0,0,0,PortScan
80,6,20,1480,20,0,0,0,DoS-HTTP
39317,6,7,406,7,7,0,0,SSH-Bruteforce
80,6,20,1200,20,0,0,0,DoS-SYN-Flood
80,6,20,1480,20,0,0,0,DoS-HTTP
80,6,20,1480,20,0,0,0,DoS-HTTP
0,1,20,840,0,0,0,0,DoS-ICMP
35854,6,20,28840,0,20,0,0,BENIGN
80,17,20,1200,0,0,0,0,DoS-UDP
80,6,20,1200,20,0,0,0,DoS-SYN-Flood
58967,6,9,522,9,9,0,0,SSH-Bruteforce
4853,6,4,240,4,0,0,0,PortScan
80,6,20,1200,20,0,0,0,DoS-SYN-Flood
80,6,20,1480,20,0,0,0,DoS-HTTP
80,17,20,1200,0,0,0,0,DoS-UDP
80,6,20,1200,20,0,0,0,DoS-SYN-Flood
0,1,20,840,0,0,0,0,DoS-ICMP
80,17,20,1200,0,0,0,0,DoS-UDP
22,6,20,1200,17,0,3,0,SSH-Bruteforce
80,6,20,1200,20,0,0,0,DoS-SYN-Flood
48220,6,4,240,4,0,0,0,PortScan
0,1,20,1200,0,0,0,0,DoS-ICMP
39904,6,2,120,2,0,0,0,PortScan
60408,6,8,464,8,8,0,0,SSH-Bruteforce
64502,6,4,240,4,0,0,0,PortScan
80,17,20,1200,0,0,0,0,DoS-UDP
47821,6,2,120,2,0,0,0,PortScan
80,6,20,1480,20,0,0,0,DoS-HTTP
80,6,20,1480,20,0,0,0,DoS-HTTP
80,6,20,1200,20,0,0,0,DoS-SYN-Flood
80,17,20,1200,0,0,0,0,DoS-UDP
49056,6,2,120,2,0,0,0,PortScan
0,1,20,1200,0,0,0,0,DoS-ICMP
80,6,20,1200,20,0,0,0,DoS-SYN-Flood
1810,6,6,348,6,6,0,0,SSH-Bruteforce
80,17,20,1200,0,0,0,0,DoS-UDP
33240,6,20,29080,0,20,0,0,BENIGN
22,6,20,1200,20,0,0,0,SSH-Bruteforce
0,1,20,1200,0,0,0,0,DoS-ICMP
33240,6,20,29080,0,20,0,0,BENIGN
80,17,20,1200,0,0,0,0,DoS-UDP
12032,6,4,240,4,0,0,0,PortScan
80,6,20,1200,20,0,0,0,DoS-SYN-Flood
0,1,20,1200,0,0,0,0,DoS-ICMP
60886,6,20,29080,0,20,0,0,BENIGN
80,6,20,1480,20,0,0,0,DoS-HTTP
63862,6,2,120,2,0,0,0,PortScan
40087,6,2,120,2,0,0,0,PortScan
80,17,20,1200,0,0,0,0,DoS-UDP
80,17,20,1200,0,0,0,0,DoS-UDP
64360,6,5,290,5,5,0,0,SSH-Bruteforce
80,17,20,1200,0,0,0,0,DoS-UDP
80,17,20,1200,0,0,0,0,DoS-UDP
52519,6,2,120,2,0,0,0,PortScan
80,6,20,1200,20,0,0,0,DoS-SYN-Flood
25727,6,7,406,7,7,0,0,SSH-Bruteforce
0,1,20,840,0,0,0,0,DoS-ICMP
18295,6,4,240,4,0,0,0,PortScan
6173,6,4,240,4,0,0,0,PortScan
44920,6,8,464,8,8,0,0,SSH-Bruteforce
80,17,20,1200,0,0,0,0,DoS-UDP
80,6,20,1200,20,0,0,0,DoS-SYN-Flood
28248,6,4,240,4,0,0,0,PortScan
80,17,20,1200,0,0,0,0,DoS-UDP
443,17,20,4614,0,0,0,0,BENIGN
80,6,20,1200,20,0,0,0,DoS-SYN-Flood
59804,6,20,13849,0,20,0,0,BENIGN
80,6,20,1200,20,0,0,0,DoS-SYN-Flood
25486,6,2,120,2,0,0,0,PortScan
0,1,20,840,0,0,0,0,DoS-ICMP
80,17,20,1200,0,0,0,0,DoS-UDP
40619,6,4,240,4,0,0,0,PortScan
35854,6,20,29080,0,20,0,0,BENIGN
0,1,20,1200,0,0,0,0,DoS-ICMP
80,17,20,1200,0,0,0,0,DoS-UDP
80,6,20,1200,20,0,0,0,DoS-SYN-Flood
35409,17,2,314,0,0,0,0,BENIGN
33240,6,20,29080,0,20,0,0,BENIGN
80,6,20,1480,20,0,0,0,DoS-HTTP
80,6,20,1480,20,0,0,0,DoS-HTTP
22,6,20,1200,20,0,0,0,SSH-Bruteforce
80,17,20,1200,0,0,0,0,DoS-UDP
80,17,20,1200,0,0,0,0,DoS-UDP
80,6,20,1480,20,0,0,0,DoS-HTTP
0,1,20,1200,0,0,0,0,DoS-ICMP
0,1,20,1200,0,0,0,0,DoS-ICMP
1367,6,5,290,5,5,0,0,SSH-Bruteforce
80,6,20,1200,20,0,0,0,DoS-SYN-Flood
80,6,20,1200,20,0,0,0,DoS-SYN-Flood
80,17,20,1200,0,0,0,0,DoS-UDP
80,17,20,1200,0,0,0,0,DoS-UDP
80,6,20,1200,20,0,0,0,DoS-SYN-Flood
80,17,20,1200,0,0,0,0,DoS-UDP
0,1,20,1200,0,0,0,0,DoS-ICMP
58521,6,6,348,6,6,0,0,SSH-Bruteforce
24646,6,2,120,2,0,0,0,PortScan
0,1,20,1200,0,0,0,0,DoS-ICMP
0,1,20,1200,0,0,0,0,DoS-ICMP
0,1,20,1200,0,0,0,0,DoS-ICMP
80,17,20,1200,0,0,0,0,DoS-UDP
80,6,20,1480,20,0,0,0,DoS-HTTP
22,6,20,1200,20,0,0,0,SSH-Bruteforce
80,6,20,1480,20,0,0,0,DoS-HTTP
5034,6,4,240,4,0,0,0,PortScan
48694,6,6,348,6,6,0,0,SSH-Bruteforce
0,1,20,1200,0,0,0,0,DoS-ICMP
80,6,20,1200,20,0,0,0,DoS-SYN-Flood
0,1,20,1200,0,0,0,0,DoS-ICMP
80,6,20,1480,20,0,0,0,DoS-HTTP
80,6,20,1200,20,0,0,0,DoS-SYN-Flood
80,6,20,1480,20,0,0,0,DoS-HTTP
47689,6,2,120,2,0,0,0,PortScan
28874,6,4,240,4,0,0,0,PortScan
36520,17,20,27980,0,0,0,0,BENIGN
80,6,20,1480,20,0,0,0,DoS-HTTP
80,6,20,1200,20,0,0,0,DoS-SYN-Flood
443,6,20,1200,0,20,0,0,BENIGN
80,6,20,1200,20,0,0,0,DoS-SYN-Flood
0,1,20,1200,0,0,0,0,DoS-ICMP
80,6,20,1480,20,0,0,0,DoS-HTTP
80,6,20,1480,20,0,0,0,DoS-HTTP
40211,6,2,120,2,0,0,0,PortScan
80,17,20,1200,0,0,0,0,DoS-UDP
80,6,20,1200,20,0,0,0,DoS-SYN-Flood
80,6,20,1200,20,0,0,0,DoS-SYN-Flood
51811,6,2,120,2,0,0,0,PortScan
0,1,20,1200,0,0,0,0,DoS-ICMP
47822,6,20,28794,0,20,0,0,BENIGN
80,6,20,1200,20,0,0,0,DoS-SYN-Flood
80,6,20,1480,20,0,0,0,DoS-HTTP
80,6,20,1200,20,0,0,0,DoS-SYN-Flood
80,6,20,1200,20,0,0,0,DoS-SYN-Flood
50912,6,2,120,2,0,0,0,PortScan
0,1,20,1200,0,0,0,0,DoS-ICMP
80,6,20,1200,20,0,0,0,DoS-SYN-Flood
80,6,20,1480,20,0,0,0,DoS-HTTP
0,1,20,1200,0,0,0,0,DoS-ICMP
80,17,20,1200,0,0,0,0,DoS-UDP
0,1,20,840,0,0,0,0,DoS-ICMP
0,1,20,1200,0,0,0,0,DoS-ICMP
0,1,20,840,0,0,0,0,DoS-ICMP
80,17,20,1200,0,0,0,0,DoS-UDP
22,6,20,1200,1,0,19,0,SSH-Bruteforce
3195,6,4,240,4,0,0,0,PortScan
45713,6,8,464,8,8,0,0,SSH-Bruteforce
80,6,20,1200,20,0,0,0,DoS-SYN-Flood
80,6,20,1200,20,0,0,0,DoS-SYN-Flood
80,17,20,1200,0,0,0,0,DoS-UDP
80,6,20,1480,20,0,0,0,DoS-HTTP
80,17,20,1200,0,0,0,0,DoS-UDP
0,1,20,1200,0,0,0,0,DoS-ICMP
0,1,20,1200,0,0,0,0,DoS-ICMP
80,6,20,1200,20,0,0,0,DoS-SYN-Flood
54540,6,4,240,4,0,0,0,PortScan
80,6,20,1200,20,0,0,0,DoS-SYN-Flood
59369,6,2,120,2,0,0,0,PortScan
80,6,20,1480,20,0,0,0,DoS-HTTP
0,1,20,1200,0,0,0,0,DoS-ICMP
80,6,20,1200,20,0,0,0,DoS-SYN-Flood
62415,6,5,290,5,5,0,0,SSH-Bruteforce
0,1,20,840,0,0,0,0,DoS-ICMP
0,1,20,1200,0,0,0,0,DoS-ICMP
42750,6,4,240,4,0,0,0,PortScan
80,6,20,1480,20,0,0,0,DoS-HTTP
56776,6,2,120,2,0,0,0,PortScan
80,6,20,1480,20,0,0,0,DoS-HTTP
80,17,20,1200,0,0,0,0,DoS-UDP
54829,17,20,27980,0,0,0,0,BENIGN
80,6,20,1480,20,0,0,0,DoS-HTTP
0,1,20,1200,0,0,0,0,DoS-ICMP
51767,17,3,1375,0,0,0,0,BENIGN
30137,6,2,120,2,0,0,0,PortScan
0,1,20,1200,0,0,0,0,DoS-ICMP
0,1,20,1200,0,0,0,0,DoS-ICMP
47997,6,2,120,2,0,0,0,PortScan
44185,6,7,406,7,7,0,0,SSH-Bruteforce
80,17,20,1200,0,0,0,0,DoS-UDP
45507,6,7,406,7,7,0,0,SSH-Bruteforce
80,17,20,1200,0,0,0,0,DoS-UDP
0,1,20,840,0,0,0,0,DoS-ICMP
80,6,20,1200,20,0,0,0,DoS-SYN-Flood
80,6,20,1200,20,0,0,0,DoS-SYN-Flood
80,6,20,1480,20,0,0,0,DoS-HTTP
80,6,20,1480,20,0,0,0,DoS-HTTP
80,17,20,1200,0,0,0,0,DoS-UDP
80,17,20,1200,0,0,0,0,DoS-UDP
64141,6,2,120,2,0,0,0,PortScan
45424,6,20,3028,0,20,0,0,BENIGN
41399,6,2,120,2,0,0,0,PortScan
80,6,20,1200,20,0,0,0,DoS-SYN-Flood
0,1,20,840,0,0,0,0,DoS-ICMP
22,6,20,1200,20,0,0,0,SSH-Bruteforce
80,17,20,1200,0,0,0,0,DoS-UDP
0,1,20,1200,0,0,0,0,DoS-ICMP
80,6,20,1200,20,0,0,0,DoS-SYN-Flood
36520,17,20,27980,0,0,0,0,BENIGN
80,6,20,1200,20,0,0,0,DoS-SYN-Flood
80,6,20,1480,20,0,0,0,DoS-HTTP
41850,6,2,120,2,0,0,0,PortScan
80,6,20,1480,20,0,0,0,DoS-HTTP
80,6,20,1480,20,0,0,0,DoS-HTTP
0,1,20,840,0,0,0,0,DoS-ICMP
80,17,20,1200,0,0,0,0,DoS-UDP
80,17,20,1200,0,0,0,0,DoS-UDP
80,6,20,1200,20,0,0,0,DoS-SYN-Flood
0,1,20,840,0,0,0,0,DoS-ICMP
0,1,20,1200,0,0,0,0,DoS-ICMP
25080,6,4,240,4,0,0,0,PortScan
17438,6,2,120,2,0,0,0,PortScan
80,17,20,1200,0,0,0,0,DoS-UDP
0,1,20,840,0,0,0,0,DoS-ICMP
0,1,20,1200,0,0,0,0,DoS-ICMP
80,17,20,1200,0,0,0,0,DoS-UDP
36520,17,20,27980,0,0,0,0,BENIGN
0,1,20,840,0,0,0,0,DoS-ICMP
0,1,20,840,0,0,0,0,DoS-ICMP
80,17,20,1200,0,0,0,0,DoS-UDP
15397,6,6,348,6,6,0,0,SSH-Bruteforce
15885,6,4,240,4,0,0,0,PortScan
3516,6,7,406,7,7,0,0,SSH-Bruteforce
4292,6,4,240,4,0,0,0,PortScan
27510,6,2,120,2,0,0,0,PortScan
80,17,20,1200,0,0,0,0,DoS-UDP
80,6,20,1480,20,0,0,0,DoS-HTTP
22,6,20,1200,20,0,0,0,SSH-Bruteforce
80,17,20,1200,0,0,0,0,DoS-UDP
80,6,20,1480,20,0,0,0,DoS-HTTP
1353,6,5,290,5,5,0,0,SSH-Bruteforce
80,17,20,1200,0,0,0,0,DoS-UDP
22941,6,2,120,2,0,0,0,PortScan
0,1,20,840,0,0,0,0,DoS-ICMP
0,1,20,1200,0,0,0,0,DoS-ICMP
80,6,20,1200,20,0,0,0,DoS-SYN-Flood
80,17,20,1200,0,0,0,0,DoS-UDP
0,1,20,1200,0,0,0,0,DoS-ICMP
80,6,20,1200,20,0,0,0,DoS-SYN-Flood
80,6,20,1480,20,0,0,0,DoS-HTTP
80,6,20,1200,20,0,0,0,DoS-SYN-Flood
0,1,20,840,0,0,0,0,DoS-ICMP
80,17,20,1200,0,0,0,0,DoS-UDP
80,6,20,1480,20,0,0,0,DoS-HTTP
51085,6,4,240,4,0,0,0,PortScan
80,6,20,1480,20,0,0,0,DoS-HTTP
25952,6,10,580,10,10,0,0,SSH-Bruteforce
38890,6,2,120,2,0,0,0,PortScan
80,6,20,1200,20,0,0,0,DoS-SYN-Flood
22,6,20,1200,19,0,1,0,SSH-Bruteforce
54272,6,2,120,2,0,0,0,PortScan
63279,6,2,120,2,0,0,0,PortScan
0,1,20,1200,0,0,0,0,DoS-ICMP
34112,6,12,696,12,12,0,0,SSH-Bruteforce
0,1,20,1200,0,0,0,0,DoS-ICMP
80,6,20,1480,20,0,0,0,DoS-HTTP
0,1,20,1200,0,0,0,0,DoS-ICMP
0,1,20,840,0,0,0,0,DoS-ICMP
80,17,20,1200,0,0,0,0,DoS-UDP
48110,17,1,103,0,0,0,0,BENIGN
80,6,20,1480,20,0,0,0,DoS-HTTP
0,1,20,1200,0,0,0,0,DoS-ICMP
0,1,20,840,0,0,0,0,DoS-ICMP
80,6,20,1200,20,0,0,0,DoS-SYN-Flood
80,6,20,1480,20,0,0,0,DoS-HTTP
54196,6,2,120,2,0,0,0,PortScan
0,1,20,1200,0,0,0,0,DoS-ICMP
80,6,20,1200,20,0,0,0,DoS-SYN-Flood
24539,6,2,120,2,0,0,0,PortScan
22,6,20,1200,0,0,20,0,SSH-Bruteforce
0,1,20,1200,0,0,0,0,DoS-ICMP
80,6,20,1480,20,0,0,0,DoS-HTTP
80,17,20,1200,0,0,0,0,DoS-UDP
36520,17,20,27980,0,0,0,0,BENIGN
80,6,20,1200,20,0,0,0,DoS-SYN-Flood
80,6,20,1200,20,0,0,0,DoS-SYN-Flood
23026,6,2,120,2,0,0,0,PortScan
22,6,20,1200,16,0,4,0,SSH-Bruteforce
80,17,20,1200,0,0,0,0,DoS-UDP
20117,6,2,120,2,0,0,0,PortScan
80,17,20,1200,0,0,0,0,DoS-UDP
80,6,20,1480,20,0,0,0,DoS-HTTP
80,6,20,1480,20,0,0,0,DoS-HTTP
80,6,20,1480,20,0,0,0,DoS-HTTP
22,6,20,1200,20,0,0,0,SSH-Bruteforce
0,1,20,840,0,0,0,0,DoS-ICMP
7892,6,5,290,5,5,0,0,SSH-Bruteforce
30724,6,4,240,4,0,0,0,PortScan
80,6,20,1480,20,0,0,0,DoS-HTTP
80,6,20,1480,20,0,0,0,DoS-HTTP
26223,6,4,240,4,0,0,0,PortScan
0,1,20,1200,0,0,0,0,DoS-ICMP
80,6,20,1480,20,0,0,0,DoS-HTTP
65074,6,6,348,6,6,0,0,SSH-Bruteforce
80,6,20,1480,20,0,0,0,DoS-HTTP
22,6,20,1200,0,0,20,0,SSH-Bruteforce
56521,6,4,240,4,0,0,0,PortScan
80,17,20,1200,0,0,0,0,DoS-UDP
0,1,20,1200,0,0,0,0,DoS-ICMP
80,17,20,1200,0,0,0,0,DoS-UDP
4384,6,6,360,6,0,0,0,PortScan
0,1,20,1200,0,0,0,0,DoS-ICMP
80,17,20,1200,0,0,0,0,DoS-UDP
80,6,20,1480,20,0,0,0,DoS-HTTP
53308,6,20,28300,0,20,0,0,BENIGN
80,17,20,1200,0,0,0,0,DoS-UDP
36520,17,20,27980,0,0,0,0,BENIGN
80,6,20,1480,20,0,0,0,DoS-HTTP
80,17,20,1200,0,0,0,0,DoS-UDP
22,6,20,1200,19,0,1,0,SSH-Bruteforce
80,17,20,1200,0,0,0,0,DoS-UDP
0,1,20,840,0,0,0,0,DoS-ICMP
80,6,20,1200,20,0,0,0,DoS-SYN-Flood
64598,6,6,348,6,6,0,0,SSH-Bruteforce
80,17,20,1200,0,0,0,0,DoS-UDP
80,17,20,1200,0,0,0,0,DoS-UDP
80,17,20,1200,0,0,0,0,DoS-UDP
42904,17,20,25708,0,0,0,0,BENIGN
43678,17,20,27980,0,0,0,0,BENIGN
0,1,20,840,0,0,0,0,DoS-ICMP
22716,6,4,240,4,0,0,0,PortScan
0,1,20,840,0,0,0,0,DoS-ICMP
52372,6,2,120,2,0,0,0,PortScan
80,6,20,1480,20,0,0,0,DoS-HTTP
80,6,20,1480,20,0,0,0,DoS-HTTP
80,6,20,1200,20,0,0,0,DoS-SYN-Flood
80,6,20,1480,20,0,0,0,DoS-HTTP
48149,6,2,120,2,0,0,0,PortScan
80,17,20,1200,0,0,0,0,DoS-UDP
58632,6,2,120,2,0,0,0,PortScan
35269,6,11,638,11,11,0,0,SSH-Bruteforce
80,6,20,1480,20,0,0,0,DoS-HTTP
53278,6,20,28960,0,20,0,0,BENIGN
80,17,20,1200,0,0,0,0,DoS-UDP
80,6,20,1200,20,0,0,0,DoS-SYN-Flood
43390,6,8,464,8,8,0,0,SSH-Bruteforce
80,17,20,1200,0,0,0,0,DoS-UDP
11312,6,6,360,6,0,0,0,PortScan
80,6,20,1480,20,0,0,0,DoS-HTTP
80,6,20,1200,20,0,0,0,DoS-SYN-Flood
46203,6,2,120,2,0,0,0,PortScan
80,6,20,1200,20,0,0,0,DoS-SYN-Flood
18200,6,5,290,5,5,0,0,SSH-Bruteforce
80,6,20,1200,20,0,0,0,DoS-SYN-Flood
46712,6,6,348,6,6,0,0,SSH-Bruteforce
80,17,20,1200,0,0,0,0,DoS-UDP
80,6,20,1480,20,0,0,0,DoS-HTTP
80,6,20,1480,20,0,0,0,DoS-HTTP
50483,6,6,348,6,6,0,0,SSH-Bruteforce
0,1,20,840,0,0,0,0,DoS-ICMP
36520,17,20,27980,0,0,0,0,BENIGN
21726,6,2,120,2,0,0,0,PortScan
0,1,20,840,0,0,0,0,DoS-ICMP
13829,6,4,240,4,0,0,0,PortScan
36520,17,20,27980,0,0,0,0,BENIGN
47014,6,8,464,8,8,0,0,SSH-Bruteforce
41385,6,10,580,10,10,0,0,SSH-Bruteforce
80,6,20,1200,20,0,0,0,DoS-SYN-Flood
703,6,6,360,6,0,0,0,PortScan
15096,6,2,120,2,0,0,0,PortScan
80,6,20,1200,20,0,0,0,DoS-SYN-Flood
27555,6,2,120,2,0,0,0,PortScan
22,6,20,1200,17,0,3,0,SSH-Bruteforce
80,6,20,1480,20,0,0,0,DoS-HTTP
48341,6,2,120,2,0,0,0,PortScan
80,6,20,1200,20,0,0,0,DoS-SYN-Flood
80,17,20,1200,0,0,0,0,DoS-UDP
0,1,20,840,0,0,0,0,DoS-ICMP
80,17,20,1200,0,0,0,0,DoS-UDP
80,6,20,1200,20,0,0,0,DoS-SYN-Flood
58711,6,2,120,2,0,0,0,PortScan
17126,6,2,120,2,0,0,0,PortScan
0,1,20,840,0,0,0,0,DoS-ICMP
15791,6,12,696,12,12,0,0,SSH-Bruteforce
49655,6,9,522,9,9,0,0,SSH-Bruteforce
80,6,20,1200,20,0,0,0,DoS-SYN-Flood
0,1,20,840,0,0,0,0,DoS-ICMP
80,6,20,1200,20,0,0,0,DoS-SYN-Flood
80,6,20,1480,20,0,0,0,DoS-HTTP
80,6,20,1480,20,0,0,0,DoS-HTTP
80,6,20,1200,20,0,0,0,DoS-SYN-Flood
49434,6,4,240,4,0,0,0,PortScan
36520,17,20,27980,0,0,0,0,BENIGN
1255,6,5,290,5,5,0,0,SSH-Bruteforce
31757,6,5,290,5,5,0,0,SSH-Bruteforce
80,17,20,1200,0,0,0,0,DoS-UDP
0,1,20,840,0,0,0,0,DoS-ICMP
9451,6,4,240,4,0,0,0,PortScan
34813,6,9,522,9,9,0,0,SSH-Bruteforce
80,6,20,1480,20,0,0,0,DoS-HTTP
43416,6,4,240,4,0,0,0,PortScan
54989,6,6,348,6,6,0,0,SSH-Bruteforce
46398,17,20,27980,0,0,0,0,BENIGN
80,17,20,1200,0,0,0,0,DoS-UDP
60844,6,4,240,4,0,0,0,PortScan
0,1,20,1200,0,0,0,0,DoS-ICMP
24316,6,5,290,5,5,0,0,SSH-Bruteforce
80,6,20,1480,20,0,0,0,DoS-HTTP
0,1,20,1200,0,0,0,0,DoS-ICMP
0,1,20,840,0,0,0,0,DoS-ICMP
80,6,20,1480,20,0,0,0,DoS-HTTP
80,17,20,1200,0,0,0,0,DoS-UDP
10845,6,6,360,6,0,0,0,PortScan
80,6,20,1200,20,0,0,0,DoS-SYN-Flood
80,6,20,1200,20,0,0,0,DoS-SYN-Flood
80,17,20,1200,0,0,0,0,DoS-UDP
55323,6,2,120,2,0,0,0,PortScan
16758,6,2,120,2,0,0,0,PortScan
0,1,20,1200,0,0,0,0,DoS-ICMP
9982,6,10,580,10,10,0,0,SSH-Bruteforce
80,6,20,1480,20,0,0,0,DoS-HTTP
80,17,20,1200,0,0,0,0,DoS-UDP
80,6,20,1200,20,0,0,0,DoS-SYN-Flood
80,6,20,1200,20,0,0,0,DoS-SYN-Flood
13240,6,11,638,11,11,0,0,SSH-Bruteforce
80,6,20,1200,20,0,0,0,DoS-SYN-Flood
80,6,20,1480,20,0,0,0,DoS-HTTP
22,6,20,1200,20,0,0,0,SSH-Bruteforce
7411,6,4,240,4,0,0,0,PortScan
0,1,20,1200,0,0,0,0,DoS-ICMP
80,6,20,1480,20,0,0,0,DoS-HTTP
80,17,20,1200,0,0,0,0,DoS-UDP
80,17,20,1200,0,0,0,0,DoS-UDP
11241,6,10,580,10,10,0,0,SSH-Bruteforce
61499,6,2,120,2,0,0,0,PortScan
0,1,20,1200,0,0,0,0,DoS-ICMP
80,6,20,1480,20,0,0,0,DoS-HTTP
80,17,20,1200,0,0,0,0,DoS-UDP
0,1,20,840,0,0,0,0,DoS-ICMP
63570,6,6,348,6,6,0,0,SSH-Bruteforce
0,1,20,840,0,0,0,0,DoS-ICMP
47278,6,4,240,4,0,0,0,PortScan
0,1,20,1200,0,0,0,0,DoS-ICMP
32506,6,8,464,8,8,0,0,SSH-Bruteforce
0,1,20,840,0,0,0,0,DoS-ICMP
37748,6,4,240,4,0,0,0,PortScan
80,6,20,1480,20,0,0,0,DoS-HTTP
53470,6,2,120,2,0,0,0,PortScan
80,17,20,1200,0,0,0,0,DoS-UDP
22,6,20,1200,20,0,0,0,SSH-Bruteforce
80,6,20,1200,20,0,0,0,DoS-SYN-Flood
6601,6,8,464,8,8,0,0,SSH-Bruteforce
38345,6,8,464,8,8,0,0,SSH-Bruteforce
26692,6,2,120,2,0,0,0,PortScan
80,6,20,1200,20,0,0,0,DoS-SYN-Flood
14112,6,4,240,4,0,0,0,PortScan
22,6,20,1200,0,0,20,0,SSH-Bruteforce
20825,6,6,348,6,6,0,0,SSH-Bruteforce
80,17,20,1200,0,0,0,0,DoS-UDP
165,6,9,522,9,9,0,0,SSH-Bruteforce
0,1,20,840,0,0,0,0,DoS-ICMP
22,6,20,1200,20,0,0,0,SSH-Bruteforce
80,6,20,1480,20,0,0,0,DoS-HTTP
3868,6,6,348,6,6,0,0,SSH-Bruteforce
80,6,20,1480,20,0,0,0,DoS-HTTP
80,6,20,1480,20,0,0,0,DoS-HTTP
0,1,20,1200,0,0,0,0,DoS-ICMP
443,6,20,1200,0,20,0,0,BENIGN
45447,17,20,27980,0,0,0,0,BENIGN
15505,6,9,522,9,9,0,0,SSH-Bruteforce
29583,6,2,120,2,0,0,0,PortScan
80,6,20,1200,20,0,0,0,DoS-SYN-Flood
80,6,20,1200,20,0,0,0,DoS-SYN-Flood
34223,6,2,120,2,0,0,0,PortScan
80,6,20,1480,20,0,0,0,DoS-HTTP
80,6,20,1480,20,0,0,0,DoS-HTTP
22,6,20,1200,20,0,0,0,SSH-Bruteforce
0,1,20,1200,0,0,0,0,DoS-ICMP
6739,6,6,348,6,6,0,0,SSH-Bruteforce
1055,6,6,348,6,6,0,0,SSH-Bruteforce
27498,6,2,120,2,0,0,0,PortScan
11772,6,6,348,6,6,0,0,SSH-Bruteforce
46670,6,9,522,9,9,0,0,SSH-Bruteforce
0,1,20,840,0,0,0,0,DoS-ICMP
64031,6,7,406,7,7,0,0,SSH-Bruteforce
80,17,20,1200,0,0,0,0,DoS-UDP
22,6,20,1200,6,0,14,0,SSH-Bruteforce
80,6,20,1200,20,0,0,0,DoS-SYN-Flood
61139,6,4,240,4,0,0,0,PortScan
80,17,20,1200,0,0,0,0,DoS-UDP
80,6,20,1200,20,0,0,0,DoS-SYN-Flood
45469,6,6,348,6,6,0,0,SSH-Bruteforce
80,6,20,1200,20,0,0,0,DoS-SYN-Flood
80,6,20,1480,20,0,0,0,DoS-HTTP
23663,6,2,120,2,0,0,0,PortScan
80,6,20,1480,20,0,0,0,DoS-HTTP
0,1,20,840,0,0,0,0,DoS-ICMP
0,1,20,1200,0,0,0,0,DoS-ICMP
33240,6,20,28960,0,20,0,0,BENIGN
80,6,20,1480,20,0,0,0,DoS-HTTP
80,17,20,1200,0,0,0,0,DoS-UDP
0,1,20,840,0,0,0,0,DoS-ICMP
48426,6,6,348,6,6,0,0,SSH-Bruteforce
41308,17,20,27980,0,0,0,0,BENIGN
0,1,20,840,0,0,0,0,DoS-ICMP
36520,17,20,27980,0,0,0,0,BENIGN
0,1,20,1200,0,0,0,0,DoS-ICMP
80,17,20,1200,0,0,0,0,DoS-UDP
33595,17,20,1583,0,0,0,0,BENIGN
80,6,20,1480,20,0,0,0,DoS-HTTP
80,6,20,1480,20,0,0,0,DoS-HTTP
80,17,20,1200,0,0,0,0,DoS-UDP
39511,6,4,240,4,0,0,0,PortScan
37994,6,4,240,4,0,0,0,PortScan
80,6,20,1480,20,0,0,0,DoS-HTTP
80,17,20,1200,0,0,0,0,DoS-UDP
54288,6,6,348,6,6,0,0,SSH-Bruteforce
80,6,20,1200,20,0,0,0,DoS-SYN-Flood
80,6,20,1480,20,0,0,0,DoS-HTTP
80,6,20,1480,20,0,0,0,DoS-HTTP
23777,6,2,120,2,0,0,0,PortScan
12097,6,7,406,7,7,0,0,SSH-Bruteforce
0,1,20,1200,0,0,0,0,DoS-ICMP
59402,6,2,120,2,0,0,0,PortScan
63452,6,2,120,2,0,0,0,PortScan
80,6,20,1480,20,0,0,0,DoS-HTTP
32580,6,2,120,2,0,0,0,PortScan
26635,6,8,464,8,8,0,0,SSH-Bruteforce
60767,6,4,240,4,0,0,0,PortScan
80,17,20,1200,0,0,0,0,DoS-UDP
80,6,20,1200,20,0,0,0,DoS-SYN-Flood
21094,6,5,290,5,5,0,0,SSH-Bruteforce
80,17,20,1200,0,0,0,0,DoS-UDP
80,6,20,1480,20,0,0,0,DoS-HTTP
0,1,20,1200,0,0,0,0,DoS-ICMP
32706,6,2,120,2,0,0,0,PortScan
11183,6,6,360,6,0,0,0,PortScan
80,6,20,1200,20,0,0,0,DoS-SYN-Flood
80,6,20,1480,20,0,0,0,DoS-HTTP
26797,6,7,406,7,7,0,0,SSH-Bruteforce
80,6,20,1200,20,0,0,0,DoS-SYN-Flood
80,17,20,1200,0,0,0,0,DoS-UDP
80,6,20,1200,20,0,0,0,DoS-SYN-Flood
80,6,20,1200,20,0,0,0,DoS-SYN-Flood
53039,6,2,120,2,0,0,0,PortScan
80,6,20,1200,20,0,0,0,DoS-SYN-Flood
36520,17,20,27980,0,0,0,0,BENIGN
80,17,20,1200,0,0,0,0,DoS-UDP
22,6,20,1200,0,0,20,0,SSH-Bruteforce
0,1,20,1200,0,0,0,0,DoS-ICMP
80,6,20,1200,20,0,0,0,DoS-SYN-Flood
80,6,20,1200,20,0,0,0,DoS-SYN-Flood
0,1,20,840,0,0,0,0,DoS-ICMP
80,6,20,1480,20,0,0,0,DoS-HTTP
1230,6,4,240,4,0,0,0,PortScan
80,6,20,1200,20,0,0,0,DoS-SYN-Flood
46472,6,8,464,8,8,0,0,SSH-Bruteforce
20093,6,2,120,2,0,0,0,PortScan
0,1,20,840,0,0,0,0,DoS-ICMP
22,6,20,1200,20,0,0,0,SSH-Bruteforce
2016,6,6,348,6,6,0,0,SSH-Bruteforce
0,1,20,1200,0,0,0,0,DoS-ICMP
60886,6,20,27158,0,20,0,0,BENIGN
80,17,20,1200,0,0,0,0,DoS-UDP
36520,17,20,26645,0,0,0,0,BENIGN
80,6,20,1480,20,0,0,0,DoS-HTTP
80,6,20,1200,20,0,0,0,DoS-SYN-Flood
46398,17,20,14069,0,0,0,0,BENIGN
80,6,20,1480,20,0,0,0,DoS-HTTP
0,1,20,1200,0,0,0,0,DoS-ICMP
443,6,20,1200,0,20,0,0,BENIGN
0,1,20,840,0,0,0,0,DoS-ICMP
0,1,20,1200,0,0,0,0,DoS-ICMP
80,6,20,1480,20,0,0,0,DoS-HTTP
80,17,20,1200,0,0,0,0,DoS-UDP
0,1,20,1200,0,0,0,0,DoS-ICMP
12721,6,4,240,4,0,0,0,PortScan
0,1,20,840,0,0,0,0,DoS-ICMP
0,1,20,840,0,0,0,0,DoS-ICMP
36520,17,20,27980,0,0,0,0,BENIGN
80,6,20,1200,20,0,0,0,DoS-SYN-Flood
52964,6,2,120,2,0,0,0,PortScan
19750,6,6,348,6,6,0,0,SSH-Bruteforce
80,17,20,1200,0,0,0,0,DoS-UDP
80,6,20,1200,20,0,0,0,DoS-SYN-Flood
0,1,20,840,0,0,0,0,DoS-ICMP
80,6,20,1200,20,0,0,0,DoS-SYN-Flood
22,6,20,1200,0,0,20,0,SSH-Bruteforce
0,1,20,1200,0,0,0,0,DoS-ICMP
0,1,20,840,0,0,0,0,DoS-ICMP
16167,6,2,120,2,0,0,0,PortScan
80,17,20,1200,0,0,0,0,DoS-UDP
80,6,20,1480,20,0,0,0,DoS-HTTP
80,6,20,1480,20,0,0,0,DoS-HTTP
80,6,20,1200,20,0,0,0,DoS-SYN-Flood
25461,6,2,120,2,0,0,0,PortScan
10603,6,7,406,7,7,0,0,SSH-Bruteforce
80,6,20,1480,20,0,0,0,DoS-HTTP
0,1,20,840,0,0,0,0,DoS-ICMP
80,6,20,1480,20,0,0,0,DoS-HTTP
80,6,20,1480,20,0,0,0,DoS-HTTP
80,6,20,1480,20,0,0,0,DoS-HTTP
61686,6,2,120,2,0,0,0,PortScan
80,6,20,1200,20,0,0,0,DoS-SYN-Flood
0,1,20,840,0,0,0,0,DoS-ICMP
18662,6,2,120,2,0,0,0,PortScan
80,6,20,1200,20,0,0,0,DoS-SYN-Flood
16381,6,2,120,2,0,0,0,PortScan
64273,6,8,464,8,8,0,0,SSH-Bruteforce
80,17,20,1200,0,0,0,0,DoS-UDP
0,1,20,840,0,0,0,0,DoS-ICMP
10538,6,4,240,4,0,0,0,PortScan
80,17,20,1200,0,0,0,0,DoS-UDP
18511,6,2,120,2,0,0,0,PortScan
80,6,20,1480,20,0,0,0,DoS-HTTP
53004,6,2,120,2,0,0,0,PortScan
0,1,20,1200,0,0,0,0,DoS-ICMP
80,17,20,1200,0,0,0,0,DoS-UDP
80,6,20,1480,20,0,0,0,DoS-HTTP
80,17,20,1200,0,0,0,0,DoS-UDP
80,17,20,1200,0,0,0,0,DoS-UDP
80,6,20,1480,20,0,0,0,DoS-HTTP
80,6,20,1480,20,0,0,0,DoS-HTTP
80,17,20,1200,0,0,0,0,DoS-UDP
443,17,20,26798,0,0,0,0,BENIGN
80,6,20,1200,20,0,0,0,DoS-SYN-Flood
0,1,20,1200,0,0,0,0,DoS-ICMP
80,6,20,1480,20,0,0,0,DoS-HTTP
2411,6,6,360,6,0,0,0,PortScan
80,6,20,1200,20,0,0,0,DoS-SYN-Flood
80,6,20,1480,20,0,0,0,DoS-HTTP
46060,6,2,120,2,0,0,0,PortScan
80,6,20,1200,20,0,0,0,DoS-SYN-Flood
0,1,20,840,0,0,0,0,DoS-ICMP
22,6,20,1200,20,0,0,0,SSH-Bruteforce
0,1,20,840,0,0,0,0,DoS-ICMP
22,6,20,1200,0,0,20,0,SSH-Bruteforce
25104,6,7,406,7,7,0,0,SSH-Bruteforce
59804,6,20,18350,0,20,0,0,BENIGN
0,1,20,1200,0,0,0,0,DoS-ICMP
22,6,20,1200,20,0,0,0,SSH-Bruteforce
59875,6,6,348,6,6,0,0,SSH-Bruteforce
80,6,20,1200,20,0,0,0,DoS-SYN-Flood
80,6,20,1480,20,0,0,0,DoS-HTTP
39838,6,6,348,6,6,0,0,SSH-Bruteforce
39579,6,2,120,2,0,0,0,PortScan
80,17,20,1200,0,0,0,0,DoS-UDP
46398,17,20,27980,0,0,0,0,BENIGN
443,6,11,1598,1,10,0,1,BENIGN
16902,6,9,522,9,9,0,0,SSH-Bruteforce
0,1,20,1200,0,0,0,0,DoS-ICMP
0,1,20,1200,0,0,0,0,DoS-ICMP
1363,6,4,240,4,0,0,0,PortScan
21402,6,9,522,9,9,0,0,SSH-Bruteforce
46398,17,20,27980,0,0,0,0,BENIGN
80,17,20,1200,0,0,0,0,DoS-UDP
60520,6,9,522,9,9,0,0,SSH-Bruteforce
80,17,20,1200,0,0,0,0,DoS-UDP
10513,6,4,240,4,0,0,0,PortScan
0,1,20,840,0,0,0,0,DoS-ICMP
0,1,20,1200,0,0,0,0,DoS-ICMP
4998,6,4,240,4,0,0,0,PortScan
22,6,20,1200,20,0,0,0,SSH-Bruteforce
11571,6,6,348,6,6,0,0,SSH-Bruteforce
80,6,20,1200,20,0,0,0,DoS-SYN-Flood
80,6,20,1480,20,0,0,0,DoS-HTTP
0,1,20,840,0,0,0,0,DoS-ICMP
23161,6,2,120,2,0,0,0,PortScan
80,17,20,1200,0,0,0,0,DoS-UDP
80,6,20,1200,20,0,0,0,DoS-SYN-Flood
80,17,20,1200,0,0,0,0,DoS-UDP
36520,17,20,27980,0,0,0,0,BENIGN
24747,6,2,120,2,0,0,0,PortScan
80,6,20,1480,20,0,0,0,DoS-HTTP
39902,17,20,27980,0,0,0,0,BENIGN
22,6,20,1200,20,0,0,0,SSH-Bruteforce
80,17,20,1200,0,0,0,0,DoS-UDP
80,6,20,1200,20,0,0,0,DoS-SYN-Flood
54741,6,3,174,3,3,0,0,SSH-Bruteforce
3120,6,6,360,6,0,0,0,PortScan
80,6,20,1480,20,0,0,0,DoS-HTTP
39470,6,2,120,2,0,0,0,PortScan
44985,6,2,120,2,0,0,0,PortScan
0,1,20,1200,0,0,0,0,DoS-ICMP
80,6,20,1200,20,0,0,0,DoS-SYN-Flood
0,1,20,840,0,0,0,0,DoS-ICMP
0,1,20,1200,0,0,0,0,DoS-ICMP
61089,6,4,240,4,0,0,0,PortScan
50095,6,10,580,10,10,0,0,SSH-Bruteforce
80,17,20,1200,0,0,0,0,DoS-UDP
22,6,20,1200,8,0,12,0,SSH-Bruteforce
80,6,20,1200,20,0,0,0,DoS-SYN-Flood
80,6,20,1480,20,0,0,0,DoS-HTTP
80,6,20,1200,20,0,0,0,DoS-SYN-Flood
33240,6,20,28720,0,20,0,0,BENIGN
48299,6,9,522,9,9,0,0,SSH-Bruteforce
0,1,20,840,0,0,0,0,DoS-ICMP
0,1,20,840,0,0,0,0,DoS-ICMP
80,6,20,1480,20,0,0,0,DoS-HTTP
80,6,20,1200,20,0,0,0,DoS-SYN-Flood
80,6,20,1480,20,0,0,0,DoS-HTTP
43992,17,20,27980,0,0,0,0,BENIGN
80,6,20,1480,20,0,0,0,DoS-HTTP
60636,6,15,10927,1,15,0,1,BENIGN
80,17,20,1200,0,0,0,0,DoS-UDP
80,6,20,1200,20,0,0,0,DoS-SYN-Flood
80,17,20,1200,0,0,0,0,DoS-UDP
20465,6,6,348,6,6,0,0,SSH-Bruteforce
80,6,20,1480,20,0,0,0,DoS-HTTP
38271,6,7,406,7,7,0,0,SSH-Bruteforce
443,17,20,1503,0,0,0,0,BENIGN
80,6,20,1200,20,0,0,0,DoS-SYN-Flood
80,6,20,1200,20,0,0,0,DoS-SYN-Flood
80,6,20,1200,20,0,0,0,DoS-SYN-Flood
80,17,20,1200,0,0,0,0,DoS-UDP
80,6,20,1200,20,0,0,0,DoS-SYN-Flood
80,17,20,1200,0,0,0,0,DoS-UDP
16157,6,11,638,11,11,0,0,SSH-Bruteforce
58116,6,2,120,2,0,0,0,PortScan
80,17,20,1200,0,0,0,0,DoS-UDP
60886,6,20,9978,1,20,0,0,BENIGN
80,6,20,1480,20,0,0,0,DoS-HTTP
48806,17,20,27980,0,0,0,0,BENIGN
36984,6,2,120,2,0,0,0,PortScan
46182,6,4,240,4,0,0,0,PortScan
80,6,20,1480,20,0,0,0,DoS-HTTP
80,17,20,1200,0,0,0,0,DoS-UDP
22,6,20,1200,0,0,20,0,SSH-Bruteforce
0,1,20,840,0,0,0,0,DoS-ICMP
80,6,20,1480,20,0,0,0,DoS-HTTP
0,1,20,1200,0,0,0,0,DoS-ICMP
80,6,20,1480,20,0,0,0,DoS-HTTP
44857,6,6,348,6,6,0,0,SSH-Bruteforce
15634,6,2,120,2,0,0,0,PortScan
40903,6,2,120,2,0,0,0,PortScan
80,6,20,1200,20,0,0,0,DoS-SYN-Flood
80,6,20,1480,20,0,0,0,DoS-HTTP
32351,6,2,120,2,0,0,0,PortScan
443,6,20,7698,0,20,0,0,BENIGN
1815,6,3,174,3,3,0,0,SSH-Bruteforce
80,6,20,1480,20,0,0,0,DoS-HTTP
22,6,20,1200,13,0,7,0,SSH-Bruteforce
54829,17,20,27980,0,0,0,0,BENIGN
38353,6,2,120,2,0,0,0,PortScan
0,1,20,1200,0,0,0,0,DoS-ICMP
80,6,20,1200,20,0,0,0,DoS-SYN-Flood
37067,6,2,120,2,0,0,0,PortScan
1076,6,4,240,4,0,0,0,PortScan
24850,6,6,348,6,6,0,0,SSH-Bruteforce
22,6,20,1200,0,0,20,0,SSH-Bruteforce
80,6,20,1480,20,0,0,0,DoS-HTTP
0,1,20,840,0,0,0,0,DoS-ICMP
80,17,20,1200,0,0,0,0,DoS-UDP
22,6,20,1200,0,0,20,0,SSH-Bruteforce
80,6,20,1480,20,0,0,0,DoS-HTTP
35163,6,4,240,4,0,0,0,PortScan
80,6,20,1480,20,0,0,0,DoS-HTTP
80,17,20,1200,0,0,0,0,DoS-UDP
80,17,20,1200,0,0,0,0,DoS-UDP
0,1,20,1200,0,0,0,0,DoS-ICMP
45424,6,20,23075,0,20,0,0,BENIGN
38700,6,2,120,2,0,0,0,PortScan
54829,17,20,27980,0,0,0,0,BENIGN
80,6,20,1480,20,0,0,0,DoS-HTTP
80,17,20,1200,0,0,0,0,DoS-UDP
80,6,20,1480,20,0,0,0,DoS-HTTP
36309,6,10,580,10,10,0,0,SSH-Bruteforce
56256,6,4,240,4,0,0,0,PortScan
0,1,20,1200,0,0,0,0,DoS-ICMP
80,6,20,1200,20,0,0,0,DoS-SYN-Flood
22,6,20,1200,20,0,0,0,SSH-Bruteforce
4199,6,6,360,6,0,0,0,PortScan
80,6,20,1480,20,0,0,0,DoS-HTTP
3274,6,4,240,4,0,0,0,PortScan
0,1,20,1200,0,0,0,0,DoS-ICMP
80,6,20,1200,20,0,0,0,DoS-SYN-Flood
18754,6,2,120,2,0,0,0,PortScan
22,6,20,1200,20,0,0,0,SSH-Bruteforce
22,6,20,1200,9,0,11,0,SSH-Bruteforce
80,17,20,1200,0,0,0,0,DoS-UDP
22,6,20,1200,0,0,20,0,SSH-Bruteforce
44735,6,2,120,2,0,0,0,PortScan
80,6,20,1200,20,0,0,0,DoS-SYN-Flood
80,6,20,1200,20,0,0,0,DoS-SYN-Flood
80,6,18,1528,1,17,0,1,BENIGN
26157,6,2,120,2,0,0,0,PortScan
10255,6,4,240,4,0,0,0,PortScan
7653,6,4,240,4,0,0,0,PortScan
38255,6,8,464,8,8,0,0,SSH-Bruteforce
80,6,20,1200,20,0,0,0,DoS-SYN-Flood
22,6,20,1200,20,0,0,0,SSH-Bruteforce
63900,6,2,120,2,0,0,0,PortScan
80,6,20,1200,20,0,0,0,DoS-SYN-Flood
22,6,20,1200,2,0,18,0,SSH-Bruteforce
28895,6,2,120,2,0,0,0,PortScan
6980,6,4,240,4,0,0,0,PortScan
80,17,20,1200,0,0,0,0,DoS-UDP
80,6,20,1480,20,0,0,0,DoS-HTTP
80,6,20,1200,20,0,0,0,DoS-SYN-Flood
26364,6,7,406,7,7,0,0,SSH-Bruteforce
80,17,20,1200,0,0,0,0,DoS-UDP
2918,6,7,406,7,7,0,0,SSH-Bruteforce
80,6,20,1200,20,0,0,0,DoS-SYN-Flood
80,6,20,1480,20,0,0,0,DoS-HTTP
80,17,20,1200,0,0,0,0,DoS-UDP
50948,6,10,580,10,10,0,0,SSH-Bruteforce
57686,6,7,406,7,7,0,0,SSH-Bruteforce
80,6,20,1200,20,0,0,0,DoS-SYN-Flood
67,17,1,323,0,0,0,0,BENIGN
0,1,20,840,0,0,0,0,DoS-ICMP
80,6,20,1200,20,0,0,0,DoS-SYN-Flood
80,6,20,1200,20,0,0,0,DoS-SYN-Flood
48806,17,20,27980,0,0,0,0,BENIGN
46169,6,2,120,2,0,0,0,PortScan
80,6,20,1200,20,0,0,0,DoS-SYN-Flood
80,6,20,1200,20,0,0,0,DoS-SYN-Flood
80,17,20,1200,0,0,0,0,DoS-UDP
22,6,20,1200,0,0,20,0,SSH-Bruteforce
0,1,20,840,0,0,0,0,DoS-ICMP
80,6,20,1480,20,0,0,0,DoS-HTTP
80,17,20,1200,0,0,0,0,DoS-UDP
80,6,20,1200,20,0,0,0,DoS-SYN-Flood
0,1,20,840,0,0,0,0,DoS-ICMP
80,17,20,1200,0,0,0,0,DoS-UDP
2417,6,4,240,4,0,0,0,PortScan
80,17,20,1200,0,0,0,0,DoS-UDP
0,1,20,840,0,0,0,0,DoS-ICMP
22,6,20,1200,0,0,20,0,SSH-Bruteforce
59988,6,2,120,2,0,0,0,PortScan
80,17,20,1200,0,0,0,0,DoS-UDP
56403,6,6,348,6,6,0,0,SSH-Bruteforce
33240,6,20,29200,0,20,0,0,BENIGN
80,17,20,1200,0,0,0,0,DoS-UDP
34731,6,2,120,2,0,0,0,PortScan
80,17,20,1200,0,0,0,0,DoS-UDP
80,6,20,1480,20,0,0,0,DoS-HTTP
80,6,20,1480,20,0,0,0,DoS-HTTP
1593,6,4,232,4,4,0,0,SSH-Bruteforce
80,17,20,1200,0,0,0,0,DoS-UDP
80,6,20,1480,20,0,0,0,DoS-HTTP
31586,6,8,464,8,8,0,0,SSH-Bruteforce
33080,6,2,120,2,0,0,0,PortScan
80,6,20,1200,20,0,0,0,DoS-SYN-Flood
20998,6,4,240,4,0,0,0,PortScan
47094,17,20,27980,0,0,0,0,BENIGN
12661,6,6,360,6,0,0,0,PortScan
80,6,20,1480,20,0,0,0,DoS-HTTP
0,1,17,1020,0,0,0,0,DoS-ICMP
0,1,20,840,0,0,0,0,DoS-ICMP
80,17,20,1200,0,0,0,0,DoS-UDP
80,6,20,1480,20,0,0,0,DoS-HTTP
55934,6,4,240,4,0,0,0,PortScan
56891,6,8,464,8,8,0,0,SSH-Bruteforce
80,6,20,1200,20,0,0,0,DoS-SYN-Flood
80,6,20,1480,20,0,0,0,DoS-HTTP
80,6,20,1480,20,0,0,0,DoS-HTTP
0,1,20,840,0,0,0,0,DoS-ICMP
10209,6,4,240,4,0,0,0,PortScan
80,6,20,1200,20,0,0,0,DoS-SYN-Flood
80,6,20,1200,20,0,0,0,DoS-SYN-Flood
53258,6,20,29200,0,20,0,0,BENIGN
80,6,20,1480,20,0,0,0,DoS-HTTP
22,6,20,1200,0,0,20,0,SSH-Bruteforce
80,6,20,1480,20,0,0,0,DoS-HTTP
0,1,20,840,0,0,0,0,DoS-ICMP
46398,17,20,27980,0,0,0,0,BENIGN
32277,6,4,240,4,0,0,0,PortScan
80,6,20,1200,20,0,0,0,DoS-SYN-Flood
80,6,20,1200,20,0,0,0,DoS-SYN-Flood
80,6,20,1480,20,0,0,0,DoS-HTTP
53258,6,20,17817,1,20,0,0,BENIGN
22,6,20,1200,9,0,11,0,SSH-Bruteforce
0,1,20,840,0,0,0,0,DoS-ICMP
36520,17,20,27980,0,0,0,0,BENIGN
0,1,20,840,0,0,0,0,DoS-ICMP
60708,6,4,240,4,0,0,0,PortScan
22,6,20,1200,1,0,19,0,SSH-Bruteforce
80,17,20,1200,0,0,0,0,DoS-UDP
80,17,20,1200,0,0,0,0,DoS-UDP
0,1,20,1200,0,0,0,0,DoS-ICMP
80,17,20,1200,0,0,0,0,DoS-UDP
80,6,20,1480,20,0,0,0,DoS-HTTP
22,6,20,1200,19,0,1,0,SSH-Bruteforce
0,1,20,1200,0,0,0,0,DoS-ICMP
80,6,20,1480,20,0,0,0,DoS-HTTP
80,6,20,1480,20,0,0,0,DoS-HTTP
22,6,20,1200,20,0,0,0,SSH-Bruteforce
80,17,20,1200,0,0,0,0,DoS-UDP
80,17,20,1200,0,0,0,0,DoS-UDP
80,17,20,1200,0,0,0,0,DoS-UDP
0,1,20,1200,0,0,0,0,DoS-ICMP
80,6,20,1480,20,0,0,0,DoS-HTTP
22,6,20,1200,20,0,0,0,SSH-Bruteforce
20971,6,8,464,8,8,0,0,SSH-Bruteforce
0,1,20,1200,0,0,0,0,DoS-ICMP
80,6,20,1480,20,0,0,0,DoS-HTTP
22,6,20,1200,20,0,0,0,SSH-Bruteforce
0,1,20,840,0,0,0,0,DoS-ICMP
80,17,20,1200,0,0,0,0,DoS-UDP
50557,6,5,290,5,5,0,0,SSH-Bruteforce
36707,6,4,240,4,0,0,0,PortScan
57429,6,6,348,6,6,0,0,SSH-Bruteforce
80,6,20,1480,20,0,0,0,DoS-HTTP
80,17,20,1200,0,0,0,0,DoS-UDP
80,6,20,1480,20,0,0,0,DoS-HTTP
34303,6,4,240,4,0,0,0,PortScan
80,17,20,1200,0,0,0,0,DoS-UDP
80,6,20,1480,20,0,0,0,DoS-HTTP
80,6,20,1480,20,0,0,0,DoS-HTTP
0,1,20,1200,0,0,0,0,DoS-ICMP
80,6,20,1480,20,0,0,0,DoS-HTTP
13784,6,6,360,6,0,0,0,PortScan
52105,6,7,406,7,7,0,0,SSH-Bruteforce
80,6,20,1480,20,0,0,0,DoS-HTTP
11425,6,6,348,6,6,0,0,SSH-Bruteforce
80,6,20,1480,20,0,0,0,DoS-HTTP
33240,6,20,29380,0,20,0,0,BENIGN
30052,6,2,120,2,0,0,0,PortScan
45446,6,2,120,2,0,0,0,PortScan
80,17,20,1200,0,0,0,0,DoS-UDP
42148,6,2,120,2,0,0,0,PortScan
80,6,20,1480,20,0,0,0,DoS-HTTP
23593,6,7,406,7,7,0,0,SSH-Bruteforce
80,17,20,1200,0,0,0,0,DoS-UDP
80,6,20,1200,20,0,0,0,DoS-SYN-Flood
2365,6,4,240,4,0,0,0,PortScan
22,6,20,1200,20,0,0,0,SSH-Bruteforce
47822,6,20,29020,0,20,0,0,BENIGN
80,6,20,1200,20,0,0,0,DoS-SYN-Flood
10836,6,7,406,7,7,0,0,SSH-Bruteforce
80,6,20,1200,20,0,0,0,DoS-SYN-Flood
80,6,20,1200,20,0,0,0,DoS-SYN-Flood
80,17,20,1200,0,0,0,0,DoS-UDP
0,1,20,840,0,0,0,0,DoS-ICMP
0,1,20,840,0,0,0,0,DoS-ICMP
55000,6,6,348,6,6,0,0,SSH-Bruteforce
80,17,20,1200,0,0,0,0,DoS-UDP
80,17,20,1200,0,0,0,0,DoS-UDP
34936,6,4,240,4,0,0,0,PortScan
80,6,20,1480,20,0,0,0,DoS-HTTP
45424,6,20,29020,0,20,0,0,BENIGN
80,6,20,1480,20,0,0,0,DoS-HTTP
36520,17,20,27980,0,0,0,0,BENIGN
80,6,20,1480,20,0,0,0,DoS-HTTP
80,6,20,1480,20,0,0,0,DoS-HTTP
64743,6,4,240,4,0,0,0,PortScan
58171,6,2,120,2,0,0,0,PortScan
80,6,20,1480,20,0,0,0,DoS-HTTP
80,6,20,1480,20,0,0,0,DoS-HTTP
80,17,20,1200,0,0,0,0,DoS-UDP
80,6,20,1480,20,0,0,0,DoS-HTTP
80,17,20,1200,0,0,0,0,DoS-UDP
80,17,20,1200,0,0,0,0,DoS-UDP
80,17,20,1200,0,0,0,0,DoS-UDP
22,6,20,1200,20,0,0,0,SSH-Bruteforce
54946,6,2,120,2,0,0,0,PortScan
26801,6,4,240,4,0,0,0,PortScan
3587,6,7,406,7,7,0,0,SSH-Bruteforce
80,6,20,1200,20,0,0,0,DoS-SYN-Flood
5497,6,4,240,4,0,0,0,PortScan
80,6,20,1480,20,0,0,0,DoS-HTTP
80,6,20,1480,20,0,0,0,DoS-HTTP
80,6,20,1480,20,0,0,0,DoS-HTTP
80,17,20,1200,0,0,0,0,DoS-UDP
7027,6,6,348,6,6,0,0,SSH-Bruteforce
80,6,20,1200,20,0,0,0,DoS-SYN-Flood
80,6,20,1480,20,0,0,0,DoS-HTTP
43992,17,20,27980,0,0,0,0,BENIGN
0,1,20,1200,0,0,0,0,DoS-ICMP
80,17,20,1200,0,0,0,0,DoS-UDP
80,6,20,1480,20,0,0,0,DoS-HTTP
443,6,20,1200,0,20,0,0,BENIGN
80,17,20,1200,0,0,0,0,DoS-UDP
80,6,20,1480,20,0,0,0,DoS-HTTP
80,6,20,1200,20,0,0,0,DoS-SYN-Flood
80,17,20,1200,0,0,0,0,DoS-UDP
19750,6,2,120,2,0,0,0,PortScan
0,1,20,1200,0,0,0,0,DoS-ICMP
80,6,20,1480,20,0,0,0,DoS-HTTP
80,6,20,1200,20,0,0,0,DoS-SYN-Flood
45660,6,4,240,4,0,0,0,PortScan
39897,6,4,240,4,0,0,0,PortScan
80,17,20,1200,0,0,0,0,DoS-UDP
80,17,20,1200,0,0,0,0,DoS-UDP
80,6,20,1200,20,0,0,0,DoS-SYN-Flood
80,17,20,1200,0,0,0,0,DoS-UDP
80,17,20,1200,0,0,0,0,DoS-UDP
47822,6,20,29820,0,20,0,0,BENIGN
80,17,20,1200,0,0,0,0,DoS-UDP
80,6,20,1200,20,0,0,0,DoS-SYN-Flood
80,17,20,1200,0,0,0,0,DoS-UDP
0,1,20,840,0,0,0,0,DoS-ICMP
80,6,20,1480,20,0,0,0,DoS-HTTP
33240,6,20,29380,0,20,0,0,BENIGN
59556,6,2,120,2,0,0,0,PortScan
80,17,20,1200,0,0,0,0,DoS-UDP
0,1,20,1200,0,0,0,0,DoS-ICMP
80,17,20,1200,0,0,0,0,DoS-UDP
33094,6,2,120,2,0,0,0,PortScan
80,17,20,1200,0,0,0,0,DoS-UDP
19540,6,10,580,10,10,0,0,SSH-Bruteforce
31366,6,4,240,4,0,0,0,PortScan
80,6,20,1200,20,0,0,0,DoS-SYN-Flood
80,6,20,1200,20,0,0,0,DoS-SYN-Flood
80,17,20,1200,0,0,0,0,DoS-UDP
47094,17,20,27980,0,0,0,0,BENIGN
22,6,20,1200,0,0,20,0,SSH-Bruteforce
80,17,20,1200,0,0,0,0,DoS-UDP
80,6,20,1480,20,0,0,0,DoS-HTTP
80,6,20,1200,20,0,0,0,DoS-SYN-Flood
80,17,20,1200,0,0,0,0,DoS-UDP
0,1,20,840,0,0,0,0,DoS-ICMP
80,6,20,1200,20,0,0,0,DoS-SYN-Flood
6378,6,6,360,6,0,0,0,PortScan
0,1,20,1200,0,0,0,0,DoS-ICMP
36392,6,2,120,2,0,0,0,PortScan
80,6,20,1480,20,0,0,0,DoS-HTTP
47624,6,2,120,2,0,0,0,PortScan
5793,6,4,240,4,0,0,0,PortScan
80,17,20,1200,0,0,0,0,DoS-UDP
443,6,20,1200,0,20,0,0,BENIGN
80,6,20,1480,20,0,0,0,DoS-HTTP
80,6,20,1200,20,0,0,0,DoS-SYN-Flood
0,1,20,1200,0,0,0,0,DoS-ICMP
80,17,20,1200,0,0,0,0,DoS-UDP
3653,6,4,240,4,0,0,0,PortScan
80,6,20,1480,20,0,0,0,DoS-HTTP
28338,6,2,120,2,0,0,0,PortScan
80,17,20,1200,0,0,0,0,DoS-UDP
50625,6,7,406,7,7,0,0,SSH-Bruteforce
80,6,20,1480,20,0,0,0,DoS-HTTP
0,1,20,840,0,0,0,0,DoS-ICMP
37125,6,2,120,2,0,0,0,PortScan
0,1,20,840,0,0,0,0,DoS-ICMP
63568,6,2,120,2,0,0,0,PortScan
0,1,20,840,0,0,0,0,DoS-ICMP
80,6,20,1200,20,0,0,0,DoS-SYN-Flood
0,1,20,1200,0,0,0,0,DoS-ICMP
80,6,20,1480,20,0,0,0,DoS-HTTP
12847,6,4,240,4,0,0,0,PortScan
80,6,20,1480,20,0,0,0,DoS-HTTP
35854,6,20,29539,0,20,0,0,BENIGN
0,1,20,1200,0,0,0,0,DoS-ICMP
80,6,20,1200,20,0,0,0,DoS-SYN-Flood
15012,6,2,120,2,0,0,0,PortScan
62067,6,2,120,2,0,0,0,PortScan
20149,6,7,406,7,7,0,0,SSH-Bruteforce
80,6,20,1200,20,0,0,0,DoS-SYN-Flood
0,1,20,840,0,0,0,0,DoS-ICMP
80,6,20,1480,20,0,0,0,DoS-HTTP
40067,6,9,522,9,9,0,0,SSH-Bruteforce
80,17,20,1200,0,0,0,0,DoS-UDP
0,1,20,1200,0,0,0,0,DoS-ICMP
53826,6,4,240,4,0,0,0,PortScan
80,17,20,1200,0,0,0,0,DoS-UDP
443,6,20,3034,0,20,0,0,BENIGN
80,6,20,1480,20,0,0,0,DoS-HTTP
443,6,2,120,0,2,0,1,BENIGN
26769,6,6,348,6,6,0,0,SSH-Bruteforce
44652,6,6,348,6,6,0,0,SSH-Bruteforce
36578,6,2,120,2,0,0,0,PortScan
80,17,20,1200,0,0,0,0,DoS-UDP
80,6,20,1480,20,0,0,0,DoS-HTTP
13150,6,6,360,6,0,0,0,PortScan
23936,6,2,120,2,0,0,0,PortScan
33240,6,20,29260,0,20,0,0,BENIGN
80,6,20,1480,20,0,0,0,DoS-HTTP
80,17,20,1200,0,0,0,0,DoS-UDP
18773,6,2,120,2,0,0,0,PortScan
80,6,20,1480,20,0,0,0,DoS-HTTP
80,6,20,1200,20,0,0,0,DoS-SYN-Flood
80,17,20,1200,0,0,0,0,DoS-UDP
0,1,20,840,0,0,0,0,DoS-ICMP
56107,6,4,240,4,0,0,0,PortScan
35854,6,20,25750,0,20,0,0,BENIGN
80,17,20,1200,0,0,0,0,DoS-UDP
80,17,20,1200,0,0,0,0,DoS-UDP
80,6,20,1480,20,0,0,0,DoS-HTTP
0,1,20,840,0,0,0,0,DoS-ICMP
0,1,20,840,0,0,0,0,DoS-ICMP
53308,6,20,29140,0,20,0,0,BENIGN
80,17,20,1200,0,0,0,0,DoS-UDP
80,6,20,1480,20,0,0,0,DoS-HTTP
13888,6,9,522,9,9,0,0,SSH-Bruteforce
80,6,20,1480,20,0,0,0,DoS-HTTP
3493,6,9,522,9,9,0,0,SSH-Bruteforce
0,1,20,840,0,0,0,0,DoS-ICMP
33240,6,20,29140,0,20,0,0,BENIGN
35142,6,2,120,2,0,0,0,PortScan
443,17,20,16550,0,0,0,0,BENIGN
35379,6,2,120,2,0,0,0,PortScan
30938,6,2,120,2,0,0,0,PortScan
2481,6,7,406,7,7,0,0,SSH-Bruteforce
17008,6,2,120,2,0,0,0,PortScan
34996,6,7,406,7,7,0,0,SSH-Bruteforce
80,6,20,1200,20,0,0,0,DoS-SYN-Flood
0,1,20,840,0,0,0,0,DoS-ICMP
80,6,20,1200,20,0,0,0,DoS-SYN-Flood
80,6,20,1480,20,0,0,0,DoS-HTTP
22,6,20,1200,2,0,18,0,SSH-Bruteforce
8212,6,4,240,4,0,0,0,PortScan
80,6,20,1480,20,0,0,0,DoS-HTTP
80,17,20,1200,0,0,0,0,DoS-UDP
22,6,20,1200,0,0,20,0,SSH-Bruteforce
80,6,20,1480,20,0,0,0,DoS-HTTP
80,17,20,1200,0,0,0,0,DoS-UDP
80,6,20,1200,20,0,0,0,DoS-SYN-Flood
80,6,20,1480,20,0,0,0,DoS-HTTP
80,6,20,1480,20,0,0,0,DoS-HTTP
80,17,20,1200,0,0,0,0,DoS-UDP
80,6,20,1480,20,0,0,0,DoS-HTTP
80,6,20,1200,20,0,0,0,DoS-SYN-Flood
22,6,20,1200,0,0,20,0,SSH-Bruteforce
80,6,20,1200,20,0,0,0,DoS-SYN-Flood
53444,6,2,120,2,0,0,0,PortScan
30198,6,2,120,2,0,0,0,PortScan
80,6,20,1480,20,0,0,0,DoS-HTTP
0,1,20,1200,0,0,0,0,DoS-ICMP
22,6,20,1200,20,0,0,0,SSH-Bruteforce
80,6,20,1200,20,0,0,0,DoS-SYN-Flood
80,6,20,1480,20,0,0,0,DoS-HTTP
80,6,20,1200,20,0,0,0,DoS-SYN-Flood
0,1,20,840,0,0,0,0,DoS-ICMP
80,6,20,1480,20,0,0,0,DoS-HTTP
33362,6,7,406,7,7,0,0,SSH-Bruteforce
0,1,20,840,0,0,0,0,DoS-ICMP
53258,6,20,27819,0,20,0,0,BENIGN
26297,6,8,464,8,8,0,0,SSH-Bruteforce
47794,6,8,464,8,8,0,0,SSH-Bruteforce
80,6,20,1480,20,0,0,0,DoS-HTTP
189,6,6,360,6,0,0,0,PortScan
12768,6,4,240,4,0,0,0,PortScan
26189,6,2,120,2,0,0,0,PortScan
44235,6,2,120,2,0,0,0,PortScan
57468,6,2,120,2,0,0,0,PortScan
22,6,20,1200,20,0,0,0,SSH-Bruteforce
14231,6,4,232,4,4,0,0,SSH-Bruteforce
80,17,20,1200,0,0,0,0,DoS-UDP
58650,6,4,240,4,0,0,0,PortScan
40781,6,8,464,8,8,0,0,SSH-Bruteforce
80,6,20,1480,20,0,0,0,DoS-HTTP
80,6,20,1480,20,0,0,0,DoS-HTTP
80,17,20,1200,0,0,0,0,DoS-UDP
80,17,20,1200,0,0,0,0,DoS-UDP
48004,6,9,522,9,9,0,0,SSH-Bruteforce
36520,17,20,27980,0,0,0,0,BENIGN
62595,6,5,290,5,5,0,0,SSH-Bruteforce
30470,6,8,464,8,8,0,0,SSH-Bruteforce
0,1,20,1200,0,0,0,0,DoS-ICMP
80,6,20,1200,20,0,0,0,DoS-SYN-Flood
80,6,20,1200,20,0,0,0,DoS-SYN-Flood
80,6,20,1480,20,0,0,0,DoS-HTTP
60886,6,20,29200,0,20,0,0,BENIGN
0,1,20,1200,0,0,0,0,DoS-ICMP
0,1,20,1200,0,0,0,0,DoS-ICMP
4225,6,8,464,8,8,0,0,SSH-Bruteforce
12978,6,4,240,4,0,0,0,PortScan
59720,6,4,240,4,0,0,0,PortScan
80,17,20,1200,0,0,0,0,DoS-UDP
0,1,20,1200,0,0,0,0,DoS-ICMP
80,17,20,1200,0,0,0,0,DoS-UDP
63696,6,4,240,4,0,0,0,PortScan
0,1,20,840,0,0,0,0,DoS-ICMP
80,6,20,1480,20,0,0,0,DoS-HTTP
15387,6,2,120,2,0,0,0,PortScan
80,6,20,1480,20,0,0,0,DoS-HTTP
45424,6,20,1544,0,20,0,0,BENIGN
80,6,20,1480,20,0,0,0,DoS-HTTP
80,6,20,1480,20,0,0,0,DoS-HTTP
33240,6,20,28660,0,20,0,0,BENIGN
80,6,20,1200,20,0,0,0,DoS-SYN-Flood
80,6,20,1480,20,0,0,0,DoS-HTTP
0,1,20,1200,0,0,0,0,DoS-ICMP
27044,6,6,348,6,6,0,0,SSH-Bruteforce
0,1,20,1200,0,0,0,0,DoS-ICMP
80,6,20,1200,20,0,0,0,DoS-SYN-Flood
80,6,20,1480,20,0,0,0,DoS-HTTP
46335,6,6,348,6,6,0,0,SSH-Bruteforce
53272,6,20,28382,0,20,0,0,BENIGN
80,6,20,1480,20,0,0,0,DoS-HTTP
10435,6,4,240,4,0,0,0,PortScan
0,1,20,840,0,0,0,0,DoS-ICMP
56982,6,8,464,8,8,0,0,SSH-Bruteforce
80,6,20,1200,20,0,0,0,DoS-SYN-Flood
39902,17,20,27980,0,0,0,0,BENIGN
80,6,20,1200,20,0,0,0,DoS-SYN-Flood
80,6,20,1480,20,0,0,0,DoS-HTTP
80,6,20,1200,20,0,0,0,DoS-SYN-Flood
2682,6,4,240,4,0,0,0,PortScan
61977,6,6,348,6,6,0,0,SSH-Bruteforce
80,6,20,1480,20,0,0,0,DoS-HTTP
80,6,20,1200,20,0,0,0,DoS-SYN-Flood
6103,6,4,240,4,0,0,0,PortScan
80,6,20,1480,20,0,0,0,DoS-HTTP
80,17,20,1200,0,0,0,0,DoS-UDP
36520,17,20,27980,0,0,0,0,BENIGN
0,1,20,1200,0,0,0,0,DoS-ICMP
22,6,20,1200,0,0,20,0,SSH-Bruteforce
0,1,20,1200,0,0,0,0,DoS-ICMP
696,6,2,116,2,2,0,0,SSH-Bruteforce
80,6,20,1480,20,0,0,0,DoS-HTTP
80,6,20,1200,20,0,0,0,DoS-SYN-Flood
22,6,20,1200,5,0,15,0,SSH-Bruteforce
80,6,20,1200,20,0,0,0,DoS-SYN-Flood
80,17,20,1200,0,0,0,0,DoS-UDP
0,1,20,1200,0,0,0,0,DoS-ICMP
0,1,20,840,0,0,0,0,DoS-ICMP
9444,6,4,240,4,0,0,0,PortScan
80,17,20,1200,0,0,0,0,DoS-UDP
80,6,20,1200,20,0,0,0,DoS-SYN-Flood
80,17,20,1200,0,0,0,0,DoS-UDP
0,1,20,840,0,0,0,0,DoS-ICMP
80,6,20,1200,20,0,0,0,DoS-SYN-Flood
80,17,20,1200,0,0,0,0,DoS-UDP
21113,6,2,120,2,0,0,0,PortScan
80,6,20,1200,20,0,0,0,DoS-SYN-Flood
80,17,20,1200,0,0,0,0,DoS-UDP
0,1,20,840,0,0,0,0,DoS-ICMP
80,17,20,1200,0,0,0,0,DoS-UDP
80,17,20,1200,0,0,0,0,DoS-UDP
0,1,20,1200,0,0,0,0,DoS-ICMP
0,1,20,840,0,0,0,0,DoS-ICMP
42440,17,20,27980,0,0,0,0,BENIGN
80,6,20,1200,20,0,0,0,DoS-SYN-Flood
80,17,20,1200,0,0,0,0,DoS-UDP
0,1,20,1200,0,0,0,0,DoS-ICMP
80,6,20,1200,20,0,0,0,DoS-SYN-Flood
80,6,20,1200,20,0,0,0,DoS-SYN-Flood
22,6,20,1200,16,0,4,0,SSH-Bruteforce
80,6,20,1200,20,0,0,0,DoS-SYN-Flood
80,17,20,1200,0,0,0,0,DoS-UDP
36452,6,7,406,7,7,0,0,SSH-Bruteforce
40788,6,7,406,7,7,0,0,SSH-Bruteforce
0,1,20,840,0,0,0,0,DoS-ICMP
32670,6,2,120,2,0,0,0,PortScan
80,6,20,1200,20,0,0,0,DoS-SYN-Flood
80,6,20,1200,20,0,0,0,DoS-SYN-Flood
38213,6,2,120,2,0,0,0,PortScan
80,17,20,1200,0,0,0,0,DoS-UDP
80,6,20,1200,20,0,0,0,DoS-SYN-Flood
80,6,20,1480,20,0,0,0,DoS-HTTP
21944,6,7,406,7,7,0,0,SSH-Bruteforce
2164,6,4,240,4,0,0,0,PortScan
49516,6,10,5059,1,10,0,1,BENIGN
8492,6,6,360,6,0,0,0,PortScan
80,6,20,1200,20,0,0,0,DoS-SYN-Flood
0,1,20,840,0,0,0,0,DoS-ICMP
80,6,20,1480,20,0,0,0,DoS-HTTP
62992,6,2,120,2,0,0,0,PortScan
80,6,20,1480,20,0,0,0,DoS-HTTP
80,17,20,1200,0,0,0,0,DoS-UDP
80,6,20,1480,20,0,0,0,DoS-HTTP
63259,6,2,120,2,0,0,0,PortScan
6474,6,9,522,9,9,0,0,SSH-Bruteforce
80,6,20,1480,20,0,0,0,DoS-HTTP
0,1,20,840,0,0,0,0,DoS-ICMP
53308,6,20,29080,0,20,0,0,BENIGN
80,6,20,1480,20,0,0,0,DoS-HTTP
80,6,20,1480,20,0,0,0,DoS-HTTP
80,17,20,1200,0,0,0,0,DoS-UDP
80,6,20,1480,20,0,0,0,DoS-HTTP
80,6,20,1480,20,0,0,0,DoS-HTTP
80,6,20,1480,20,0,0,0,DoS-HTTP
80,17,20,1200,0,0,0,0,DoS-UDP
8778,6,9,522,9,9,0,0,SSH-Bruteforce
80,17,20,1200,0,0,0,0,DoS-UDP
80,6,20,1200,20,0,0,0,DoS-SYN-Flood
55025,6,4,240,4,0,0,0,PortScan
54829,17,20,27980,0,0,0,0,BENIGN
80,6,20,1480,20,0,0,0,DoS-HTTP
22,6,20,1200,20,0,0,0,SSH-Bruteforce
25837,6,2,120,2,0,0,0,PortScan
80,6,20,1200,20,0,0,0,DoS-SYN-Flood
80,6,20,1480,20,0,0,0,DoS-HTTP
80,17,20,1200,0,0,0,0,DoS-UDP
80,6,20,1480,20,0,0,0,DoS-HTTP
80,6,20,1480,20,0,0,0,DoS-HTTP
0,1,20,840,0,0,0,0,DoS-ICMP
80,17,20,1200,0,0,0,0,DoS-UDP
80,6,20,1480,20,0,0,0,DoS-HTTP
0,1,20,1200,0,0,0,0,DoS-ICMP
0,1,20,1200,0,0,0,0,DoS-ICMP
32076,6,4,240,4,0,0,0,PortScan
0,1,20,840,0,0,0,0,DoS-ICMP
80,6,20,1200,20,0,0,0,DoS-SYN-Flood
0,1,20,1200,0,0,0,0,DoS-ICMP
3732,6,6,348,6,6,0,0,SSH-Bruteforce
80,17,20,1200,0,0,0,0,DoS-UDP
0,1,20,1200,0,0,0,0,DoS-ICMP
80,17,20,1200,0,0,0,0,DoS-UDP
0,1,20,840,0,0,0,0,DoS-ICMP
80,17,20,1200,0,0,0,0,DoS-UDP
0,1,20,1200,0,0,0,0,DoS-ICMP
80,6,20,1200,20,0,0,0,DoS-SYN-Flood
53026,6,4,240,4,0,0,0,PortScan
0,1,20,1200,0,0,0,0,DoS-ICMP
22,6,20,1200,19,0,1,0,SSH-Bruteforce
43678,17,20,27980,0,0,0,0,BENIGN
0,1,20,1200,0,0,0,0,DoS-ICMP
80,6,20,1480,20,0,0,0,DoS-HTTP
80,17,20,1200,0,0,0,0,DoS-UDP
12972,6,5,290,5,5,0,0,SSH-Bruteforce
58941,6,4,240,4,0,0,0,PortScan
80,6,20,1480,20,0,0,0,DoS-HTTP
39902,17,20,27980,0,0,0,0,BENIGN
22,6,20,1200,20,0,0,0,SSH-Bruteforce
22,6,20,1200,20,0,0,0,SSH-Bruteforce
32791,6,5,290,5,5,0,0,SSH-Bruteforce
80,17,20,1200,0,0,0,0,DoS-UDP
58626,6,4,240,4,0,0,0,PortScan
80,6,20,1480,20,0,0,0,DoS-HTTP
22,6,20,1200,20,0,0,0,SSH-Bruteforce
80,17,20,1200,0,0,0,0,DoS-UDP
80,6,20,1480,20,0,0,0,DoS-HTTP
80,6,20,1480,20,0,0,0,DoS-HTTP
22,6,20,1200,0,0,20,0,SSH-Bruteforce
80,17,20,1200,0,0,0,0,DoS-UDP
57211,6,8,464,8,8,0,0,SSH-Bruteforce
80,6,20,1480,20,0,0,0,DoS-HTTP
22,6,20,1200,20,0,0,0,SSH-Bruteforce
80,17,20,1200,0,0,0,0,DoS-UDP
22,6,20,1200,20,0,0,0,SSH-Bruteforce
80,17,20,1200,0,0,0,0,DoS-UDP
22,6,20,1200,20,0,0,0,SSH-Bruteforce
37524,6,4,240,4,0,0,0,PortScan
80,6,20,1480,20,0,0,0,DoS-HTTP
0,1,20,1200,0,0,0,0,DoS-ICMP
80,17,20,1200,0,0,0,0,DoS-UDP
34804,6,2,120,2,0,0,0,PortScan
80,17,20,1200,0,0,0,0,DoS-UDP
80,6,20,1480,20,0,0,0,DoS-HTTP
28022,6,11,638,11,11,0,0,SSH-Bruteforce
80,6,20,1200,20,0,0,0,DoS-SYN-Flood
0,1,20,1200,0,0,0,0,DoS-ICMP
22,6,20,1200,20,0,0,0,SSH-Bruteforce
80,17,20,1200,0,0,0,0,DoS-UDP
21141,6,10,580,10,10,0,0,SSH-Bruteforce
0,1,20,1200,0,0,0,0,DoS-ICMP
43678,17,20,27980,0,0,0,0,BENIGN
22,6,20,1200,4,0,16,0,SSH-Bruteforce
4117,6,4,240,4,0,0,0,PortScan
80,6,20,1480,20,0,0,0,DoS-HTTP
80,6,20,1480,20,0,0,0,DoS-HTTP
80,6,20,1200,20,0,0,0,DoS-SYN-Flood
15930,6,2,120,2,0,0,0,PortScan
38392,6,2,120,2,0,0,0,PortScan
80,6,20,1200,20,0,0,0,DoS-SYN-Flood
17730,6,4,240,4,0,0,0,PortScan
29563,6,2,120,2,0,0,0,PortScan
80,17,20,1200,0,0,0,0,DoS-UDP
0,1,20,840,0,0,0,0,DoS-ICMP
0,1,20,840,0,0,0,0,DoS-ICMP
80,6,20,1480,20,0,0,0,DoS-HTTP
56859,6,9,522,9,9,0,0,SSH-Bruteforce
0,1,20,840,0,0,0,0,DoS-ICMP
80,6,20,1480,20,0,0,0,DoS-HTTP
0,1,20,840,0,0,0,0,DoS-ICMP
80,6,20,1200,20,0,0,0,DoS-SYN-Flood
0,1,20,840,0,0,0,0,DoS-ICMP
80,6,20,1480,20,0,0,0,DoS-HTTP
80,6,20,1480,20,0,0,0,DoS-HTTP
8428,6,4,240,4,0,0,0,PortScan
49734,6,2,120,2,0,0,0,PortScan
20374,6,6,348,6,6,0,0,SSH-Bruteforce
53272,6,20,29080,0,20,0,0,BENIGN
0,1,20,840,0,0,0,0,DoS-ICMP
13300,6,4,240,4,0,0,0,PortScan
80,6,20,1200,20,0,0,0,DoS-SYN-Flood
28845,6,7,406,7,7,0,0,SSH-Bruteforce
80,6,20,1200,20,0,0,0,DoS-SYN-Flood
80,17,20,1200,0,0,0,0,DoS-UDP
80,17,20,1200,0,0,0,0,DoS-UDP
18723,6,10,576,9,9,1,0,SSH-Bruteforce
80,6,20,1200,20,0,0,0,DoS-SYN-Flood
0,1,20,840,0,0,0,0,DoS-ICMP
33595,17,20,23159,0,0,0,0,BENIGN
80,6,20,1480,20,0,0,0,DoS-HTTP
13758,6,4,240,4,0,0,0,PortScan
80,6,20,1200,20,0,0,0,DoS-SYN-Flood
60504,6,9,522,9,9,0,0,SSH-Bruteforce
80,6,20,1200,20,0,0,0,DoS-SYN-Flood
80,17,20,1200,0,0,0,0,DoS-UDP
80,6,20,1480,20,0,0,0,DoS-HTTP
21965,6,6,348,6,6,0,0,SSH-Bruteforce
0,1,20,840,0,0,0,0,DoS-ICMP
22,6,20,1200,0,0,20,0,SSH-Bruteforce
80,6,20,1480,20,0,0,0,DoS-HTTP
0,1,20,1200,0,0,0,0,DoS-ICMP
22,6,20,1200,2,0,18,0,SSH-Bruteforce
80,17,20,1200,0,0,0,0,DoS-UDP
80,6,20,1480,20,0,0,0,DoS-HTTP
80,17,20,1200,0,0,0,0,DoS-UDP
4890,6,4,240,4,0,0,0,PortScan
80,17,20,1200,0,0,0,0,DoS-UDP
80,6,20,1480,20,0,0,0,DoS-HTTP
80,6,20,1480,20,0,0,0,DoS-HTTP
0,1,20,1200,0,0,0,0,DoS-ICMP
80,6,20,1480,20,0,0,0,DoS-HTTP
1166,6,6,360,6,0,0,0,PortScan
80,6,20,1200,20,0,0,0,DoS-SYN-Flood
80,17,20,1200,0,0,0,0,DoS-UDP
80,6,20,1480,20,0,0,0,DoS-HTTP
80,17,20,1200,0,0,0,0,DoS-UDP
80,6,20,1200,20,0,0,0,DoS-SYN-Flood
22,6,20,1200,0,0,20,0,SSH-Bruteforce
80,6,20,1480,20,0,0,0,DoS-HTTP
80,6,20,1480,20,0,0,0,DoS-HTTP
28275,6,2,120,2,0,0,0,PortScan
80,6,20,1200,20,0,0,0,DoS-SYN-Flood
15106,6,2,120,2,0,0,0,PortScan
21934,6,2,120,2,0,0,0,PortScan
80,6,20,1480,20,0,0,0,DoS-HTTP
80,6,20,1480,20,0,0,0,DoS-HTTP
80,6,20,1480,20,0,0,0,DoS-HTTP
20692,6,4,240,4,0,0,0,PortScan
80,17,20,1200,0,0,0,0,DoS-UDP
9465,6,6,348,6,6,0,0,SSH-Bruteforce
80,6,20,1480,20,0,0,0,DoS-HTTP
0,1,20,1200,0,0,0,0,DoS-ICMP
37921,6,4,240,4,0,0,0,PortScan
3679,6,4,240,4,0,0,0,PortScan
22,6,20,1200,0,0,20,0,SSH-Bruteforce
80,17,20,1200,0,0,0,0,DoS-UDP
80,6,20,1200,20,0,0,0,DoS-SYN-Flood
19366,6,4,240,4,0,0,0,PortScan
54186,6,4,240,4,0,0,0,PortScan
0,1,20,840,0,0,0,0,DoS-ICMP
54829,17,20,27980,0,0,0,0,BENIGN
0,1,20,840,0,0,0,0,DoS-ICMP
80,17,20,1200,0,0,0,0,DoS-UDP
80,6,20,1480,20,0,0,0,DoS-HTTP
80,6,20,1200,20,0,0,0,DoS-SYN-Flood
80,17,20,1200,0,0,0,0,DoS-UDP
80,6,20,1480,20,0,0,0,DoS-HTTP
0,1,20,1200,0,0,0,0,DoS-ICMP
80,6,20,1480,20,0,0,0,DoS-HTTP
80,17,20,1200,0,0,0,0,DoS-UDP
6550,6,8,464,8,8,0,0,SSH-Bruteforce
48337,6,7,406,7,7,0,0,SSH-Bruteforce
22,6,20,1200,0,0,20,0,SSH-Bruteforce
22,6,20,1200,15,0,5,0,SSH-Bruteforce
0,1,20,1200,0,0,0,0,DoS-ICMP
57565,6,7,406,7,7,0,0,SSH-Bruteforce
52509,6,4,240,4,0,0,0,PortScan
55677,6,6,348,6,6,0,0,SSH-Bruteforce
37799,6,10,580,10,10,0,0,SSH-Bruteforce
30194,6,2,120,2,0,0,0,PortScan
59302,6,2,120,2,0,0,0,PortScan
6350,6,6,360,6,0,0,0,PortScan
59646,6,20,29200,0,20,0,0,BENIGN
53943,6,9,522,9,9,0,0,SSH-Bruteforce
80,6,20,1200,20,0,0,0,DoS-SYN-Flood
28487,6,2,120,2,0,0,0,PortScan
36520,17,20,27980,0,0,0,0,BENIGN
48595,6,2,120,2,0,0,0,PortScan
80,17,20,1200,0,0,0,0,DoS-UDP
22,6,20,1200,20,0,0,0,SSH-Bruteforce
22,6,20,1200,20,0,0,0,SSH-Bruteforce
59508,6,4,240,4,0,0,0,PortScan
443,6,20,13103,0,20,0,0,BENIGN
80,6,20,1480,20,0,0,0,DoS-HTTP
0,1,20,1200,0,0,0,0,DoS-ICMP
0,1,20,1200,0,0,0,0,DoS-ICMP
80,6,20,1480,20,0,0,0,DoS-HTTP
0,1,20,1200,0,0,0,0,DoS-ICMP
42823,6,2,120,2,0,0,0,PortScan
80,6,20,1480,20,0,0,0,DoS-HTTP
34419,6,2,120,2,0,0,0,PortScan
80,17,20,1200,0,0,0,0,DoS-UDP
80,17,20,1200,0,0,0,0,DoS-UDP
56604,6,2,120,2,0,0,0,PortScan
80,17,20,1200,0,0,0,0,DoS-UDP
80,6,20,1480,20,0,0,0,DoS-HTTP
57179,6,4,240,4,0,0,0,PortScan
80,6,20,1480,20,0,0,0,DoS-HTTP
80,6,20,1200,20,0,0,0,DoS-SYN-Flood
0,1,20,1200,0,0,0,0,DoS-ICMP
80,17,20,1200,0,0,0,0,DoS-UDP
80,6,20,1200,20,0,0,0,DoS-SYN-Flood
20368,6,6,348,6,6,0,0,SSH-Bruteforce
53092,17,20,27980,0,0,0,0,BENIGN
80,17,20,1200,0,0,0,0,DoS-UDP
80,6,20,1480,20,0,0,0,DoS-HTTP
80,6,20,1200,20,0,0,0,DoS-SYN-Flood
0,1,20,1200,0,0,0,0,DoS-ICMP
55421,6,2,120,2,0,0,0,PortScan
80,17,20,1200,0,0,0,0,DoS-UDP
80,6,20,1480,20,0,0,0,DoS-HTTP
80,6,20,1200,20,0,0,0,DoS-SYN-Flood
80,6,20,1480,20,0,0,0,DoS-HTTP
80,6,20,1200,20,0,0,0,DoS-SYN-Flood
48279,6,2,120,2,0,0,0,PortScan
39902,17,20,27980,0,0,0,0,BENIGN
80,6,20,1200,20,0,0,0,DoS-SYN-Flood
80,6,20,1480,20,0,0,0,DoS-HTTP
80,17,20,1200,0,0,0,0,DoS-UDP
22,6,20,1200,0,0,20,0,SSH-Bruteforce
80,6,20,1480,20,0,0,0,DoS-HTTP
80,6,20,1480,20,0,0,0,DoS-HTTP
80,6,20,1480,20,0,0,0,DoS-HTTP
12805,6,6,360,6,0,0,0,PortScan
80,17,20,1200,0,0,0,0,DoS-UDP
22,6,20,1200,4,0,16,0,SSH-Bruteforce
80,17,20,1200,0,0,0,0,DoS-UDP
5843,6,9,522,9,9,0,0,SSH-Bruteforce
56836,6,8,464,8,8,0,0,SSH-Bruteforce
80,6,20,1480,20,0,0,0,DoS-HTTP
0,1,20,1200,0,0,0,0,DoS-ICMP
0,1,20,1200,0,0,0,0,DoS-ICMP
80,6,20,1480,20,0,0,0,DoS-HTTP
80,6,20,1200,20,0,0,0,DoS-SYN-Flood
80,6,20,1480,20,0,0,0,DoS-HTTP
80,17,20,1200,0,0,0,0,DoS-UDP
36917,6,2,120,2,0,0,0,PortScan
33263,6,2,120,2,0,0,0,PortScan
8921,6,4,240,4,0,0,0,PortScan
80,6,20,1480,20,0,0,0,DoS-HTTP
19521,6,2,120,2,0,0,0,PortScan
80,6,20,1200,20,0,0,0,DoS-SYN-Flood
10672,6,4,240,4,0,0,0,PortScan
80,17,20,1200,0,0,0,0,DoS-UDP
80,17,20,1200,0,0,0,0,DoS-UDP
80,6,20,1200,20,0,0,0,DoS-SYN-Flood
0,1,20,840,0,0,0,0,DoS-ICMP
80,17,20,1200,0,0,0,0,DoS-UDP
80,6,20,1480,20,0,0,0,DoS-HTTP
0,1,20,1200,0,0,0,0,DoS-ICMP
80,6,20,1200,20,0,0,0,DoS-SYN-Flood
80,17,20,1200,0,0,0,0,DoS-UDP
0,1,20,840,0,0,0,0,DoS-ICMP
80,17,20,1200,0,0,0,0,DoS-UDP
80,6,20,1200,20,0,0,0,DoS-SYN-Flood
80,17,20,1200,0,0,0,0,DoS-UDP
80,6,20,1480,20,0,0,0,DoS-HTTP
0,1,20,840,0,0,0,0,DoS-ICMP
55246,6,2,120,2,0,0,0,PortScan
80,17,20,1200,0,0,0,0,DoS-UDP
0,1,20,840,0,0,0,0,DoS-ICMP
80,6,20,1200,20,0,0,0,DoS-SYN-Flood
80,6,20,1480,20,0,0,0,DoS-HTTP
80,17,20,1200,0,0,0,0,DoS-UDP
40196,6,4,240,4,0,0,0,PortScan
0,1,20,1200,0,0,0,0,DoS-ICMP
80,6,20,1200,20,0,0,0,DoS-SYN-Flood
80,17,20,1200,0,0,0,0,DoS-UDP
418,6,6,360,6,0,0,0,PortScan
80,17,20,1200,0,0,0,0,DoS-UDP
54804,6,7,406,7,7,0,0,SSH-Bruteforce
62698,6,2,120,2,0,0,0,PortScan
37503,6,10,580,10,10,0,0,SSH-Bruteforce
80,6,20,1200,20,0,0,0,DoS-SYN-Flood
0,1,20,1200,0,0,0,0,DoS-ICMP
80,6,20,1480,20,0,0,0,DoS-HTTP
14860,6,4,240,4,0,0,0,PortScan
80,6,20,1480,20,0,0,0,DoS-HTTP
18641,6,4,240,4,0,0,0,PortScan
80,6,20,1480,20,0,0,0,DoS-HTTP
12310,6,6,360,6,0,0,0,PortScan
36268,17,20,27379,0,0,0,0,BENIGN
80,6,20,1200,20,0,0,0,DoS-SYN-Flood
0,1,20,840,0,0,0,0,DoS-ICMP
33240,6,20,29200,0,20,0,0,BENIGN
55543,6,6,348,6,6,0,0,SSH-Bruteforce
80,17,20,1200,0,0,0,0,DoS-UDP
80,6,20,1200,20,0,0,0,DoS-SYN-Flood
0,1,20,1200,0,0,0,0,DoS-ICMP
0,1,20,840,0,0,0,0,DoS-ICMP
56496,6,2,120,2,0,0,0,PortScan
0,1,20,840,0,0,0,0,DoS-ICMP
80,6,20,1480,20,0,0,0,DoS-HTTP
8717,6,4,240,4,0,0,0,PortScan
22,6,20,1200,8,0,12,0,SSH-Bruteforce
80,6,20,1480,20,0,0,0,DoS-HTTP
80,6,20,1200,20,0,0,0,DoS-SYN-Flood
62458,6,2,120,2,0,0,0,PortScan
10898,6,6,360,6,0,0,0,PortScan
80,6,20,1200,20,0,0,0,DoS-SYN-Flood
80,6,20,1200,20,0,0,0,DoS-SYN-Flood
80,6,20,1200,20,0,0,0,DoS-SYN-Flood
12112,6,8,464,8,8,0,0,SSH-Bruteforce
80,6,20,1480,20,0,0,0,DoS-HTTP
34161,6,9,522,9,9,0,0,SSH-Bruteforce
80,6,20,1200,20,0,0,0,DoS-SYN-Flood
80,17,20,1200,0,0,0,0,DoS-UDP
26865,6,2,120,2,0,0,0,PortScan
0,1,20,840,0,0,0,0,DoS-ICMP
24985,6,9,522,9,9,0,0,SSH-Bruteforce
80,6,20,1480,20,0,0,0,DoS-HTTP
80,17,20,1200,0,0,0,0,DoS-UDP
22948,6,4,240,4,0,0,0,PortScan
80,17,20,1200,0,0,0,0,DoS-UDP
27793,6,5,290,5,5,0,0,SSH-Bruteforce
46398,17,20,27980,0,0,0,0,BENIGN
52777,6,2,120,2,0,0,0,PortScan
80,6,20,1480,20,0,0,0,DoS-HTTP
24294,6,2,120,2,0,0,0,PortScan
80,6,20,1200,20,0,0,0,DoS-SYN-Flood
80,6,20,1480,20,0,0,0,DoS-HTTP
80,6,20,1200,20,0,0,0,DoS-SYN-Flood
22,6,20,1200,18,0,2,0,SSH-Bruteforce
22,6,20,1200,20,0,0,0,SSH-Bruteforce
80,17,20,1200,0,0,0,0,DoS-UDP
33044,6,4,240,4,0,0,0,PortScan
38626,6,2,120,2,0,0,0,PortScan
80,6,20,1200,20,0,0,0,DoS-SYN-Flood
80,6,20,1200,20,0,0,0,DoS-SYN-Flood
33240,6,20,29200,0,20,0,0,BENIGN
47845,6,7,406,7,7,0,0,SSH-Bruteforce
0,1,20,840,0,0,0,0,DoS-ICMP
59804,6,20,17194,0,20,0,0,BENIGN
0,1,20,1200,0,0,0,0,DoS-ICMP
80,6,20,1480,20,0,0,0,DoS-HTTP
47975,6,11,638,11,11,0,0,SSH-Bruteforce
80,17,20,1200,0,0,0,0,DoS-UDP
0,1,20,840,0,0,0,0,DoS-ICMP
80,17,20,1200,0,0,0,0,DoS-UDP
80,6,20,1480,20,0,0,0,DoS-HTTP
80,17,20,1200,0,0,0,0,DoS-UDP
0,1,20,1200,0,0,0,0,DoS-ICMP
80,6,20,1480,20,0,0,0,DoS-HTTP
80,6,20,1200,20,0,0,0,DoS-SYN-Flood
80,17,20,1200,0,0,0,0,DoS-UDP
80,6,20,1200,20,0,0,0,DoS-SYN-Flood
80,17,20,1200,0,0,0,0,DoS-UDP
49370,6,13,2249,1,13,0,1,BENIGN
0,1,20,840,0,0,0,0,DoS-ICMP
0,1,20,1200,0,0,0,0,DoS-ICMP
0,1,20,1200,0,0,0,0,DoS-ICMP
80,6,20,1200,20,0,0,0,DoS-SYN-Flood
80,6,20,1200,20,0,0,0,DoS-SYN-Flood
80,17,20,1200,0,0,0,0,DoS-UDP
80,17,20,1200,0,0,0,0,DoS-UDP
80,6,20,1200,20,0,0,0,DoS-SYN-Flood
80,6,20,1480,20,0,0,0,DoS-HTTP
42904,17,20,27980,0,0,0,0,BENIGN
0,1,20,1200,0,0,0,0,DoS-ICMP
80,6,20,1200,20,0,0,0,DoS-SYN-Flood
33240,6,20,29140,0,20,0,0,BENIGN
57093,6,2,120,2,0,0,0,PortScan
0,1,20,840,0,0,0,0,DoS-ICMP
80,17,20,1200,0,0,0,0,DoS-UDP
58003,6,2,120,2,0,0,0,PortScan
0,1,20,1200,0,0,0,0,DoS-ICMP
41671,6,2,120,2,0,0,0,PortScan
0,1,20,1200,0,0,0,0,DoS-ICMP
22,6,20,1200,14,0,6,0,SSH-Bruteforce
40166,6,11,638,11,11,0,0,SSH-Bruteforce
0,1,20,840,0,0,0,0,DoS-ICMP
14005,6,9,522,9,9,0,0,SSH-Bruteforce
80,6,20,1200,20,0,0,0,DoS-SYN-Flood
80,6,20,1480,20,0,0,0,DoS-HTTP
0,1,20,840,0,0,0,0,DoS-ICMP
36520,17,20,27980,0,0,0,0,BENIGN
80,17,20,1200,0,0,0,0,DoS-UDP
49169,6,2,120,2,0,0,0,PortScan
80,6,20,1480,20,0,0,0,DoS-HTTP
80,6,20,1480,20,0,0,0,DoS-HTTP
80,6,20,1200,20,0,0,0,DoS-SYN-Flood
80,6,20,1480,20,0,0,0,DoS-HTTP
80,6,20,1200,20,0,0,0,DoS-SYN-Flood
14993,6,6,348,6,6,0,0,SSH-Bruteforce
28712,6,2,120,2,0,0,0,PortScan
80,6,20,1480,20,0,0,0,DoS-HTTP
3911,6,4,240,4,0,0,0,PortScan
80,17,20,1200,0,0,0,0,DoS-UDP
4606,6,4,240,4,0,0,0,PortScan
80,6,20,1200,20,0,0,0,DoS-SYN-Flood
80,6,20,1200,20,0,0,0,DoS-SYN-Flood
0,1,20,1200,0,0,0,0,DoS-ICMP
0,1,20,1200,0,0,0,0,DoS-ICMP
80,17,20,1200,0,0,0,0,DoS-UDP
0,1,20,840,0,0,0,0,DoS-ICMP
80,6,20,1480,20,0,0,0,DoS-HTTP
80,17,20,1200,0,0,0,0,DoS-UDP
80,6,20,1200,20,0,0,0,DoS-SYN-Flood
0,1,20,1200,0,0,0,0,DoS-ICMP
22,6,20,1200,0,0,20,0,SSH-Bruteforce
80,6,20,1200,20,0,0,0,DoS-SYN-Flood
0,1,20,840,0,0,0,0,DoS-ICMP
47998,6,2,120,2,0,0,0,PortScan
38656,6,2,120,2,0,0,0,PortScan
80,6,20,1480,20,0,0,0,DoS-HTTP
80,6,20,1200,20,0,0,0,DoS-SYN-Flood
80,6,20,1480,20,0,0,0,DoS-HTTP
80,17,20,1200,0,0,0,0,DoS-UDP
0,1,20,1200,0,0,0,0,DoS-ICMP
0,1,20,1200,0,0,0,0,DoS-ICMP
53526,6,4,240,4,0,0,0,PortScan
0,1,20,1200,0,0,0,0,DoS-ICMP
46930,6,9,522,9,9,0,0,SSH-Bruteforce
80,6,20,1480,20,0,0,0,DoS-HTTP
22,6,20,1200,10,0,10,0,SSH-Bruteforce
80,6,20,1480,20,0,0,0,DoS-HTTP
80,17,20,1200,0,0,0,0,DoS-UDP
62822,6,4,240,4,0,0,0,PortScan
42164,6,7,406,7,7,0,0,SSH-Bruteforce
20871,6,4,240,4,0,0,0,PortScan
0,1,20,1200,0,0,0,0,DoS-ICMP
54829,17,20,27980,0,0,0,0,BENIGN
0,1,20,1200,0,0,0,0,DoS-ICMP
80,17,20,1200,0,0,0,0,DoS-UDP
6931,6,4,240,4,0,0,0,PortScan
33240,6,20,29080,0,20,0,0,BENIGN
38426,6,4,240,4,0,0,0,PortScan
38727,6,7,406,7,7,0,0,SSH-Bruteforce
80,6,20,1480,20,0,0,0,DoS-HTTP
80,17,20,1200,0,0,0,0,DoS-UDP
53572,6,4,240,4,0,0,0,PortScan
0,1,20,840,0,0,0,0,DoS-ICMP
27845,6,2,120,2,0,0,0,PortScan
80,6,20,1200,20,0,0,0,DoS-SYN-Flood
45617,6,4,240,4,0,0,0,PortScan
80,6,20,1480,20,0,0,0,DoS-HTTP
80,6,20,1480,20,0,0,0,DoS-HTTP
80,6,20,1480,20,0,0,0,DoS-HTTP
80,17,20,1200,0,0,0,0,DoS-UDP
58706,6,2,120,2,0,0,0,PortScan
80,6,20,1480,20,0,0,0,DoS-HTTP
0,1,20,1200,0,0,0,0,DoS-ICMP
0,1,20,1200,0,0,0,0,DoS-ICMP
80,6,20,1200,20,0,0,0,DoS-SYN-Flood
43992,17,20,27980,0,0,0,0,BENIGN
80,17,20,1200,0,0,0,0,DoS-UDP
6967,6,6,360,6,0,0,0,PortScan
80,17,20,1200,0,0,0,0,DoS-UDP
80,6,20,1200,20,0,0,0,DoS-SYN-Flood
43403,6,4,240,4,0,0,0,PortScan
80,6,20,1200,20,0,0,0,DoS-SYN-Flood
1568,6,4,240,4,0,0,0,PortScan
25933,6,2,120,2,0,0,0,PortScan
0,1,20,1200,0,0,0,0,DoS-ICMP
10458,6,9,522,9,9,0,0,SSH-Bruteforce
0,1,20,1200,0,0,0,0,DoS-ICMP
0,1,16,672,0,0,0,0,DoS-ICMP
80,17,20,1200,0,0,0,0,DoS-UDP
80,6,20,1200,20,0,0,0,DoS-SYN-Flood
80,6,20,1480,20,0,0,0,DoS-HTTP
80,6,20,1480,20,0,0,0,DoS-HTTP
80,6,20,1480,20,0,0,0,DoS-HTTP
80,6,20,1200,20,0,0,0,DoS-SYN-Flood
80,17,20,1200,0,0,0,0,DoS-UDP
80,6,20,1200,20,0,0,0,DoS-SYN-Flood
0,1,20,1200,0,0,0,0,DoS-ICMP
80,17,20,1200,0,0,0,0,DoS-UDP
41557,6,2,120,2,0,0,0,PortScan
80,6,20,1200,20,0,0,0,DoS-SYN-Flood
0,1,20,840,0,0,0,0,DoS-ICMP
0,1,20,840,0,0,0,0,DoS-ICMP
8375,6,9,522,9,9,0,0,SSH-Bruteforce
33240,6,20,29140,0,20,0,0,BENIGN
80,6,20,1200,20,0,0,0,DoS-SYN-Flood
80,17,20,1200,0,0,0,0,DoS-UDP
80,17,20,1200,0,0,0,0,DoS-UDP
32698,6,11,638,11,11,0,0,SSH-Bruteforce
80,6,20,1200,20,0,0,0,DoS-SYN-Flood
80,17,20,1200,0,0,0,0,DoS-UDP
59501,6,2,120,2,0,0,0,PortScan
0,1,20,1200,0,0,0,0,DoS-ICMP
80,6,20,1480,20,0,0,0,DoS-HTTP
80,6,20,1200,20,0,0,0,DoS-SYN-Flood
80,17,20,1200,0,0,0,0,DoS-UDP
37567,6,8,464,8,8,0,0,SSH-Bruteforce
80,6,20,1480,20,0,0,0,DoS-HTTP
80,6,20,1200,20,0,0,0,DoS-SYN-Flood
80,6,20,1480,20,0,0,0,DoS-HTTP
80,17,20,1200,0,0,0,0,DoS-UDP
27984,6,4,240,4,0,0,0,PortScan
22,6,20,1200,20,0,0,0,SSH-Bruteforce
0,1,20,840,0,0,0,0,DoS-ICMP
80,6,20,1480,20,0,0,0,DoS-HTTP
80,6,20,1480,20,0,0,0,DoS-HTTP
80,17,20,1200,0,0,0,0,DoS-UDP
80,6,20,1200,20,0,0,0,DoS-SYN-Flood
80,17,20,1200,0,0,0,0,DoS-UDP
80,6,20,1480,20,0,0,0,DoS-HTTP
80,6,20,1480,20,0,0,0,DoS-HTTP
0,1,20,840,0,0,0,0,DoS-ICMP
21041,6,4,240,4,0,0,0,PortScan
50707,6,4,240,4,0,0,0,PortScan
80,6,20,1200,20,0,0,0,DoS-SYN-Flood
15498,6,7,406,7,7,0,0,SSH-Bruteforce
80,6,20,1480,20,0,0,0,DoS-HTTP
0,1,20,1200,0,0,0,0,DoS-ICMP
667,6,4,240,4,0,0,0,PortScan
80,17,20,1200,0,0,0,0,DoS-UDP
54114,6,4,240,4,0,0,0,PortScan
0,1,20,1200,0,0,0,0,DoS-ICMP
0,1,20,840,0,0,0,0,DoS-ICMP
1372,6,3,174,3,3,0,0,SSH-Bruteforce
53308,6,20,28780,0,20,0,0,BENIGN
18316,6,2,120,2,0,0,0,PortScan
0,1,20,1200,0,0,0,0,DoS-ICMP
80,6,20,1200,20,0,0,0,DoS-SYN-Flood
8793,6,6,360,6,0,0,0,PortScan
80,17,20,1200,0,0,0,0,DoS-UDP
36520,17,20,27980,0,0,0,0,BENIGN
60394,17,20,24630,0,0,0,0,BENIGN
80,17,20,1200,0,0,0,0,DoS-UDP
80,17,20,1200,0,0,0,0,DoS-UDP
57517,6,7,406,7,7,0,0,SSH-Bruteforce
80,6,20,1480,20,0,0,0,DoS-HTTP
57593,6,6,348,6,6,0,0,SSH-Bruteforce
36520,17,20,27980,0,0,0,0,BENIGN
80,6,20,1200,20,0,0,0,DoS-SYN-Flood
22,6,20,1200,1,0,19,0,SSH-Bruteforce
80,17,20,1200,0,0,0,0,DoS-UDP
34606,6,2,120,2,0,0,0,PortScan
22,6,20,1200,17,0,3,0,SSH-Bruteforce
60886,6,20,29200,0,20,0,0,BENIGN
80,17,20,1200,0,0,0,0,DoS-UDP
52526,6,11,638,11,11,0,0,SSH-Bruteforce
53258,6,20,29200,0,20,0,0,BENIGN
80,6,20,1200,20,0,0,0,DoS-SYN-Flood
0,1,20,1200,0,0,0,0,DoS-ICMP
50765,6,4,240,4,0,0,0,PortScan
36520,17,20,27980,0,0,0,0,BENIGN
63592,6,4,240,4,0,0,0,PortScan
80,6,20,1480,20,0,0,0,DoS-HTTP
80,6,20,1200,20,0,0,0,DoS-SYN-Flood
80,17,20,1200,0,0,0,0,DoS-UDP
80,6,20,1200,20,0,0,0,DoS-SYN-Flood
35588,6,11,638,11,11,0,0,SSH-Bruteforce
80,6,20,1200,20,0,0,0,DoS-SYN-Flood
3347,6,4,240,4,0,0,0,PortScan
80,17,20,1200,0,0,0,0,DoS-UDP
54829,17,20,27980,0,0,0,0,BENIGN
42350,6,9,6607,0,9,0,1,BENIGN
80,17,20,1200,0,0,0,0,DoS-UDP
80,6,20,1480,20,0,0,0,DoS-HTTP
0,1,20,1200,0,0,0,0,DoS-ICMP
6676,6,4,240,4,0,0,0,PortScan
0,1,20,1200,0,0,0,0,DoS-ICMP
80,17,20,1200,0,0,0,0,DoS-UDP
36121,6,2,120,2,0,0,0,PortScan
80,6,20,1480,20,0,0,0,DoS-HTTP
80,6,20,1480,20,0,0,0,DoS-HTTP
80,6,20,1480,20,0,0,0,DoS-HTTP
5677,6,6,360,6,0,0,0,PortScan
80,6,20,1480,20,0,0,0,DoS-HTTP
20520,6,2,120,2,0,0,0,PortScan
0,1,20,840,0,0,0,0,DoS-ICMP
0,1,20,1200,0,0,0,0,DoS-ICMP
80,6,20,1200,20,0,0,0,DoS-SYN-Flood
0,1,20,840,0,0,0,0,DoS-ICMP
0,1,20,1200,0,0,0,0,DoS-ICMP
80,6,20,1480,20,0,0,0,DoS-HTTP
80,6,20,1200,20,0,0,0,DoS-SYN-Flood
80,6,20,1480,20,0,0,0,DoS-HTTP
80,6,20,1200,20,0,0,0,DoS-SYN-Flood
80,6,20,1200,20,0,0,0,DoS-SYN-Flood
48923,6,5,290,5,5,0,0,SSH-Bruteforce
62221,6,12,696,12,12,0,0,SSH-Bruteforce
80,6,20,1480,20,0,0,0,DoS-HTTP
80,17,20,1200,0,0,0,0,DoS-UDP
22,6,20,1200,20,0,0,0,SSH-Bruteforce
80,6,20,1200,20,0,0,0,DoS-SYN-Flood
3415,6,4,240,4,0,0,0,PortScan
0,1,20,840,0,0,0,0,DoS-ICMP
80,17,20,1200,0,0,0,0,DoS-UDP
21653,6,4,240,4,0,0,0,PortScan
80,6,20,1200,20,0,0,0,DoS-SYN-Flood
54829,17,20,27980,0,0,0,0,BENIGN
80,17,20,1200,0,0,0,0,DoS-UDP
0,1,20,1200,0,0,0,0,DoS-ICMP
80,6,20,1200,20,0,0,0,DoS-SYN-Flood
22,6,20,1200,20,0,0,0,SSH-Bruteforce
0,1,20,1200,0,0,0,0,DoS-ICMP
23043,6,4,240,4,0,0,0,PortScan
80,6,20,1480,20,0,0,0,DoS-HTTP
0,1,20,840,0,0,0,0,DoS-ICMP
80,17,20,1200,0,0,0,0,DoS-UDP
18695,6,2,120,2,0,0,0,PortScan
80,6,20,1200,20,0,0,0,DoS-SYN-Flood
63007,6,5,290,5,5,0,0,SSH-Bruteforce
80,6,20,1480,20,0,0,0,DoS-HTTP
80,6,20,1480,20,0,0,0,DoS-HTTP
80,6,20,1200,20,0,0,0,DoS-SYN-Flood
80,17,20,1200,0,0,0,0,DoS-UDP
80,6,20,1480,20,0,0,0,DoS-HTTP
80,17,20,1200,0,0,0,0,DoS-UDP
80,6,20,1200,20,0,0,0,DoS-SYN-Flood
80,17,20,1200,0,0,0,0,DoS-UDP
0,1,20,1200,0,0,0,0,DoS-ICMP
22,6,20,1200,0,0,20,0,SSH-Bruteforce
80,6,20,1480,20,0,0,0,DoS-HTTP
50324,6,8,464,8,8,0,0,SSH-Bruteforce
80,6,20,1480,20,0,0,0,DoS-HTTP
53167,6,8,464,8,8,0,0,SSH-Bruteforce
80,6,20,1480,20,0,0,0,DoS-HTTP
22,6,20,1200,0,0,20,0,SSH-Bruteforce
34372,17,2,254,0,0,0,0,BENIGN
0,1,20,840,0,0,0,0,DoS-ICMP
0,1,20,1200,0,0,0,0,DoS-ICMP
80,6,20,1480,20,0,0,0,DoS-HTTP
80,6,20,1200,20,0,0,0,DoS-SYN-Flood
50782,6,2,120,2,0,0,0,PortScan
22964,6,2,120,2,0,0,0,PortScan
80,6,20,1480,20,0,0,0,DoS-HTTP
80,17,20,1200,0,0,0,0,DoS-UDP
22,6,20,1200,20,0,0,0,SSH-Bruteforce
0,1,20,840,0,0,0,0,DoS-ICMP
80,17,20,1200,0,0,0,0,DoS-UDP
31289,6,2,120,2,0,0,0,PortScan
80,6,20,1200,20,0,0,0,DoS-SYN-Flood
44631,6,4,240,4,0,0,0,PortScan
80,17,20,1200,0,0,0,0,DoS-UDP
80,6,20,1200,20,0,0,0,DoS-SYN-Flood
80,17,20,1200,0,0,0,0,DoS-UDP
33240,6,20,28960,0,20,0,0,BENIGN
80,17,20,1200,0,0,0,0,DoS-UDP
22,6,20,1200,0,0,20,0,SSH-Bruteforce
80,6,20,1200,20,0,0,0,DoS-SYN-Flood
33240,6,20,28840,0,20,0,0,BENIGN
22,6,20,1200,3,0,17,0,SSH-Bruteforce
80,17,20,1200,0,0,0,0,DoS-UDP
11867,6,4,240,4,0,0,0,PortScan
29774,6,2,120,2,0,0,0,PortScan
80,6,20,1480,20,0,0,0,DoS-HTTP
0,1,20,840,0,0,0,0,DoS-ICMP
0,1,20,1200,0,0,0,0,DoS-ICMP
80,17,20,1200,0,0,0,0,DoS-UDP
80,17,20,1200,0,0,0,0,DoS-UDP
80,6,20,1200,20,0,0,0,DoS-SYN-Flood
19227,6,4,240,4,0,0,0,PortScan
80,6,20,1200,20,0,0,0,DoS-SYN-Flood
80,6,20,1480,20,0,0,0,DoS-HTTP
0,1,20,840,0,0,0,0,DoS-ICMP
0,1,20,840,0,0,0,0,DoS-ICMP
80,17,20,1200,0,0,0,0,DoS-UDP
30663,6,9,522,9,9,0,0,SSH-Bruteforce
0,1,20,1200,0,0,0,0,DoS-ICMP
80,17,20,1200,0,0,0,0,DoS-UDP
80,6,20,1480,20,0,0,0,DoS-HTTP
33240,6,20,28960,0,20,0,0,BENIGN
80,6,20,1200,20,0,0,0,DoS-SYN-Flood
0,1,20,1200,0,0,0,0,DoS-ICMP
80,17,20,1200,0,0,0,0,DoS-UDP
21068,6,2,120,2,0,0,0,PortScan
80,6,20,1480,20,0,0,0,DoS-HTTP
21051,6,4,240,4,0,0,0,PortScan
80,6,20,1200,20,0,0,0,DoS-SYN-Flood
0,1,20,1200,0,0,0,0,DoS-ICMP
67,17,3,969,0,0,0,0,DoS-HTTP
41542,6,2,120,2,0,0,0,PortScan
1807,6,4,240,4,0,0,0,PortScan
9886,6,7,406,7,7,0,0,SSH-Bruteforce
0,1,20,1200,0,0,0,0,DoS-ICMP
0,1,20,840,0,0,0,0,DoS-ICMP
80,6,20,1480,20,0,0,0,DoS-HTTP
7257,6,6,348,6,6,0,0,SSH-Bruteforce
80,6,20,1200,20,0,0,0,DoS-SYN-Flood
80,17,20,1200,0,0,0,0,DoS-UDP
54829,17,20,27980,0,0,0,0,BENIGN
80,6,20,1200,20,0,0,0,DoS-SYN-Flood
30586,6,7,406,7,7,0,0,SSH-Bruteforce
0,1,20,1200,0,0,0,0,DoS-ICMP
22,6,20,1200,0,0,20,0,SSH-Bruteforce
80,17,20,1200,0,0,0,0,DoS-UDP
80,6,20,1200,20,0,0,0,DoS-SYN-Flood
0,1,20,1200,0,0,0,0,DoS-ICMP
80,6,20,1200,20,0,0,0,DoS-SYN-Flood
80,6,20,1200,20,0,0,0,DoS-SYN-Flood
61329,6,4,240,4,0,0,0,PortScan
80,17,20,1200,0,0,0,0,DoS-UDP
80,6,20,1200,20,0,0,0,DoS-SYN-Flood
80,6,20,1200,20,0,0,0,DoS-SYN-Flood
50566,6,4,240,4,0,0,0,PortScan
80,6,20,1200,20,0,0,0,DoS-SYN-Flood
58331,6,2,120,2,0,0,0,PortScan
0,1,20,1200,0,0,0,0,DoS-ICMP
18623,6,4,240,4,0,0,0,PortScan
80,6,20,1200,20,0,0,0,DoS-SYN-Flood
43414,6,2,120,2,0,0,0,PortScan
43179,6,2,120,2,0,0,0,PortScan
52957,6,2,120,2,0,0,0,PortScan
80,17,20,1200,0,0,0,0,DoS-UDP
80,6,20,1480,20,0,0,0,DoS-HTTP
44707,6,4,240,4,0,0,0,PortScan
0,1,20,840,0,0,0,0,DoS-ICMP
80,6,20,1480,20,0,0,0,DoS-HTTP
80,17,20,1200,0,0,0,0,DoS-UDP
45095,6,2,120,2,0,0,0,PortScan
23332,6,7,406,7,7,0,0,SSH-Bruteforce
80,6,20,1200,20,0,0,0,DoS-SYN-Flood
59697,6,2,120,2,0,0,0,PortScan
0,1,20,840,0,0,0,0,DoS-ICMP
0,1,20,1200,0,0,0,0,DoS-ICMP
6066,6,4,240,4,0,0,0,PortScan
0,1,20,1200,0,0,0,0,DoS-ICMP
80,17,20,1200,0,0,0,0,DoS-UDP
80,6,20,1200,20,0,0,0,DoS-SYN-Flood
5720,6,7,406,7,7,0,0,SSH-Bruteforce
80,6,20,1200,20,0,0,0,DoS-SYN-Flood
0,1,20,1200,0,0,0,0,DoS-ICMP
80,17,20,1200,0,0,0,0,DoS-UDP
0,1,20,1200,0,0,0,0,DoS-ICMP
80,6,20,1200,20,0,0,0,DoS-SYN-Flood
41107,6,11,638,11,11,0,0,SSH-Bruteforce
80,6,20,1200,20,0,0,0,DoS-SYN-Flood
0,1,20,840,0,0,0,0,DoS-ICMP
80,6,20,1200,20,0,0,0,DoS-SYN-Flood
80,6,20,1200,20,0,0,0,DoS-SYN-Flood
80,6,20,1200,20,0,0,0,DoS-SYN-Flood
7432,6,6,360,6,0,0,0,PortScan
0,1,20,1200,0,0,0,0,DoS-ICMP
27979,6,10,580,10,10,0,0,SSH-Bruteforce
80,6,20,1200,20,0,0,0,DoS-SYN-Flood
80,17,20,1200,0,0,0,0,DoS-UDP
80,6,20,1200,20,0,0,0,DoS-SYN-Flood
80,6,20,1200,20,0,0,0,DoS-SYN-Flood
80,17,20,1200,0,0,0,0,DoS-UDP
80,6,20,1200,20,0,0,0,DoS-SYN-Flood
30328,6,7,406,7,7,0,0,SSH-Bruteforce
80,6,20,1200,20,0,0,0,DoS-SYN-Flood
80,6,20,1200,20,0,0,0,DoS-SYN-Flood
80,17,20,1200,0,0,0,0,DoS-UDP
80,6,20,1480,20,0,0,0,DoS-HTTP
80,6,20,1200,20,0,0,0,DoS-SYN-Flood
0,1,20,840,0,0,0,0,DoS-ICMP
0,1,20,1200,0,0,0,0,DoS-ICMP
22,6,20,1200,0,0,20,0,SSH-Bruteforce
80,6,20,1480,20,0,0,0,DoS-HTTP
80,6,20,1200,20,0,0,0,DoS-SYN-Flood
80,17,20,1200,0,0,0,0,DoS-UDP
22,6,20,1200,19,0,1,0,SSH-Bruteforce
80,6,20,1480,20,0,0,0,DoS-HTTP
80,17,20,1200,0,0,0,0,DoS-UDP
80,6,20,1200,20,0,0,0,DoS-SYN-Flood
80,6,20,1200,20,0,0,0,DoS-SYN-Flood
0,1,20,840,0,0,0,0,DoS-ICMP
80,6,20,1200,20,0,0,0,DoS-SYN-Flood
47856,6,7,406,7,7,0,0,SSH-Bruteforce
80,6,20,1480,20,0,0,0,DoS-HTTP
80,6,20,1480,20,0,0,0,DoS-HTTP
0,1,20,1200,0,0,0,0,DoS-ICMP
14897,6,7,406,7,7,0,0,SSH-Bruteforce
0,1,20,840,0,0,0,0,DoS-ICMP
80,6,20,1480,20,0,0,0,DoS-HTTP
80,17,20,1200,0,0,0,0,DoS-UDP
80,6,20,1480,20,0,0,0,DoS-HTTP
80,6,20,1200,20,0,0,0,DoS-SYN-Flood
0,1,20,1200,0,0,0,0,DoS-ICMP
80,6,20,1200,20,0,0,0,DoS-SYN-Flood
80,17,20,1200,0,0,0,0,DoS-UDP
80,17,20,1200,0,0,0,0,DoS-UDP
80,6,20,1200,20,0,0,0,DoS-SYN-Flood
80,6,20,1480,20,0,0,0,DoS-HTTP
80,6,20,1200,20,0,0,0,DoS-SYN-Flood
80,6,20,1480,20,0,0,0,DoS-HTTP
80,6,20,1480,20,0,0,0,DoS-HTTP
46398,17,20,27980,0,0,0,0,BENIGN
80,17,20,1200,0,0,0,0,DoS-UDP
36520,17,20,27980,0,0,0,0,BENIGN
80,6,20,1200,20,0,0,0,DoS-SYN-Flood
80,6,20,1200,20,0,0,0,DoS-SYN-Flood
80,17,20,1200,0,0,0,0,DoS-UDP
0,1,20,1200,0,0,0,0,DoS-ICMP
2498,6,4,240,4,0,0,0,PortScan
443,17,12,3634,0,0,0,0,BENIGN
80,6,20,1480,20,0,0,0,DoS-HTTP
0,1,20,1200,0,0,0,0,DoS-ICMP
80,6,20,1480,20,0,0,0,DoS-HTTP
80,6,20,1480,20,0,0,0,DoS-HTTP
80,6,20,1480,20,0,0,0,DoS-HTTP
20292,6,2,120,2,0,0,0,PortScan
80,17,20,1200,0,0,0,0,DoS-UDP
54829,17,20,19376,0,0,0,0,BENIGN
80,17,20,1200,0,0,0,0,DoS-UDP
80,6,20,1200,20,0,0,0,DoS-SYN-Flood
0,1,20,840,0,0,0,0,DoS-ICMP
80,17,20,1200,0,0,0,0,DoS-UDP
50567,6,4,240,4,0,0,0,PortScan
46605,6,2,120,2,0,0,0,PortScan
0,1,20,1200,0,0,0,0,DoS-ICMP
80,6,20,1200,20,0,0,0,DoS-SYN-Flood
80,6,20,1200,20,0,0,0,DoS-SYN-Flood
80,17,20,1200,0,0,0,0,DoS-UDP
80,17,20,1200,0,0,0,0,DoS-UDP
80,6,20,1200,20,0,0,0,DoS-SYN-Flood
80,17,20,1200,0,0,0,0,DoS-UDP
80,6,20,1480,20,0,0,0,DoS-HTTP
80,6,20,1480,20,0,0,0,DoS-HTTP
31165,6,4,240,4,0,0,0,PortScan
4477,6,4,240,4,0,0,0,PortScan
80,6,20,1200,20,0,0,0,DoS-SYN-Flood
80,6,20,1480,20,0,0,0,DoS-HTTP
56908,6,8,464,8,8,0,0,SSH-Bruteforce
0,1,20,1200,0,0,0,0,DoS-ICMP
80,6,20,1200,20,0,0,0,DoS-SYN-Flood
80,6,20,1480,20,0,0,0,DoS-HTTP
22,6,20,1200,20,0,0,0,SSH-Bruteforce
80,6,20,1200,20,0,0,0,DoS-SYN-Flood
22,6,20,1200,20,0,0,0,SSH-Bruteforce
80,17,20,1200,0,0,0,0,DoS-UDP
80,6,20,1200,20,0,0,0,DoS-SYN-Flood
63162,6,4,240,4,0,0,0,PortScan
41224,6,20,6279,1,20,0,0,BENIGN
80,17,20,1200,0,0,0,0,DoS-UDP
48638,6,4,240,4,0,0,0,PortScan
80,6,20,1480,20,0,0,0,DoS-HTTP
80,17,20,1200,0,0,0,0,DoS-UDP
80,6,20,1480,20,0,0,0,DoS-HTTP
80,6,20,1200,20,0,0,0,DoS-SYN-Flood
63580,6,4,240,4,0,0,0,PortScan
80,6,20,1200,20,0,0,0,DoS-SYN-Flood
80,17,20,1200,0,0,0,0,DoS-UDP
0,1,20,840,0,0,0,0,DoS-ICMP
30289,6,2,120,2,0,0,0,PortScan
0,1,20,1200,0,0,0,0,DoS-ICMP
53092,17,20,27980,0,0,0,0,BENIGN
0,1,20,1200,0,0,0,0,DoS-ICMP
80,6,20,1480,20,0,0,0,DoS-HTTP
46052,17,7,5866,0,0,0,0,BENIGN
80,17,20,1200,0,0,0,0,DoS-UDP
80,17,20,1200,0,0,0,0,DoS-UDP
18857,6,2,120,2,0,0,0,PortScan
80,6,20,1480,20,0,0,0,DoS-HTTP
51542,6,2,120,2,0,0,0,PortScan
0,1,20,1200,0,0,0,0,DoS-ICMP
0,1,20,1200,0,0,0,0,DoS-ICMP
443,6,15,918,0,15,0,1,BENIGN
80,6,20,1200,20,0,0,0,DoS-SYN-Flood
9500,6,4,240,4,0,0,0,PortScan
0,1,20,840,0,0,0,0,DoS-ICMP
49778,6,2,120,2,0,0,0,PortScan
80,6,20,1200,20,0,0,0,DoS-SYN-Flood
80,6,20,1480,20,0,0,0,DoS-HTTP
80,17,20,1200,0,0,0,0,DoS-UDP
45447,17,20,27980,0,0,0,0,BENIGN
28361,6,4,240,4,0,0,0,PortScan
80,6,20,1200,20,0,0,0,DoS-SYN-Flood
7570,6,8,464,8,8,0,0,SSH-Bruteforce
31898,6,7,406,7,7,0,0,SSH-Bruteforce
80,6,20,1200,20,0,0,0,DoS-SYN-Flood
42904,17,20,27980,0,0,0,0,BENIGN
80,17,20,1200,0,0,0,0,DoS-UDP
33471,6,5,290,5,5,0,0,SSH-Bruteforce
0,1,20,840,0,0,0,0,DoS-ICMP
0,1,20,840,0,0,0,0,DoS-ICMP
80,6,20,1480,20,0,0,0,DoS-HTTP
80,6,20,1480,20,0,0,0,DoS-HTTP
22,6,20,1200,0,0,20,0,SSH-Bruteforce
0,1,20,840,0,0,0,0,DoS-ICMP
80,6,20,1200,20,0,0,0,DoS-SYN-Flood
59366,6,8,464,8,8,0,0,SSH-Bruteforce
0,1,20,1200,0,0,0,0,DoS-ICMP
80,6,20,1480,20,0,0,0,DoS-HTTP
33556,6,2,120,2,0,0,0,PortScan
36520,17,20,27980,0,0,0,0,BENIGN
80,6,20,1200,20,0,0,0,DoS-SYN-Flood
0,1,20,840,0,0,0,0,DoS-ICMP
80,6,20,1480,20,0,0,0,DoS-HTTP
19881,6,2,120,2,0,0,0,PortScan
80,17,20,1200,0,0,0,0,DoS-UDP
22,6,20,1200,0,0,20,0,SSH-Bruteforce
0,1,20,1200,0,0,0,0,DoS-ICMP
0,1,20,1200,0,0,0,0,DoS-ICMP
0,1,20,1200,0,0,0,0,DoS-ICMP
80,17,20,1200,0,0,0,0,DoS-UDP
62346,6,2,120,2,0,0,0,PortScan
37533,6,4,240,4,0,0,0,PortScan
443,17,19,2989,0,0,0,0,BENIGN
0,1,20,1200,0,0,0,0,DoS-ICMP
80,17,20,1200,0,0,0,0,DoS-UDP
80,6,20,1480,20,0,0,0,DoS-HTTP
0,1,20,1200,0,0,0,0,DoS-ICMP
38716,6,2,120,2,0,0,0,PortScan
47844,17,2,538,0,0,0,0,BENIGN
80,6,20,1200,20,0,0,0,DoS-SYN-Flood
13855,6,7,406,7,7,0,0,SSH-Bruteforce
80,17,20,1200,0,0,0,0,DoS-UDP
64065,6,6,348,6,6,0,0,SSH-Bruteforce
0,1,20,1200,0,0,0,0,DoS-ICMP
80,6,20,1480,20,0,0,0,DoS-HTTP
22,6,20,1200,17,0,3,0,SSH-Bruteforce
80,17,20,1200,0,0,0,0,DoS-UDP
80,17,20,1200,0,0,0,0,DoS-UDP
80,17,20,1200,0,0,0,0,DoS-UDP
8896,6,4,232,4,4,0,0,SSH-Bruteforce
80,17,20,1200,0,0,0,0,DoS-UDP
80,17,20,1200,0,0,0,0,DoS-UDP
80,17,20,1200,0,0,0,0,DoS-UDP
22,6,20,1200,19,0,1,0,SSH-Bruteforce
27757,6,8,464,8,8,0,0,SSH-Bruteforce
80,17,20,1200,0,0,0,0,DoS-UDP
30170,6,2,120,2,0,0,0,PortScan
80,6,20,1480,20,0,0,0,DoS-HTTP
80,17,20,1200,0,0,0,0,DoS-UDP
11908,6,4,240,4,0,0,0,PortScan
38315,6,2,120,2,0,0,0,PortScan
0,1,20,840,0,0,0,0,DoS-ICMP
80,6,20,1480,20,0,0,0,DoS-HTTP
80,6,20,1480,20,0,0,0,DoS-HTTP
80,17,20,1200,0,0,0,0,DoS-UDP
80,6,20,1200,20,0,0,0,DoS-SYN-Flood
538,6,6,348,6,6,0,0,SSH-Bruteforce
22,6,20,1200,14,0,6,0,SSH-Bruteforce
80,17,20,1200,0,0,0,0,DoS-UDP
80,17,20,1200,0,0,0,0,DoS-UDP
39001,6,7,406,7,7,0,0,SSH-Bruteforce
80,17,20,1200,0,0,0,0,DoS-UDP
21748,6,2,120,2,0,0,0,PortScan
80,17,20,1200,0,0,0,0,DoS-UDP
80,6,20,1480,20,0,0,0,DoS-HTTP
80,6,20,1200,20,0,0,0,DoS-SYN-Flood
80,6,20,1480,20,0,0,0,DoS-HTTP
45447,17,20,27980,0,0,0,0,BENIGN
80,17,20,1200,0,0,0,0,DoS-UDP
0,1,20,1200,0,0,0,0,DoS-ICMP
0,1,20,840,0,0,0,0,DoS-ICMP
3095,6,7,406,7,7,0,0,SSH-Bruteforce
80,17,20,1200,0,0,0,0,DoS-UDP
0,1,20,840,0,0,0,0,DoS-ICMP
80,6,20,1480,20,0,0,0,DoS-HTTP
80,17,20,1200,0,0,0,0,DoS-UDP
80,17,20,1200,0,0,0,0,DoS-UDP
80,6,20,1200,20,0,0,0,DoS-SYN-Flood
61239,6,6,348,6,6,0,0,SSH-Bruteforce
80,6,20,1200,20,0,0,0,DoS-SYN-Flood
0,1,20,1200,0,0,0,0,DoS-ICMP
34248,6,2,120,2,0,0,0,PortScan
80,6,20,1480,20,0,0,0,DoS-HTTP
0,1,20,1200,0,0,0,0,DoS-ICMP
62726,6,2,120,2,0,0,0,PortScan
0,1,20,1200,0,0,0,0,DoS-ICMP
50803,6,2,120,2,0,0,0,PortScan
80,6,20,1480,20,0,0,0,DoS-HTTP
80,6,20,1200,20,0,0,0,DoS-SYN-Flood
80,6,20,1200,20,0,0,0,DoS-SYN-Flood
0,1,20,1200,0,0,0,0,DoS-ICMP
0,1,20,840,0,0,0,0,DoS-ICMP
80,17,20,1200,0,0,0,0,DoS-UDP
0,1,20,1200,0,0,0,0,DoS-ICMP
27462,6,4,240,4,0,0,0,PortScan
80,17,20,1200,0,0,0,0,DoS-UDP
80,6,20,1480,20,0,0,0,DoS-HTTP
80,17,20,1200,0,0,0,0,DoS-UDP
45471,6,10,580,10,10,0,0,SSH-Bruteforce
80,17,20,1200,0,0,0,0,DoS-UDP
80,6,20,1200,20,0,0,0,DoS-SYN-Flood
114,6,6,360,6,0,0,0,PortScan
80,6,20,1200,20,0,0,0,DoS-SYN-Flood
7083,6,4,240,4,0,0,0,PortScan
20250,6,4,240,4,0,0,0,PortScan
22,6,20,1200,4,0,16,0,SSH-Bruteforce
12917,6,6,360,6,0,0,0,PortScan
58321,6,7,406,7,7,0,0,SSH-Bruteforce
43457,6,2,120,2,0,0,0,PortScan
22,6,20,1200,1,0,19,0,SSH-Bruteforce
63525,6,2,120,2,0,0,0,PortScan
80,17,20,1200,0,0,0,0,DoS-UDP
59766,6,4,240,4,0,0,0,PortScan
80,17,20,1200,0,0,0,0,DoS-UDP
0,1,20,840,0,0,0,0,DoS-ICMP
80,17,20,1200,0,0,0,0,DoS-UDP
22,6,20,1200,20,0,0,0,SSH-Bruteforce
80,17,20,1200,0,0,0,0,DoS-UDP
80,17,20,1200,0,0,0,0,DoS-UDP
34306,6,4,240,4,0,0,0,PortScan
80,17,20,1200,0,0,0,0,DoS-UDP
36520,17,20,27980,0,0,0,0,BENIGN
80,17,20,1200,0,0,0,0,DoS-UDP
80,17,20,1200,0,0,0,0,DoS-UDP
0,1,20,1200,0,0,0,0,DoS-ICMP
80,6,20,1200,20,0,0,0,DoS-SYN-Flood
80,6,20,1200,20,0,0,0,DoS-SYN-Flood
22,6,20,1200,17,0,3,0,SSH-Bruteforce
21468,6,2,120,2,0,0,0,PortScan
0,1,20,1200,0,0,0,0,DoS-ICMP
0,1,20,1200,0,0,0,0,DoS-ICMP
80,6,20,1200,20,0,0,0,DoS-SYN-Flood
80,17,20,1200,0,0,0,0,DoS-UDP
25021,6,8,464,8,8,0,0,SSH-Bruteforce
80,6,20,1200,20,0,0,0,DoS-SYN-Flood
80,17,20,1200,0,0,0,0,DoS-UDP
60886,6,20,28300,0,20,0,0,BENIGN
80,17,20,1200,0,0,0,0,DoS-UDP
19889,6,2,120,2,0,0,0,PortScan
80,6,20,1480,20,0,0,0,DoS-HTTP
80,6,20,1200,20,0,0,0,DoS-SYN-Flood
17544,6,4,240,4,0,0,0,PortScan
24927,6,7,406,7,7,0,0,SSH-Bruteforce
64555,6,2,120,2,0,0,0,PortScan
63830,6,2,120,2,0,0,0,PortScan
80,17,20,1200,0,0,0,0,DoS-UDP
19168,6,9,522,9,9,0,0,SSH-Bruteforce
7858,6,4,240,4,0,0,0,PortScan
80,17,20,1200,0,0,0,0,DoS-UDP
1847,6,6,348,6,6,0,0,SSH-Bruteforce
80,17,20,1200,0,0,0,0,DoS-UDP
42440,17,20,27980,0,0,0,0,BENIGN
49305,6,11,638,11,11,0,0,SSH-Bruteforce
80,17,20,1200,0,0,0,0,DoS-UDP
80,6,20,1200,20,0,0,0,DoS-SYN-Flood
80,6,20,1200,20,0,0,0,DoS-SYN-Flood
28553,6,4,240,4,0,0,0,PortScan
80,6,20,1480,20,0,0,0,DoS-HTTP
47173,6,8,464,8,8,0,0,SSH-Bruteforce
40236,6,2,120,2,0,0,0,PortScan
80,6,20,1480,20,0,0,0,DoS-HTTP
50430,6,2,120,2,0,0,0,PortScan
60886,6,20,28720,0,20,0,0,BENIGN
80,6,20,1200,20,0,0,0,DoS-SYN-Flood
80,6,20,1200,20,0,0,0,DoS-SYN-Flood
80,6,20,1480,20,0,0,0,DoS-HTTP
0,1,20,1200,0,0,0,0,DoS-ICMP
11355,6,6,360,6,0,0,0,PortScan
0,1,20,840,0,0,0,0,DoS-ICMP
80,6,20,1480,20,0,0,0,DoS-HTTP
0,1,20,1200,0,0,0,0,DoS-ICMP
80,6,20,1200,20,0,0,0,DoS-SYN-Flood
8253,6,4,240,4,0,0,0,PortScan
53548,6,2,120,2,0,0,0,PortScan
0,1,20,1200,0,0,0,0,DoS-ICMP
80,17,20,1200,0,0,0,0,DoS-UDP
80,17,20,1200,0,0,0,0,DoS-UDP
38221,6,4,240,4,0,0,0,PortScan
80,6,20,1200,20,0,0,0,DoS-SYN-Flood
80,17,20,1200,0,0,0,0,DoS-UDP
45523,6,2,120,2,0,0,0,PortScan
0,1,20,840,0,0,0,0,DoS-ICMP
80,6,20,1480,20,0,0,0,DoS-HTTP
80,6,20,1200,20,0,0,0,DoS-SYN-Flood
80,6,20,1200,20,0,0,0,DoS-SYN-Flood
80,6,20,1200,20,0,0,0,DoS-SYN-Flood
80,17,20,1200,0,0,0,0,DoS-UDP
34401,6,4,240,4,0,0,0,PortScan
18403,6,6,348,6,6,0,0,SSH-Bruteforce
37493,6,2,120,2,0,0,0,PortScan
80,6,20,1200,20,0,0,0,DoS-SYN-Flood
0,1,20,840,0,0,0,0,DoS-ICMP
80,6,20,1200,20,0,0,0,DoS-SYN-Flood
0,1,20,840,0,0,0,0,DoS-ICMP
80,6,20,1480,20,0,0,0,DoS-HTTP
80,6,20,1200,20,0,0,0,DoS-SYN-Flood
80,17,20,1200,0,0,0,0,DoS-UDP
40661,6,2,120,2,0,0,0,PortScan
24691,6,4,240,4,0,0,0,PortScan
53941,6,2,120,2,0,0,0,PortScan
0,1,20,1200,0,0,0,0,DoS-ICMP
0,1,20,1200,0,0,0,0,DoS-ICMP
40717,6,8,464,8,8,0,0,SSH-Bruteforce
80,17,20,1200,0,0,0,0,DoS-UDP
36858,6,16,5269,1,16,0,0,BENIGN
0,1,20,1200,0,0,0,0,DoS-ICMP
49795,6,4,240,4,0,0,0,PortScan
80,6,20,1200,20,0,0,0,DoS-SYN-Flood
40305,6,4,240,4,0,0,0,PortScan
19694,6,8,464,8,8,0,0,SSH-Bruteforce
80,6,20,1200,20,0,0,0,DoS-SYN-Flood
80,6,20,1200,20,0,0,0,DoS-SYN-Flood
22,6,20,1200,0,0,20,0,SSH-Bruteforce
80,17,20,1200,0,0,0,0,DoS-UDP
41308,17,20,27980,0,0,0,0,BENIGN
80,6,20,1480,20,0,0,0,DoS-HTTP
22,6,20,1200,3,0,17,0,SSH-Bruteforce
80,6,20,1200,20,0,0,0,DoS-SYN-Flood
443,6,20,1200,0,20,0,0,BENIGN
80,6,20,1480,20,0,0,0,DoS-HTTP
0,1,20,840,0,0,0,0,DoS-ICMP
0,1,20,840,0,0,0,0,DoS-ICMP
80,17,20,1200,0,0,0,0,DoS-UDP
0,1,20,1200,0,0,0,0,DoS-ICMP
53308,6,20,28960,0,20,0,0,BENIGN
0,1,20,1200,0,0,0,0,DoS-ICMP
80,17,20,1200,0,0,0,0,DoS-UDP
80,6,20,1480,20,0,0,0,DoS-HTTP
0,1,20,1200,0,0,0,0,DoS-ICMP
13459,6,13,754,13,13,0,0,SSH-Bruteforce
80,6,20,1200,20,0,0,0,DoS-SYN-Flood
60886,6,20,28960,0,20,0,0,BENIGN
80,17,20,1200,0,0,0,0,DoS-UDP
0,1,20,840,0,0,0,0,DoS-ICMP
46588,6,9,522,9,9,0,0,SSH-Bruteforce
80,17,20,1200,0,0,0,0,DoS-UDP
22,6,20,1200,20,0,0,0,SSH-Bruteforce
80,6,20,1480,20,0,0,0,DoS-HTTP
0,1,20,1200,0,0,0,0,DoS-ICMP
45499,6,8,464,8,8,0,0,SSH-Bruteforce
47970,6,8,464,8,8,0,0,SSH-Bruteforce
49671,6,2,120,2,0,0,0,PortScan
80,17,20,1200,0,0,0,0,DoS-UDP
80,6,20,1480,20,0,0,0,DoS-HTTP
33327,6,6,348,6,6,0,0,SSH-Bruteforce
443,17,20,2723,0,0,0,0,BENIGN
80,6,20,1480,20,0,0,0,DoS-HTTP
41813,6,9,522,9,9,0,0,SSH-Bruteforce
0,1,20,840,0,0,0,0,DoS-ICMP
80,17,20,1200,0,0,0,0,DoS-UDP
22,6,20,1200,2,0,18,0,SSH-Bruteforce
80,6,20,1200,20,0,0,0,DoS-SYN-Flood
80,17,20,1200,0,0,0,0,DoS-UDP
80,6,20,1480,20,0,0,0,DoS-HTTP
80,17,20,1200,0,0,0,0,DoS-UDP
0,1,20,840,0,0,0,0,DoS-ICMP
80,6,20,1200,20,0,0,0,DoS-SYN-Flood
38460,6,4,240,4,0,0,0,PortScan
28856,6,7,406,7,7,0,0,SSH-Bruteforce
45447,17,20,17614,0,0,0,0,BENIGN
80,6,20,1200,20,0,0,0,DoS-SYN-Flood
80,6,20,1480,20,0,0,0,DoS-HTTP
37235,6,2,120,2,0,0,0,PortScan
33962,6,2,120,2,0,0,0,PortScan
0,1,20,1200,0,0,0,0,DoS-ICMP
40791,6,8,464,8,8,0,0,SSH-Bruteforce
57098,6,2,120,2,0,0,0,PortScan
80,6,20,1200,20,0,0,0,DoS-SYN-Flood
80,6,20,1480,20,0,0,0,DoS-HTTP
22,6,20,1200,20,0,0,0,SSH-Bruteforce
61155,6,4,240,4,0,0,0,PortScan
80,6,20,1480,20,0,0,0,DoS-HTTP
41128,6,2,120,2,0,0,0,PortScan
50043,6,2,120,2,0,0,0,PortScan
80,6,20,1200,20,0,0,0,DoS-SYN-Flood
22,6,20,1200,20,0,0,0,SSH-Bruteforce
80,6,20,1200,20,0,0,0,DoS-SYN-Flood
80,6,20,1480,20,0,0,0,DoS-HTTP
0,1,20,1200,0,0,0,0,DoS-ICMP
25471,6,7,406,7,7,0,0,SSH-Bruteforce
0,1,20,840,0,0,0,0,DoS-ICMP
80,6,20,1200,20,0,0,0,DoS-SYN-Flood
4893,6,6,360,6,0,0,0,PortScan
0,1,20,840,0,0,0,0,DoS-ICMP
19140,6,2,120,2,0,0,0,PortScan
33281,6,8,464,8,8,0,0,SSH-Bruteforce
26326,6,2,120,2,0,0,0,PortScan
22,6,20,1200,20,0,0,0,SSH-Bruteforce
36520,17,20,27980,0,0,0,0,BENIGN
80,17,20,1200,0,0,0,0,DoS-UDP
80,6,20,1480,20,0,0,0,DoS-HTTP
80,6,20,1480,20,0,0,0,DoS-HTTP
80,6,20,1480,20,0,0,0,DoS-HTTP
80,6,20,1200,20,0,0,0,DoS-SYN-Flood
0,1,20,1200,0,0,0,0,DoS-ICMP
80,17,20,1200,0,0,0,0,DoS-UDP
0,1,20,1200,0,0,0,0,DoS-ICMP
80,6,20,1480,20,0,0,0,DoS-HTTP
80,6,20,1480,20,0,0,0,DoS-HTTP
0,1,20,840,0,0,0,0,DoS-ICMP
0,1,20,1200,0,0,0,0,DoS-ICMP
80,17,20,1200,0,0,0,0,DoS-UDP
80,6,20,1480,20,0,0,0,DoS-HTTP
0,1,20,1200,0,0,0,0,DoS-ICMP
5942,6,12,696,12,12,0,0,SSH-Bruteforce
0,1,20,1200,0,0,0,0,DoS-ICMP
80,6,20,1200,20,0,0,0,DoS-SYN-Flood
63946,6,2,120,2,0,0,0,PortScan
48123,6,4,240,4,0,0,0,PortScan
80,6,20,1480,20,0,0,0,DoS-HTTP
0,1,20,1200,0,0,0,0,DoS-ICMP
22,6,20,1200,1,0,19,0,SSH-Bruteforce
54531,6,4,240,4,0,0,0,PortScan
0,1,20,840,0,0,0,0,DoS-ICMP
41293,6,2,120,2,0,0,0,PortScan
19591,6,2,120,2,0,0,0,PortScan
36520,17,20,27980,0,0,0,0,BENIGN
22069,6,2,120,2,0,0,0,PortScan
14520,6,8,464,8,8,0,0,SSH-Bruteforce
80,6,20,1480,20,0,0,0,DoS-HTTP
0,1,20,1200,0,0,0,0,DoS-ICMP
80,6,20,1200,20,0,0,0,DoS-SYN-Flood
80,6,20,1200,20,0,0,0,DoS-SYN-Flood
80,6,20,1480,20,0,0,0,DoS-HTTP
80,17,20,1200,0,0,0,0,DoS-UDP
80,6,20,1480,20,0,0,0,DoS-HTTP
0,1,20,840,0,0,0,0,DoS-ICMP
0,1,20,1200,0,0,0,0,DoS-ICMP
5333,6,5,290,5,5,0,0,SSH-Bruteforce
20230,6,6,348,6,6,0,0,SSH-Bruteforce
80,6,20,1480,20,0,0,0,DoS-HTTP
80,17,20,1200,0,0,0,0,DoS-UDP
0,1,20,840,0,0,0,0,DoS-ICMP
16823,6,2,120,2,0,0,0,PortScan
15379,6,2,120,2,0,0,0,PortScan
80,6,20,1480,20,0,0,0,DoS-HTTP
80,6,20,1200,20,0,0,0,DoS-SYN-Flood
80,6,20,1480,20,0,0,0,DoS-HTTP
7819,6,6,348,6,6,0,0,SSH-Bruteforce
0,1,20,1200,0,0,0,0,DoS-ICMP
54066,6,20,18194,1,20,0,0,BENIGN
36520,17,20,27980,0,0,0,0,BENIGN
23923,6,2,120,2,0,0,0,PortScan
80,17,20,1200,0,0,0,0,DoS-UDP
0,1,20,1200,0,0,0,0,DoS-ICMP
80,6,20,1200,20,0,0,0,DoS-SYN-Flood
6810,6,4,240,4,0,0,0,PortScan
80,6,20,1200,20,0,0,0,DoS-SYN-Flood
80,17,20,1200,0,0,0,0,DoS-UDP
47484,6,3,180,3,0,0,0,PortScan
24183,6,2,120,2,0,0,0,PortScan
80,17,20,1200,0,0,0,0,DoS-UDP
80,6,20,1480,20,0,0,0,DoS-HTTP
80,17,20,1200,0,0,0,0,DoS-UDP
80,6,20,1480,20,0,0,0,DoS-HTTP
80,6,20,1480,20,0,0,0,DoS-HTTP
80,17,20,1200,0,0,0,0,DoS-UDP
6377,6,4,240,4,0,0,0,PortScan
51810,6,2,120,2,0,0,0,PortScan
80,6,20,1200,20,0,0,0,DoS-SYN-Flood
80,6,20,1200,20,0,0,0,DoS-SYN-Flood
0,1,20,840,0,0,0,0,DoS-ICMP
0,1,20,1200,0,0,0,0,DoS-ICMP
80,17,20,1200,0,0,0,0,DoS-UDP
64135,6,2,120,2,0,0,0,PortScan
21956,6,2,120,2,0,0,0,PortScan
80,6,20,1200,20,0,0,0,DoS-SYN-Flood
80,17,20,1200,0,0,0,0,DoS-UDP
40891,6,4,240,4,0,0,0,PortScan
55048,6,2,120,2,0,0,0,PortScan
29813,6,7,406,7,7,0,0,SSH-Bruteforce
80,17,20,1200,0,0,0,0,DoS-UDP
1201,6,4,240,4,0,0,0,PortScan
80,6,20,1480,20,0,0,0,DoS-HTTP
80,6,20,1480,20,0,0,0,DoS-HTTP
0,1,20,1200,0,0,0,0,DoS-ICMP
80,6,20,1200,20,0,0,0,DoS-SYN-Flood
0,1,20,1200,0,0,0,0,DoS-ICMP
48806,17,20,27980,0,0,0,0,BENIGN
80,17,20,1200,0,0,0,0,DoS-UDP
80,6,20,1200,20,0,0,0,DoS-SYN-Flood
62681,6,6,348,6,6,0,0,SSH-Bruteforce
42924,6,2,120,2,0,0,0,PortScan
0,1,20,1200,0,0,0,0,DoS-ICMP
80,17,20,1200,0,0,0,0,DoS-UDP
0,1,20,1200,0,0,0,0,DoS-ICMP
80,17,20,1200,0,0,0,0,DoS-UDP
80,6,20,1480,20,0,0,0,DoS-HTTP
44957,6,4,240,4,0,0,0,PortScan
45663,6,2,120,2,0,0,0,PortScan
80,6,20,1200,20,0,0,0,DoS-SYN-Flood
80,6,20,1480,20,0,0,0,DoS-HTTP
80,17,20,1200,0,0,0,0,DoS-UDP
80,6,20,1480,20,0,0,0,DoS-HTTP
80,17,20,1200,0,0,0,0,DoS-UDP
22,6,20,1200,20,0,0,0,SSH-Bruteforce
0,1,20,840,0,0,0,0,DoS-ICMP
0,1,20,1200,0,0,0,0,DoS-ICMP
80,6,20,1480,20,0,0,0,DoS-HTTP
32791,17,2,241,0,0,0,0,BENIGN
0,1,20,1200,0,0,0,0,DoS-ICMP
80,17,20,1200,0,0,0,0,DoS-UDP
0,1,20,840,0,0,0,0,DoS-ICMP
0,1,20,1200,0,0,0,0,DoS-ICMP
80,6,20,1480,20,0,0,0,DoS-HTTP
80,6,20,1200,20,0,0,0,DoS-SYN-Flood
0,1,20,1200,0,0,0,0,DoS-ICMP
53296,6,20,29080,0,20,0,0,BENIGN
80,6,20,1480,20,0,0,0,DoS-HTTP
22,6,20,1200,3,0,17,0,SSH-Bruteforce
0,1,20,840,0,0,0,0,DoS-ICMP
80,6,20,1200,20,0,0,0,DoS-SYN-Flood
0,1,20,1200,0,0,0,0,DoS-ICMP
42980,6,2,120,2,0,0,0,PortScan
45447,17,20,27980,0,0,0,0,BENIGN
60886,6,20,29080,0,20,0,0,BENIGN
80,6,20,1480,20,0,0,0,DoS-HTTP
22,6,20,1200,0,0,20,0,SSH-Bruteforce
0,1,20,840,0,0,0,0,DoS-ICMP
80,6,20,1480,20,0,0,0,DoS-HTTP
8766,6,4,240,4,0,0,0,PortScan
22,6,20,1200,0,0,20,0,SSH-Bruteforce
80,17,20,1200,0,0,0,0,DoS-UDP
0,1,20,1200,0,0,0,0,DoS-ICMP
80,17,20,1200,0,0,0,0,DoS-UDP
22,6,20,1200,20,0,0,0,SSH-Bruteforce
63290,6,2,120,2,0,0,0,PortScan
54420,6,6,348,6,6,0,0,SSH-Bruteforce
80,6,20,1480,20,0,0,0,DoS-HTTP
0,1,20,1200,0,0,0,0,DoS-ICMP
80,17,20,1200,0,0,0,0,DoS-UDP
36520,17,20,27980,0,0,0,0,BENIGN
0,1,20,1200,0,0,0,0,DoS-ICMP
0,1,20,840,0,0,0,0,DoS-ICMP
80,17,20,1200,0,0,0,0,DoS-UDP
80,6,20,1200,20,0,0,0,DoS-SYN-Flood
28418,6,4,240,4,0,0,0,PortScan
80,6,20,1480,20,0,0,0,DoS-HTTP
36520,17,20,27980,0,0,0,0,BENIGN
80,6,20,1480,20,0,0,0,DoS-HTTP
22,6,20,1200,0,0,20,0,SSH-Bruteforce
80,6,20,1200,20,0,0,0,DoS-SYN-Flood
80,6,20,1200,20,0,0,0,DoS-SYN-Flood
80,6,20,1480,20,0,0,0,DoS-HTTP
80,6,20,1480,20,0,0,0,DoS-HTTP
48814,6,6,348,6,6,0,0,SSH-Bruteforce
36520,17,20,27980,0,0,0,0,BENIGN
80,6,20,1200,20,0,0,0,DoS-SYN-Flood
80,6,20,1200,20,0,0,0,DoS-SYN-Flood
38888,6,2,120,2,0,0,0,PortScan
0,1,20,840,0,0,0,0,DoS-ICMP
13641,6,4,240,4,0,0,0,PortScan
80,6,20,1200,20,0,0,0,DoS-SYN-Flood
61156,6,6,348,6,6,0,0,SSH-Bruteforce
62588,6,4,232,4,4,0,0,SSH-Bruteforce
0,1,20,840,0,0,0,0,DoS-ICMP
80,6,20,1480,20,0,0,0,DoS-HTTP
1015,6,4,240,4,0,0,0,PortScan
22,6,20,1200,6,0,14,0,SSH-Bruteforce
22,6,20,1200,20,0,0,0,SSH-Bruteforce
80,6,20,1480,20,0,0,0,DoS-HTTP
63086,6,6,348,6,6,0,0,SSH-Bruteforce
80,17,20,1200,0,0,0,0,DoS-UDP
80,6,20,1200,20,0,0,0,DoS-SYN-Flood
0,1,20,840,0,0,0,0,DoS-ICMP
60886,6,20,27880,0,20,0,0,BENIGN
10820,6,6,360,6,0,0,0,PortScan
0,1,20,840,0,0,0,0,DoS-ICMP
80,17,20,1200,0,0,0,0,DoS-UDP
80,6,20,1480,20,0,0,0,DoS-HTTP
80,6,20,1480,20,0,0,0,DoS-HTTP
80,6,20,1200,20,0,0,0,DoS-SYN-Flood
80,6,20,1480,20,0,0,0,DoS-HTTP
80,17,20,1200,0,0,0,0,DoS-UDP
54829,17,20,27980,0,0,0,0,BENIGN
80,6,20,1200,20,0,0,0,DoS-SYN-Flood
0,1,20,1200,0,0,0,0,DoS-ICMP
443,6,20,14495,0,20,0,0,BENIGN
80,6,20,1480,20,0,0,0,DoS-HTTP
59169,6,9,522,9,9,0,0,SSH-Bruteforce
80,6,20,1480,20,0,0,0,DoS-HTTP
80,6,20,1200,20,0,0,0,DoS-SYN-Flood
54077,6,2,120,2,0,0,0,PortScan
80,6,20,1200,20,0,0,0,DoS-SYN-Flood
80,17,20,1200,0,0,0,0,DoS-UDP
80,6,20,1200,20,0,0,0,DoS-SYN-Flood
0,1,20,840,0,0,0,0,DoS-ICMP
45447,17,20,27980,0,0,0,0,BENIGN
24551,6,4,240,4,0,0,0,PortScan
47532,6,4,240,4,0,0,0,PortScan
22,6,20,1200,0,0,20,0,SSH-Bruteforce
36520,17,20,27980,0,0,0,0,BENIGN
60886,6,20,22317,0,20,0,0,BENIGN
60954,6,2,120,2,0,0,0,PortScan
22,6,20,1200,20,0,0,0,SSH-Bruteforce
63809,6,4,240,4,0,0,0,PortScan
35844,6,4,240,4,0,0,0,PortScan
80,6,20,1200,20,0,0,0,DoS-SYN-Flood
80,6,20,1480,20,0,0,0,DoS-HTTP
5567,6,4,240,4,0,0,0,PortScan
0,1,20,1200,0,0,0,0,DoS-ICMP
80,6,20,1200,20,0,0,0,DoS-SYN-Flood
80,17,20,1200,0,0,0,0,DoS-UDP
0,1,20,1200,0,0,0,0,DoS-ICMP
40998,6,2,120,2,0,0,0,PortScan
12772,6,4,240,4,0,0,0,PortScan
80,6,20,1480,20,0,0,0,DoS-HTTP
80,6,20,1200,20,0,0,0,DoS-SYN-Flood
46228,6,6,348,6,6,0,0,SSH-Bruteforce
80,17,20,1200,0,0,0,0,DoS-UDP
22,6,20,1200,20,0,0,0,SSH-Bruteforce
80,17,20,1200,0,0,0,0,DoS-UDP
80,6,20,1200,20,0,0,0,DoS-SYN-Flood
80,6,20,1480,20,0,0,0,DoS-HTTP
80,6,20,1200,20,0,0,0,DoS-SYN-Flood
57315,6,2,120,2,0,0,0,PortScan
80,6,20,1200,20,0,0,0,DoS-SYN-Flood
40804,6,4,240,4,0,0,0,PortScan
80,6,20,1200,20,0,0,0,DoS-SYN-Flood
80,17,20,1200,0,0,0,0,DoS-UDP
31365,6,2,120,2,0,0,0,PortScan
53278,6,20,30280,0,20,0,0,BENIGN
80,6,20,1480,20,0,0,0,DoS-HTTP
0,1,20,840,0,0,0,0,DoS-ICMP
80,6,20,1480,20,0,0,0,DoS-HTTP
0,1,20,1200,0,0,0,0,DoS-ICMP
0,1,20,1200,0,0,0,0,DoS-ICMP
80,17,20,1200,0,0,0,0,DoS-UDP
36520,17,20,27980,0,0,0,0,BENIGN
80,6,20,1200,20,0,0,0,DoS-SYN-Flood
0,1,20,840,0,0,0,0,DoS-ICMP
0,1,20,840,0,0,0,0,DoS-ICMP
61472,6,3,174,3,3,0,0,SSH-Bruteforce
80,17,20,1200,0,0,0,0,DoS-UDP
80,17,20,1200,0,0,0,0,DoS-UDP
0,1,20,1200,0,0,0,0,DoS-ICMP
80,17,20,1200,0,0,0,0,DoS-UDP
80,17,20,1200,0,0,0,0,DoS-UDP
80,6,20,1480,20,0,0,0,DoS-HTTP
23162,6,9,522,9,9,0,0,SSH-Bruteforce
22,6,20,1200,0,0,20,0,SSH-Bruteforce
0,1,20,840,0,0,0,0,DoS-ICMP
80,17,20,1200,0,0,0,0,DoS-UDP
26234,6,2,120,2,0,0,0,PortScan
80,17,20,1200,0,0,0,0,DoS-UDP
49991,6,2,120,2,0,0,0,PortScan
80,17,20,1200,0,0,0,0,DoS-UDP
80,6,20,1200,20,0,0,0,DoS-SYN-Flood
0,1,20,1200,0,0,0,0,DoS-ICMP
22,6,20,1200,20,0,0,0,SSH-Bruteforce
80,6,20,1200,20,0,0,0,DoS-SYN-Flood
0,1,20,1200,0,0,0,0,DoS-ICMP
80,6,20,1200,20,0,0,0,DoS-SYN-Flood
47550,6,9,522,9,9,0,0,SSH-Bruteforce
80,6,20,1480,20,0,0,0,DoS-HTTP
0,1,20,840,0,0,0,0,DoS-ICMP
9935,6,4,240,4,0,0,0,PortScan
50053,6,10,580,10,10,0,0,SSH-Bruteforce
51937,6,2,120,2,0,0,0,PortScan
0,1,20,1200,0,0,0,0,DoS-ICMP
80,6,20,1480,20,0,0,0,DoS-HTTP
80,6,20,1480,20,0,0,0,DoS-HTTP
80,17,20,1200,0,0,0,0,DoS-UDP
28748,6,7,406,7,7,0,0,SSH-Bruteforce
80,17,20,1200,0,0,0,0,DoS-UDP
22,6,20,1200,20,0,0,0,SSH-Bruteforce
60951,6,2,120,2,0,0,0,PortScan
80,6,20,1200,20,0,0,0,DoS-SYN-Flood
80,6,20,1480,20,0,0,0,DoS-HTTP
32231,6,4,240,4,0,0,0,PortScan
0,1,20,840,0,0,0,0,DoS-ICMP
62063,6,4,240,4,0,0,0,PortScan
17484,6,2,120,2,0,0,0,PortScan
8283,6,6,360,6,0,0,0,PortScan
80,6,20,1480,20,0,0,0,DoS-HTTP
80,6,20,1480,20,0,0,0,DoS-HTTP
80,6,20,1480,20,0,0,0,DoS-HTTP
20769,6,4,240,4,0,0,0,PortScan
80,6,20,1480,20,0,0,0,DoS-HTTP
443,6,18,2343,1,17,0,1,BENIGN
80,6,20,1200,20,0,0,0,DoS-SYN-Flood
30924,6,4,240,4,0,0,0,PortScan
80,6,20,1200,20,0,0,0,DoS-SYN-Flood
80,17,20,1200,0,0,0,0,DoS-UDP
43687,6,8,464,8,8,0,0,SSH-Bruteforce
80,6,20,1480,20,0,0,0,DoS-HTTP
80,6,20,1480,20,0,0,0,DoS-HTTP
46408,6,9,522,9,9,0,0,SSH-Bruteforce
443,17,20,1629,0,0,0,0,BENIGN
4919,6,6,360,6,0,0,0,PortScan
80,17,20,1200,0,0,0,0,DoS-UDP
0,1,20,1200,0,0,0,0,DoS-ICMP
80,17,20,1200,0,0,0,0,DoS-UDP
39921,6,4,240,4,0,0,0,PortScan
443,6,20,1200,0,20,0,0,BENIGN
0,1,20,840,0,0,0,0,DoS-ICMP
22,6,20,1200,20,0,0,0,SSH-Bruteforce
16396,6,6,348,6,6,0,0,SSH-Bruteforce
80,6,20,1480,20,0,0,0,DoS-HTTP
80,17,20,1200,0,0,0,0,DoS-UDP
21308,6,2,120,2,0,0,0,PortScan
80,17,20,1200,0,0,0,0,DoS-UDP
55565,6,6,348,6,6,0,0,SSH-Bruteforce
17240,6,2,120,2,0,0,0,PortScan
80,6,20,1200,20,0,0,0,DoS-SYN-Flood
80,17,20,1200,0,0,0,0,DoS-UDP
80,17,20,1200,0,0,0,0,DoS-UDP
80,17,20,1200,0,0,0,0,DoS-UDP
561,6,4,240,4,0,0,0,PortScan
0,1,20,1200,0,0,0,0,DoS-ICMP
0,1,20,840,0,0,0,0,DoS-ICMP
33240,6,20,29320,0,20,0,0,BENIGN
80,6,20,1480,20,0,0,0,DoS-HTTP
54829,17,20,27980,0,0,0,0,BENIGN
80,6,20,1200,20,0,0,0,DoS-SYN-Flood
46675,6,4,240,4,0,0,0,PortScan
22,6,20,1200,7,0,13,0,SSH-Bruteforce
22,6,20,1200,20,0,0,0,SSH-Bruteforce
80,6,20,1200,20,0,0,0,DoS-SYN-Flood
80,6,20,1200,20,0,0,0,DoS-SYN-Flood
36520,17,20,27980,0,0,0,0,BENIGN
0,1,20,1200,0,0,0,0,DoS-ICMP
80,17,20,1200,0,0,0,0,DoS-UDP
80,6,20,1200,20,0,0,0,DoS-SYN-Flood
14382,6,4,240,4,0,0,0,PortScan
80,6,20,1480,20,0,0,0,DoS-HTTP
0,1,20,840,0,0,0,0,DoS-ICMP
64251,6,4,240,4,0,0,0,PortScan
80,6,20,1480,20,0,0,0,DoS-HTTP
0,1,20,840,0,0,0,0,DoS-ICMP
80,6,20,1480,20,0,0,0,DoS-HTTP
0,1,20,840,0,0,0,0,DoS-ICMP
24989,6,2,120,2,0,0,0,PortScan
56509,6,8,464,8,8,0,0,SSH-Bruteforce
80,17,20,1200,0,0,0,0,DoS-UDP
12241,6,4,240,4,0,0,0,PortScan
58681,17,2,192,0,0,0,0,BENIGN
42152,6,2,120,2,0,0,0,PortScan
37107,6,2,120,2,0,0,0,PortScan
0,1,20,840,0,0,0,0,DoS-ICMP
29978,6,2,120,2,0,0,0,PortScan
22,6,20,1200,0,0,20,0,SSH-Bruteforce
0,1,20,1200,0,0,0,0,DoS-ICMP
0,1,20,1200,0,0,0,0,DoS-ICMP
443,17,20,22923,0,0,0,0,BENIGN
22,6,20,1200,0,0,20,0,SSH-Bruteforce
60535,6,2,120,2,0,0,0,PortScan
7823,6,4,240,4,0,0,0,PortScan
35621,6,2,120,2,0,0,0,PortScan
60529,6,9,522,9,9,0,0,SSH-Bruteforce
443,17,20,13537,0,0,0,0,BENIGN
36520,17,20,27980,0,0,0,0,BENIGN
0,1,20,840,0,0,0,0,DoS-ICMP
1852,6,7,406,7,7,0,0,SSH-Bruteforce
80,6,20,1480,20,0,0,0,DoS-HTTP
0,1,20,1200,0,0,0,0,DoS-ICMP
46732,6,2,120,2,0,0,0,PortScan
59626,6,2,120,2,0,0,0,PortScan
80,6,20,1200,20,0,0,0,DoS-SYN-Flood
0,1,20,840,0,0,0,0,DoS-ICMP
9862,6,6,348,6,6,0,0,SSH-Bruteforce
80,6,20,1480,20,0,0,0,DoS-HTTP
80,17,20,1200,0,0,0,0,DoS-UDP
36520,17,20,27980,0,0,0,0,BENIGN
80,17,20,1200,0,0,0,0,DoS-UDP
46042,6,9,522,9,9,0,0,SSH-Bruteforce
80,6,20,1480,20,0,0,0,DoS-HTTP
12552,6,6,360,6,0,0,0,PortScan
43927,6,7,406,7,7,0,0,SSH-Bruteforce
36520,17,20,27980,0,0,0,0,BENIGN
0,1,20,840,0,0,0,0,DoS-ICMP
37857,6,8,464,8,8,0,0,SSH-Bruteforce
80,6,20,1200,20,0,0,0,DoS-SYN-Flood
48919,6,4,240,4,0,0,0,PortScan
35854,6,20,20204,0,20,0,0,BENIGN
80,6,20,1200,20,0,0,0,DoS-SYN-Flood
80,6,20,1480,20,0,0,0,DoS-HTTP
22,6,20,1200,0,0,20,0,SSH-Bruteforce
0,1,20,840,0,0,0,0,DoS-ICMP
22,6,20,1200,9,0,11,0,SSH-Bruteforce
53308,6,20,29200,0,20,0,0,BENIGN
36520,17,20,27980,0,0,0,0,BENIGN
80,17,20,1200,0,0,0,0,DoS-UDP
80,6,20,1480,20,0,0,0,DoS-HTTP
80,6,20,1480,20,0,0,0,DoS-HTTP
22,6,20,1200,11,0,9,0,SSH-Bruteforce
80,17,20,1200,0,0,0,0,DoS-UDP
29155,6,2,120,2,0,0,0,PortScan
80,6,20,1200,20,0,0,0,DoS-SYN-Flood
80,6,20,1200,20,0,0,0,DoS-SYN-Flood
80,17,20,1200,0,0,0,0,DoS-UDP
80,6,20,1480,20,0,0,0,DoS-HTTP
80,6,20,1200,20,0,0,0,DoS-SYN-Flood
80,6,20,1480,20,0,0,0,DoS-HTTP
0,1,20,840,0,0,0,0,DoS-ICMP
80,6,20,1200,20,0,0,0,DoS-SYN-Flood
34885,17,2,220,0,0,0,0,BENIGN
80,6,20,1200,20,0,0,0,DoS-SYN-Flood
0,1,20,840,0,0,0,0,DoS-ICMP
80,6,20,1480,20,0,0,0,DoS-HTTP
28941,6,5,290,5,5,0,0,SSH-Bruteforce
80,6,20,1480,20,0,0,0,DoS-HTTP
80,6,20,1480,20,0,0,0,DoS-HTTP
80,17,20,1200,0,0,0,0,DoS-UDP
80,17,20,1200,0,0,0,0,DoS-UDP
80,6,20,1480,20,0,0,0,DoS-HTTP
0,1,20,840,0,0,0,0,DoS-ICMP
80,6,20,1200,20,0,0,0,DoS-SYN-Flood
80,6,20,1480,20,0,0,0,DoS-HTTP
0,1,20,840,0,0,0,0,DoS-ICMP
43678,17,20,27980,0,0,0,0,BENIGN
80,6,20,1480,20,0,0,0,DoS-HTTP
0,1,20,840,0,0,0,0,DoS-ICMP
80,6,20,1200,20,0,0,0,DoS-SYN-Flood
80,6,20,1480,20,0,0,0,DoS-HTTP
22,6,20,1200,20,0,0,0,SSH-Bruteforce
80,17,20,1200,0,0,0,0,DoS-UDP
0,1,20,1200,0,0,0,0,DoS-ICMP
80,6,20,1200,20,0,0,0,DoS-SYN-Flood
0,1,20,1200,0,0,0,0,DoS-ICMP
80,6,20,1200,20,0,0,0,DoS-SYN-Flood
80,17,20,1200,0,0,0,0,DoS-UDP
30271,6,7,406,7,7,0,0,SSH-Bruteforce
80,6,20,1200,20,0,0,0,DoS-SYN-Flood
80,6,20,1200,20,0,0,0,DoS-SYN-Flood
22,6,20,1200,6,0,14,0,SSH-Bruteforce
0,1,20,1200,0,0,0,0,DoS-ICMP
46763,6,2,120,2,0,0,0,PortScan
8913,6,4,240,4,0,0,0,PortScan
80,6,20,1480,20,0,0,0,DoS-HTTP
19977,6,4,240,4,0,0,0,PortScan
80,6,20,1200,20,0,0,0,DoS-SYN-Flood
17736,6,2,120,2,0,0,0,PortScan
80,17,20,1200,0,0,0,0,DoS-UDP
80,6,20,1200,20,0,0,0,DoS-SYN-Flood
443,6,20,1200,0,20,0,0,BENIGN
40799,6,4,240,4,0,0,0,PortScan
22,6,20,1200,0,0,20,0,SSH-Bruteforce
37552,6,4,240,4,0,0,0,PortScan
80,6,20,1200,20,0,0,0,DoS-SYN-Flood
80,6,20,1480,20,0,0,0,DoS-HTTP
50075,6,10,580,10,10,0,0,SSH-Bruteforce
80,6,20,1480,20,0,0,0,DoS-HTTP
56983,6,2,120,2,0,0,0,PortScan
42904,17,20,27696,0,0,0,0,BENIGN
80,17,20,1200,0,0,0,0,DoS-UDP
80,6,20,1200,20,0,0,0,DoS-SYN-Flood
80,6,20,1200,20,0,0,0,DoS-SYN-Flood
80,17,20,1200,0,0,0,0,DoS-UDP
80,6,20,1200,20,0,0,0,DoS-SYN-Flood
36520,17,20,27980,0,0,0,0,BENIGN
59804,6,20,15886,0,20,0,0,BENIGN
22,6,20,1200,20,0,0,0,SSH-Bruteforce
80,6,20,1200,20,0,0,0,DoS-SYN-Flood
80,17,20,1200,0,0,0,0,DoS-UDP
51854,6,4,240,4,0,0,0,PortScan
39806,6,6,348,6,6,0,0,SSH-Bruteforce
61701,6,5,290,5,5,0,0,SSH-Bruteforce
80,6,20,1480,20,0,0,0,DoS-HTTP
80,17,20,1200,0,0,0,0,DoS-UDP
80,6,20,1200,20,0,0,0,DoS-SYN-Flood
14505,6,6,360,6,0,0,0,PortScan
7534,6,4,240,4,0,0,0,PortScan
63599,6,5,290,5,5,0,0,SSH-Bruteforce
80,17,20,1200,0,0,0,0,DoS-UDP
80,6,20,1480,20,0,0,0,DoS-HTTP
18695,6,8,464,8,8,0,0,SSH-Bruteforce
80,17,20,1200,0,0,0,0,DoS-UDP
80,6,20,1480,20,0,0,0,DoS-HTTP
80,17,20,1200,0,0,0,0,DoS-UDP
80,6,20,1480,20,0,0,0,DoS-HTTP
80,17,20,1200,0,0,0,0,DoS-UDP
22,6,20,1200,20,0,0,0,SSH-Bruteforce
80,6,20,1200,20,0,0,0,DoS-SYN-Flood
36520,17,20,27980,0,0,0,0,BENIGN
29409,6,8,464,8,8,0,0,SSH-Bruteforce
22,6,20,1200,20,0,0,0,SSH-Bruteforce
0,1,20,840,0,0,0,0,DoS-ICMP
80,6,20,1200,20,0,0,0,DoS-SYN-Flood
52285,6,2,120,2,0,0,0,PortScan
6747,6,4,240,4,0,0,0,PortScan
80,6,20,1200,20,0,0,0,DoS-SYN-Flood
0,1,20,840,0,0,0,0,DoS-ICMP
443,6,20,2705,0,20,0,0,BENIGN
80,17,20,1200,0,0,0,0,DoS-UDP
0,1,20,840,0,0,0,0,DoS-ICMP
80,6,20,1480,20,0,0,0,DoS-HTTP
80,17,20,1200,0,0,0,0,DoS-UDP
80,6,20,1480,20,0,0,0,DoS-HTTP
80,17,20,1200,0,0,0,0,DoS-UDP
80,17,20,1200,0,0,0,0,DoS-UDP
80,17,20,1200,0,0,0,0,DoS-UDP
80,17,20,1200,0,0,0,0,DoS-UDP
36520,17,20,27980,0,0,0,0,BENIGN
80,6,20,1200,20,0,0,0,DoS-SYN-Flood
42440,17,20,27980,0,0,0,0,BENIGN
20029,6,6,348,6,6,0,0,SSH-Bruteforce
48336,6,2,120,2,0,0,0,PortScan
80,6,20,1200,20,0,0,0,DoS-SYN-Flood
0,1,20,840,0,0,0,0,DoS-ICMP
53272,6,20,21986,1,20,0,0,BENIGN
80,6,20,1200,20,0,0,0,DoS-SYN-Flood
80,17,20,1200,0,0,0,0,DoS-UDP
80,6,20,1200,20,0,0,0,DoS-SYN-Flood
80,17,20,1200,0,0,0,0,DoS-UDP
0,1,20,1200,0,0,0,0,DoS-ICMP
80,17,20,1200,0,0,0,0,DoS-UDP
80,17,20,1200,0,0,0,0,DoS-UDP
80,17,20,1200,0,0,0,0,DoS-UDP
54884,6,2,120,2,0,0,0,PortScan
80,6,20,1200,20,0,0,0,DoS-SYN-Flood
80,6,20,1480,20,0,0,0,DoS-HTTP
40570,6,8,464,8,8,0,0,SSH-Bruteforce
80,6,20,1200,20,0,0,0,DoS-SYN-Flood
64392,6,2,120,2,0,0,0,PortScan
443,6,20,5071,0,20,0,0,BENIGN
6315,6,7,406,7,7,0,0,SSH-Bruteforce
0,1,20,1200,0,0,0,0,DoS-ICMP
80,6,20,1480,20,0,0,0,DoS-HTTP
80,6,20,1200,20,0,0,0,DoS-SYN-Flood
46685,6,9,522,9,9,0,0,SSH-Bruteforce
1931,6,4,240,4,0,0,0,PortScan
0,1,20,1200,0,0,0,0,DoS-ICMP
80,17,20,1200,0,0,0,0,DoS-UDP
443,6,20,2491,1,19,0,1,BENIGN
36520,17,20,27980,0,0,0,0,BENIGN
80,17,20,1200,0,0,0,0,DoS-UDP
80,6,20,1480,20,0,0,0,DoS-HTTP
80,17,20,1200,0,0,0,0,DoS-UDP
36520,17,20,27980,0,0,0,0,BENIGN
80,6,20,1200,20,0,0,0,DoS-SYN-Flood
0,1,20,840,0,0,0,0,DoS-ICMP
80,6,20,1480,20,0,0,0,DoS-HTTP
0,1,20,840,0,0,0,0,DoS-ICMP
80,6,20,1200,20,0,0,0,DoS-SYN-Flood
43023,6,2,120,2,0,0,0,PortScan
80,6,20,1480,20,0,0,0,DoS-HTTP
62887,6,6,348,6,6,0,0,SSH-Bruteforce
38745,6,9,522,9,9,0,0,SSH-Bruteforce
80,17,20,1200,0,0,0,0,DoS-UDP
0,1,20,1200,0,0,0,0,DoS-ICMP
37207,6,2,120,2,0,0,0,PortScan
80,6,20,1480,20,0,0,0,DoS-HTTP
80,6,20,1200,20,0,0,0,DoS-SYN-Flood
80,6,20,1480,20,0,0,0,DoS-HTTP
80,6,20,1200,20,0,0,0,DoS-SYN-Flood
443,6,20,1254,0,20,0,3,BENIGN
31596,6,7,406,7,7,0,0,SSH-Bruteforce
0,1,20,1200,0,0,0,0,DoS-ICMP
80,6,20,1200,20,0,0,0,DoS-SYN-Flood
51675,17,2,192,0,0,0,0,BENIGN
80,6,20,1200,20,0,0,0,DoS-SYN-Flood
80,6,20,1200,20,0,0,0,DoS-SYN-Flood
80,6,20,1200,20,0,0,0,DoS-SYN-Flood
80,17,20,1200,0,0,0,0,DoS-UDP
52908,6,9,522,9,9,0,0,SSH-Bruteforce
4445,6,4,240,4,0,0,0,PortScan
80,17,20,1200,0,0,0,0,DoS-UDP
56953,6,9,522,9,9,0,0,SSH-Bruteforce
80,6,20,1200,20,0,0,0,DoS-SYN-Flood
80,6,20,1480,20,0,0,0,DoS-HTTP
80,6,20,1480,20,0,0,0,DoS-HTTP
80,17,20,1200,0,0,0,0,DoS-UDP
0,1,20,1200,0,0,0,0,DoS-ICMP
80,17,20,1200,0,0,0,0,DoS-UDP
80,17,20,1200,0,0,0,0,DoS-UDP
80,17,20,1200,0,0,0,0,DoS-UDP
0,1,20,1200,0,0,0,0,DoS-ICMP
80,6,20,1480,20,0,0,0,DoS-HTTP
6493,6,4,240,4,0,0,0,PortScan
0,1,20,840,0,0,0,0,DoS-ICMP
0,1,20,1200,0,0,0,0,DoS-ICMP
4746,6,4,240,4,0,0,0,PortScan
80,6,20,1480,20,0,0,0,DoS-HTTP
36520,17,20,27980,0,0,0,0,BENIGN
80,6,20,1200,20,0,0,0,DoS-SYN-Flood
5140,6,4,240,4,0,0,0,PortScan
80,17,20,1200,0,0,0,0,DoS-UDP
80,6,20,1480,20,0,0,0,DoS-HTTP
80,6,20,1200,20,0,0,0,DoS-SYN-Flood
63670,6,6,348,6,6,0,0,SSH-Bruteforce
5674,6,7,406,7,7,0,0,SSH-Bruteforce
22,6,20,1200,0,0,20,0,SSH-Bruteforce
14902,6,4,240,4,0,0,0,PortScan
443,17,20,1517,0,0,0,0,BENIGN
80,6,20,1200,20,0,0,0,DoS-SYN-Flood
80,17,20,1200,0,0,0,0,DoS-UDP
80,6,20,1200,20,0,0,0,DoS-SYN-Flood
46438,6,10,580,10,10,0,0,SSH-Bruteforce
27158,6,2,120,2,0,0,0,PortScan
80,17,20,1200,0,0,0,0,DoS-UDP
4943,6,4,240,4,0,0,0,PortScan
20090,6,2,120,2,0,0,0,PortScan
51082,6,5,290,5,5,0,0,SSH-Bruteforce
80,6,20,1200,20,0,0,0,DoS-SYN-Flood
80,17,20,1200,0,0,0,0,DoS-UDP
0,1,20,1200,0,0,0,0,DoS-ICMP
80,6,20,1480,20,0,0,0,DoS-HTTP
80,17,20,1200,0,0,0,0,DoS-UDP
80,6,20,1200,20,0,0,0,DoS-SYN-Flood
80,17,20,1200,0,0,0,0,DoS-UDP
48917,6,4,240,4,0,0,0,PortScan
0,1,20,840,0,0,0,0,DoS-ICMP
80,6,20,1480,20,0,0,0,DoS-HTTP
47021,6,2,120,2,0,0,0,PortScan
80,6,20,1480,20,0,0,0,DoS-HTTP
6282,6,10,580,10,10,0,0,SSH-Bruteforce
32840,6,2,120,2,0,0,0,PortScan
22,6,20,1200,0,0,20,0,SSH-Bruteforce
0,1,20,840,0,0,0,0,DoS-ICMP
80,6,20,1200,20,0,0,0,DoS-SYN-Flood
80,6,20,1480,20,0,0,0,DoS-HTTP
80,6,20,1480,20,0,0,0,DoS-HTTP
41423,6,7,406,7,7,0,0,SSH-Bruteforce
46195,6,8,464,8,8,0,0,SSH-Bruteforce
443,17,20,4444,0,0,0,0,BENIGN
0,1,20,1200,0,0,0,0,DoS-ICMP
80,6,20,1480,20,0,0,0,DoS-HTTP
9369,6,4,240,4,0,0,0,PortScan
0,1,20,1200,0,0,0,0,DoS-ICMP
80,6,20,1200,20,0,0,0,DoS-SYN-Flood
0,1,20,840,0,0,0,0,DoS-ICMP
50377,6,2,120,2,0,0,0,PortScan
15866,6,2,120,2,0,0,0,PortScan
80,6,20,1200,20,0,0,0,DoS-SYN-Flood
80,6,20,1200,20,0,0,0,DoS-SYN-Flood
27720,6,8,464,8,8,0,0,SSH-Bruteforce
60199,6,6,348,6,6,0,0,SSH-Bruteforce
80,6,20,1200,20,0,0,0,DoS-SYN-Flood
0,1,20,840,0,0,0,0,DoS-ICMP
22,6,20,1200,20,0,0,0,SSH-Bruteforce
80,17,20,1200,0,0,0,0,DoS-UDP
80,6,20,1480,20,0,0,0,DoS-HTTP
80,6,20,1200,20,0,0,0,DoS-SYN-Flood
80,6,20,1480,20,0,0,0,DoS-HTTP
54829,17,20,27980,0,0,0,0,BENIGN
80,17,20,1200,0,0,0,0,DoS-UDP
48652,6,4,240,4,0,0,0,PortScan
80,17,20,1200,0,0,0,0,DoS-UDP
80,17,20,1200,0,0,0,0,DoS-UDP
53272,6,20,23982,0,20,0,0,BENIGN
0,1,20,1200,0,0,0,0,DoS-ICMP
0,1,20,840,0,0,0,0,DoS-ICMP
0,1,20,1200,0,0,0,0,DoS-ICMP
22,6,20,1200,20,0,0,0,SSH-Bruteforce
32071,6,2,120,2,0,0,0,PortScan
80,17,20,1200,0,0,0,0,DoS-UDP
6238,6,9,522,9,9,0,0,SSH-Bruteforce
80,17,20,1200,0,0,0,0,DoS-UDP
80,6,20,1480,20,0,0,0,DoS-HTTP
39916,6,9,522,9,9,0,0,SSH-Bruteforce
80,6,20,1480,20,0,0,0,DoS-HTTP
443,17,20,1856,0,0,0,0,BENIGN
80,6,20,1480,20,0,0,0,DoS-HTTP
80,6,20,1200,20,0,0,0,DoS-SYN-Flood
80,6,20,1480,20,0,0,0,DoS-HTTP
80,6,20,1480,20,0,0,0,DoS-HTTP
53664,6,2,120,2,0,0,0,PortScan
63633,6,2,120,2,0,0,0,PortScan
63181,6,4,240,4,0,0,0,PortScan
0,1,20,1200,0,0,0,0,DoS-ICMP
80,6,20,1480,20,0,0,0,DoS-HTTP
80,6,20,1480,20,0,0,0,DoS-HTTP
80,6,20,1480,20,0,0,0,DoS-HTTP
22,6,20,1200,0,0,20,0,SSH-Bruteforce
22,6,20,1200,20,0,0,0,SSH-Bruteforce
34935,6,4,240,4,0,0,0,PortScan
80,6,20,1200,20,0,0,0,DoS-SYN-Flood
51834,6,2,120,2,0,0,0,PortScan
80,17,20,1200,0,0,0,0,DoS-UDP
56057,6,2,120,2,0,0,0,PortScan
80,6,20,1480,20,0,0,0,DoS-HTTP
80,6,20,1200,20,0,0,0,DoS-SYN-Flood
27473,6,2,120,2,0,0,0,PortScan
56370,6,2,120,2,0,0,0,PortScan
13757,6,4,240,4,0,0,0,PortScan
80,17,20,1200,0,0,0,0,DoS-UDP
0,1,20,840,0,0,0,0,DoS-ICMP
80,17,20,1200,0,0,0,0,DoS-UDP
80,17,20,1200,0,0,0,0,DoS-UDP
36239,6,2,120,2,0,0,0,PortScan
22,6,20,1200,0,0,20,0,SSH-Bruteforce
80,17,20,1200,0,0,0,0,DoS-UDP
80,6,20,1200,20,0,0,0,DoS-SYN-Flood
0,1,20,840,0,0,0,0,DoS-ICMP
63583,6,4,232,4,4,0,0,SSH-Bruteforce
80,6,20,1480,20,0,0,0,DoS-HTTP
80,17,20,1200,0,0,0,0,DoS-UDP
80,17,20,1200,0,0,0,0,DoS-UDP
40400,6,9,522,9,9,0,0,SSH-Bruteforce
22,6,20,1200,0,0,20,0,SSH-Bruteforce
0,1,20,840,0,0,0,0,DoS-ICMP
0,1,20,840,0,0,0,0,DoS-ICMP
80,6,20,1480,20,0,0,0,DoS-HTTP
36865,6,9,522,9,9,0,0,SSH-Bruteforce
0,1,20,1200,0,0,0,0,DoS-ICMP
0,1,20,840,0,0,0,0,DoS-ICMP
63680,6,2,120,2,0,0,0,PortScan
80,17,20,1200,0,0,0,0,DoS-UDP
80,6,20,1480,20,0,0,0,DoS-HTTP
0,1,20,1200,0,0,0,0,DoS-ICMP
80,6,20,1200,20,0,0,0,DoS-SYN-Flood
3613,6,6,360,6,0,0,0,PortScan
0,1,20,840,0,0,0,0,DoS-ICMP
80,6,20,1200,20,0,0,0,DoS-SYN-Flood
80,6,20,1480,20,0,0,0,DoS-HTTP
80,17,20,1200,0,0,0,0,DoS-UDP
80,6,20,1480,20,0,0,0,DoS-HTTP
18434,6,5,290,5,5,0,0,SSH-Bruteforce
80,17,20,1200,0,0,0,0,DoS-UDP
80,6,20,1480,20,0,0,0,DoS-HTTP
80,6,20,1200,20,0,0,0,DoS-SYN-Flood
54829,17,20,27980,0,0,0,0,BENIGN
80,6,20,1200,20,0,0,0,DoS-SYN-Flood
80,6,20,1480,20,0,0,0,DoS-HTTP
23743,6,6,348,6,6,0,0,SSH-Bruteforce
80,17,20,1200,0,0,0,0,DoS-UDP
80,17,20,1200,0,0,0,0,DoS-UDP
0,1,20,1200,0,0,0,0,DoS-ICMP
80,17,20,1200,0,0,0,0,DoS-UDP
22548,6,4,240,4,0,0,0,PortScan
44219,6,2,120,2,0,0,0,PortScan
3632,6,7,406,7,7,0,0,SSH-Bruteforce
80,6,20,1200,20,0,0,0,DoS-SYN-Flood
80,6,20,1200,20,0,0,0,DoS-SYN-Flood
40803,6,2,120,2,0,0,0,PortScan
80,6,20,1200,20,0,0,0,DoS-SYN-Flood
80,6,20,1200,20,0,0,0,DoS-SYN-Flood
22,6,20,1200,0,0,20,0,SSH-Bruteforce
24182,6,2,120,2,0,0,0,PortScan
80,17,20,1200,0,0,0,0,DoS-UDP
80,6,20,1200,20,0,0,0,DoS-SYN-Flood
11222,6,4,240,4,0,0,0,PortScan
443,6,20,1346,0,20,0,0,BENIGN
80,17,20,1200,0,0,0,0,DoS-UDP
6151,6,4,240,4,0,0,0,PortScan
64986,6,8,464,8,8,0,0,SSH-Bruteforce
59384,6,2,120,2,0,0,0,PortScan
80,6,20,1200,20,0,0,0,DoS-SYN-Flood
80,6,20,1480,20,0,0,0,DoS-HTTP
0,1,20,1200,0,0,0,0,DoS-ICMP
22,6,20,1200,20,0,0,0,SSH-Bruteforce
80,6,20,1480,20,0,0,0,DoS-HTTP
22,6,20,1200,20,0,0,0,SSH-Bruteforce
443,6,2,120,0,2,0,1,BENIGN
80,6,20,1480,20,0,0,0,DoS-HTTP
80,6,20,1200,20,0,0,0,DoS-SYN-Flood
27796,6,7,406,7,7,0,0,SSH-Bruteforce
0,1,20,1200,0,0,0,0,DoS-ICMP
80,6,20,1200,20,0,0,0,DoS-SYN-Flood
80,6,20,1200,20,0,0,0,DoS-SYN-Flood
41781,6,2,120,2,0,0,0,PortScan
33695,6,9,522,9,9,0,0,SSH-Bruteforce
12943,6,4,240,4,0,0,0,PortScan
46398,17,20,27535,0,0,0,0,BENIGN
80,6,20,1480,20,0,0,0,DoS-HTTP
49125,6,4,240,4,0,0,0,PortScan
45297,6,4,240,4,0,0,0,PortScan
0,1,20,840,0,0,0,0,DoS-ICMP
80,6,20,1480,20,0,0,0,DoS-HTTP
54140,6,8,464,8,8,0,0,SSH-Bruteforce
80,6,20,1480,20,0,0,0,DoS-HTTP
80,6,20,1480,20,0,0,0,DoS-HTTP
22,6,20,1200,16,0,4,0,SSH-Bruteforce
1961,6,4,240,4,0,0,0,PortScan
0,1,20,840,0,0,0,0,DoS-ICMP
80,6,20,1200,20,0,0,0,DoS-SYN-Flood
0,1,20,840,0,0,0,0,DoS-ICMP
0,1,20,840,0,0,0,0,DoS-ICMP
80,17,20,1200,0,0,0,0,DoS-UDP
44569,6,9,522,9,9,0,0,SSH-Bruteforce
80,6,20,1200,20,0,0,0,DoS-SYN-Flood
80,6,20,1480,20,0,0,0,DoS-HTTP
0,1,20,1200,0,0,0,0,DoS-ICMP
22,6,20,1200,20,0,0,0,SSH-Bruteforce
22,6,20,1200,3,0,17,0,SSH-Bruteforce
27291,6,2,120,2,0,0,0,PortScan
80,6,20,1200,20,0,0,0,DoS-SYN-Flood
80,6,20,1200,20,0,0,0,DoS-SYN-Flood
27697,6,4,240,4,0,0,0,PortScan
80,17,20,1200,0,0,0,0,DoS-UDP
80,6,20,1480,20,0,0,0,DoS-HTTP
80,17,20,1200,0,0,0,0,DoS-UDP
80,6,20,1200,20,0,0,0,DoS-SYN-Flood
80,6,20,1480,20,0,0,0,DoS-HTTP
22,6,20,1200,0,0,20,0,SSH-Bruteforce
80,17,20,1200,0,0,0,0,DoS-UDP
22,6,20,1200,20,0,0,0,SSH-Bruteforce
38470,17,2,204,0,0,0,0,BENIGN
80,6,20,1480,20,0,0,0,DoS-HTTP
0,1,20,840,0,0,0,0,DoS-ICMP
80,17,20,1200,0,0,0,0,DoS-UDP
35421,6,2,120,2,0,0,0,PortScan
80,6,20,1200,20,0,0,0,DoS-SYN-Flood
80,6,20,1480,20,0,0,0,DoS-HTTP
80,6,20,1480,20,0,0,0,DoS-HTTP
80,17,20,1200,0,0,0,0,DoS-UDP
80,6,20,1480,20,0,0,0,DoS-HTTP
80,6,20,1200,20,0,0,0,DoS-SYN-Flood
80,6,20,1480,20,0,0,0,DoS-HTTP
80,6,20,1480,20,0,0,0,DoS-HTTP
80,6,20,1200,20,0,0,0,DoS-SYN-Flood
28618,6,4,240,4,0,0,0,PortScan
0,1,20,840,0,0,0,0,DoS-ICMP
54769,6,4,240,4,0,0,0,PortScan
80,17,20,1200,0,0,0,0,DoS-UDP
48762,6,6,348,6,6,0,0,SSH-Bruteforce
0,1,20,1200,0,0,0,0,DoS-ICMP
33240,6,20,28720,0,20,0,0,BENIGN
60886,6,20,30279,0,20,0,0,BENIGN
0,1,20,1200,0,0,0,0,DoS-ICMP
46628,6,8,464,8,8,0,0,SSH-Bruteforce
80,17,20,1200,0,0,0,0,DoS-UDP
80,6,20,1480,20,0,0,0,DoS-HTTP
22,6,20,1200,0,0,20,0,SSH-Bruteforce
80,6,20,1480,20,0,0,0,DoS-HTTP
80,6,20,1480,20,0,0,0,DoS-HTTP
80,6,20,1200,20,0,0,0,DoS-SYN-Flood
80,17,20,1200,0,0,0,0,DoS-UDP
80,17,20,1200,0,0,0,0,DoS-UDP
80,6,20,1480,20,0,0,0,DoS-HTTP
59834,6,6,348,6,6,0,0,SSH-Bruteforce
80,6,20,1200,20,0,0,0,DoS-SYN-Flood
25777,6,2,120,2,0,0,0,PortScan
0,1,20,1200,0,0,0,0,DoS-ICMP
80,6,20,1480,20,0,0,0,DoS-HTTP
80,17,20,1200,0,0,0,0,DoS-UDP
80,6,20,1480,20,0,0,0,DoS-HTTP
0,1,20,840,0,0,0,0,DoS-ICMP
45921,6,10,580,10,10,0,0,SSH-Bruteforce
32637,6,9,522,9,9,0,0,SSH-Bruteforce
80,17,20,1200,0,0,0,0,DoS-UDP
80,6,20,1200,20,0,0,0,DoS-SYN-Flood
58546,6,7,406,7,7,0,0,SSH-Bruteforce
22,6,20,1200,20,0,0,0,SSH-Bruteforce
80,6,20,1200,20,0,0,0,DoS-SYN-Flood
14652,6,4,240,4,0,0,0,PortScan
80,6,20,1480,20,0,0,0,DoS-HTTP
36520,17,20,27980,0,0,0,0,BENIGN
0,1,20,1200,0,0,0,0,DoS-ICMP
80,6,20,1200,20,0,0,0,DoS-SYN-Flood
80,17,20,1200,0,0,0,0,DoS-UDP
80,6,20,1200,20,0,0,0,DoS-SYN-Flood
80,6,20,1480,20,0,0,0,DoS-HTTP
80,17,20,1200,0,0,0,0,DoS-UDP
80,17,20,1200,0,0,0,0,DoS-UDP
22,6,20,1200,0,0,20,0,SSH-Bruteforce
37204,6,11,4338,1,11,0,1,BENIGN
0,1,20,840,0,0,0,0,DoS-ICMP
80,6,20,1480,20,0,0,0,DoS-HTTP
80,6,20,1200,20,0,0,0,DoS-SYN-Flood
3183,6,4,240,4,0,0,0,PortScan
80,17,20,1200,0,0,0,0,DoS-UDP
80,6,20,1480,20,0,0,0,DoS-HTTP
80,6,20,1200,20,0,0,0,DoS-SYN-Flood
53308,6,20,21539,1,20,0,0,BENIGN
80,6,20,1480,20,0,0,0,DoS-HTTP
0,1,20,1200,0,0,0,0,DoS-ICMP
22,6,20,1200,0,0,20,0,SSH-Bruteforce
80,6,20,1480,20,0,0,0,DoS-HTTP
22,6,20,1200,4,0,16,0,SSH-Bruteforce
55533,6,2,120,2,0,0,0,PortScan
12048,6,4,240,4,0,0,0,PortScan
0,1,20,840,0,0,0,0,DoS-ICMP
80,6,20,1480,20,0,0,0,DoS-HTTP
2161,6,4,240,4,0,0,0,PortScan
80,6,20,1480,20,0,0,0,DoS-HTTP
80,6,20,1480,20,0,0,0,DoS-HTTP
0,1,20,1200,0,0,0,0,DoS-ICMP
0,1,20,1200,0,0,0,0,DoS-ICMP
80,6,20,1480,20,0,0,0,DoS-HTTP
46507,6,2,120,2,0,0,0,PortScan
53296,6,20,29140,0,20,0,0,BENIGN
80,17,20,1200,0,0,0,0,DoS-UDP
53272,6,20,29020,0,20,0,0,BENIGN
80,17,20,1200,0,0,0,0,DoS-UDP
80,6,20,1480,20,0,0,0,DoS-HTTP
0,1,20,1200,0,0,0,0,DoS-ICMP
80,6,20,1200,20,0,0,0,DoS-SYN-Flood
80,17,20,1200,0,0,0,0,DoS-UDP
80,17,20,1200,0,0,0,0,DoS-UDP
48388,6,2,120,2,0,0,0,PortScan
80,6,20,1200,20,0,0,0,DoS-SYN-Flood
42317,6,2,120,2,0,0,0,PortScan
80,6,20,1480,20,0,0,0,DoS-HTTP
36520,17,20,27980,0,0,0,0,BENIGN
40647,6,7,406,7,7,0,0,SSH-Bruteforce
13072,6,7,406,7,7,0,0,SSH-Bruteforce
80,6,20,1480,20,0,0,0,DoS-HTTP
2806,6,7,406,7,7,0,0,SSH-Bruteforce
0,1,20,1200,0,0,0,0,DoS-ICMP
80,6,20,1480,20,0,0,0,DoS-HTTP
80,6,20,1200,20,0,0,0,DoS-SYN-Flood
22,6,20,1200,20,0,0,0,SSH-Bruteforce
80,6,20,1480,20,0,0,0,DoS-HTTP
443,6,20,4423,3,17,0,0,BENIGN
80,6,20,1200,20,0,0,0,DoS-SYN-Flood
54829,17,20,27980,0,0,0,0,BENIGN
443,6,20,1971,1,19,0,1,BENIGN
26699,6,8,464,8,8,0,0,SSH-Bruteforce
36733,6,2,120,2,0,0,0,PortScan
45772,6,5,290,5,5,0,0,SSH-Bruteforce
80,17,20,1200,0,0,0,0,DoS-UDP
25319,6,2,120,2,0,0,0,PortScan
22,6,20,1200,0,0,20,0,SSH-Bruteforce
80,6,20,1200,20,0,0,0,DoS-SYN-Flood
46398,17,20,27980,0,0,0,0,BENIGN
0,1,20,840,0,0,0,0,DoS-ICMP
47701,6,4,240,4,0,0,0,PortScan
80,6,20,1200,20,0,0,0,DoS-SYN-Flood
33501,6,2,120,2,0,0,0,PortScan
22,6,20,1200,0,0,20,0,SSH-Bruteforce
0,1,20,1200,0,0,0,0,DoS-ICMP
80,6,20,1480,20,0,0,0,DoS-HTTP
0,1,20,1200,0,0,0,0,DoS-ICMP
4197,6,4,240,4,0,0,0,PortScan
80,6,20,1200,20,0,0,0,DoS-SYN-Flood
54829,17,20,27980,0,0,0,0,BENIGN
0,1,20,1200,0,0,0,0,DoS-ICMP
80,17,20,1200,0,0,0,0,DoS-UDP
80,17,20,1200,0,0,0,0,DoS-UDP
0,1,20,1200,0,0,0,0,DoS-ICMP
80,17,20,1200,0,0,0,0,DoS-UDP
57464,6,5,290,5,5,0,0,SSH-Bruteforce
80,6,20,1480,20,0,0,0,DoS-HTTP
80,6,20,1480,20,0,0,0,DoS-HTTP
57393,6,4,240,4,0,0,0,PortScan
80,17,20,1200,0,0,0,0,DoS-UDP
443,17,20,27620,0,0,0,0,BENIGN
80,17,20,1200,0,0,0,0,DoS-UDP
80,6,20,1480,20,0,0,0,DoS-HTTP
80,6,20,1480,20,0,0,0,DoS-HTTP
80,6,20,1200,20,0,0,0,DoS-SYN-Flood
80,17,20,1200,0,0,0,0,DoS-UDP
22,6,20,1200,20,0,0,0,SSH-Bruteforce
80,6,20,1200,20,0,0,0,DoS-SYN-Flood
80,17,20,1200,0,0,0,0,DoS-UDP
0,1,20,1200,0,0,0,0,DoS-ICMP
0,1,20,840,0,0,0,0,DoS-ICMP
0,1,20,1200,0,0,0,0,DoS-ICMP
80,17,20,1200,0,0,0,0,DoS-UDP
80,17,20,1200,0,0,0,0,DoS-UDP
80,6,20,1480,20,0,0,0,DoS-HTTP
0,1,20,1200,0,0,0,0,DoS-ICMP
1914,6,4,240,4,0,0,0,PortScan
60356,6,6,348,6,6,0,0,SSH-Bruteforce
19652,6,7,406,7,7,0,0,SSH-Bruteforce
80,6,20,1480,20,0,0,0,DoS-HTTP
24271,6,6,348,6,6,0,0,SSH-Bruteforce
0,1,20,840,0,0,0,0,DoS-ICMP
443,6,20,3508,0,20,0,0,BENIGN
22,6,20,1200,20,0,0,0,SSH-Bruteforce
0,1,20,840,0,0,0,0,DoS-ICMP
0,1,20,840,0,0,0,0,DoS-ICMP
80,6,20,1200,20,0,0,0,DoS-SYN-Flood
33154,6,9,522,9,9,0,0,SSH-Bruteforce
80,6,20,1200,20,0,0,0,DoS-SYN-Flood
58779,6,2,120,2,0,0,0,PortScan
80,6,20,1480,20,0,0,0,DoS-HTTP
80,17,20,1200,0,0,0,0,DoS-UDP
80,6,20,1480,20,0,0,0,DoS-HTTP
0,1,20,1200,0,0,0,0,DoS-ICMP
80,6,20,1480,20,0,0,0,DoS-HTTP
80,6,20,1480,20,0,0,0,DoS-HTTP
80,17,20,1200,0,0,0,0,DoS-UDP
43688,6,8,464,8,8,0,0,SSH-Bruteforce
0,1,20,1200,0,0,0,0,DoS-ICMP
0,1,20,1200,0,0,0,0,DoS-ICMP
46795,6,2,120,2,0,0,0,PortScan
80,17,20,1200,0,0,0,0,DoS-UDP
80,6,20,1200,20,0,0,0,DoS-SYN-Flood
80,6,20,1200,20,0,0,0,DoS-SYN-Flood
80,6,20,1200,20,0,0,0,DoS-SYN-Flood
34122,6,2,120,2,0,0,0,PortScan
80,6,20,1480,20,0,0,0,DoS-HTTP
16719,6,6,348,6,6,0,0,SSH-Bruteforce
22,6,20,1200,7,0,13,0,SSH-Bruteforce
50601,6,7,406,7,7,0,0,SSH-Bruteforce
61350,6,6,348,6,6,0,0,SSH-Bruteforce
80,6,20,1480,20,0,0,0,DoS-HTTP
80,17,20,1200,0,0,0,0,DoS-UDP
80,6,20,1480,20,0,0,0,DoS-HTTP
43029,6,2,120,2,0,0,0,PortScan
80,17,20,1200,0,0,0,0,DoS-UDP
22,6,20,1200,20,0,0,0,SSH-Bruteforce
80,17,20,1200,0,0,0,0,DoS-UDP
22,6,20,1200,20,0,0,0,SSH-Bruteforce
18176,6,8,464,8,8,0,0,SSH-Bruteforce
80,6,20,1200,20,0,0,0,DoS-SYN-Flood
23219,6,9,522,9,9,0,0,SSH-Bruteforce
33766,6,6,348,6,6,0,0,SSH-Bruteforce
12763,6,6,360,6,0,0,0,PortScan
22,6,20,1200,8,0,12,0,SSH-Bruteforce
80,6,20,1480,20,0,0,0,DoS-HTTP
54829,17,20,27980,0,0,0,0,BENIGN
80,6,20,1200,20,0,0,0,DoS-SYN-Flood
17231,6,7,406,7,7,0,0,SSH-Bruteforce
51372,6,2,120,2,0,0,0,PortScan
22,6,20,1200,20,0,0,0,SSH-Bruteforce
80,17,20,1200,0,0,0,0,DoS-UDP
62182,6,10,580,10,10,0,0,SSH-Bruteforce
0,1,20,840,0,0,0,0,DoS-ICMP
22,6,20,1200,0,0,20,0,SSH-Bruteforce
22,6,20,1200,0,0,20,0,SSH-Bruteforce
80,17,20,1200,0,0,0,0,DoS-UDP
80,17,20,1200,0,0,0,0,DoS-UDP
36988,6,12,5737,1,12,0,0,BENIGN
33643,6,2,120,2,0,0,0,PortScan
80,6,20,1200,20,0,0,0,DoS-SYN-Flood
80,6,20,1200,20,0,0,0,DoS-SYN-Flood
0,1,20,1200,0,0,0,0,DoS-ICMP
80,6,20,1200,20,0,0,0,DoS-SYN-Flood
80,17,20,1200,0,0,0,0,DoS-UDP
0,1,20,840,0,0,0,0,DoS-ICMP
443,6,20,2232,0,20,0,0,BENIGN
57657,6,2,120,2,0,0,0,PortScan
36520,17,20,18164,0,0,0,0,BENIGN
43101,6,2,120,2,0,0,0,PortScan
443,6,12,2158,6,6,0,2,BENIGN
80,6,20,1480,20,0,0,0,DoS-HTTP
80,6,20,1480,20,0,0,0,DoS-HTTP
14003,6,8,464,8,8,0,0,SSH-Bruteforce
24781,6,6,348,6,6,0,0,SSH-Bruteforce
0,1,20,840,0,0,0,0,DoS-ICMP
22,6,20,1200,20,0,0,0,SSH-Bruteforce
80,6,20,1200,20,0,0,0,DoS-SYN-Flood
80,6,20,1480,20,0,0,0,DoS-HTTP
0,1,20,840,0,0,0,0,DoS-ICMP
6925,6,4,240,4,0,0,0,PortScan
7528,6,4,240,4,0,0,0,PortScan
80,6,20,1480,20,0,0,0,DoS-HTTP
0,1,20,1200,0,0,0,0,DoS-ICMP
46837,6,8,464,8,8,0,0,SSH-Bruteforce
80,6,20,1480,20,0,0,0,DoS-HTTP
0,1,20,840,0,0,0,0,DoS-ICMP
443,6,20,2917,0,20,1,0,BENIGN
80,6,20,1200,20,0,0,0,DoS-SYN-Flood
80,6,20,1480,20,0,0,0,DoS-HTTP
80,6,20,1200,20,0,0,0,DoS-SYN-Flood
22,6,20,1200,0,0,20,0,SSH-Bruteforce
80,6,20,1200,20,0,0,0,DoS-SYN-Flood
0,1,20,840,0,0,0,0,DoS-ICMP
0,1,20,840,0,0,0,0,DoS-ICMP
80,6,20,1480,20,0,0,0,DoS-HTTP
80,6,20,1200,20,0,0,0,DoS-SYN-Flood
22,6,20,1200,12,0,8,0,SSH-Bruteforce
80,6,20,1480,20,0,0,0,DoS-HTTP
80,17,20,1200,0,0,0,0,DoS-UDP
80,17,20,1200,0,0,0,0,DoS-UDP
0,1,20,840,0,0,0,0,DoS-ICMP
80,17,20,1200,0,0,0,0,DoS-UDP
64077,6,4,240,4,0,0,0,PortScan
80,17,20,1200,0,0,0,0,DoS-UDP
38328,6,2,120,2,0,0,0,PortScan
35292,6,10,580,10,10,0,0,SSH-Bruteforce
80,6,20,1480,20,0,0,0,DoS-HTTP
36520,17,20,27980,0,0,0,0,BENIGN
59804,6,20,15121,0,20,0,0,BENIGN
19123,6,4,240,4,0,0,0,PortScan
80,17,20,1200,0,0,0,0,DoS-UDP
0,1,20,1200,0,0,0,0,DoS-ICMP
80,6,20,1200,20,0,0,0,DoS-SYN-Flood
34969,6,10,580,10,10,0,0,SSH-Bruteforce
35854,6,20,11880,0,20,0,0,BENIGN
80,6,20,1480,20,0,0,0,DoS-HTTP
0,1,20,1200,0,0,0,0,DoS-ICMP
80,6,20,1200,20,0,0,0,DoS-SYN-Flood
20129,6,2,120,2,0,0,0,PortScan
80,6,20,1480,20,0,0,0,DoS-HTTP
80,6,20,1200,20,0,0,0,DoS-SYN-Flood
80,17,20,1200,0,0,0,0,DoS-UDP
80,17,20,1200,0,0,0,0,DoS-UDP
0,1,20,840,0,0,0,0,DoS-ICMP
32425,6,9,522,9,9,0,0,SSH-Bruteforce
0,1,20,1200,0,0,0,0,DoS-ICMP
80,6,20,1480,20,0,0,0,DoS-HTTP
46398,17,20,27980,0,0,0,0,BENIGN
26027,6,2,120,2,0,0,0,PortScan
80,6,20,1480,20,0,0,0,DoS-HTTP
80,6,20,1480,20,0,0,0,DoS-HTTP
0,1,20,1200,0,0,0,0,DoS-ICMP
80,6,20,1200,20,0,0,0,DoS-SYN-Flood
52004,6,4,240,4,0,0,0,PortScan
0,1,20,1200,0,0,0,0,DoS-ICMP
0,1,20,1200,0,0,0,0,DoS-ICMP
22,6,20,1200,17,0,3,0,SSH-Bruteforce
80,6,20,1480,20,0,0,0,DoS-HTTP
80,6,20,1480,20,0,0,0,DoS-HTTP
45424,6,20,27818,0,20,0,0,BENIGN
0,1,20,1200,0,0,0,0,DoS-ICMP
80,17,20,1200,0,0,0,0,DoS-UDP
443,6,20,1200,0,20,0,0,BENIGN
80,6,20,1480,20,0,0,0,DoS-HTTP
80,6,20,1200,20,0,0,0,DoS-SYN-Flood
80,6,20,1480,20,0,0,0,DoS-HTTP
80,6,20,1480,20,0,0,0,DoS-HTTP
80,6,20,1200,20,0,0,0,DoS-SYN-Flood
80,6,20,1480,20,0,0,0,DoS-HTTP
80,6,20,1480,20,0,0,0,DoS-HTTP
0,1,20,840,0,0,0,0,DoS-ICMP
46995,6,2,120,2,0,0,0,PortScan
80,6,20,1200,20,0,0,0,DoS-SYN-Flood
0,1,20,840,0,0,0,0,DoS-ICMP
80,6,20,1200,20,0,0,0,DoS-SYN-Flood
80,17,20,1200,0,0,0,0,DoS-UDP
80,17,20,1200,0,0,0,0,DoS-UDP
80,6,20,1480,20,0,0,0,DoS-HTTP
36520,17,20,27980,0,0,0,0,BENIGN
80,6,20,1200,20,0,0,0,DoS-SYN-Flood
80,17,20,1200,0,0,0,0,DoS-UDP
0,1,20,1200,0,0,0,0,DoS-ICMP
22,6,20,1200,0,0,20,0,SSH-Bruteforce
80,6,20,1200,20,0,0,0,DoS-SYN-Flood
22,6,20,1200,20,0,0,0,SSH-Bruteforce
80,17,20,1200,0,0,0,0,DoS-UDP
80,6,20,1200,20,0,0,0,DoS-SYN-Flood
14912,6,6,348,6,6,0,0,SSH-Bruteforce
52543,6,10,580,10,10,0,0,SSH-Bruteforce
20185,6,4,240,4,0,0,0,PortScan
80,6,20,1200,20,0,0,0,DoS-SYN-Flood
0,1,20,1200,0,0,0,0,DoS-ICMP
0,1,20,840,0,0,0,0,DoS-ICMP
12846,6,4,240,4,0,0,0,PortScan
34602,6,4,240,4,0,0,0,PortScan
16390,6,4,240,4,0,0,0,PortScan
80,17,20,1200,0,0,0,0,DoS-UDP
26845,6,2,120,2,0,0,0,PortScan
22,6,20,1200,1,0,19,0,SSH-Bruteforce
27825,6,4,240,4,0,0,0,PortScan
41445,6,14,812,14,14,0,0,SSH-Bruteforce
36943,6,4,240,4,0,0,0,PortScan
0,1,20,840,0,0,0,0,DoS-ICMP
80,6,20,1200,20,0,0,0,DoS-SYN-Flood
80,6,20,1200,20,0,0,0,DoS-SYN-Flood
0,1,20,840,0,0,0,0,DoS-ICMP
80,6,20,1200,20,0,0,0,DoS-SYN-Flood
80,6,20,1200,20,0,0,0,DoS-SYN-Flood
80,6,20,1200,20,0,0,0,DoS-SYN-Flood
55180,6,6,348,6,6,0,0,SSH-Bruteforce
36520,17,20,27980,0,0,0,0,BENIGN
0,1,20,840,0,0,0,0,DoS-ICMP
22,6,20,1200,0,0,20,0,SSH-Bruteforce
80,17,20,1200,0,0,0,0,DoS-UDP
26139,6,2,120,2,0,0,0,PortScan
49065,6,7,406,7,7,0,0,SSH-Bruteforce
53308,6,20,29020,0,20,0,0,BENIGN
0,1,20,840,0,0,0,0,DoS-ICMP
22,6,20,1200,20,0,0,0,SSH-Bruteforce
80,17,20,1200,0,0,0,0,DoS-UDP
22,6,20,1200,20,0,0,0,SSH-Bruteforce
36520,17,20,27980,0,0,0,0,BENIGN
80,17,20,1200,0,0,0,0,DoS-UDP
51268,6,8,464,8,8,0,0,SSH-Bruteforce
80,6,20,1200,20,0,0,0,DoS-SYN-Flood
80,6,20,1480,20,0,0,0,DoS-HTTP
80,6,20,1200,20,0,0,0,DoS-SYN-Flood
53272,6,20,29020,0,20,0,0,BENIGN
80,6,20,1480,20,0,0,0,DoS-HTTP
80,6,20,1200,20,0,0,0,DoS-SYN-Flood
44705,6,4,240,4,0,0,0,PortScan
28512,6,8,464,8,8,0,0,SSH-Bruteforce
80,6,20,1200,20,0,0,0,DoS-SYN-Flood
80,17,20,1200,0,0,0,0,DoS-UDP
3946,6,6,360,6,0,0,0,PortScan
4856,6,4,240,4,0,0,0,PortScan
13756,6,13,754,13,13,0,0,SSH-Bruteforce
8276,6,4,240,4,0,0,0,PortScan
80,6,20,1480,20,0,0,0,DoS-HTTP
24123,6,4,240,4,0,0,0,PortScan
80,6,20,1480,20,0,0,0,DoS-HTTP
0,1,20,1200,0,0,0,0,DoS-ICMP
80,6,20,1480,20,0,0,0,DoS-HTTP
443,6,20,5264,2,18,0,1,BENIGN
563,6,4,232,4,4,0,0,SSH-Bruteforce
4357,6,4,240,4,0,0,0,PortScan
80,6,20,1480,20,0,0,0,DoS-HTTP
37305,6,4,240,4,0,0,0,PortScan
22,6,20,1200,20,0,0,0,SSH-Bruteforce
80,17,20,1200,0,0,0,0,DoS-UDP
80,6,20,1480,20,0,0,0,DoS-HTTP
0,1,20,1200,0,0,0,0,DoS-ICMP
80,6,20,1480,20,0,0,0,DoS-HTTP
443,6,20,1554,0,20,0,0,BENIGN
80,6,20,1480,20,0,0,0,DoS-HTTP
443,6,20,1200,0,20,0,0,BENIGN
63149,6,6,348,6,6,0,0,SSH-Bruteforce
80,6,20,1480,20,0,0,0,DoS-HTTP
80,17,20,1200,0,0,0,0,DoS-UDP
80,6,20,1480,20,0,0,0,DoS-HTTP
80,6,20,1480,20,0,0,0,DoS-HTTP
80,17,20,1200,0,0,0,0,DoS-UDP
53,17,20,1575,0,0,0,0,BENIGN
63105,6,2,120,2,0,0,0,PortScan
48407,6,4,240,4,0,0,0,PortScan
0,1,20,840,0,0,0,0,DoS-ICMP
60886,6,20,28900,0,20,0,0,BENIGN
80,17,20,1200,0,0,0,0,DoS-UDP
80,17,20,1200,0,0,0,0,DoS-UDP
80,17,20,1200,0,0,0,0,DoS-UDP
19064,6,2,120,2,0,0,0,PortScan
10566,6,6,360,6,0,0,0,PortScan
80,17,20,1200,0,0,0,0,DoS-UDP
80,17,20,1200,0,0,0,0,DoS-UDP
80,6,20,1200,20,0,0,0,DoS-SYN-Flood
80,6,20,1200,20,0,0,0,DoS-SYN-Flood
0,1,20,1200,0,0,0,0,DoS-ICMP
80,17,20,1200,0,0,0,0,DoS-UDP
11117,6,7,406,7,7,0,0,SSH-Bruteforce
80,6,20,1480,20,0,0,0,DoS-HTTP
0,1,20,1200,0,0,0,0,DoS-ICMP
80,6,20,1200,20,0,0,0,DoS-SYN-Flood
80,6,20,1480,20,0,0,0,DoS-HTTP
22,6,20,1200,14,0,6,0,SSH-Bruteforce
80,17,20,1200,0,0,0,0,DoS-UDP
0,1,20,1200,0,0,0,0,DoS-ICMP
56602,6,7,406,7,7,0,0,SSH-Bruteforce
42440,17,20,27980,0,0,0,0,BENIGN
80,6,20,1480,20,0,0,0,DoS-HTTP
80,6,20,1480,20,0,0,0,DoS-HTTP
0,1,20,1200,0,0,0,0,DoS-ICMP
0,1,20,840,0,0,0,0,DoS-ICMP
80,6,20,1200,20,0,0,0,DoS-SYN-Flood
2529,6,8,464,8,8,0,0,SSH-Bruteforce
80,6,20,1200,20,0,0,0,DoS-SYN-Flood
61674,6,2,120,2,0,0,0,PortScan
43992,17,20,27980,0,0,0,0,BENIGN
2245,6,6,348,6,6,0,0,SSH-Bruteforce
80,6,20,1480,20,0,0,0,DoS-HTTP
42904,17,20,16653,0,0,0,0,BENIGN
80,6,20,1200,20,0,0,0,DoS-SYN-Flood
2703,6,7,406,7,7,0,0,SSH-Bruteforce
6731,6,4,240,4,0,0,0,PortScan
22574,6,8,464,8,8,0,0,SSH-Bruteforce
1308,6,4,240,4,0,0,0,PortScan
80,6,20,1200,20,0,0,0,DoS-SYN-Flood
80,6,20,1200,20,0,0,0,DoS-SYN-Flood
80,17,20,1200,0,0,0,0,DoS-UDP
47173,6,4,240,4,0,0,0,PortScan
80,6,20,1480,20,0,0,0,DoS-HTTP
0,1,20,840,0,0,0,0,DoS-ICMP
64501,6,2,120,2,0,0,0,PortScan
22,6,20,1200,1,0,19,0,SSH-Bruteforce
80,6,20,1200,20,0,0,0,DoS-SYN-Flood
80,6,20,1480,20,0,0,0,DoS-HTTP
80,6,20,1480,20,0,0,0,DoS-HTTP
80,17,20,1200,0,0,0,0,DoS-UDP
80,17,20,1200,0,0,0,0,DoS-UDP
22,6,20,1200,20,0,0,0,SSH-Bruteforce
0,1,20,1200,0,0,0,0,DoS-ICMP
80,17,20,1200,0,0,0,0,DoS-UDP
63713,6,4,232,4,4,0,0,SSH-Bruteforce
80,6,20,1200,20,0,0,0,DoS-SYN-Flood
33286,6,20,29560,0,20,0,0,BENIGN
80,17,20,1200,0,0,0,0,DoS-UDP
80,6,20,1200,20,0,0,0,DoS-SYN-Flood
42966,6,6,348,6,6,0,0,SSH-Bruteforce
80,6,20,1200,20,0,0,0,DoS-SYN-Flood
80,6,20,1480,20,0,0,0,DoS-HTTP
0,1,20,1200,0,0,0,0,DoS-ICMP
24679,6,6,348,6,6,0,0,SSH-Bruteforce
80,6,20,1480,20,0,0,0,DoS-HTTP
55634,6,4,240,4,0,0,0,PortScan
0,1,20,840,0,0,0,0,DoS-ICMP
80,6,20,1200,20,0,0,0,DoS-SYN-Flood
18065,6,2,120,2,0,0,0,PortScan
80,6,20,1200,20,0,0,0,DoS-SYN-Flood
80,6,20,1200,20,0,0,0,DoS-SYN-Flood
46737,6,2,120,2,0,0,0,PortScan
3417,6,6,360,6,0,0,0,PortScan
36520,17,20,27980,0,0,0,0,BENIGN
80,6,20,1200,20,0,0,0,DoS-SYN-Flood
80,6,20,1480,20,0,0,0,DoS-HTTP
43678,17,20,27980,0,0,0,0,BENIGN
0,1,20,1200,0,0,0,0,DoS-ICMP
80,6,20,1200,20,0,0,0,DoS-SYN-Flood
80,17,20,1200,0,0,0,0,DoS-UDP
80,6,20,1480,20,0,0,0,DoS-HTTP
34418,6,6,348,6,6,0,0,SSH-Bruteforce
36520,17,20,27980,0,0,0,0,BENIGN
80,6,20,1200,20,0,0,0,DoS-SYN-Flood
0,1,20,840,0,0,0,0,DoS-ICMP
80,6,20,1200,20,0,0,0,DoS-SYN-Flood
443,6,20,1200,0,20,0,0,BENIGN
22,6,20,1200,20,0,0,0,SSH-Bruteforce
80,6,20,1200,20,0,0,0,DoS-SYN-Flood
80,17,20,1200,0,0,0,0,DoS-UDP
51710,17,2,222,0,0,0,0,BENIGN
19223,6,2,120,2,0,0,0,PortScan
80,6,20,1200,20,0,0,0,DoS-SYN-Flood
13982,6,4,240,4,0,0,0,PortScan
22,6,20,1200,20,0,0,0,SSH-Bruteforce
28502,6,8,464,8,8,0,0,SSH-Bruteforce
80,17,20,1200,0,0,0,0,DoS-UDP
80,6,20,1200,20,0,0,0,DoS-SYN-Flood
80,6,20,1200,20,0,0,0,DoS-SYN-Flood
55532,6,6,348,6,6,0,0,SSH-Bruteforce
80,6,20,1200,20,0,0,0,DoS-SYN-Flood
80,6,20,1200,20,0,0,0,DoS-SYN-Flood
80,6,20,1480,20,0,0,0,DoS-HTTP
0,1,20,1200,0,0,0,0,DoS-ICMP
22,6,20,1200,20,0,0,0,SSH-Bruteforce
54291,6,7,406,7,7,0,0,SSH-Bruteforce
0,1,20,840,0,0,0,0,DoS-ICMP
13223,6,6,360,6,0,0,0,PortScan
80,6,20,1480,20,0,0,0,DoS-HTTP
80,6,20,1200,20,0,0,0,DoS-SYN-Flood
5540,6,4,240,4,0,0,0,PortScan
53278,6,20,28662,0,20,0,0,BENIGN
80,6,20,1200,20,0,0,0,DoS-SYN-Flood
22,6,20,1200,20,0,0,0,SSH-Bruteforce
443,6,10,717,0,10,0,2,BENIGN
80,6,20,1480,20,0,0,0,DoS-HTTP
0,1,20,840,0,0,0,0,DoS-ICMP
57037,6,7,406,7,7,0,0,SSH-Bruteforce
12668,6,4,240,4,0,0,0,PortScan
80,17,20,1200,0,0,0,0,DoS-UDP
37523,6,2,120,2,0,0,0,PortScan
50216,6,9,522,9,9,0,0,SSH-Bruteforce
10880,6,4,240,4,0,0,0,PortScan
65277,6,8,464,8,8,0,0,SSH-Bruteforce
58945,6,2,120,2,0,0,0,PortScan
80,17,20,1200,0,0,0,0,DoS-UDP
54829,17,20,27980,0,0,0,0,BENIGN
80,17,20,1200,0,0,0,0,DoS-UDP
80,6,20,1480,20,0,0,0,DoS-HTTP
53257,6,9,522,9,9,0,0,SSH-Bruteforce
36520,17,20,27980,0,0,0,0,BENIGN
0,1,20,1200,0,0,0,0,DoS-ICMP
22,6,20,1200,20,0,0,0,SSH-Bruteforce
36520,17,20,27980,0,0,0,0,BENIGN
0,1,20,1200,0,0,0,0,DoS-ICMP
80,17,20,1200,0,0,0,0,DoS-UDP
61979,6,2,120,2,0,0,0,PortScan
25601,6,2,120,2,0,0,0,PortScan
80,6,20,1480,20,0,0,0,DoS-HTTP
22,6,20,1200,0,0,20,0,SSH-Bruteforce
0,1,20,840,0,0,0,0,DoS-ICMP
80,17,20,1200,0,0,0,0,DoS-UDP
36520,17,20,27980,0,0,0,0,BENIGN
80,17,20,1200,0,0,0,0,DoS-UDP
48029,6,9,522,9,9,0,0,SSH-Bruteforce
80,17,20,1200,0,0,0,0,DoS-UDP
80,17,20,1200,0,0,0,0,DoS-UDP
80,17,20,1200,0,0,0,0,DoS-UDP
443,6,20,1200,0,20,0,0,BENIGN
80,17,20,1200,0,0,0,0,DoS-UDP
11156,6,6,348,6,6,0,0,SSH-Bruteforce
80,6,20,1480,20,0,0,0,DoS-HTTP
10669,6,8,464,8,8,0,0,SSH-Bruteforce
80,6,20,1480,20,0,0,0,DoS-HTTP
80,6,20,1480,20,0,0,0,DoS-HTTP
7274,6,4,240,4,0,0,0,PortScan
61575,6,2,120,2,0,0,0,PortScan
0,1,20,1200,0,0,0,0,DoS-ICMP
0,1,20,840,0,0,0,0,DoS-ICMP
22,6,20,1200,20,0,0,0,SSH-Bruteforce
80,17,20,1200,0,0,0,0,DoS-UDP
80,6,20,1480,20,0,0,0,DoS-HTTP
40631,17,1,103,0,0,0,0,BENIGN
80,6,20,1200,20,0,0,0,DoS-SYN-Flood
80,17,20,1200,0,0,0,0,DoS-UDP
60695,6,2,120,2,0,0,0,PortScan
80,17,20,1200,0,0,0,0,DoS-UDP
32825,6,4,240,4,0,0,0,PortScan
80,6,20,1200,20,0,0,0,DoS-SYN-Flood
36520,17,20,27980,0,0,0,0,BENIGN
0,1,20,1200,0,0,0,0,DoS-ICMP
0,1,20,1200,0,0,0,0,DoS-ICMP
80,17,20,1200,0,0,0,0,DoS-UDP
80,17,20,1200,0,0,0,0,DoS-UDP
80,17,20,1200,0,0,0,0,DoS-UDP
15251,6,4,240,4,0,0,0,PortScan
80,6,20,1480,20,0,0,0,DoS-HTTP
0,1,20,1200,0,0,0,0,DoS-ICMP
26255,6,9,522,9,9,0,0,SSH-Bruteforce
22,6,20,1200,0,0,20,0,SSH-Bruteforce
56971,6,2,120,2,0,0,0,PortScan
34249,6,2,120,2,0,0,0,PortScan
49006,6,4,240,4,0,0,0,PortScan
80,6,20,1480,20,0,0,0,DoS-HTTP
80,6,20,1480,20,0,0,0,DoS-HTTP
57876,6,5,290,5,5,0,0,SSH-Bruteforce
80,6,20,1200,20,0,0,0,DoS-SYN-Flood
80,6,20,1200,20,0,0,0,DoS-SYN-Flood
80,17,20,1200,0,0,0,0,DoS-UDP
80,17,20,1200,0,0,0,0,DoS-UDP
22,6,20,1200,20,0,0,0,SSH-Bruteforce
80,6,20,1480,20,0,0,0,DoS-HTTP
62379,6,2,120,2,0,0,0,PortScan
80,6,20,1480,20,0,0,0,DoS-HTTP
80,17,20,1200,0,0,0,0,DoS-UDP
80,6,20,1480,20,0,0,0,DoS-HTTP
12362,6,7,406,7,7,0,0,SSH-Bruteforce
46398,17,20,27980,0,0,0,0,BENIGN
80,6,20,1480,20,0,0,0,DoS-HTTP
80,6,20,1480,20,0,0,0,DoS-HTTP
60886,6,20,29320,0,20,0,0,BENIGN
44017,6,4,240,4,0,0,0,PortScan
80,6,20,1480,20,0,0,0,DoS-HTTP
20421,6,2,120,2,0,0,0,PortScan
80,17,20,1200,0,0,0,0,DoS-UDP
80,17,20,1200,0,0,0,0,DoS-UDP
0,1,20,840,0,0,0,0,DoS-ICMP
36520,17,20,27980,0,0,0,0,BENIGN
17671,6,2,120,2,0,0,0,PortScan
80,17,20,1200,0,0,0,0,DoS-UDP
43752,6,10,580,10,10,0,0,SSH-Bruteforce
80,6,20,1480,20,0,0,0,DoS-HTTP
33858,6,2,120,2,0,0,0,PortScan
80,6,20,1480,20,0,0,0,DoS-HTTP
22,6,20,1200,20,0,0,0,SSH-Bruteforce
80,6,20,1480,20,0,0,0,DoS-HTTP
26741,6,2,120,2,0,0,0,PortScan
0,1,20,1200,0,0,0,0,DoS-ICMP
80,6,20,1200,20,0,0,0,DoS-SYN-Flood
37479,6,2,120,2,0,0,0,PortScan
0,1,20,1200,0,0,0,0,DoS-ICMP
0,1,20,840,0,0,0,0,DoS-ICMP
38146,6,4,240,4,0,0,0,PortScan
80,17,20,1200,0,0,0,0,DoS-UDP
0,1,20,840,0,0,0,0,DoS-ICMP
80,17,20,1200,0,0,0,0,DoS-UDP
443,6,20,21269,0,20,0,0,BENIGN
38529,6,9,522,9,9,0,0,SSH-Bruteforce
80,6,20,1200,20,0,0,0,DoS-SYN-Flood
10685,6,9,522,9,9,0,0,SSH-Bruteforce
0,1,20,1200,0,0,0,0,DoS-ICMP
22,6,20,1200,11,0,9,0,SSH-Bruteforce
56847,6,2,120,2,0,0,0,PortScan
80,6,20,1200,20,0,0,0,DoS-SYN-Flood
0,1,20,840,0,0,0,0,DoS-ICMP
16238,6,4,240,4,0,0,0,PortScan
80,17,20,1200,0,0,0,0,DoS-UDP
0,1,20,840,0,0,0,0,DoS-ICMP
80,6,20,1200,20,0,0,0,DoS-SYN-Flood
34621,6,7,406,7,7,0,0,SSH-Bruteforce
42346,6,4,240,4,0,0,0,PortScan
0,1,20,1200,0,0,0,0,DoS-ICMP
15255,6,6,348,6,6,0,0,SSH-Bruteforce
57540,6,2,120,2,0,0,0,PortScan
80,6,20,1480,20,0,0,0,DoS-HTTP
80,17,20,1200,0,0,0,0,DoS-UDP
80,6,20,1480,20,0,0,0,DoS-HTTP
80,6,20,1200,20,0,0,0,DoS-SYN-Flood
80,17,20,1200,0,0,0,0,DoS-UDP
22,6,20,1200,10,0,10,0,SSH-Bruteforce
80,17,20,1200,0,0,0,0,DoS-UDP
80,6,20,1200,20,0,0,0,DoS-SYN-Flood
12416,6,8,464,8,8,0,0,SSH-Bruteforce
47089,6,4,240,4,0,0,0,PortScan
80,17,20,1200,0,0,0,0,DoS-UDP
22574,6,2,120,2,0,0,0,PortScan
48798,6,6,348,6,6,0,0,SSH-Bruteforce
14973,6,8,464,8,8,0,0,SSH-Bruteforce
22,6,20,1200,8,0,12,0,SSH-Bruteforce
80,6,20,1480,20,0,0,0,DoS-HTTP
24301,6,4,232,4,4,0,0,SSH-Bruteforce
22,6,20,1200,0,0,20,0,SSH-Bruteforce
0,1,20,840,0,0,0,0,DoS-ICMP
37118,6,2,120,2,0,0,0,PortScan
0,1,20,840,0,0,0,0,DoS-ICMP
80,17,20,1200,0,0,0,0,DoS-UDP
19314,6,2,120,2,0,0,0,PortScan
44467,6,4,240,4,0,0,0,PortScan
41173,6,4,240,4,0,0,0,PortScan
80,6,20,1200,20,0,0,0,DoS-SYN-Flood
8366,6,4,240,4,0,0,0,PortScan
80,17,20,1200,0,0,0,0,DoS-UDP
63598,6,2,120,2,0,0,0,PortScan
0,1,20,1200,0,0,0,0,DoS-ICMP
0,1,20,840,0,0,0,0,DoS-ICMP
80,17,20,1200,0,0,0,0,DoS-UDP
22,6,20,1200,6,0,14,0,SSH-Bruteforce
4252,6,4,240,4,0,0,0,PortScan
80,6,20,1480,20,0,0,0,DoS-HTTP
80,17,20,1200,0,0,0,0,DoS-UDP
40850,6,2,120,2,0,0,0,PortScan
80,6,20,1480,20,0,0,0,DoS-HTTP
443,17,20,2722,0,0,0,0,BENIGN
80,17,20,1200,0,0,0,0,DoS-UDP
80,6,20,1200,20,0,0,0,DoS-SYN-Flood
0,1,20,840,0,0,0,0,DoS-ICMP
80,17,20,1200,0,0,0,0,DoS-UDP
80,6,20,1480,20,0,0,0,DoS-HTTP
80,6,20,1200,20,0,0,0,DoS-SYN-Flood
31448,6,6,348,6,6,0,0,SSH-Bruteforce
80,17,20,1200,0,0,0,0,DoS-UDP
0,1,20,1200,0,0,0,0,DoS-ICMP
80,17,20,1200,0,0,0,0,DoS-UDP
18100,6,2,120,2,0,0,0,PortScan
22,6,20,1200,0,0,20,0,SSH-Bruteforce
60978,6,4,240,4,0,0,0,PortScan
80,6,20,1480,20,0,0,0,DoS-HTTP
80,6,20,1200,20,0,0,0,DoS-SYN-Flood
80,17,20,1200,0,0,0,0,DoS-UDP
443,6,20,12550,0,20,0,0,BENIGN
29100,6,2,120,2,0,0,0,PortScan
0,1,20,840,0,0,0,0,DoS-ICMP
0,1,20,1200,0,0,0,0,DoS-ICMP
80,6,20,1200,20,0,0,0,DoS-SYN-Flood
80,6,20,1200,20,0,0,0,DoS-SYN-Flood
80,17,20,1200,0,0,0,0,DoS-UDP
80,6,20,1480,20,0,0,0,DoS-HTTP
29538,6,10,580,10,10,0,0,SSH-Bruteforce
80,17,20,1200,0,0,0,0,DoS-UDP
46119,6,8,464,8,8,0,0,SSH-Bruteforce
44508,6,2,120,2,0,0,0,PortScan
5226,6,4,240,4,0,0,0,PortScan
35854,6,20,16902,0,20,0,0,BENIGN
14507,6,6,360,6,0,0,0,PortScan
22530,6,7,406,7,7,0,0,SSH-Bruteforce
80,17,20,1200,0,0,0,0,DoS-UDP
80,6,20,1200,20,0,0,0,DoS-SYN-Flood
80,6,20,1200,20,0,0,0,DoS-SYN-Flood
80,6,20,1480,20,0,0,0,DoS-HTTP
0,1,20,1200,0,0,0,0,DoS-ICMP
80,6,20,1200,20,0,0,0,DoS-SYN-Flood
0,1,20,840,0,0,0,0,DoS-ICMP
34593,6,9,522,9,9,0,0,SSH-Bruteforce
0,1,20,1200,0,0,0,0,DoS-ICMP
80,6,20,1480,20,0,0,0,DoS-HTTP
80,6,20,1480,20,0,0,0,DoS-HTTP
59665,6,5,290,5,5,0,0,SSH-Bruteforce
80,6,20,1200,20,0,0,0,DoS-SYN-Flood
19647,6,4,240,4,0,0,0,PortScan
80,6,20,1480,20,0,0,0,DoS-HTTP
80,17,20,1200,0,0,0,0,DoS-UDP
80,6,20,1480,20,0,0,0,DoS-HTTP
23509,6,7,406,7,7,0,0,SSH-Bruteforce
0,1,20,1200,0,0,0,0,DoS-ICMP
80,6,20,1200,20,0,0,0,DoS-SYN-Flood
80,6,20,1480,20,0,0,0,DoS-HTTP
80,6,20,1200,20,0,0,0,DoS-SYN-Flood
33060,6,5,290,5,5,0,0,SSH-Bruteforce
80,17,20,1200,0,0,0,0,DoS-UDP
53272,6,20,29020,0,20,0,0,BENIGN
80,6,20,1480,20,0,0,0,DoS-HTTP
0,1,20,840,0,0,0,0,DoS-ICMP
39902,17,20,27980,0,0,0,0,BENIGN
0,1,20,840,0,0,0,0,DoS-ICMP
41014,6,1,54,0,1,1,0,BENIGN
45936,6,2,120,2,0,0,0,PortScan
80,17,20,1200,0,0,0,0,DoS-UDP
80,17,20,1200,0,0,0,0,DoS-UDP
0,1,20,1200,0,0,0,0,DoS-ICMP
80,6,20,1480,20,0,0,0,DoS-HTTP
62294,6,2,120,2,0,0,0,PortScan
62004,6,2,120,2,0,0,0,PortScan
80,6,20,1200,20,0,0,0,DoS-SYN-Flood
80,6,20,1200,20,0,0,0,DoS-SYN-Flood
80,17,20,1200,0,0,0,0,DoS-UDP
80,6,20,1200,20,0,0,0,DoS-SYN-Flood
0,1,20,840,0,0,0,0,DoS-ICMP
80,17,20,1200,0,0,0,0,DoS-UDP
0,1,20,840,0,0,0,0,DoS-ICMP
80,6,20,1200,20,0,0,0,DoS-SYN-Flood
80,17,20,1200,0,0,0,0,DoS-UDP
80,6,20,1200,20,0,0,0,DoS-SYN-Flood
80,6,20,1480,20,0,0,0,DoS-HTTP
42085,6,2,120,2,0,0,0,PortScan
15480,6,2,120,2,0,0,0,PortScan
80,6,20,1200,20,0,0,0,DoS-SYN-Flood
80,6,20,1480,20,0,0,0,DoS-HTTP
43121,6,6,348,6,6,0,0,SSH-Bruteforce
26510,6,2,120,2,0,0,0,PortScan
1985,6,7,406,7,7,0,0,SSH-Bruteforce
80,17,20,1200,0,0,0,0,DoS-UDP
80,6,20,1480,20,0,0,0,DoS-HTTP
0,1,20,840,0,0,0,0,DoS-ICMP
45394,6,10,580,10,10,0,0,SSH-Bruteforce
0,1,20,840,0,0,0,0,DoS-ICMP
43094,6,2,120,2,0,0,0,PortScan
80,6,20,1480,20,0,0,0,DoS-HTTP
0,1,20,840,0,0,0,0,DoS-ICMP
24985,6,2,120,2,0,0,0,PortScan
22,6,20,1200,20,0,0,0,SSH-Bruteforce
80,17,20,1200,0,0,0,0,DoS-UDP
0,1,20,1200,0,0,0,0,DoS-ICMP
80,6,20,1480,20,0,0,0,DoS-HTTP
80,6,20,1480,20,0,0,0,DoS-HTTP
12020,6,6,360,6,0,0,0,PortScan
49912,6,2,120,2,0,0,0,PortScan
80,6,20,1480,20,0,0,0,DoS-HTTP
80,17,20,1200,0,0,0,0,DoS-UDP
60590,6,8,464,8,8,0,0,SSH-Bruteforce
80,17,20,1200,0,0,0,0,DoS-UDP
80,6,20,1480,20,0,0,0,DoS-HTTP
36520,17,20,27980,0,0,0,0,BENIGN
21632,6,2,120,2,0,0,0,PortScan
80,6,20,1200,20,0,0,0,DoS-SYN-Flood
40555,6,2,120,2,0,0,0,PortScan
20219,6,4,232,4,4,0,0,SSH-Bruteforce
0,1,20,1200,0,0,0,0,DoS-ICMP
8855,6,4,240,4,0,0,0,PortScan
21182,6,7,406,7,7,0,0,SSH-Bruteforce
80,17,20,1200,0,0,0,0,DoS-UDP
43678,17,20,27980,0,0,0,0,BENIGN
22,6,20,1200,1,0,19,0,SSH-Bruteforce
8512,6,4,240,4,0,0,0,PortScan
80,6,20,1480,20,0,0,0,DoS-HTTP
0,1,20,1200,0,0,0,0,DoS-ICMP
29083,6,7,406,7,7,0,0,SSH-Bruteforce
0,1,20,1200,0,0,0,0,DoS-ICMP
0,1,20,1200,0,0,0,0,DoS-ICMP
80,17,20,1200,0,0,0,0,DoS-UDP
44860,6,4,240,4,0,0,0,PortScan
80,6,20,1480,20,0,0,0,DoS-HTTP
80,6,20,1480,20,0,0,0,DoS-HTTP
26184,6,2,120,2,0,0,0,PortScan
80,6,20,1200,20,0,0,0,DoS-SYN-Flood
80,6,20,1200,20,0,0,0,DoS-SYN-Flood
80,17,20,1200,0,0,0,0,DoS-UDP
57923,6,2,120,2,0,0,0,PortScan
52652,6,9,522,9,9,0,0,SSH-Bruteforce
80,17,20,1200,0,0,0,0,DoS-UDP
80,17,20,1200,0,0,0,0,DoS-UDP
22,6,20,1200,20,0,0,0,SSH-Bruteforce
45424,6,20,9924,0,20,0,0,BENIGN
56430,6,2,120,2,0,0,0,PortScan
20342,6,7,406,7,7,0,0,SSH-Bruteforce
80,17,20,1200,0,0,0,0,DoS-UDP
80,6,20,1480,20,0,0,0,DoS-HTTP
54034,6,2,120,2,0,0,0,PortScan
0,1,20,840,0,0,0,0,DoS-ICMP
80,17,20,1200,0,0,0,0,DoS-UDP
80,17,20,1200,0,0,0,0,DoS-UDP
80,6,20,1200,20,0,0,0,DoS-SYN-Flood
22,6,20,1200,0,0,20,0,SSH-Bruteforce
48647,6,2,120,2,0,0,0,PortScan
80,17,20,1200,0,0,0,0,DoS-UDP
0,1,20,1200,0,0,0,0,DoS-ICMP
80,17,20,1200,0,0,0,0,DoS-UDP
80,6,20,1480,20,0,0,0,DoS-HTTP
80,6,20,1200,20,0,0,0,DoS-SYN-Flood
80,6,20,1200,20,0,0,0,DoS-SYN-Flood
80,6,20,1480,20,0,0,0,DoS-HTTP
35854,6,20,29055,0,20,0,0,BENIGN
22,6,20,1200,12,0,8,0,SSH-Bruteforce
0,1,20,840,0,0,0,0,DoS-ICMP
36520,17,20,27980,0,0,0,0,BENIGN
27248,6,5,290,5,5,0,0,SSH-Bruteforce
80,6,20,1480,20,0,0,0,DoS-HTTP
80,6,20,1200,20,0,0,0,DoS-SYN-Flood
53308,6,20,28900,0,20,0,0,BENIGN
80,17,20,1200,0,0,0,0,DoS-UDP
0,1,20,1200,0,0,0,0,DoS-ICMP
80,6,20,1480,20,0,0,0,DoS-HTTP
36520,17,20,11972,0,0,0,0,BENIGN
80,17,20,1200,0,0,0,0,DoS-UDP
39385,6,2,120,2,0,0,0,PortScan
54004,6,2,120,2,0,0,0,PortScan
80,17,20,1200,0,0,0,0,DoS-UDP
26924,6,7,406,7,7,0,0,SSH-Bruteforce
0,1,20,1200,0,0,0,0,DoS-ICMP
80,17,20,1200,0,0,0,0,DoS-UDP
80,17,20,1200,0,0,0,0,DoS-UDP
0,1,20,840,0,0,0,0,DoS-ICMP
60394,17,20,27741,0,0,0,0,BENIGN
31175,6,9,522,9,9,0,0,SSH-Bruteforce
80,6,20,1480,20,0,0,0,DoS-HTTP
0,1,20,840,0,0,0,0,DoS-ICMP
58421,6,5,290,5,5,0,0,SSH-Bruteforce
34257,6,2,120,2,0,0,0,PortScan
80,17,20,1200,0,0,0,0,DoS-UDP
0,1,20,1200,0,0,0,0,DoS-ICMP
80,17,20,1200,0,0,0,0,DoS-UDP
80,17,20,1200,0,0,0,0,DoS-UDP
57133,6,8,464,8,8,0,0,SSH-Bruteforce
80,6,20,1480,20,0,0,0,DoS-HTTP
80,17,20,1200,0,0,0,0,DoS-UDP
80,6,20,1200,20,0,0,0,DoS-SYN-Flood
80,17,20,1200,0,0,0,0,DoS-UDP
80,6,20,1200,20,0,0,0,DoS-SYN-Flood
36694,6,4,240,4,0,0,0,PortScan
80,6,20,1480,20,0,0,0,DoS-HTTP
80,6,20,1480,20,0,0,0,DoS-HTTP
50372,6,7,406,7,7,0,0,SSH-Bruteforce
0,1,20,1200,0,0,0,0,DoS-ICMP
0,1,20,1200,0,0,0,0,DoS-ICMP
22,6,20,1200,17,0,3,0,SSH-Bruteforce
80,6,20,1480,20,0,0,0,DoS-HTTP
0,1,20,840,0,0,0,0,DoS-ICMP
80,6,20,1480,20,0,0,0,DoS-HTTP
26052,6,2,120,2,0,0,0,PortScan
36847,6,2,120,2,0,0,0,PortScan
80,6,20,1480,20,0,0,0,DoS-HTTP
80,6,20,1480,20,0,0,0,DoS-HTTP
80,6,20,1200,20,0,0,0,DoS-SYN-Flood
80,17,20,1200,0,0,0,0,DoS-UDP
10704,6,7,406,7,7,0,0,SSH-Bruteforce
22,6,20,1200,9,0,11,0,SSH-Bruteforce
80,6,20,1480,20,0,0,0,DoS-HTTP
22,6,20,1200,20,0,0,0,SSH-Bruteforce
22,6,20,1200,9,0,11,0,SSH-Bruteforce
54508,6,2,120,2,0,0,0,PortScan
17531,6,4,240,4,0,0,0,PortScan
16609,6,4,240,4,0,0,0,PortScan
22,6,20,1200,8,0,12,0,SSH-Bruteforce
80,6,20,1480,20,0,0,0,DoS-HTTP
49836,6,7,406,7,7,0,0,SSH-Bruteforce
64727,6,2,120,2,0,0,0,PortScan
80,6,20,1200,20,0,0,0,DoS-SYN-Flood
80,6,20,1480,20,0,0,0,DoS-HTTP
80,17,20,1200,0,0,0,0,DoS-UDP
80,6,20,1480,20,0,0,0,DoS-HTTP
80,17,20,1200,0,0,0,0,DoS-UDP
0,1,20,840,0,0,0,0,DoS-ICMP
80,17,20,1200,0,0,0,0,DoS-UDP
80,6,20,1480,20,0,0,0,DoS-HTTP
80,6,20,1480,20,0,0,0,DoS-HTTP
22,6,20,1200,20,0,0,0,SSH-Bruteforce
80,6,20,1200,20,0,0,0,DoS-SYN-Flood
80,6,20,1200,20,0,0,0,DoS-SYN-Flood
80,6,20,1200,20,0,0,0,DoS-SYN-Flood
31070,6,2,120,2,0,0,0,PortScan
50164,17,7,3166,0,0,0,0,BENIGN
0,1,20,840,0,0,0,0,DoS-ICMP
57927,6,5,290,5,5,0,0,SSH-Bruteforce
63064,6,2,120,2,0,0,0,PortScan
80,6,20,1200,20,0,0,0,DoS-SYN-Flood
48806,17,20,27980,0,0,0,0,BENIGN
0,1,20,840,0,0,0,0,DoS-ICMP
80,6,20,1480,20,0,0,0,DoS-HTTP
1500,6,5,290,5,5,0,0,SSH-Bruteforce
35686,6,2,120,2,0,0,0,PortScan
80,6,20,1200,20,0,0,0,DoS-SYN-Flood
0,1,20,1200,0,0,0,0,DoS-ICMP
80,6,20,1480,20,0,0,0,DoS-HTTP
15181,6,6,348,6,6,0,0,SSH-Bruteforce
80,6,20,1480,20,0,0,0,DoS-HTTP
80,17,20,1200,0,0,0,0,DoS-UDP
39817,6,7,406,7,7,0,0,SSH-Bruteforce
80,17,20,1200,0,0,0,0,DoS-UDP
80,6,20,1480,20,0,0,0,DoS-HTTP
0,1,20,1200,0,0,0,0,DoS-ICMP
56541,6,4,240,4,0,0,0,PortScan
80,6,20,1480,20,0,0,0,DoS-HTTP
80,6,20,1480,20,0,0,0,DoS-HTTP
80,6,20,1200,20,0,0,0,DoS-SYN-Flood
40234,6,8,464,8,8,0,0,SSH-Bruteforce
80,6,20,1480,20,0,0,0,DoS-HTTP
80,6,20,1200,20,0,0,0,DoS-SYN-Flood
0,1,20,840,0,0,0,0,DoS-ICMP
80,17,20,1200,0,0,0,0,DoS-UDP
80,6,20,1480,20,0,0,0,DoS-HTTP
0,1,20,840,0,0,0,0,DoS-ICMP
7425,6,4,240,4,0,0,0,PortScan
57082,6,2,120,2,0,0,0,PortScan
80,6,20,1480,20,0,0,0,DoS-HTTP
53504,6,8,464,8,8,0,0,SSH-Bruteforce
80,6,20,1200,20,0,0,0,DoS-SYN-Flood
60886,6,20,27740,0,20,0,0,BENIGN
80,6,20,1480,20,0,0,0,DoS-HTTP
37316,6,2,120,2,0,0,0,PortScan
0,1,20,840,0,0,0,0,DoS-ICMP
80,6,20,1480,20,0,0,0,DoS-HTTP
22,6,20,1200,20,0,0,0,SSH-Bruteforce
0,1,20,1200,0,0,0,0,DoS-ICMP
9769,6,8,464,8,8,0,0,SSH-Bruteforce
17235,6,4,240,4,0,0,0,PortScan
80,17,20,1200,0,0,0,0,DoS-UDP
80,6,20,1480,20,0,0,0,DoS-HTTP
80,17,20,1200,0,0,0,0,DoS-UDP
80,17,20,1200,0,0,0,0,DoS-UDP
80,17,20,1200,0,0,0,0,DoS-UDP
80,6,20,1200,20,0,0,0,DoS-SYN-Flood
80,6,20,1480,20,0,0,0,DoS-HTTP
0,1,20,840,0,0,0,0,DoS-ICMP
80,17,20,1200,0,0,0,0,DoS-UDP
53258,6,20,28588,0,20,0,0,BENIGN
0,1,20,840,0,0,0,0,DoS-ICMP
50163,6,8,464,8,8,0,0,SSH-Bruteforce
23393,6,4,240,4,0,0,0,PortScan
19814,6,4,240,4,0,0,0,PortScan
49449,6,2,120,2,0,0,0,PortScan
0,1,20,1200,0,0,0,0,DoS-ICMP
80,6,20,1480,20,0,0,0,DoS-HTTP
54066,6,1,54,0,1,0,0,BENIGN
18083,6,4,240,4,0,0,0,PortScan
36438,6,2,120,2,0,0,0,PortScan
80,17,20,1200,0,0,0,0,DoS-UDP
22,6,20,1200,14,0,6,0,SSH-Bruteforce
80,6,20,1480,20,0,0,0,DoS-HTTP
80,6,20,1480,20,0,0,0,DoS-HTTP
0,1,20,1200,0,0,0,0,DoS-ICMP
46101,6,8,464,8,8,0,0,SSH-Bruteforce
33240,6,20,29140,0,20,0,0,BENIGN
80,6,20,1480,20,0,0,0,DoS-HTTP
80,6,20,1480,20,0,0,0,DoS-HTTP
80,6,20,1480,20,0,0,0,DoS-HTTP
80,17,20,1200,0,0,0,0,DoS-UDP
80,6,20,1200,20,0,0,0,DoS-SYN-Flood
53092,17,20,27980,0,0,0,0,BENIGN
22,6,20,1200,0,0,20,0,SSH-Bruteforce
80,6,20,1200,20,0,0,0,DoS-SYN-Flood
19988,6,7,406,7,7,0,0,SSH-Bruteforce
22,6,20,1200,20,0,0,0,SSH-Bruteforce
80,6,20,1200,20,0,0,0,DoS-SYN-Flood
80,6,20,1480,20,0,0,0,DoS-HTTP
80,6,20,1480,20,0,0,0,DoS-HTTP
80,17,20,1200,0,0,0,0,DoS-UDP
80,6,20,1200,20,0,0,0,DoS-SYN-Flood
80,6,20,1200,20,0,0,0,DoS-SYN-Flood
80,17,20,1200,0,0,0,0,DoS-UDP
11223,6,12,696,12,12,0,0,SSH-Bruteforce
80,6,20,1480,20,0,0,0,DoS-HTTP
0,1,20,1200,0,0,0,0,DoS-ICMP
80,17,20,1200,0,0,0,0,DoS-UDP
80,6,20,1200,20,0,0,0,DoS-SYN-Flood
0,1,20,840,0,0,0,0,DoS-ICMP
80,6,20,1200,20,0,0,0,DoS-SYN-Flood
48325,6,1,58,1,1,0,0,PortScan
80,6,20,1200,20,0,0,0,DoS-SYN-Flood
0,1,20,1200,0,0,0,0,DoS-ICMP
22,6,20,1200,0,0,20,0,SSH-Bruteforce
21202,6,4,240,4,0,0,0,PortScan
53258,6,20,30280,0,20,0,0,BENIGN
22,6,20,1200,20,0,0,0,SSH-Bruteforce
80,17,20,1200,0,0,0,0,DoS-UDP
80,6,20,1480,20,0,0,0,DoS-HTTP
80,17,20,1200,0,0,0,0,DoS-UDP
80,6,20,1200,20,0,0,0,DoS-SYN-Flood
10876,6,4,240,4,0,0,0,PortScan
80,17,20,1200,0,0,0,0,DoS-UDP
80,6,20,1200,20,0,0,0,DoS-SYN-Flood
46960,6,4,240,4,0,0,0,PortScan
60516,6,20,29406,0,20,0,0,BENIGN
80,6,20,1200,20,0,0,0,DoS-SYN-Flood
56630,6,4,240,4,0,0,0,PortScan
80,6,20,1480,20,0,0,0,DoS-HTTP
22,6,20,1200,0,0,20,0,SSH-Bruteforce
80,6,20,1200,20,0,0,0,DoS-SYN-Flood
22,6,20,1200,20,0,0,0,SSH-Bruteforce
33240,6,20,29020,0,20,0,0,BENIGN
0,1,20,1200,0,0,0,0,DoS-ICMP
80,6,20,1200,20,0,0,0,DoS-SYN-Flood
13112,6,4,240,4,0,0,0,PortScan
80,6,20,1480,20,0,0,0,DoS-HTTP
18539,6,2,120,2,0,0,0,PortScan
2,6,8,464,8,8,0,0,SSH-Bruteforce
31680,6,2,120,2,0,0,0,PortScan
0,1,20,1200,0,0,0,0,DoS-ICMP
80,6,20,1200,20,0,0,0,DoS-SYN-Flood
0,1,20,840,0,0,0,0,DoS-ICMP
80,6,20,1480,20,0,0,0,DoS-HTTP
80,6,20,1200,20,0,0,0,DoS-SYN-Flood
80,17,20,1200,0,0,0,0,DoS-UDP
80,6,20,1480,20,0,0,0,DoS-HTTP
80,17,20,1200,0,0,0,0,DoS-UDP
80,17,20,1200,0,0,0,0,DoS-UDP
80,17,20,1200,0,0,0,0,DoS-UDP
45669,6,10,580,10,10,0,0,SSH-Bruteforce
80,6,20,1480,20,0,0,0,DoS-HTTP
50009,6,4,240,4,0,0,0,PortScan
80,6,20,1480,20,0,0,0,DoS-HTTP
36520,17,20,27980,0,0,0,0,BENIGN
35616,6,9,522,9,9,0,0,SSH-Bruteforce
80,6,20,1480,20,0,0,0,DoS-HTTP
0,1,20,840,0,0,0,0,DoS-ICMP
80,17,20,1200,0,0,0,0,DoS-UDP
0,1,20,1200,0,0,0,0,DoS-ICMP
80,6,20,1480,20,0,0,0,DoS-HTTP
0,1,20,840,0,0,0,0,DoS-ICMP
443,17,20,9155,0,0,0,0,BENIGN
80,17,20,1200,0,0,0,0,DoS-UDP
14267,6,4,240,4,0,0,0,PortScan
80,6,20,1480,20,0,0,0,DoS-HTTP
80,17,20,1200,0,0,0,0,DoS-UDP
3126,6,8,464,8,8,0,0,SSH-Bruteforce
80,6,20,1200,20,0,0,0,DoS-SYN-Flood
0,1,20,1200,0,0,0,0,DoS-ICMP
36984,6,4,216,0,4,0,1,BENIGN
80,17,20,1200,0,0,0,0,DoS-UDP
61375,6,4,240,4,0,0,0,PortScan
0,1,20,840,0,0,0,0,DoS-ICMP
25780,6,9,522,9,9,0,0,SSH-Bruteforce
22,6,20,1200,0,0,20,0,SSH-Bruteforce
80,6,20,1480,20,0,0,0,DoS-HTTP
26338,6,2,120,2,0,0,0,PortScan
22,6,20,1200,0,0,20,0,SSH-Bruteforce
80,6,20,1480,20,0,0,0,DoS-HTTP
80,6,20,1480,20,0,0,0,DoS-HTTP
80,17,20,1200,0,0,0,0,DoS-UDP
0,1,20,1200,0,0,0,0,DoS-ICMP
80,6,20,1480,20,0,0,0,DoS-HTTP
80,17,20,1200,0,0,0,0,DoS-UDP
0,1,20,1200,0,0,0,0,DoS-ICMP
0,1,20,840,0,0,0,0,DoS-ICMP
22,6,20,1200,20,0,0,0,SSH-Bruteforce
3976,6,7,406,7,7,0,0,SSH-Bruteforce
80,6,20,1200,20,0,0,0,DoS-SYN-Flood
80,17,20,1200,0,0,0,0,DoS-UDP
80,17,20,1200,0,0,0,0,DoS-UDP
80,17,20,1200,0,0,0,0,DoS-UDP
80,6,20,1480,20,0,0,0,DoS-HTTP
0,1,20,1200,0,0,0,0,DoS-ICMP
80,17,20,1200,0,0,0,0,DoS-UDP
13189,6,4,240,4,0,0,0,PortScan
0,1,20,1200,0,0,0,0,DoS-ICMP
80,6,20,1480,20,0,0,0,DoS-HTTP
0,1,20,1200,0,0,0,0,DoS-ICMP
41595,6,4,240,4,0,0,0,PortScan
80,17,20,1200,0,0,0,0,DoS-UDP
80,6,20,1480,20,0,0,0,DoS-HTTP
0,1,20,1200,0,0,0,0,DoS-ICMP
22,6,20,1200,20,0,0,0,SSH-Bruteforce
80,17,20,1200,0,0,0,0,DoS-UDP
443,17,20,2591,0,0,0,0,BENIGN
80,6,20,1480,20,0,0,0,DoS-HTTP
80,17,20,1200,0,0,0,0,DoS-UDP
80,6,20,1480,20,0,0,0,DoS-HTTP
80,17,20,1200,0,0,0,0,DoS-UDP
80,17,20,1200,0,0,0,0,DoS-UDP
22,6,20,1200,0,0,20,0,SSH-Bruteforce
0,1,20,1200,0,0,0,0,DoS-ICMP
5001,6,9,522,9,9,0,0,SSH-Bruteforce
0,1,20,840,0,0,0,0,DoS-ICMP
80,6,20,1480,20,0,0,0,DoS-HTTP
36978,6,8,464,8,8,0,0,SSH-Bruteforce
22,6,20,1200,20,0,0,0,SSH-Bruteforce
80,17,20,1200,0,0,0,0,DoS-UDP
80,17,20,1200,0,0,0,0,DoS-UDP
80,6,20,1200,20,0,0,0,DoS-SYN-Flood
11539,6,4,240,4,0,0,0,PortScan
36393,6,8,464,8,8,0,0,SSH-Bruteforce
42440,17,20,27980,0,0,0,0,BENIGN
80,6,20,1480,20,0,0,0,DoS-HTTP
80,6,20,1480,20,0,0,0,DoS-HTTP
0,1,20,1200,0,0,0,0,DoS-ICMP
0,1,20,1200,0,0,0,0,DoS-ICMP
29723,6,4,240,4,0,0,0,PortScan
45447,17,20,27980,0,0,0,0,BENIGN
9619,6,4,240,4,0,0,0,PortScan
80,6,20,1480,20,0,0,0,DoS-HTTP
80,17,20,1200,0,0,0,0,DoS-UDP
80,6,20,1200,20,0,0,0,DoS-SYN-Flood
0,1,20,1200,0,0,0,0,DoS-ICMP
40795,6,2,120,2,0,0,0,PortScan
0,1,20,840,0,0,0,0,DoS-ICMP
41308,17,20,20099,0,0,0,0,BENIGN
0,1,20,840,0,0,0,0,DoS-ICMP
80,6,20,1480,20,0,0,0,DoS-HTTP
0,1,20,840,0,0,0,0,DoS-ICMP
80,17,20,1200,0,0,0,0,DoS-UDP
0,1,20,1200,0,0,0,0,DoS-ICMP
80,6,20,1480,20,0,0,0,DoS-HTTP
80,17,20,1200,0,0,0,0,DoS-UDP
38012,6,9,522,9,9,0,0,SSH-Bruteforce
0,1,20,1200,0,0,0,0,DoS-ICMP
0,1,20,840,0,0,0,0,DoS-ICMP
61652,6,4,240,4,0,0,0,PortScan
80,17,20,1200,0,0,0,0,DoS-UDP
443,6,20,1480,20,0,0,0,BENIGN
80,6,20,1200,20,0,0,0,DoS-SYN-Flood
7829,6,7,406,7,7,0,0,SSH-Bruteforce
80,6,20,1200,20,0,0,0,DoS-SYN-Flood
6912,6,5,290,5,5,0,0,SSH-Bruteforce
0,1,20,1200,0,0,0,0,DoS-ICMP
80,6,20,1200,20,0,0,0,DoS-SYN-Flood
0,1,20,1200,0,0,0,0,DoS-ICMP
60420,6,2,120,2,0,0,0,PortScan
80,6,20,1480,20,0,0,0,DoS-HTTP
80,6,20,1480,20,0,0,0,DoS-HTTP
80,6,20,1200,20,0,0,0,DoS-SYN-Flood
59804,6,20,16537,0,20,0,0,BENIGN
22,6,20,1200,11,0,9,0,SSH-Bruteforce
80,17,20,1200,0,0,0,0,DoS-UDP
80,6,20,1480,20,0,0,0,DoS-HTTP
56758,6,4,240,4,0,0,0,PortScan
0,1,20,840,0,0,0,0,DoS-ICMP
53258,6,20,28135,0,20,0,0,BENIGN
80,6,20,1480,20,0,0,0,DoS-HTTP
22,6,20,1200,7,0,13,0,SSH-Bruteforce
34202,6,4,232,4,4,0,0,SSH-Bruteforce
0,1,20,840,0,0,0,0,DoS-ICMP
0,1,20,840,0,0,0,0,DoS-ICMP
24776,6,2,120,2,0,0,0,PortScan
80,17,20,1200,0,0,0,0,DoS-UDP
29645,6,9,522,9,9,0,0,SSH-Bruteforce
0,1,20,1200,0,0,0,0,DoS-ICMP
80,6,20,1480,20,0,0,0,DoS-HTTP
17202,6,2,120,2,0,0,0,PortScan
80,6,20,1480,20,0,0,0,DoS-HTTP
56527,6,8,464,8,8,0,0,SSH-Bruteforce
80,6,20,1480,20,0,0,0,DoS-HTTP
80,17,20,1200,0,0,0,0,DoS-UDP
61130,6,2,120,2,0,0,0,PortScan
60886,6,20,28900,0,20,0,0,BENIGN
80,6,20,1480,20,0,0,0,DoS-HTTP
80,17,20,1200,0,0,0,0,DoS-UDP
22,6,20,1200,0,0,20,0,SSH-Bruteforce
80,6,20,1480,20,0,0,0,DoS-HTTP
0,1,20,1200,0,0,0,0,DoS-ICMP
60886,6,20,26220,0,20,0,0,BENIGN
80,17,20,1200,0,0,0,0,DoS-UDP
0,1,20,1200,0,0,0,0,DoS-ICMP
22,6,20,1200,0,0,20,0,SSH-Bruteforce
80,6,20,1480,20,0,0,0,DoS-HTTP
47792,6,7,406,7,7,0,0,SSH-Bruteforce
80,17,20,1200,0,0,0,0,DoS-UDP
58392,6,10,4285,1,10,0,1,BENIGN
80,17,20,1200,0,0,0,0,DoS-UDP
80,6,20,1200,20,0,0,0,DoS-SYN-Flood
80,6,20,1200,20,0,0,0,DoS-SYN-Flood
80,17,20,1200,0,0,0,0,DoS-UDP
80,6,20,1200,20,0,0,0,DoS-SYN-Flood
8329,6,7,406,7,7,0,0,SSH-Bruteforce
80,6,20,1200,20,0,0,0,DoS-SYN-Flood
80,6,20,1200,20,0,0,0,DoS-SYN-Flood
80,6,20,1200,20,0,0,0,DoS-SYN-Flood
0,1,20,1200,0,0,0,0,DoS-ICMP
80,17,20,1200,0,0,0,0,DoS-UDP
62182,6,4,240,4,0,0,0,PortScan
80,6,20,1480,20,0,0,0,DoS-HTTP
80,6,20,1480,20,0,0,0,DoS-HTTP
57310,6,4,240,4,0,0,0,PortScan
5327,6,4,240,4,0,0,0,PortScan
51589,6,2,120,2,0,0,0,PortScan
0,1,20,840,0,0,0,0,DoS-ICMP
63369,6,3,174,3,3,0,0,SSH-Bruteforce
80,6,20,1200,20,0,0,0,DoS-SYN-Flood
80,6,20,1200,20,0,0,0,DoS-SYN-Flood
80,6,20,1200,20,0,0,0,DoS-SYN-Flood
80,17,20,1200,0,0,0,0,DoS-UDP
80,17,20,1200,0,0,0,0,DoS-UDP
80,6,20,1480,20,0,0,0,DoS-HTTP
80,6,20,1200,20,0,0,0,DoS-SYN-Flood
80,17,20,1200,0,0,0,0,DoS-UDP
80,6,20,1480,20,0,0,0,DoS-HTTP
0,1,20,1200,0,0,0,0,DoS-ICMP
32539,6,2,120,2,0,0,0,PortScan
80,6,20,1480,20,0,0,0,DoS-HTTP
80,6,20,1200,20,0,0,0,DoS-SYN-Flood
65467,6,9,522,9,9,0,0,SSH-Bruteforce
80,17,20,1200,0,0,0,0,DoS-UDP
22713,6,7,406,7,7,0,0,SSH-Bruteforce
17679,6,9,522,9,9,0,0,SSH-Bruteforce
0,1,20,1200,0,0,0,0,DoS-ICMP
80,17,20,1200,0,0,0,0,DoS-UDP
46398,17,20,27980,0,0,0,0,BENIGN
80,17,20,1200,0,0,0,0,DoS-UDP
80,17,20,1200,0,0,0,0,DoS-UDP
0,1,20,840,0,0,0,0,DoS-ICMP
1784,6,4,240,4,0,0,0,PortScan
22,6,20,1200,14,0,6,0,SSH-Bruteforce
50655,6,7,406,7,7,0,0,SSH-Bruteforce
58745,6,2,120,2,0,0,0,PortScan
80,17,20,1200,0,0,0,0,DoS-UDP
38740,6,9,522,9,9,0,0,SSH-Bruteforce
80,6,20,1200,20,0,0,0,DoS-SYN-Flood
60625,6,8,464,8,8,0,0,SSH-Bruteforce
443,6,20,9729,0,20,0,0,BENIGN
22,6,20,1200,0,0,20,0,SSH-Bruteforce
11237,6,4,240,4,0,0,0,PortScan
0,1,20,840,0,0,0,0,DoS-ICMP
6523,6,8,464,8,8,0,0,SSH-Bruteforce
25157,6,8,464,8,8,0,0,SSH-Bruteforce
80,6,20,1480,20,0,0,0,DoS-HTTP
80,6,20,1200,20,0,0,0,DoS-SYN-Flood
80,6,20,1200,20,0,0,0,DoS-SYN-Flood
16563,6,4,240,4,0,0,0,PortScan
80,17,20,1200,0,0,0,0,DoS-UDP
80,6,20,1480,20,0,0,0,DoS-HTTP
25026,6,4,240,4,0,0,0,PortScan
80,6,20,1200,20,0,0,0,DoS-SYN-Flood
80,6,20,1200,20,0,0,0,DoS-SYN-Flood
36520,17,20,27980,0,0,0,0,BENIGN
80,17,20,1200,0,0,0,0,DoS-UDP
80,6,20,1480,20,0,0,0,DoS-HTTP
80,17,20,1200,0,0,0,0,DoS-UDP
80,17,20,1200,0,0,0,0,DoS-UDP
36291,6,10,580,10,10,0,0,SSH-Bruteforce
80,6,20,1480,20,0,0,0,DoS-HTTP
80,17,20,1200,0,0,0,0,DoS-UDP
34437,6,6,348,6,6,0,0,SSH-Bruteforce
80,17,20,1200,0,0,0,0,DoS-UDP
5645,6,4,240,4,0,0,0,PortScan
0,1,20,1200,0,0,0,0,DoS-ICMP
39451,6,5,290,5,5,0,0,SSH-Bruteforce
80,17,20,1200,0,0,0,0,DoS-UDP
80,6,20,1480,20,0,0,0,DoS-HTTP
80,6,20,1200,20,0,0,0,DoS-SYN-Flood
0,1,20,1200,0,0,0,0,DoS-ICMP
80,6,20,1200,20,0,0,0,DoS-SYN-Flood
80,6,20,1480,20,0,0,0,DoS-HTTP
3273,6,4,240,4,0,0,0,PortScan
80,6,20,1480,20,0,0,0,DoS-HTTP
80,17,20,1200,0,0,0,0,DoS-UDP
11127,6,4,240,4,0,0,0,PortScan
80,17,20,1200,0,0,0,0,DoS-UDP
80,6,20,1480,20,0,0,0,DoS-HTTP
22,6,20,1200,20,0,0,0,SSH-Bruteforce
0,1,20,1200,0,0,0,0,DoS-ICMP
46398,17,20,27980,0,0,0,0,BENIGN
80,6,20,1200,20,0,0,0,DoS-SYN-Flood
52043,17,2,510,0,0,0,0,BENIGN
80,6,20,1480,20,0,0,0,DoS-HTTP
59646,6,20,29560,0,20,0,0,BENIGN
80,6,20,1480,20,0,0,0,DoS-HTTP
80,6,20,1200,20,0,0,0,DoS-SYN-Flood
61067,6,5,290,5,5,0,0,SSH-Bruteforce
12493,6,4,240,4,0,0,0,PortScan
57388,6,5,290,5,5,0,0,SSH-Bruteforce
80,17,20,1200,0,0,0,0,DoS-UDP
80,6,20,1480,20,0,0,0,DoS-HTTP
24075,6,4,240,4,0,0,0,PortScan
80,6,20,1200,20,0,0,0,DoS-SYN-Flood
80,6,20,1480,20,0,0,0,DoS-HTTP
33240,6,20,29080,0,20,0,0,BENIGN
41308,17,20,27980,0,0,0,0,BENIGN
80,17,20,1200,0,0,0,0,DoS-UDP
80,17,20,1200,0,0,0,0,DoS-UDP
0,1,20,840,0,0,0,0,DoS-ICMP
80,17,20,1200,0,0,0,0,DoS-UDP
18026,6,2,120,2,0,0,0,PortScan
0,1,20,840,0,0,0,0,DoS-ICMP
30696,6,7,406,7,7,0,0,SSH-Bruteforce
80,6,20,1480,20,0,0,0,DoS-HTTP
80,17,20,1200,0,0,0,0,DoS-UDP
80,6,20,1480,20,0,0,0,DoS-HTTP
80,17,20,1200,0,0,0,0,DoS-UDP
80,6,20,1200,20,0,0,0,DoS-SYN-Flood
42811,6,8,464,8,8,0,0,SSH-Bruteforce
80,6,20,1480,20,0,0,0,DoS-HTTP
80,6,20,1480,20,0,0,0,DoS-HTTP
38360,6,10,580,10,10,0,0,SSH-Bruteforce
22,6,20,1200,0,0,20,0,SSH-Bruteforce
80,6,20,1200,20,0,0,0,DoS-SYN-Flood
27138,6,2,120,2,0,0,0,PortScan
63037,6,2,120,2,0,0,0,PortScan
80,6,20,1200,20,0,0,0,DoS-SYN-Flood
22,6,20,1200,20,0,0,0,SSH-Bruteforce
80,6,20,1200,20,0,0,0,DoS-SYN-Flood
443,6,20,13669,0,20,0,0,BENIGN
2925,6,4,240,4,0,0,0,PortScan
80,6,20,1480,20,0,0,0,DoS-HTTP
0,1,20,840,0,0,0,0,DoS-ICMP
36520,17,20,27980,0,0,0,0,BENIGN
54479,6,4,240,4,0,0,0,PortScan
80,6,20,1200,20,0,0,0,DoS-SYN-Flood
22,6,20,1200,17,0,3,0,SSH-Bruteforce
40330,6,2,120,2,0,0,0,PortScan
0,1,20,840,0,0,0,0,DoS-ICMP
80,6,20,1480,20,0,0,0,DoS-HTTP
27821,6,4,240,4,0,0,0,PortScan
34623,6,6,348,6,6,0,0,SSH-Bruteforce
0,1,20,840,0,0,0,0,DoS-ICMP
0,1,20,840,0,0,0,0,DoS-ICMP
80,6,20,1480,20,0,0,0,DoS-HTTP
80,6,20,1200,20,0,0,0,DoS-SYN-Flood
80,6,20,1200,20,0,0,0,DoS-SYN-Flood
80,6,20,1200,20,0,0,0,DoS-SYN-Flood
0,1,20,1200,0,0,0,0,DoS-ICMP
64420,6,2,120,2,0,0,0,PortScan
16255,6,2,120,2,0,0,0,PortScan
0,1,20,1200,0,0,0,0,DoS-ICMP
33240,6,20,28960,0,20,0,0,BENIGN
80,17,20,1200,0,0,0,0,DoS-UDP
6913,6,4,240,4,0,0,0,PortScan
80,6,20,1480,20,0,0,0,DoS-HTTP
80,6,20,1480,20,0,0,0,DoS-HTTP
80,6,20,1480,20,0,0,0,DoS-HTTP
0,1,20,840,0,0,0,0,DoS-ICMP
36520,17,20,27980,0,0,0,0,BENIGN
80,17,20,1200,0,0,0,0,DoS-UDP
30156,6,7,406,7,7,0,0,SSH-Bruteforce
16787,6,7,406,7,7,0,0,SSH-Bruteforce
0,1,20,1200,0,0,0,0,DoS-ICMP
80,6,20,1480,20,0,0,0,DoS-HTTP
80,6,20,1200,20,0,0,0,DoS-SYN-Flood
80,6,20,1200,20,0,0,0,DoS-SYN-Flood
33710,6,2,120,2,0,0,0,PortScan
80,6,20,1480,20,0,0,0,DoS-HTTP
80,6,20,1200,20,0,0,0,DoS-SYN-Flood
80,17,20,1200,0,0,0,0,DoS-UDP
80,6,20,1480,20,0,0,0,DoS-HTTP
50514,6,2,120,2,0,0,0,PortScan
80,6,20,1200,20,0,0,0,DoS-SYN-Flood
60569,6,8,464,8,8,0,0,SSH-Bruteforce
80,6,20,1480,20,0,0,0,DoS-HTTP
55287,6,4,240,4,0,0,0,PortScan
22,6,20,1200,0,0,20,0,SSH-Bruteforce
27162,6,4,240,4,0,0,0,PortScan
80,6,20,1200,20,0,0,0,DoS-SYN-Flood
0,1,20,1200,0,0,0,0,DoS-ICMP
15401,6,2,120,2,0,0,0,PortScan
12562,6,4,240,4,0,0,0,PortScan
80,6,20,1200,20,0,0,0,DoS-SYN-Flood
47792,6,4,240,4,0,0,0,PortScan
80,6,20,1200,20,0,0,0,DoS-SYN-Flood
80,6,20,1200,20,0,0,0,DoS-SYN-Flood
109,6,4,240,4,0,0,0,PortScan
80,6,20,1480,20,0,0,0,DoS-HTTP
52346,6,6,348,6,6,0,0,SSH-Bruteforce
80,17,20,1200,0,0,0,0,DoS-UDP
80,6,20,1480,20,0,0,0,DoS-HTTP
35854,6,20,28960,0,20,0,0,BENIGN
80,6,20,1200,20,0,0,0,DoS-SYN-Flood
6663,6,4,240,4,0,0,0,PortScan
0,1,20,840,0,0,0,0,DoS-ICMP
0,1,20,1200,0,0,0,0,DoS-ICMP
13764,6,12,696,12,12,0,0,SSH-Bruteforce
6388,6,6,360,6,0,0,0,PortScan
0,1,20,840,0,0,0,0,DoS-ICMP
80,6,20,1480,20,0,0,0,DoS-HTTP
60975,6,2,120,2,0,0,0,PortScan
0,1,20,840,0,0,0,0,DoS-ICMP
57288,6,2,120,2,0,0,0,PortScan
0,1,20,1200,0,0,0,0,DoS-ICMP
3613,6,7,406,7,7,0,0,SSH-Bruteforce
54033,17,2,190,0,0,0,0,BENIGN
80,6,20,1200,20,0,0,0,DoS-SYN-Flood
80,6,20,1480,20,0,0,0,DoS-HTTP
11232,6,11,638,11,11,0,0,SSH-Bruteforce
80,17,20,1200,0,0,0,0,DoS-UDP
80,6,20,1480,20,0,0,0,DoS-HTTP
36520,17,20,27980,0,0,0,0,BENIGN
80,17,20,1200,0,0,0,0,DoS-UDP
0,1,20,1200,0,0,0,0,DoS-ICMP
80,6,20,1480,20,0,0,0,DoS-HTTP
80,6,20,1480,20,0,0,0,DoS-HTTP
80,6,20,2078,2,18,0,0,BENIGN
38015,6,4,240,4,0,0,0,PortScan
80,6,20,1200,20,0,0,0,DoS-SYN-Flood
36520,17,20,27980,0,0,0,0,BENIGN
80,6,20,1480,20,0,0,0,DoS-HTTP
37961,6,6,348,6,6,0,0,SSH-Bruteforce
80,6,20,1200,20,0,0,0,DoS-SYN-Flood
32367,6,4,240,4,0,0,0,PortScan
80,6,20,1480,20,0,0,0,DoS-HTTP
9577,6,4,240,4,0,0,0,PortScan
80,17,20,1200,0,0,0,0,DoS-UDP
31839,6,8,464,8,8,0,0,SSH-Bruteforce
80,17,20,1200,0,0,0,0,DoS-UDP
80,6,20,1480,20,0,0,0,DoS-HTTP
44544,6,11,5373,1,11,0,1,BENIGN
0,1,20,1200,0,0,0,0,DoS-ICMP
0,1,20,1200,0,0,0,0,DoS-ICMP
443,6,20,2149,1,19,0,0,BENIGN
53258,6,20,29140,0,20,0,0,BENIGN
39900,6,2,120,2,0,0,0,PortScan
80,6,20,1480,20,0,0,0,DoS-HTTP
80,17,20,1200,0,0,0,0,DoS-UDP
35687,6,4,240,4,0,0,0,PortScan
58694,6,4,240,4,0,0,0,PortScan
10305,6,4,240,4,0,0,0,PortScan
15045,6,6,348,6,6,0,0,SSH-Bruteforce
80,17,20,1200,0,0,0,0,DoS-UDP
80,6,20,1480,20,0,0,0,DoS-HTTP
80,17,20,1200,0,0,0,0,DoS-UDP
80,6,20,1480,20,0,0,0,DoS-HTTP
50264,6,10,580,10,10,0,0,SSH-Bruteforce
0,1,20,840,0,0,0,0,DoS-ICMP
16897,6,2,120,2,0,0,0,PortScan
80,17,20,1200,0,0,0,0,DoS-UDP
80,17,20,1200,0,0,0,0,DoS-UDP
8953,6,4,240,4,0,0,0,PortScan
0,1,20,1200,0,0,0,0,DoS-ICMP
0,1,20,1200,0,0,0,0,DoS-ICMP
55957,6,2,120,2,0,0,0,PortScan
21593,6,4,240,4,0,0,0,PortScan
80,6,20,1200,20,0,0,0,DoS-SYN-Flood
80,6,20,1200,20,0,0,0,DoS-SYN-Flood
80,6,20,1200,20,0,0,0,DoS-SYN-Flood
54829,17,20,27980,0,0,0,0,BENIGN
37915,6,11,638,11,11,0,0,SSH-Bruteforce
80,6,20,1200,20,0,0,0,DoS-SYN-Flood
80,6,20,1480,20,0,0,0,DoS-HTTP
0,1,20,840,0,0,0,0,DoS-ICMP
80,6,20,1480,20,0,0,0,DoS-HTTP
0,1,20,840,0,0,0,0,DoS-ICMP
0,1,20,1200,0,0,0,0,DoS-ICMP
80,6,20,1200,20,0,0,0,DoS-SYN-Flood
80,17,20,1200,0,0,0,0,DoS-UDP
80,6,20,1200,20,0,0,0,DoS-SYN-Flood
0,1,20,1200,0,0,0,0,DoS-ICMP
80,17,20,1200,0,0,0,0,DoS-UDP
80,6,20,1200,20,0,0,0,DoS-SYN-Flood
13455,6,10,580,10,10,0,0,SSH-Bruteforce
80,17,20,1200,0,0,0,0,DoS-UDP
13003,6,6,360,6,0,0,0,PortScan
7063,6,4,240,4,0,0,0,PortScan
0,1,20,1200,0,0,0,0,DoS-ICMP
35854,6,20,29560,0,20,0,0,BENIGN
39368,6,2,120,2,0,0,0,PortScan
80,6,20,1200,20,0,0,0,DoS-SYN-Flood
80,17,20,1200,0,0,0,0,DoS-UDP
80,6,20,1200,20,0,0,0,DoS-SYN-Flood
4546,6,7,406,7,7,0,0,SSH-Bruteforce
0,1,20,1200,0,0,0,0,DoS-ICMP
48806,17,20,27261,0,0,0,0,BENIGN
28204,6,2,120,2,0,0,0,PortScan
0,1,20,840,0,0,0,0,DoS-ICMP
15109,6,2,120,2,0,0,0,PortScan
80,17,20,1200,0,0,0,0,DoS-UDP
45831,6,7,406,7,7,0,0,SSH-Bruteforce
80,6,20,1200,20,0,0,0,DoS-SYN-Flood
443,17,20,5475,0,0,0,0,BENIGN
0,1,20,1200,0,0,0,0,DoS-ICMP
0,1,20,1200,0,0,0,0,DoS-ICMP
80,6,20,1200,20,0,0,0,DoS-SYN-Flood
80,6,20,1200,20,0,0,0,DoS-SYN-Flood
0,1,20,1200,0,0,0,0,DoS-ICMP
20110,6,4,240,4,0,0,0,PortScan
80,6,20,1480,20,0,0,0,DoS-HTTP
80,6,20,1480,20,0,0,0,DoS-HTTP
0,1,20,1200,0,0,0,0,DoS-ICMP
22,6,20,1200,0,0,20,0,SSH-Bruteforce
0,1,20,1200,0,0,0,0,DoS-ICMP
80,17,20,1200,0,0,0,0,DoS-UDP
0,1,20,1200,0,0,0,0,DoS-ICMP
0,1,20,840,0,0,0,0,DoS-ICMP
80,6,20,1480,20,0,0,0,DoS-HTTP
80,6,20,1480,20,0,0,0,DoS-HTTP
22,6,20,1200,8,0,12,0,SSH-Bruteforce
46739,6,13,754,13,13,0,0,SSH-Bruteforce
80,6,20,1200,20,0,0,0,DoS-SYN-Flood
36900,6,2,120,2,0,0,0,PortScan
46398,17,20,27980,0,0,0,0,BENIGN
80,17,20,1200,0,0,0,0,DoS-UDP
80,17,20,1200,0,0,0,0,DoS-UDP
7498,6,4,240,4,0,0,0,PortScan
0,1,20,1200,0,0,0,0,DoS-ICMP
80,6,20,1480,20,0,0,0,DoS-HTTP
13479,6,11,638,11,11,0,0,SSH-Bruteforce
80,17,20,1200,0,0,0,0,DoS-UDP
0,1,20,840,0,0,0,0,DoS-ICMP
35607,6,12,696,12,12,0,0,SSH-Bruteforce
0,1,20,1200,0,0,0,0,DoS-ICMP
42570,6,4,240,4,0,0,0,PortScan
44256,6,2,120,2,0,0,0,PortScan
80,6,20,1480,20,0,0,0,DoS-HTTP
80,17,20,1200,0,0,0,0,DoS-UDP
80,17,20,1200,0,0,0,0,DoS-UDP
80,17,20,1200,0,0,0,0,DoS-UDP
0,1,20,840,0,0,0,0,DoS-ICMP
22,6,20,1200,20,0,0,0,SSH-Bruteforce
80,6,20,1200,20,0,0,0,DoS-SYN-Flood
36520,17,20,19004,0,0,0,0,BENIGN
36520,17,20,27980,0,0,0,0,BENIGN
80,6,20,1480,20,0,0,0,DoS-HTTP
24152,6,6,348,6,6,0,0,SSH-Bruteforce
0,1,20,1200,0,0,0,0,DoS-ICMP
24318,6,5,290,5,5,0,0,SSH-Bruteforce
80,6,20,1200,20,0,0,0,DoS-SYN-Flood
4754,6,6,360,6,0,0,0,PortScan
0,1,20,840,0,0,0,0,DoS-ICMP
80,17,20,1200,0,0,0,0,DoS-UDP
80,6,20,1480,20,0,0,0,DoS-HTTP
80,6,20,1200,20,0,0,0,DoS-SYN-Flood
80,6,20,1200,20,0,0,0,DoS-SYN-Flood
80,6,20,1480,20,0,0,0,DoS-HTTP
80,17,20,1200,0,0,0,0,DoS-UDP
80,6,20,1200,20,0,0,0,DoS-SYN-Flood
0,1,20,840,0,0,0,0,DoS-ICMP
65187,6,6,348,6,6,0,0,SSH-Bruteforce
41650,6,16,928,16,16,0,0,SSH-Bruteforce
0,1,20,840,0,0,0,0,DoS-ICMP
80,17,20,1200,0,0,0,0,DoS-UDP
80,6,20,1480,20,0,0,0,DoS-HTTP
80,6,20,1200,20,0,0,0,DoS-SYN-Flood
80,6,20,1200,20,0,0,0,DoS-SYN-Flood
80,6,20,1200,20,0,0,0,DoS-SYN-Flood
80,6,20,1200,20,0,0,0,DoS-SYN-Flood
80,6,20,1480,20,0,0,0,DoS-HTTP
43952,6,4,240,4,0,0,0,PortScan
22,6,20,1200,0,0,20,0,SSH-Bruteforce
80,17,20,1200,0,0,0,0,DoS-UDP
7029,6,4,240,4,0,0,0,PortScan
80,17,20,1200,0,0,0,0,DoS-UDP
80,17,20,1200,0,0,0,0,DoS-UDP
80,6,20,1200,20,0,0,0,DoS-SYN-Flood
60886,6,20,28960,0,20,0,0,BENIGN
80,17,20,1200,0,0,0,0,DoS-UDP
80,6,20,1480,20,0,0,0,DoS-HTTP
80,6,20,1480,20,0,0,0,DoS-HTTP
33761,6,4,240,4,0,0,0,PortScan
22,6,20,1200,20,0,0,0,SSH-Bruteforce
12690,6,10,580,10,10,0,0,SSH-Bruteforce
60886,6,20,28720,0,20,0,0,BENIGN
80,6,20,1200,20,0,0,0,DoS-SYN-Flood
8022,6,4,240,4,0,0,0,PortScan
80,6,20,1480,20,0,0,0,DoS-HTTP
8931,6,4,240,4,0,0,0,PortScan
80,17,20,1200,0,0,0,0,DoS-UDP
80,6,20,1200,20,0,0,0,DoS-SYN-Flood
80,6,20,1480,20,0,0,0,DoS-HTTP
0,1,20,1200,0,0,0,0,DoS-ICMP
43678,17,20,27980,0,0,0,0,BENIGN
0,1,20,1200,0,0,0,0,DoS-ICMP
80,6,20,1480,20,0,0,0,DoS-HTTP
80,17,20,1200,0,0,0,0,DoS-UDP
80,6,20,1200,20,0,0,0,DoS-SYN-Flood
8943,6,6,360,6,0,0,0,PortScan
80,6,20,1200,20,0,0,0,DoS-SYN-Flood
58638,6,2,120,2,0,0,0,PortScan
443,6,16,1994,1,15,0,1,BENIGN
80,17,20,1200,0,0,0,0,DoS-UDP
80,6,20,1200,20,0,0,0,DoS-SYN-Flood
36520,17,20,27980,0,0,0,0,BENIGN
80,17,20,1200,0,0,0,0,DoS-UDP
80,6,20,1480,20,0,0,0,DoS-HTTP
0,1,20,1200,0,0,0,0,DoS-ICMP
80,6,20,1200,20,0,0,0,DoS-SYN-Flood
22,6,20,1200,0,0,20,0,SSH-Bruteforce
80,6,20,1480,20,0,0,0,DoS-HTTP
60886,6,20,29560,0,20,0,0,BENIGN
80,6,20,1200,20,0,0,0,DoS-SYN-Flood
80,17,20,1200,0,0,0,0,DoS-UDP
80,17,20,1200,0,0,0,0,DoS-UDP
80,6,20,1200,20,0,0,0,DoS-SYN-Flood
21309,6,2,120,2,0,0,0,PortScan
0,1,20,1200,0,0,0,0,DoS-ICMP
0,1,20,1200,0,0,0,0,DoS-ICMP
27503,6,4,232,4,4,0,0,SSH-Bruteforce
54779,6,4,240,4,0,0,0,PortScan
0,1,20,840,0,0,0,0,DoS-ICMP
80,6,20,1480,20,0,0,0,DoS-HTTP
80,17,20,1200,0,0,0,0,DoS-UDP
80,17,20,1200,0,0,0,0,DoS-UDP
60621,6,4,240,4,0,0,0,PortScan
36520,17,20,27980,0,0,0,0,BENIGN
22,6,20,1200,20,0,0,0,SSH-Bruteforce
60550,6,2,120,2,0,0,0,PortScan
6217,6,4,240,4,0,0,0,PortScan
6372,6,10,580,10,10,0,0,SSH-Bruteforce
4655,6,4,240,4,0,0,0,PortScan
0,1,20,1200,0,0,0,0,DoS-ICMP
62354,6,2,120,2,0,0,0,PortScan
80,17,20,1200,0,0,0,0,DoS-UDP
80,6,20,1480,20,0,0,0,DoS-HTTP
22,6,20,1200,20,0,0,0,SSH-Bruteforce
80,6,20,1200,20,0,0,0,DoS-SYN-Flood
80,6,20,1200,20,0,0,0,DoS-SYN-Flood
80,17,20,1200,0,0,0,0,DoS-UDP
80,6,20,1200,20,0,0,0,DoS-SYN-Flood
11625,6,4,240,4,0,0,0,PortScan
3092,6,4,240,4,0,0,0,PortScan
80,6,20,1480,20,0,0,0,DoS-HTTP
80,6,20,1200,20,0,0,0,DoS-SYN-Flood
80,6,20,1200,20,0,0,0,DoS-SYN-Flood
57498,6,4,240,4,0,0,0,PortScan
80,6,20,1480,20,0,0,0,DoS-HTTP
0,1,20,840,0,0,0,0,DoS-ICMP
0,1,20,840,0,0,0,0,DoS-ICMP
80,17,20,1200,0,0,0,0,DoS-UDP
80,6,20,1200,20,0,0,0,DoS-SYN-Flood
80,17,20,1200,0,0,0,0,DoS-UDP
80,6,20,1200,20,0,0,0,DoS-SYN-Flood
80,6,20,1480,20,0,0,0,DoS-HTTP
80,6,20,1480,20,0,0,0,DoS-HTTP
80,6,20,1480,20,0,0,0,DoS-HTTP
80,6,20,1200,20,0,0,0,DoS-SYN-Flood
25252,6,2,120,2,0,0,0,PortScan
2903,6,9,522,9,9,0,0,SSH-Bruteforce
39902,17,20,27980,0,0,0,0,BENIGN
37035,6,2,120,2,0,0,0,PortScan
0,1,20,840,0,0,0,0,DoS-ICMP
20731,6,4,240,4,0,0,0,PortScan
42904,17,20,27980,0,0,0,0,BENIGN
80,6,20,1480,20,0,0,0,DoS-HTTP
80,6,20,1200,20,0,0,0,DoS-SYN-Flood
80,6,20,1200,20,0,0,0,DoS-SYN-Flood
0,1,20,1200,0,0,0,0,DoS-ICMP
0,1,20,1200,0,0,0,0,DoS-ICMP
21865,6,8,464,8,8,0,0,SSH-Bruteforce
80,6,20,1480,20,0,0,0,DoS-HTTP
443,6,20,1672,0,20,0,1,BENIGN
0,1,20,840,0,0,0,0,DoS-ICMP
22,6,20,1200,0,0,20,0,SSH-Bruteforce
80,6,20,1480,20,0,0,0,DoS-HTTP
80,17,20,1200,0,0,0,0,DoS-UDP
36520,17,20,27980,0,0,0,0,BENIGN
24937,6,8,464,8,8,0,0,SSH-Bruteforce
44525,6,7,406,7,7,0,0,SSH-Bruteforce
52811,6,12,696,12,12,0,0,SSH-Bruteforce
80,6,20,1480,20,0,0,0,DoS-HTTP
18890,6,2,120,2,0,0,0,PortScan
32174,6,8,464,8,8,0,0,SSH-Bruteforce
80,6,20,1480,20,0,0,0,DoS-HTTP
33240,6,20,28840,0,20,0,0,BENIGN
56794,6,11,638,11,11,0,0,SSH-Bruteforce
80,6,20,1200,20,0,0,0,DoS-SYN-Flood
80,17,20,1200,0,0,0,0,DoS-UDP
25858,6,9,522,9,9,0,0,SSH-Bruteforce
80,17,20,1200,0,0,0,0,DoS-UDP
80,17,20,1200,0,0,0,0,DoS-UDP
80,6,20,1480,20,0,0,0,DoS-HTTP
5723,6,6,348,6,6,0,0,SSH-Bruteforce
80,6,20,1480,20,0,0,0,DoS-HTTP
443,6,20,2460,0,20,0,0,BENIGN
39357,6,7,406,7,7,0,0,SSH-Bruteforce
80,6,20,1480,20,0,0,0,DoS-HTTP
80,6,20,1200,20,0,0,0,DoS-SYN-Flood
80,6,20,1200,20,0,0,0,DoS-SYN-Flood
80,17,20,1200,0,0,0,0,DoS-UDP
80,6,20,1200,20,0,0,0,DoS-SYN-Flood
80,17,20,1200,0,0,0,0,DoS-UDP
36520,17,20,27980,0,0,0,0,BENIGN
33726,6,6,348,6,6,0,0,SSH-Bruteforce
80,6,20,1200,20,0,0,0,DoS-SYN-Flood
0,1,20,1200,0,0,0,0,DoS-ICMP
80,6,20,1480,20,0,0,0,DoS-HTTP
80,6,20,1480,20,0,0,0,DoS-HTTP
18721,6,2,120,2,0,0,0,PortScan
80,17,20,1200,0,0,0,0,DoS-UDP
80,6,20,1200,20,0,0,0,DoS-SYN-Flood
0,1,20,840,0,0,0,0,DoS-ICMP
21389,6,6,348,6,6,0,0,SSH-Bruteforce
5087,6,4,240,4,0,0,0,PortScan
51803,6,4,240,4,0,0,0,PortScan
22,6,20,1200,0,0,20,0,SSH-Bruteforce
36877,6,4,240,4,0,0,0,PortScan
40168,6,2,120,2,0,0,0,PortScan
80,6,20,1200,20,0,0,0,DoS-SYN-Flood
80,6,20,1200,20,0,0,0,DoS-SYN-Flood
80,17,20,1200,0,0,0,0,DoS-UDP
0,1,20,1200,0,0,0,0,DoS-ICMP
11765,6,6,348,6,6,0,0,SSH-Bruteforce
22,6,20,1200,20,0,0,0,SSH-Bruteforce
80,6,20,1200,20,0,0,0,DoS-SYN-Flood
22,6,20,1200,20,0,0,0,SSH-Bruteforce
3087,6,8,464,8,8,0,0,SSH-Bruteforce
80,6,20,1480,20,0,0,0,DoS-HTTP
80,6,20,1480,20,0,0,0,DoS-HTTP
80,17,20,1200,0,0,0,0,DoS-UDP
80,6,20,1200,20,0,0,0,DoS-SYN-Flood
48781,6,4,240,4,0,0,0,PortScan
0,1,20,840,0,0,0,0,DoS-ICMP
5015,6,4,240,4,0,0,0,PortScan
80,6,20,1200,20,0,0,0,DoS-SYN-Flood
10577,6,4,240,4,0,0,0,PortScan
27082,6,4,240,4,0,0,0,PortScan
5266,6,4,240,4,0,0,0,PortScan
0,1,20,1200,0,0,0,0,DoS-ICMP
80,17,20,1200,0,0,0,0,DoS-UDP
80,6,20,1480,20,0,0,0,DoS-HTTP
11228,6,4,240,4,0,0,0,PortScan
22,6,20,1200,0,0,20,0,SSH-Bruteforce
80,17,20,1200,0,0,0,0,DoS-UDP
19807,6,4,240,4,0,0,0,PortScan
0,1,20,1200,0,0,0,0,DoS-ICMP
0,1,20,840,0,0,0,0,DoS-ICMP
80,17,20,1200,0,0,0,0,DoS-UDP
62513,6,4,240,4,0,0,0,PortScan
80,17,20,1200,0,0,0,0,DoS-UDP
38561,6,2,120,2,0,0,0,PortScan
0,1,20,1200,0,0,0,0,DoS-ICMP
22,6,20,1200,20,0,0,0,SSH-Bruteforce
34708,6,2,120,2,0,0,0,PortScan
25671,6,6,348,6,6,0,0,SSH-Bruteforce
9344,6,4,240,4,0,0,0,PortScan
39902,17,20,27980,0,0,0,0,BENIGN
80,17,20,1200,0,0,0,0,DoS-UDP
80,6,20,1480,20,0,0,0,DoS-HTTP
80,6,20,1200,20,0,0,0,DoS-SYN-Flood
80,6,20,1200,20,0,0,0,DoS-SYN-Flood
80,6,20,1480,20,0,0,0,DoS-HTTP
0,1,20,840,0,0,0,0,DoS-ICMP
80,17,20,1200,0,0,0,0,DoS-UDP
0,1,20,840,0,0,0,0,DoS-ICMP
0,1,20,1200,0,0,0,0,DoS-ICMP
80,17,20,1200,0,0,0,0,DoS-UDP
7129,6,4,240,4,0,0,0,PortScan
80,17,20,1200,0,0,0,0,DoS-UDP
0,1,20,1200,0,0,0,0,DoS-ICMP
0,1,20,840,0,0,0,0,DoS-ICMP
54829,17,20,27980,0,0,0,0,BENIGN
80,17,20,1200,0,0,0,0,DoS-UDP
0,1,20,1200,0,0,0,0,DoS-ICMP
80,17,20,1200,0,0,0,0,DoS-UDP
80,17,20,1200,0,0,0,0,DoS-UDP
80,6,20,1480,20,0,0,0,DoS-HTTP
35854,6,20,29140,0,20,0,0,BENIGN
443,6,20,9402,0,20,0,0,BENIGN
5272,6,9,522,9,9,0,0,SSH-Bruteforce
80,6,20,1200,20,0,0,0,DoS-SYN-Flood
0,1,20,840,0,0,0,0,DoS-ICMP
80,17,20,1200,0,0,0,0,DoS-UDP
31671,6,4,240,4,0,0,0,PortScan
80,6,20,1480,20,0,0,0,DoS-HTTP
80,6,20,1200,20,0,0,0,DoS-SYN-Flood
29850,6,2,120,2,0,0,0,PortScan
80,17,20,1200,0,0,0,0,DoS-UDP
0,1,20,1200,0,0,0,0,DoS-ICMP
80,6,20,1200,20,0,0,0,DoS-SYN-Flood
80,17,20,1200,0,0,0,0,DoS-UDP
40018,6,4,240,4,0,0,0,PortScan
0,1,20,840,0,0,0,0,DoS-ICMP
80,17,20,1200,0,0,0,0,DoS-UDP
80,6,20,1480,20,0,0,0,DoS-HTTP
53092,17,20,27980,0,0,0,0,BENIGN
27027,6,6,348,6,6,0,0,SSH-Bruteforce
0,1,20,1200,0,0,0,0,DoS-ICMP
33907,6,4,240,4,0,0,0,PortScan
45447,17,20,27980,0,0,0,0,BENIGN
80,6,20,1200,20,0,0,0,DoS-SYN-Flood
0,1,20,840,0,0,0,0,DoS-ICMP
51058,6,4,240,4,0,0,0,PortScan
36520,17,20,27980,0,0,0,0,BENIGN
80,6,20,1480,20,0,0,0,DoS-HTTP
80,6,20,1480,20,0,0,0,DoS-HTTP
80,17,20,1200,0,0,0,0,DoS-UDP
80,17,20,1200,0,0,0,0,DoS-UDP
39948,6,13,754,13,13,0,0,SSH-Bruteforce
80,6,20,1200,20,0,0,0,DoS-SYN-Flood
34559,6,4,240,4,0,0,0,PortScan
21494,6,2,120,2,0,0,0,PortScan
0,1,20,840,0,0,0,0,DoS-ICMP
80,6,20,1200,20,0,0,0,DoS-SYN-Flood
80,6,20,1480,20,0,0,0,DoS-HTTP
80,17,20,1200,0,0,0,0,DoS-UDP
80,6,20,1200,20,0,0,0,DoS-SYN-Flood
80,17,20,1200,0,0,0,0,DoS-UDP
26501,6,4,240,4,0,0,0,PortScan
80,6,20,1200,20,0,0,0,DoS-SYN-Flood
80,17,20,1200,0,0,0,0,DoS-UDP
80,6,20,1480,20,0,0,0,DoS-HTTP
80,6,20,1480,20,0,0,0,DoS-HTTP
80,17,20,1200,0,0,0,0,DoS-UDP
634,6,4,240,4,0,0,0,PortScan
11165,6,4,240,4,0,0,0,PortScan
0,1,20,840,0,0,0,0,DoS-ICMP
0,1,20,1200,0,0,0,0,DoS-ICMP
0,1,20,1200,0,0,0,0,DoS-ICMP
0,1,20,1200,0,0,0,0,DoS-ICMP
42234,6,8,464,8,8,0,0,SSH-Bruteforce
17970,6,8,464,8,8,0,0,SSH-Bruteforce
443,6,12,1491,1,11,0,2,BENIGN
22,6,20,1200,20,0,0,0,SSH-Bruteforce
80,6,20,1480,20,0,0,0,DoS-HTTP
80,6,20,1480,20,0,0,0,DoS-HTTP
80,17,20,1200,0,0,0,0,DoS-UDP
80,17,20,1200,0,0,0,0,DoS-UDP
22,6,20,1200,20,0,0,0,SSH-Bruteforce
80,6,20,1480,20,0,0,0,DoS-HTTP
80,6,20,1480,20,0,0,0,DoS-HTTP
64492,6,5,290,5,5,0,0,SSH-Bruteforce
80,6,20,1200,20,0,0,0,DoS-SYN-Flood
80,6,20,1200,20,0,0,0,DoS-SYN-Flood
26008,6,2,120,2,0,0,0,PortScan
80,6,20,1480,20,0,0,0,DoS-HTTP
0,1,20,840,0,0,0,0,DoS-ICMP
59274,17,9,8582,0,0,0,0,BENIGN
80,6,20,1480,20,0,0,0,DoS-HTTP
80,6,20,1200,20,0,0,0,DoS-SYN-Flood
45424,6,20,1709,0,20,0,0,BENIGN
27398,6,3,174,3,3,0,0,SSH-Bruteforce
0,1,20,1200,0,0,0,0,DoS-ICMP
31797,6,4,240,4,0,0,0,PortScan
0,1,20,1200,0,0,0,0,DoS-ICMP
80,6,20,1200,20,0,0,0,DoS-SYN-Flood
32277,6,9,522,9,9,0,0,SSH-Bruteforce
19495,6,7,406,7,7,0,0,SSH-Bruteforce
80,6,20,1200,20,0,0,0,DoS-SYN-Flood
9115,6,4,240,4,0,0,0,PortScan
443,6,20,1200,0,20,0,0,BENIGN
80,17,20,1200,0,0,0,0,DoS-UDP
80,6,20,1200,20,0,0,0,DoS-SYN-Flood
18755,6,5,290,5,5,0,0,SSH-Bruteforce
0,1,20,1200,0,0,0,0,DoS-ICMP
51118,6,2,120,2,0,0,0,PortScan
22,6,20,1200,0,0,20,0,SSH-Bruteforce
18540,6,2,120,2,0,0,0,PortScan
80,17,20,1200,0,0,0,0,DoS-UDP
22,6,20,1200,10,0,10,0,SSH-Bruteforce
80,17,20,1200,0,0,0,0,DoS-UDP
80,6,20,1200,20,0,0,0,DoS-SYN-Flood
17242,6,2,120,2,0,0,0,PortScan
80,6,20,1480,20,0,0,0,DoS-HTTP
51245,6,2,120,2,0,0,0,PortScan
80,17,20,1200,0,0,0,0,DoS-UDP
80,6,20,1480,20,0,0,0,DoS-HTTP
0,1,20,1200,0,0,0,0,DoS-ICMP
80,6,20,1480,20,0,0,0,DoS-HTTP
0,1,20,840,0,0,0,0,DoS-ICMP
80,6,20,1480,20,0,0,0,DoS-HTTP
0,1,20,840,0,0,0,0,DoS-ICMP
80,6,20,1200,20,0,0,0,DoS-SYN-Flood
9489,6,4,240,4,0,0,0,PortScan
0,1,20,840,0,0,0,0,DoS-ICMP
22,6,20,1200,0,0,20,0,SSH-Bruteforce
0,1,20,840,0,0,0,0,DoS-ICMP
56959,6,2,120,2,0,0,0,PortScan
0,1,20,1200,0,0,0,0,DoS-ICMP
40992,6,4,240,4,0,0,0,PortScan
22,6,20,1200,2,0,18,0,SSH-Bruteforce
80,6,20,1200,20,0,0,0,DoS-SYN-Flood
80,6,20,1480,20,0,0,0,DoS-HTTP
56385,6,4,240,4,0,0,0,PortScan
21093,6,4,240,4,0,0,0,PortScan
10730,6,4,240,4,0,0,0,PortScan
42985,6,10,580,10,10,0,0,SSH-Bruteforce
32200,6,9,522,9,9,0,0,SSH-Bruteforce
19520,6,6,348,6,6,0,0,SSH-Bruteforce
0,1,20,1200,0,0,0,0,DoS-ICMP
22,6,20,1200,0,0,20,0,SSH-Bruteforce
42440,17,20,25593,0,0,0,0,BENIGN
12997,6,6,360,6,0,0,0,PortScan
11593,6,5,290,5,5,0,0,SSH-Bruteforce
22,6,20,1200,20,0,0,0,SSH-Bruteforce
27534,6,2,120,2,0,0,0,PortScan
80,17,20,1200,0,0,0,0,DoS-UDP
80,6,20,1480,20,0,0,0,DoS-HTTP
21054,6,2,120,2,0,0,0,PortScan
0,1,20,1200,0,0,0,0,DoS-ICMP
22,6,20,1200,0,0,20,0,SSH-Bruteforce
80,6,20,1480,20,0,0,0,DoS-HTTP
80,6,20,1200,20,0,0,0,DoS-SYN-Flood
22,6,20,1200,20,0,0,0,SSH-Bruteforce
80,17,20,1200,0,0,0,0,DoS-UDP
57899,6,9,522,9,9,0,0,SSH-Bruteforce
60886,6,20,28979,0,20,0,0,BENIGN
80,6,20,1480,20,0,0,0,DoS-HTTP
22,6,20,1200,13,0,7,0,SSH-Bruteforce
80,17,20,1200,0,0,0,0,DoS-UDP
0,1,20,840,0,0,0,0,DoS-ICMP
0,1,20,840,0,0,0,0,DoS-ICMP
0,1,20,840,0,0,0,0,DoS-ICMP
80,17,20,1200,0,0,0,0,DoS-UDP
0,1,20,840,0,0,0,0,DoS-ICMP
80,17,20,1200,0,0,0,0,DoS-UDP
0,1,20,1200,0,0,0,0,DoS-ICMP
80,6,20,1200,20,0,0,0,DoS-SYN-Flood
80,6,20,1200,20,0,0,0,DoS-SYN-Flood
80,6,20,1480,20,0,0,0,DoS-HTTP
22,6,20,1200,7,0,13,0,SSH-Bruteforce
0,1,20,1200,0,0,0,0,DoS-ICMP
0,1,20,1200,0,0,0,0,DoS-ICMP
42359,6,2,120,2,0,0,0,PortScan
80,6,20,1200,20,0,0,0,DoS-SYN-Flood
80,6,20,1200,20,0,0,0,DoS-SYN-Flood
80,17,20,1200,0,0,0,0,DoS-UDP
22,6,20,1200,20,0,0,0,SSH-Bruteforce
80,17,20,1200,0,0,0,0,DoS-UDP
22,6,20,1200,0,0,20,0,SSH-Bruteforce
56700,6,2,120,2,0,0,0,PortScan
80,17,20,1200,0,0,0,0,DoS-UDP
22,6,20,1200,20,0,0,0,SSH-Bruteforce
44684,6,2,120,2,0,0,0,PortScan
80,6,20,1480,20,0,0,0,DoS-HTTP
15669,6,2,120,2,0,0,0,PortScan
0,1,20,840,0,0,0,0,DoS-ICMP
80,6,20,1200,20,0,0,0,DoS-SYN-Flood
0,1,20,1200,0,0,0,0,DoS-ICMP
0,1,20,1200,0,0,0,0,DoS-ICMP
0,1,20,1200,0,0,0,0,DoS-ICMP
42904,17,20,27980,0,0,0,0,BENIGN
0,1,20,1200,0,0,0,0,DoS-ICMP
80,17,20,1200,0,0,0,0,DoS-UDP
0,1,20,840,0,0,0,0,DoS-ICMP
15493,6,7,406,7,7,0,0,SSH-Bruteforce
0,1,20,840,0,0,0,0,DoS-ICMP
30934,6,6,348,6,6,0,0,SSH-Bruteforce
15982,6,3,174,3,3,0,0,SSH-Bruteforce
43421,6,2,120,2,0,0,0,PortScan
62219,6,4,240,4,0,0,0,PortScan
16418,6,4,240,4,0,0,0,PortScan
443,6,20,1200,0,20,0,0,BENIGN
15828,6,4,240,4,0,0,0,PortScan
54829,17,20,27980,0,0,0,0,BENIGN
0,1,20,840,0,0,0,0,DoS-ICMP
80,6,20,1480,20,0,0,0,DoS-HTTP
80,17,20,1200,0,0,0,0,DoS-UDP
80,6,20,1480,20,0,0,0,DoS-HTTP
80,17,20,1200,0,0,0,0,DoS-UDP
777,6,4,240,4,0,0,0,PortScan
0,1,20,840,0,0,0,0,DoS-ICMP
80,17,20,1200,0,0,0,0,DoS-UDP
80,6,20,1200,20,0,0,0,DoS-SYN-Flood
80,6,20,1480,20,0,0,0,DoS-HTTP
80,6,20,1200,20,0,0,0,DoS-SYN-Flood
80,17,20,1200,0,0,0,0,DoS-UDP
80,6,20,1200,20,0,0,0,DoS-SYN-Flood
33917,6,4,240,4,0,0,0,PortScan
26419,6,8,464,8,8,0,0,SSH-Bruteforce
60366,6,6,348,6,6,0,0,SSH-Bruteforce
52915,6,2,120,2,0,0,0,PortScan
0,1,20,840,0,0,0,0,DoS-ICMP
33240,6,20,29080,0,20,0,0,BENIGN
10015,6,4,240,4,0,0,0,PortScan
22,6,20,1200,20,0,0,0,SSH-Bruteforce
80,17,20,1200,0,0,0,0,DoS-UDP
80,17,20,1200,0,0,0,0,DoS-UDP
80,17,20,1200,0,0,0,0,DoS-UDP
0,1,20,1200,0,0,0,0,DoS-ICMP
80,17,20,1200,0,0,0,0,DoS-UDP
80,17,20,1200,0,0,0,0,DoS-UDP
80,17,20,1200,0,0,0,0,DoS-UDP
0,1,20,840,0,0,0,0,DoS-ICMP
80,17,20,1200,0,0,0,0,DoS-UDP
80,6,20,1200,20,0,0,0,DoS-SYN-Flood
0,1,20,1200,0,0,0,0,DoS-ICMP
80,6,20,1480,20,0,0,0,DoS-HTTP
80,17,20,1200,0,0,0,0,DoS-UDP
80,6,20,1200,20,0,0,0,DoS-SYN-Flood
36520,17,20,27980,0,0,0,0,BENIGN
18666,6,2,120,2,0,0,0,PortScan
56197,6,4,240,4,0,0,0,PortScan
80,6,20,1200,20,0,0,0,DoS-SYN-Flood
0,1,20,840,0,0,0,0,DoS-ICMP
80,17,20,1200,0,0,0,0,DoS-UDP
9462,6,4,240,4,0,0,0,PortScan
80,17,20,1200,0,0,0,0,DoS-UDP
0,1,20,840,0,0,0,0,DoS-ICMP
80,17,20,1200,0,0,0,0,DoS-UDP
33136,6,2,120,2,0,0,0,PortScan
0,1,20,1200,0,0,0,0,DoS-ICMP
54750,6,7,406,7,7,0,0,SSH-Bruteforce
80,17,20,1200,0,0,0,0,DoS-UDP
55123,6,7,406,7,7,0,0,SSH-Bruteforce
0,1,20,1200,0,0,0,0,DoS-ICMP
80,6,20,1480,20,0,0,0,DoS-HTTP
80,17,20,1200,0,0,0,0,DoS-UDP
80,17,20,1200,0,0,0,0,DoS-UDP
3398,6,9,522,9,9,0,0,SSH-Bruteforce
60886,6,20,29200,0,20,0,0,BENIGN
80,6,20,1480,20,0,0,0,DoS-HTTP
0,1,20,840,0,0,0,0,DoS-ICMP
43236,6,5,290,5,5,0,0,SSH-Bruteforce
80,17,20,1200,0,0,0,0,DoS-UDP
80,6,20,1200,20,0,0,0,DoS-SYN-Flood
60886,6,20,11743,0,20,0,0,BENIGN
80,6,20,1200,20,0,0,0,DoS-SYN-Flood
80,6,20,1480,20,0,0,0,DoS-HTTP
0,1,20,840,0,0,0,0,DoS-ICMP
0,1,20,840,0,0,0,0,DoS-ICMP
80,6,20,1200,20,0,0,0,DoS-SYN-Flood
80,6,20,1480,20,0,0,0,DoS-HTTP
22,6,20,1200,0,0,20,0,SSH-Bruteforce
22,6,20,1200,20,0,0,0,SSH-Bruteforce
80,6,20,1200,20,0,0,0,DoS-SYN-Flood
563,6,4,240,4,0,0,0,PortScan
80,17,20,1200,0,0,0,0,DoS-UDP
80,6,20,1200,20,0,0,0,DoS-SYN-Flood
80,17,20,1200,0,0,0,0,DoS-UDP
28928,6,2,120,2,0,0,0,PortScan
22,6,20,1200,0,0,20,0,SSH-Bruteforce
18901,6,8,464,8,8,0,0,SSH-Bruteforce
36520,17,20,23285,0,0,0,0,BENIGN
80,6,20,1200,20,0,0,0,DoS-SYN-Flood
80,6,20,1200,20,0,0,0,DoS-SYN-Flood
60886,6,20,27740,0,20,0,0,BENIGN
80,6,20,1480,20,0,0,0,DoS-HTTP
63068,6,2,120,2,0,0,0,PortScan
80,6,20,1480,20,0,0,0,DoS-HTTP
80,6,20,1200,20,0,0,0,DoS-SYN-Flood
22,6,20,1200,0,0,20,0,SSH-Bruteforce
6384,6,10,580,10,10,0,0,SSH-Bruteforce
80,6,20,1480,20,0,0,0,DoS-HTTP
80,17,20,1200,0,0,0,0,DoS-UDP
80,6,20,1200,20,0,0,0,DoS-SYN-Flood
63409,6,6,348,6,6,0,0,SSH-Bruteforce
56343,6,2,120,2,0,0,0,PortScan
36520,17,20,27436,0,0,0,0,BENIGN
22,6,20,1200,20,0,0,0,SSH-Bruteforce
2157,6,5,290,5,5,0,0,SSH-Bruteforce
80,17,20,1200,0,0,0,0,DoS-UDP
0,1,20,840,0,0,0,0,DoS-ICMP
80,6,20,1200,20,0,0,0,DoS-SYN-Flood
8388,6,8,464,8,8,0,0,SSH-Bruteforce
22,6,20,1200,0,0,20,0,SSH-Bruteforce
17504,6,4,240,4,0,0,0,PortScan
80,6,20,1480,20,0,0,0,DoS-HTTP
80,17,20,1200,0,0,0,0,DoS-UDP
80,17,20,1200,0,0,0,0,DoS-UDP
0,1,20,1200,0,0,0,0,DoS-ICMP
80,17,20,1200,0,0,0,0,DoS-UDP
80,17,20,1200,0,0,0,0,DoS-UDP
58508,6,4,240,4,0,0,0,PortScan
80,6,20,1480,20,0,0,0,DoS-HTTP
80,6,20,1200,20,0,0,0,DoS-SYN-Flood
80,17,20,1200,0,0,0,0,DoS-UDP
22,6,20,1200,15,0,5,0,SSH-Bruteforce
26449,6,2,120,2,0,0,0,PortScan
43678,17,20,20634,0,0,0,0,BENIGN
80,17,20,1200,0,0,0,0,DoS-UDP
31378,6,2,120,2,0,0,0,PortScan
60886,6,20,27740,0,20,0,0,BENIGN
17687,6,2,120,2,0,0,0,PortScan
80,6,20,1480,20,0,0,0,DoS-HTTP
80,6,20,1200,20,0,0,0,DoS-SYN-Flood
80,6,20,1200,20,0,0,0,DoS-SYN-Flood
80,17,20,1200,0,0,0,0,DoS-UDP
80,6,20,1200,20,0,0,0,DoS-SYN-Flood
80,6,20,1200,20,0,0,0,DoS-SYN-Flood
14658,6,9,522,9,9,0,0,SSH-Bruteforce
64396,6,5,290,5,5,0,0,SSH-Bruteforce
80,6,20,1200,20,0,0,0,DoS-SYN-Flood
0,1,20,1200,0,0,0,0,DoS-ICMP
80,6,20,1480,20,0,0,0,DoS-HTTP
51717,6,6,348,6,6,0,0,SSH-Bruteforce
0,1,20,840,0,0,0,0,DoS-ICMP
80,6,20,1200,20,0,0,0,DoS-SYN-Flood
0,1,20,1200,0,0,0,0,DoS-ICMP
0,1,20,1200,0,0,0,0,DoS-ICMP
0,1,20,840,0,0,0,0,DoS-ICMP
0,1,20,1200,0,0,0,0,DoS-ICMP
80,6,20,1480,20,0,0,0,DoS-HTTP
80,17,20,1200,0,0,0,0,DoS-UDP
33240,6,20,28420,0,20,0,0,BENIGN
22,6,20,1200,20,0,0,0,SSH-Bruteforce
6251,6,9,522,9,9,0,0,SSH-Bruteforce
51840,6,6,348,6,6,0,0,SSH-Bruteforce
0,1,20,1200,0,0,0,0,DoS-ICMP
80,17,20,1200,0,0,0,0,DoS-UDP
9275,6,4,240,4,0,0,0,PortScan
22,6,20,1200,9,0,11,0,SSH-Bruteforce
34061,6,4,240,4,0,0,0,PortScan
0,1,20,840,0,0,0,0,DoS-ICMP
80,17,20,1200,0,0,0,0,DoS-UDP
80,6,20,1480,20,0,0,0,DoS-HTTP
80,6,20,1480,20,0,0,0,DoS-HTTP
0,1,20,1200,0,0,0,0,DoS-ICMP
80,17,20,1200,0,0,0,0,DoS-UDP
80,6,20,1480,20,0,0,0,DoS-HTTP
80,17,20,1200,0,0,0,0,DoS-UDP
80,6,20,1200,20,0,0,0,DoS-SYN-Flood
443,6,20,1200,0,20,0,0,BENIGN
80,6,20,1480,20,0,0,0,DoS-HTTP
15679,6,2,120,2,0,0,0,PortScan
60623,6,8,464,8,8,0,0,SSH-Bruteforce
10710,6,9,522,9,9,0,0,SSH-Bruteforce
0,1,20,840,0,0,0,0,DoS-ICMP
80,17,20,1200,0,0,0,0,DoS-UDP
80,17,20,1200,0,0,0,0,DoS-UDP
80,6,20,1200,20,0,0,0,DoS-SYN-Flood
80,6,20,1200,20,0,0,0,DoS-SYN-Flood
80,17,20,1200,0,0,0,0,DoS-UDP
80,17,20,1200,0,0,0,0,DoS-UDP
80,6,20,1200,20,0,0,0,DoS-SYN-Flood
80,6,20,1480,20,0,0,0,DoS-HTTP
80,17,20,1200,0,0,0,0,DoS-UDP
59712,6,4,240,4,0,0,0,PortScan
80,6,20,1200,20,0,0,0,DoS-SYN-Flood
80,6,20,1200,20,0,0,0,DoS-SYN-Flood
56910,6,7,406,7,7,0,0,SSH-Bruteforce
0,1,20,1200,0,0,0,0,DoS-ICMP
80,6,20,1480,20,0,0,0,DoS-HTTP
38382,6,9,522,9,9,0,0,SSH-Bruteforce
0,1,20,1200,0,0,0,0,DoS-ICMP
80,6,20,1480,20,0,0,0,DoS-HTTP
80,6,20,1480,20,0,0,0,DoS-HTTP
80,6,20,1200,20,0,0,0,DoS-SYN-Flood
30042,6,2,120,2,0,0,0,PortScan
80,17,20,1200,0,0,0,0,DoS-UDP
2292,6,4,240,4,0,0,0,PortScan
0,1,20,840,0,0,0,0,DoS-ICMP
28747,6,8,464,8,8,0,0,SSH-Bruteforce
80,6,20,1480,20,0,0,0,DoS-HTTP
0,1,20,840,0,0,0,0,DoS-ICMP
80,6,20,1480,20,0,0,0,DoS-HTTP
49240,6,17,16120,0,17,0,1,BENIGN
80,6,20,1480,20,0,0,0,DoS-HTTP
80,17,20,1200,0,0,0,0,DoS-UDP
0,1,20,840,0,0,0,0,DoS-ICMP
80,6,20,1480,20,0,0,0,DoS-HTTP
80,17,20,1200,0,0,0,0,DoS-UDP
55549,6,2,120,2,0,0,0,PortScan
80,6,20,1200,20,0,0,0,DoS-SYN-Flood
59804,6,20,16762,0,20,0,0,BENIGN
0,1,20,1200,0,0,0,0,DoS-ICMP
24690,6,2,120,2,0,0,0,PortScan
80,17,20,1200,0,0,0,0,DoS-UDP
80,17,20,1200,0,0,0,0,DoS-UDP
44786,6,4,240,4,0,0,0,PortScan
80,6,20,1200,20,0,0,0,DoS-SYN-Flood
31310,6,9,522,9,9,0,0,SSH-Bruteforce
80,17,20,1200,0,0,0,0,DoS-UDP
80,6,20,1480,20,0,0,0,DoS-HTTP
80,6,20,1480,20,0,0,0,DoS-HTTP
0,1,20,1200,0,0,0,0,DoS-ICMP
80,17,20,1200,0,0,0,0,DoS-UDP
80,17,20,1200,0,0,0,0,DoS-UDP
0,1,20,1200,0,0,0,0,DoS-ICMP
0,1,20,1200,0,0,0,0,DoS-ICMP
80,6,20,1200,20,0,0,0,DoS-SYN-Flood
80,17,20,1200,0,0,0,0,DoS-UDP
17540,6,2,120,2,0,0,0,PortScan
80,6,20,1480,20,0,0,0,DoS-HTTP
60505,6,2,120,2,0,0,0,PortScan
80,17,20,1200,0,0,0,0,DoS-UDP
80,6,20,1200,20,0,0,0,DoS-SYN-Flood
80,6,20,1200,20,0,0,0,DoS-SYN-Flood
0,1,20,840,0,0,0,0,DoS-ICMP
41308,17,20,27980,0,0,0,0,BENIGN
80,6,20,1480,20,0,0,0,DoS-HTTP
11046,6,4,240,4,0,0,0,PortScan
25496,6,4,240,4,0,0,0,PortScan
80,6,20,1200,20,0,0,0,DoS-SYN-Flood
22,6,20,1200,0,0,20,0,SSH-Bruteforce
80,17,20,1200,0,0,0,0,DoS-UDP
80,6,20,1200,20,0,0,0,DoS-SYN-Flood
62647,6,2,120,2,0,0,0,PortScan
6816,6,7,406,7,7,0,0,SSH-Bruteforce
80,6,20,1480,20,0,0,0,DoS-HTTP
80,17,20,1200,0,0,0,0,DoS-UDP
80,6,20,1200,20,0,0,0,DoS-SYN-Flood
22,6,20,1200,0,0,20,0,SSH-Bruteforce
80,6,20,1480,20,0,0,0,DoS-HTTP
80,6,20,1200,20,0,0,0,DoS-SYN-Flood
0,1,20,1200,0,0,0,0,DoS-ICMP
33240,6,20,29080,0,20,0,0,BENIGN
80,17,20,1200,0,0,0,0,DoS-UDP
80,6,20,1200,20,0,0,0,DoS-SYN-Flood
0,1,20,1200,0,0,0,0,DoS-ICMP
80,6,20,1480,20,0,0,0,DoS-HTTP
22,6,20,1200,8,0,12,0,SSH-Bruteforce
80,6,20,1480,20,0,0,0,DoS-HTTP
80,6,20,1480,20,0,0,0,DoS-HTTP
80,6,20,1200,20,0,0,0,DoS-SYN-Flood
34627,6,7,406,7,7,0,0,SSH-Bruteforce
80,6,20,1200,20,0,0,0,DoS-SYN-Flood
21708,6,4,240,4,0,0,0,PortScan
47362,6,4,240,4,0,0,0,PortScan
0,1,20,840,0,0,0,0,DoS-ICMP
0,1,20,840,0,0,0,0,DoS-ICMP
80,17,20,1200,0,0,0,0,DoS-UDP
80,6,20,1480,20,0,0,0,DoS-HTTP
80,6,20,1480,20,0,0,0,DoS-HTTP
22,6,20,1200,2,0,18,0,SSH-Bruteforce
80,6,20,1480,20,0,0,0,DoS-HTTP
80,6,20,1480,20,0,0,0,DoS-HTTP
80,6,20,1480,20,0,0,0,DoS-HTTP
53278,6,20,30280,0,20,0,0,BENIGN
80,6,20,1480,20,0,0,0,DoS-HTTP
80,6,20,1480,20,0,0,0,DoS-HTTP
80,6,20,1480,20,0,0,0,DoS-HTTP
80,6,20,1480,20,0,0,0,DoS-HTTP
2084,6,4,240,4,0,0,0,PortScan
80,6,20,1480,20,0,0,0,DoS-HTTP
22663,6,7,406,7,7,0,0,SSH-Bruteforce
22,6,20,1200,20,0,0,0,SSH-Bruteforce
80,6,20,1200,20,0,0,0,DoS-SYN-Flood
55431,6,7,406,7,7,0,0,SSH-Bruteforce
0,1,20,1200,0,0,0,0,DoS-ICMP
44271,6,2,120,2,0,0,0,PortScan
0,1,20,840,0,0,0,0,DoS-ICMP
80,17,20,1200,0,0,0,0,DoS-UDP
10118,6,6,348,6,6,0,0,SSH-Bruteforce
80,6,20,1480,20,0,0,0,DoS-HTTP
80,17,20,1200,0,0,0,0,DoS-UDP
80,6,20,1480,20,0,0,0,DoS-HTTP
80,17,20,1200,0,0,0,0,DoS-UDP
80,6,20,1200,20,0,0,0,DoS-SYN-Flood
45424,6,20,1708,0,20,0,0,BENIGN
49205,6,10,580,10,10,0,0,SSH-Bruteforce
0,1,20,840,0,0,0,0,DoS-ICMP
80,17,20,1200,0,0,0,0,DoS-UDP
80,6,20,1480,20,0,0,0,DoS-HTTP
80,6,20,1200,20,0,0,0,DoS-SYN-Flood
22,6,20,1200,0,0,20,0,SSH-Bruteforce
80,6,20,1200,20,0,0,0,DoS-SYN-Flood
55578,6,6,348,6,6,0,0,SSH-Bruteforce
80,17,20,1200,0,0,0,0,DoS-UDP
80,17,20,1200,0,0,0,0,DoS-UDP
35854,6,20,14504,0,20,0,0,BENIGN
23369,6,2,120,2,0,0,0,PortScan
33892,6,12,696,12,12,0,0,SSH-Bruteforce
80,6,20,1480,20,0,0,0,DoS-HTTP
80,17,20,1200,0,0,0,0,DoS-UDP
8829,6,6,348,6,6,0,0,SSH-Bruteforce
48351,6,4,240,4,0,0,0,PortScan
24352,6,4,240,4,0,0,0,PortScan
22,6,20,1200,20,0,0,0,SSH-Bruteforce
80,17,20,1200,0,0,0,0,DoS-UDP
55708,17,10,9505,0,0,0,0,BENIGN
0,1,20,1200,0,0,0,0,DoS-ICMP
80,6,20,1200,20,0,0,0,DoS-SYN-Flood
23753,6,2,120,2,0,0,0,PortScan
30811,6,2,120,2,0,0,0,PortScan
58391,6,4,240,4,0,0,0,PortScan
80,17,20,1200,0,0,0,0,DoS-UDP
0,1,20,840,0,0,0,0,DoS-ICMP
0,1,20,840,0,0,0,0,DoS-ICMP
0,1,20,1200,0,0,0,0,DoS-ICMP
80,6,20,1480,20,0,0,0,DoS-HTTP
0,1,20,1200,0,0,0,0,DoS-ICMP
80,17,20,1200,0,0,0,0,DoS-UDP
14088,6,4,240,4,0,0,0,PortScan
35854,6,20,29440,0,20,0,0,BENIGN
8940,6,8,464,8,8,0,0,SSH-Bruteforce
80,17,20,1200,0,0,0,0,DoS-UDP
80,6,20,1200,20,0,0,0,DoS-SYN-Flood
22,6,20,1200,1,0,19,0,SSH-Bruteforce
80,17,20,1200,0,0,0,0,DoS-UDP
26068,6,2,120,2,0,0,0,PortScan
80,6,20,1480,20,0,0,0,DoS-HTTP
80,6,20,1480,20,0,0,0,DoS-HTTP
80,6,20,1480,20,0,0,0,DoS-HTTP
0,1,20,840,0,0,0,0,DoS-ICMP
80,6,20,1480,20,0,0,0,DoS-HTTP
0,1,20,1200,0,0,0,0,DoS-ICMP
0,1,20,840,0,0,0,0,DoS-ICMP
0,1,20,840,0,0,0,0,DoS-ICMP
80,6,20,1480,20,0,0,0,DoS-HTTP
22,6,20,1200,20,0,0,0,SSH-Bruteforce
80,6,20,1200,20,0,0,0,DoS-SYN-Flood
80,17,20,1200,0,0,0,0,DoS-UDP
0,1,20,840,0,0,0,0,DoS-ICMP
80,6,20,1480,20,0,0,0,DoS-HTTP
80,17,20,1200,0,0,0,0,DoS-UDP
80,17,20,1200,0,0,0,0,DoS-UDP
80,6,20,1200,20,0,0,0,DoS-SYN-Flood
443,6,20,1200,0,20,0,0,BENIGN
0,1,20,840,0,0,0,0,DoS-ICMP
80,17,20,1200,0,0,0,0,DoS-UDP
80,17,20,1200,0,0,0,0,DoS-UDP
80,17,20,1200,0,0,0,0,DoS-UDP
26064,6,6,348,6,6,0,0,SSH-Bruteforce
46149,6,2,120,2,0,0,0,PortScan
80,6,20,1480,20,0,0,0,DoS-HTTP
60394,17,20,25316,0,0,0,0,BENIGN
80,6,20,1200,20,0,0,0,DoS-SYN-Flood
0,1,20,1200,0,0,0,0,DoS-ICMP
80,17,20,1200,0,0,0,0,DoS-UDP
0,1,20,840,0,0,0,0,DoS-ICMP
80,17,20,1200,0,0,0,0,DoS-UDP
80,6,20,1480,20,0,0,0,DoS-HTTP
80,17,20,1200,0,0,0,0,DoS-UDP
80,6,20,1480,20,0,0,0,DoS-HTTP
80,6,20,1480,20,0,0,0,DoS-HTTP
80,6,20,1480,20,0,0,0,DoS-HTTP
54281,6,2,120,2,0,0,0,PortScan
0,1,20,1200,0,0,0,0,DoS-ICMP
54918,6,2,120,2,0,0,0,PortScan
16508,6,7,406,7,7,0,0,SSH-Bruteforce
80,17,20,1200,0,0,0,0,DoS-UDP
22,6,20,1200,0,0,20,0,SSH-Bruteforce
60449,6,8,464,8,8,0,0,SSH-Bruteforce
80,6,20,1200,20,0,0,0,DoS-SYN-Flood
80,6,20,1200,20,0,0,0,DoS-SYN-Flood
80,6,20,1480,20,0,0,0,DoS-HTTP
0,1,20,1200,0,0,0,0,DoS-ICMP
80,6,20,1480,20,0,0,0,DoS-HTTP
80,6,20,1480,20,0,0,0,DoS-HTTP
22,6,20,1200,20,0,0,0,SSH-Bruteforce
22,6,20,1200,20,0,0,0,SSH-Bruteforce
36520,17,20,27980,0,0,0,0,BENIGN
36520,17,20,27758,0,0,0,0,BENIGN
14891,6,4,240,4,0,0,0,PortScan
10538,6,6,348,6,6,0,0,SSH-Bruteforce
0,1,20,1200,0,0,0,0,DoS-ICMP
39071,6,6,348,6,6,0,0,SSH-Bruteforce
80,17,20,1200,0,0,0,0,DoS-UDP
25957,6,4,240,4,0,0,0,PortScan
80,6,20,1480,20,0,0,0,DoS-HTTP
80,6,20,1200,20,0,0,0,DoS-SYN-Flood
80,6,20,1200,20,0,0,0,DoS-SYN-Flood
80,6,20,1480,20,0,0,0,DoS-HTTP
80,6,20,1480,20,0,0,0,DoS-HTTP
80,17,20,1200,0,0,0,0,DoS-UDP
80,17,20,1200,0,0,0,0,DoS-UDP
80,6,20,1480,20,0,0,0,DoS-HTTP
64439,6,2,120,2,0,0,0,PortScan
23452,6,6,348,6,6,0,0,SSH-Bruteforce
80,6,20,1200,20,0,0,0,DoS-SYN-Flood
12363,6,8,464,8,8,0,0,SSH-Bruteforce
7991,6,4,240,4,0,0,0,PortScan
33595,17,20,21316,0,0,0,0,BENIGN
55003,6,6,348,6,6,0,0,SSH-Bruteforce
80,6,20,1480,20,0,0,0,DoS-HTTP
15872,6,7,406,7,7,0,0,SSH-Bruteforce
0,1,20,1200,0,0,0,0,DoS-ICMP
48517,6,2,120,2,0,0,0,PortScan
39296,6,7,406,7,7,0,0,SSH-Bruteforce
0,1,20,1200,0,0,0,0,DoS-ICMP
5556,6,4,240,4,0,0,0,PortScan
18926,6,4,240,4,0,0,0,PortScan
80,17,20,1200,0,0,0,0,DoS-UDP
42636,6,2,120,2,0,0,0,PortScan
0,1,20,1200,0,0,0,0,DoS-ICMP
24430,6,5,290,5,5,0,0,SSH-Bruteforce
22,6,20,1200,20,0,0,0,SSH-Bruteforce
22,6,20,1200,0,0,20,0,SSH-Bruteforce
45026,6,2,120,2,0,0,0,PortScan
80,6,20,1480,20,0,0,0,DoS-HTTP
0,1,20,840,0,0,0,0,DoS-ICMP
33240,6,20,28600,0,20,0,0,BENIGN
0,1,20,1200,0,0,0,0,DoS-ICMP
80,6,20,1200,20,0,0,0,DoS-SYN-Flood
36520,17,20,27980,0,0,0,0,BENIGN
13299,6,4,240,4,0,0,0,PortScan
80,17,20,1200,0,0,0,0,DoS-UDP
29848,6,4,240,4,0,0,0,PortScan
0,1,20,1200,0,0,0,0,DoS-ICMP
80,6,20,1480,20,0,0,0,DoS-HTTP
80,6,20,1200,20,0,0,0,DoS-SYN-Flood
80,6,20,1200,20,0,0,0,DoS-SYN-Flood
62413,6,5,290,5,5,0,0,SSH-Bruteforce
80,6,20,1480,20,0,0,0,DoS-HTTP
80,6,20,1200,20,0,0,0,DoS-SYN-Flood
80,6,20,1480,20,0,0,0,DoS-HTTP
80,6,20,1480,20,0,0,0,DoS-HTTP
80,6,20,1200,20,0,0,0,DoS-SYN-Flood
0,1,20,840,0,0,0,0,DoS-ICMP
53296,6,20,29080,0,20,0,0,BENIGN
80,6,20,1200,20,0,0,0,DoS-SYN-Flood
22,6,20,1200,20,0,0,0,SSH-Bruteforce
60933,6,5,290,5,5,0,0,SSH-Bruteforce
80,6,20,1200,20,0,0,0,DoS-SYN-Flood
0,1,20,840,0,0,0,0,DoS-ICMP
80,6,20,1200,20,0,0,0,DoS-SYN-Flood
0,1,20,840,0,0,0,0,DoS-ICMP
31994,6,4,240,4,0,0,0,PortScan
80,6,20,1480,20,0,0,0,DoS-HTTP
22,6,20,1200,20,0,0,0,SSH-Bruteforce
80,6,20,1480,20,0,0,0,DoS-HTTP
0,1,20,840,0,0,0,0,DoS-ICMP
53173,6,2,120,2,0,0,0,PortScan
80,6,20,1480,20,0,0,0,DoS-HTTP
0,1,20,840,0,0,0,0,DoS-ICMP
47094,17,20,27980,0,0,0,0,BENIGN
60886,6,20,9480,0,20,0,0,BENIGN
80,17,20,1200,0,0,0,0,DoS-UDP
80,6,20,1480,20,0,0,0,DoS-HTTP
80,17,20,1200,0,0,0,0,DoS-UDP
14893,6,4,240,4,0,0,0,PortScan
22004,6,2,120,2,0,0,0,PortScan
22,6,20,1200,20,0,0,0,SSH-Bruteforce
80,17,20,1200,0,0,0,0,DoS-UDP
0,1,20,840,0,0,0,0,DoS-ICMP
80,6,20,1480,20,0,0,0,DoS-HTTP
80,6,20,1200,20,0,0,0,DoS-SYN-Flood
22,6,20,1200,0,0,20,0,SSH-Bruteforce
0,1,20,840,0,0,0,0,DoS-ICMP
80,17,20,1200,0,0,0,0,DoS-UDP
33240,6,20,28660,0,20,0,0,BENIGN
80,17,20,1200,0,0,0,0,DoS-UDP
50872,6,8,464,8,8,0,0,SSH-Bruteforce
58580,6,2,120,2,0,0,0,PortScan
80,17,20,1200,0,0,0,0,DoS-UDP
57884,6,2,120,2,0,0,0,PortScan
0,1,20,840,0,0,0,0,DoS-ICMP
80,17,20,1200,0,0,0,0,DoS-UDP
80,6,20,1200,20,0,0,0,DoS-SYN-Flood
22902,6,2,120,2,0,0,0,PortScan
80,6,20,1200,20,0,0,0,DoS-SYN-Flood
80,6,20,1200,20,0,0,0,DoS-SYN-Flood
36520,17,20,18785,0,0,0,0,BENIGN
10472,6,4,240,4,0,0,0,PortScan
30922,6,6,348,6,6,0,0,SSH-Bruteforce
0,1,20,1200,0,0,0,0,DoS-ICMP
33240,6,20,29080,0,20,0,0,BENIGN
80,6,20,1480,20,0,0,0,DoS-HTTP
0,1,20,840,0,0,0,0,DoS-ICMP
80,6,20,1480,20,0,0,0,DoS-HTTP
22,6,20,1200,0,0,20,0,SSH-Bruteforce
42368,6,20,23239,0,20,0,0,BENIGN
80,17,20,1200,0,0,0,0,DoS-UDP
64460,6,2,120,2,0,0,0,PortScan
80,6,20,1480,20,0,0,0,DoS-HTTP
22,6,20,1200,0,0,20,0,SSH-Bruteforce
80,17,20,1200,0,0,0,0,DoS-UDP
80,17,20,1200,0,0,0,0,DoS-UDP
80,6,20,1480,20,0,0,0,DoS-HTTP
22,6,20,1200,20,0,0,0,SSH-Bruteforce
80,17,20,1200,0,0,0,0,DoS-UDP
5897,6,4,240,4,0,0,0,PortScan
0,1,20,840,0,0,0,0,DoS-ICMP
0,1,20,1200,0,0,0,0,DoS-ICMP
80,6,20,1480,20,0,0,0,DoS-HTTP
80,6,20,1480,20,0,0,0,DoS-HTTP
80,6,20,1480,20,0,0,0,DoS-HTTP
80,6,20,1480,20,0,0,0,DoS-HTTP
56981,6,2,120,2,0,0,0,PortScan
80,17,20,1200,0,0,0,0,DoS-UDP
49410,6,8,464,8,8,0,0,SSH-Bruteforce
43678,17,20,27980,0,0,0,0,BENIGN
5289,6,4,240,4,0,0,0,PortScan
80,6,20,1200,20,0,0,0,DoS-SYN-Flood
80,17,20,1200,0,0,0,0,DoS-UDP
0,1,20,1200,0,0,0,0,DoS-ICMP
0,1,20,1200,0,0,0,0,DoS-ICMP
80,6,20,1200,20,0,0,0,DoS-SYN-Flood
0,1,20,1200,0,0,0,0,DoS-ICMP
22875,6,2,120,2,0,0,0,PortScan
26489,6,2,120,2,0,0,0,PortScan
80,17,20,1200,0,0,0,0,DoS-UDP
4705,6,6,360,6,0,0,0,PortScan
80,17,20,1200,0,0,0,0,DoS-UDP
80,6,20,1200,20,0,0,0,DoS-SYN-Flood
36520,17,20,27980,0,0,0,0,BENIGN
80,6,20,1480,20,0,0,0,DoS-HTTP
80,6,20,1480,20,0,0,0,DoS-HTTP
17988,6,2,120,2,0,0,0,PortScan
80,6,20,1480,20,0,0,0,DoS-HTTP
0,1,20,840,0,0,0,0,DoS-ICMP
80,17,20,1200,0,0,0,0,DoS-UDP
8708,6,4,240,4,0,0,0,PortScan
22,6,20,1200,10,0,10,0,SSH-Bruteforce
42740,6,4,240,4,0,0,0,PortScan
14512,6,4,240,4,0,0,0,PortScan
20903,6,2,120,2,0,0,0,PortScan
64280,6,6,348,6,6,0,0,SSH-Bruteforce
28135,6,2,120,2,0,0,0,PortScan
60911,6,5,290,5,5,0,0,SSH-Bruteforce
0,1,20,840,0,0,0,0,DoS-ICMP
0,1,20,840,0,0,0,0,DoS-ICMP
22,6,20,1200,20,0,0,0,SSH-Bruteforce
60565,6,2,120,2,0,0,0,PortScan
80,17,20,1200,0,0,0,0,DoS-UDP
80,6,20,1200,20,0,0,0,DoS-SYN-Flood
80,6,20,1200,20,0,0,0,DoS-SYN-Flood
80,6,20,1200,20,0,0,0,DoS-SYN-Flood
80,17,20,1200,0,0,0,0,DoS-UDP
80,6,20,1480,20,0,0,0,DoS-HTTP
0,1,20,1200,0,0,0,0,DoS-ICMP
80,17,20,1200,0,0,0,0,DoS-UDP
80,17,20,1200,0,0,0,0,DoS-UDP
10935,6,9,522,9,9,0,0,SSH-Bruteforce
80,17,20,1200,0,0,0,0,DoS-UDP
0,1,20,840,0,0,0,0,DoS-ICMP
0,1,20,1200,0,0,0,0,DoS-ICMP
80,6,20,1200,20,0,0,0,DoS-SYN-Flood
48960,6,6,348,6,6,0,0,SSH-Bruteforce
80,17,20,1200,0,0,0,0,DoS-UDP
80,6,20,1480,20,0,0,0,DoS-HTTP
0,1,20,840,0,0,0,0,DoS-ICMP
33113,6,4,240,4,0,0,0,PortScan
0,1,20,840,0,0,0,0,DoS-ICMP
0,1,20,840,0,0,0,0,DoS-ICMP
80,6,20,1480,20,0,0,0,DoS-HTTP
0,1,20,1200,0,0,0,0,DoS-ICMP
80,6,20,1480,20,0,0,0,DoS-HTTP
342,6,4,240,4,0,0,0,PortScan
80,6,20,1480,20,0,0,0,DoS-HTTP
22,6,20,1200,19,0,1,0,SSH-Bruteforce
61213,6,4,240,4,0,0,0,PortScan
22,6,20,1200,20,0,0,0,SSH-Bruteforce
80,17,20,1200,0,0,0,0,DoS-UDP
80,6,20,1480,20,0,0,0,DoS-HTTP
0,1,20,840,0,0,0,0,DoS-ICMP
43915,6,2,120,2,0,0,0,PortScan
80,17,20,1200,0,0,0,0,DoS-UDP
0,1,20,840,0,0,0,0,DoS-ICMP
22,6,20,1200,20,0,0,0,SSH-Bruteforce
0,1,20,1200,0,0,0,0,DoS-ICMP
80,17,20,1200,0,0,0,0,DoS-UDP
80,6,20,1480,20,0,0,0,DoS-HTTP
80,6,20,1480,20,0,0,0,DoS-HTTP
80,6,20,1200,20,0,0,0,DoS-SYN-Flood
80,17,20,1200,0,0,0,0,DoS-UDP
39273,6,7,406,7,7,0,0,SSH-Bruteforce
80,17,20,1200,0,0,0,0,DoS-UDP
22,6,20,1200,0,0,20,0,SSH-Bruteforce
0,1,20,1200,0,0,0,0,DoS-ICMP
44058,6,6,348,6,6,0,0,SSH-Bruteforce
0,1,20,840,0,0,0,0,DoS-ICMP
80,6,20,1200,20,0,0,0,DoS-SYN-Flood
60521,6,4,240,4,0,0,0,PortScan
80,6,20,1480,20,0,0,0,DoS-HTTP
33676,6,2,120,2,0,0,0,PortScan
0,1,20,840,0,0,0,0,DoS-ICMP
80,6,20,1480,20,0,0,0,DoS-HTTP
37785,6,2,120,2,0,0,0,PortScan
80,6,20,1480,20,0,0,0,DoS-HTTP
22,6,20,1200,5,0,15,0,SSH-Bruteforce
0,1,20,1200,0,0,0,0,DoS-ICMP
80,6,20,1200,20,0,0,0,DoS-SYN-Flood
0,1,20,840,0,0,0,0,DoS-ICMP
22,6,20,1200,19,0,1,0,SSH-Bruteforce
80,6,20,1200,20,0,0,0,DoS-SYN-Flood
29359,6,2,120,2,0,0,0,PortScan
0,1,20,840,0,0,0,0,DoS-ICMP
51727,6,2,120,2,0,0,0,PortScan
80,6,20,1200,20,0,0,0,DoS-SYN-Flood
80,6,20,1480,20,0,0,0,DoS-HTTP
22,6,20,1200,20,0,0,0,SSH-Bruteforce
50601,6,4,240,4,0,0,0,PortScan
80,6,20,1200,20,0,0,0,DoS-SYN-Flood
80,17,20,1200,0,0,0,0,DoS-UDP
80,6,20,1480,20,0,0,0,DoS-HTTP
0,1,20,840,0,0,0,0,DoS-ICMP
80,6,20,1480,20,0,0,0,DoS-HTTP
22,6,20,1200,0,0,20,0,SSH-Bruteforce
80,17,20,1200,0,0,0,0,DoS-UDP
80,6,20,1200,20,0,0,0,DoS-SYN-Flood
22,6,20,1200,7,0,13,0,SSH-Bruteforce
33595,17,20,14973,0,0,0,0,BENIGN
46398,17,20,27980,0,0,0,0,BENIGN
0,1,20,840,0,0,0,0,DoS-ICMP
80,6,20,1200,20,0,0,0,DoS-SYN-Flood
0,1,20,1200,0,0,0,0,DoS-ICMP
80,6,20,1480,20,0,0,0,DoS-HTTP
0,1,20,1200,0,0,0,0,DoS-ICMP
80,6,20,1480,20,0,0,0,DoS-HTTP
0,1,20,840,0,0,0,0,DoS-ICMP
0,1,20,1200,0,0,0,0,DoS-ICMP
54929,6,6,348,6,6,0,0,SSH-Bruteforce
80,6,20,1200,20,0,0,0,DoS-SYN-Flood
0,1,20,840,0,0,0,0,DoS-ICMP
80,17,20,1200,0,0,0,0,DoS-UDP
80,17,20,1200,0,0,0,0,DoS-UDP
0,1,20,840,0,0,0,0,DoS-ICMP
5944,6,4,240,4,0,0,0,PortScan
60886,6,20,29440,0,20,0,0,BENIGN
0,1,20,840,0,0,0,0,DoS-ICMP
80,6,20,1200,20,0,0,0,DoS-SYN-Flood
80,6,20,1480,20,0,0,0,DoS-HTTP
80,6,20,1200,20,0,0,0,DoS-SYN-Flood
80,17,20,1200,0,0,0,0,DoS-UDP
22,6,20,1200,0,0,20,0,SSH-Bruteforce
80,6,20,1200,20,0,0,0,DoS-SYN-Flood
3557,6,6,360,6,0,0,0,PortScan
80,6,20,1480,20,0,0,0,DoS-HTTP
80,17,20,1200,0,0,0,0,DoS-UDP
80,6,20,1200,20,0,0,0,DoS-SYN-Flood
80,6,20,1480,20,0,0,0,DoS-HTTP
80,6,20,1480,20,0,0,0,DoS-HTTP
39869,6,10,580,10,10,0,0,SSH-Bruteforce
80,6,20,1200,20,0,0,0,DoS-SYN-Flood
0,1,20,1200,0,0,0,0,DoS-ICMP
80,17,20,1200,0,0,0,0,DoS-UDP
22,6,20,1200,19,0,1,0,SSH-Bruteforce
80,6,20,1200,20,0,0,0,DoS-SYN-Flood
80,17,20,1200,0,0,0,0,DoS-UDP
80,17,20,1200,0,0,0,0,DoS-UDP
80,17,20,1200,0,0,0,0,DoS-UDP
80,17,20,1200,0,0,0,0,DoS-UDP
80,6,20,1480,20,0,0,0,DoS-HTTP
50287,6,2,120,2,0,0,0,PortScan
36520,17,20,27980,0,0,0,0,BENIGN
0,1,20,840,0,0,0,0,DoS-ICMP
80,17,20,1200,0,0,0,0,DoS-UDP
37605,6,11,638,11,11,0,0,SSH-Bruteforce
80,17,20,1200,0,0,0,0,DoS-UDP
80,6,20,1200,20,0,0,0,DoS-SYN-Flood
80,6,20,1200,20,0,0,0,DoS-SYN-Flood
80,6,20,1480,20,0,0,0,DoS-HTTP
80,6,20,1480,20,0,0,0,DoS-HTTP
26870,6,2,120,2,0,0,0,PortScan
22438,6,2,120,2,0,0,0,PortScan
2841,6,4,240,4,0,0,0,PortScan
80,6,20,1200,20,0,0,0,DoS-SYN-Flood
80,6,20,1200,20,0,0,0,DoS-SYN-Flood
80,17,20,1200,0,0,0,0,DoS-UDP
18221,6,5,290,5,5,0,0,SSH-Bruteforce
33974,6,2,120,2,0,0,0,PortScan
61636,6,2,120,2,0,0,0,PortScan
3170,6,4,240,4,0,0,0,PortScan
13876,6,7,406,7,7,0,0,SSH-Bruteforce
80,6,20,1200,20,0,0,0,DoS-SYN-Flood
0,1,20,840,0,0,0,0,DoS-ICMP
80,17,20,1200,0,0,0,0,DoS-UDP
19342,6,2,120,2,0,0,0,PortScan
43143,6,6,348,6,6,0,0,SSH-Bruteforce
54107,6,5,290,5,5,0,0,SSH-Bruteforce
24448,6,2,120,2,0,0,0,PortScan
80,6,20,1480,20,0,0,0,DoS-HTTP
50663,6,4,240,4,0,0,0,PortScan
80,6,20,1480,20,0,0,0,DoS-HTTP
80,6,20,1480,20,0,0,0,DoS-HTTP
80,17,20,1200,0,0,0,0,DoS-UDP
55879,6,4,240,4,0,0,0,PortScan
0,1,20,1200,0,0,0,0,DoS-ICMP
16230,6,9,522,9,9,0,0,SSH-Bruteforce
0,1,20,840,0,0,0,0,DoS-ICMP
24946,6,4,240,4,0,0,0,PortScan
41308,17,20,27980,0,0,0,0,BENIGN
6720,6,4,240,4,0,0,0,PortScan
80,6,20,1480,20,0,0,0,DoS-HTTP
80,6,20,1480,20,0,0,0,DoS-HTTP
0,1,20,840,0,0,0,0,DoS-ICMP
80,6,20,1200,20,0,0,0,DoS-SYN-Flood
80,17,20,1200,0,0,0,0,DoS-UDP
80,6,20,1200,20,0,0,0,DoS-SYN-Flood
80,6,20,1480,20,0,0,0,DoS-HTTP
80,6,20,1200,20,0,0,0,DoS-SYN-Flood
6417,6,4,240,4,0,0,0,PortScan
0,1,20,840,0,0,0,0,DoS-ICMP
0,1,20,1200,0,0,0,0,DoS-ICMP
80,6,20,1200,20,0,0,0,DoS-SYN-Flood
41308,17,20,27980,0,0,0,0,BENIGN
80,17,20,1200,0,0,0,0,DoS-UDP
21810,6,2,120,2,0,0,0,PortScan
80,17,20,1200,0,0,0,0,DoS-UDP
48307,6,1,58,1,1,0,0,PortScan
80,6,20,1480,20,0,0,0,DoS-HTTP
443,6,20,1295,0,20,0,0,BENIGN
80,17,20,1200,0,0,0,0,DoS-UDP
80,6,20,1200,20,0,0,0,DoS-SYN-Flood
80,6,20,1200,20,0,0,0,DoS-SYN-Flood
21561,6,8,464,8,8,0,0,SSH-Bruteforce
80,6,20,1480,20,0,0,0,DoS-HTTP
59627,6,4,232,4,4,0,0,SSH-Bruteforce
0,1,20,1200,0,0,0,0,DoS-ICMP
24576,6,2,120,2,0,0,0,PortScan
80,6,20,1480,20,0,0,0,DoS-HTTP
6614,6,8,464,8,8,0,0,SSH-Bruteforce
35459,6,6,348,6,6,0,0,SSH-Bruteforce
80,17,20,1200,0,0,0,0,DoS-UDP
0,1,20,1200,0,0,0,0,DoS-ICMP
44007,6,2,120,2,0,0,0,PortScan
80,6,20,1480,20,0,0,0,DoS-HTTP
43021,6,2,120,2,0,0,0,PortScan
46318,6,4,240,4,0,0,0,PortScan
80,17,20,1200,0,0,0,0,DoS-UDP
61690,6,2,120,2,0,0,0,PortScan
80,17,20,1200,0,0,0,0,DoS-UDP
80,17,20,1200,0,0,0,0,DoS-UDP
27366,6,4,240,4,0,0,0,PortScan
12251,6,4,240,4,0,0,0,PortScan
34926,17,2,510,0,0,0,0,BENIGN
80,17,20,1200,0,0,0,0,DoS-UDP
0,1,20,1200,0,0,0,0,DoS-ICMP
80,6,20,1200,20,0,0,0,DoS-SYN-Flood
0,1,20,1200,0,0,0,0,DoS-ICMP
0,1,20,1200,0,0,0,0,DoS-ICMP
80,6,20,1480,20,0,0,0,DoS-HTTP
80,17,20,1200,0,0,0,0,DoS-UDP
26817,6,2,120,2,0,0,0,PortScan
80,17,20,1200,0,0,0,0,DoS-UDP
43725,6,8,464,8,8,0,0,SSH-Bruteforce
22,6,20,1200,20,0,0,0,SSH-Bruteforce
0,1,20,1200,0,0,0,0,DoS-ICMP
36520,17,20,27980,0,0,0,0,BENIGN
80,17,20,1200,0,0,0,0,DoS-UDP
0,1,20,840,0,0,0,0,DoS-ICMP
0,1,20,1200,0,0,0,0,DoS-ICMP
80,17,20,1200,0,0,0,0,DoS-UDP
22,6,20,1200,0,0,20,0,SSH-Bruteforce
39547,6,4,240,4,0,0,0,PortScan
80,6,20,1200,20,0,0,0,DoS-SYN-Flood
0,1,20,1200,0,0,0,0,DoS-ICMP
22,6,20,1200,0,0,20,0,SSH-Bruteforce
80,17,20,1200,0,0,0,0,DoS-UDP
28227,6,8,464,8,8,0,0,SSH-Bruteforce
0,1,20,1200,0,0,0,0,DoS-ICMP
54829,17,20,27980,0,0,0,0,BENIGN
80,6,20,1480,20,0,0,0,DoS-HTTP
80,6,20,1480,20,0,0,0,DoS-HTTP
0,1,20,840,0,0,0,0,DoS-ICMP
80,17,20,1200,0,0,0,0,DoS-UDP
80,6,20,1480,20,0,0,0,DoS-HTTP
0,1,20,1200,0,0,0,0,DoS-ICMP
13935,6,4,240,4,0,0,0,PortScan
1438,6,4,232,4,4,0,0,SSH-Bruteforce
60886,6,20,28117,0,20,0,0,BENIGN
80,6,20,1200,20,0,0,0,DoS-SYN-Flood
0,1,20,840,0,0,0,0,DoS-ICMP
80,6,20,1480,20,0,0,0,DoS-HTTP
80,6,20,1200,20,0,0,0,DoS-SYN-Flood
27520,6,2,120,2,0,0,0,PortScan
0,1,20,1200,0,0,0,0,DoS-ICMP
0,1,20,1200,0,0,0,0,DoS-ICMP
80,17,20,1200,0,0,0,0,DoS-UDP
36268,17,20,27980,0,0,0,0,BENIGN
0,1,20,840,0,0,0,0,DoS-ICMP
80,17,20,1200,0,0,0,0,DoS-UDP
80,6,20,1480,20,0,0,0,DoS-HTTP
443,17,20,17964,0,0,0,0,BENIGN
80,17,20,1200,0,0,0,0,DoS-UDP
60786,6,2,120,2,0,0,0,PortScan
48800,6,2,120,2,0,0,0,PortScan
80,6,20,1480,20,0,0,0,DoS-HTTP
35672,6,4,240,4,0,0,0,PortScan
443,17,20,5589,0,0,0,0,BENIGN
80,6,20,1200,20,0,0,0,DoS-SYN-Flood
80,17,20,1200,0,0,0,0,DoS-UDP
80,6,20,1200,20,0,0,0,DoS-SYN-Flood
80,6,20,1200,20,0,0,0,DoS-SYN-Flood
36520,17,20,27980,0,0,0,0,BENIGN
80,17,20,1200,0,0,0,0,DoS-UDP
53272,6,20,30279,0,20,0,0,BENIGN
80,17,20,1200,0,0,0,0,DoS-UDP
80,6,20,1480,20,0,0,0,DoS-HTTP
0,1,20,840,0,0,0,0,DoS-ICMP
80,6,20,1480,20,0,0,0,DoS-HTTP
0,1,20,1200,0,0,0,0,DoS-ICMP
60010,6,17,5784,1,17,0,1,BENIGN
40027,6,4,240,4,0,0,0,PortScan
36156,17,8,3167,0,0,0,0,BENIGN
22149,6,4,240,4,0,0,0,PortScan
0,1,20,840,0,0,0,0,DoS-ICMP
35854,6,20,28765,0,20,0,0,BENIGN
31702,6,2,120,2,0,0,0,PortScan
22,6,20,1200,12,0,8,0,SSH-Bruteforce
0,1,20,840,0,0,0,0,DoS-ICMP
80,6,20,1480,20,0,0,0,DoS-HTTP
80,17,20,1200,0,0,0,0,DoS-UDP
80,6,20,1200,20,0,0,0,DoS-SYN-Flood
34233,6,4,240,4,0,0,0,PortScan
80,6,20,1480,20,0,0,0,DoS-HTTP
0,1,20,840,0,0,0,0,DoS-ICMP
80,17,20,1200,0,0,0,0,DoS-UDP
80,17,20,1200,0,0,0,0,DoS-UDP
80,6,20,1200,20,0,0,0,DoS-SYN-Flood
80,6,20,1200,20,0,0,0,DoS-SYN-Flood
0,1,20,840,0,0,0,0,DoS-ICMP
80,6,20,1200,20,0,0,0,DoS-SYN-Flood
0,1,20,840,0,0,0,0,DoS-ICMP
0,1,20,1200,0,0,0,0,DoS-ICMP
0,1,20,840,0,0,0,0,DoS-ICMP
80,6,20,1200,20,0,0,0,DoS-SYN-Flood
38137,6,8,464,8,8,0,0,SSH-Bruteforce
80,17,20,1200,0,0,0,0,DoS-UDP
50422,6,2,120,2,0,0,0,PortScan
36520,17,20,27980,0,0,0,0,BENIGN
80,17,20,1200,0,0,0,0,DoS-UDP
80,6,20,1480,20,0,0,0,DoS-HTTP
80,6,20,1200,20,0,0,0,DoS-SYN-Flood
36520,17,20,27980,0,0,0,0,BENIGN
80,6,20,1480,20,0,0,0,DoS-HTTP
25992,6,8,464,8,8,0,0,SSH-Bruteforce
80,6,20,1200,20,0,0,0,DoS-SYN-Flood
12659,6,9,522,9,9,0,0,SSH-Bruteforce
80,6,20,1480,20,0,0,0,DoS-HTTP
0,1,20,1200,0,0,0,0,DoS-ICMP
33240,6,20,29080,0,20,0,0,BENIGN
80,6,20,1480,20,0,0,0,DoS-HTTP
80,17,20,1200,0,0,0,0,DoS-UDP
60886,6,20,27980,0,20,0,0,BENIGN
80,6,20,1200,20,0,0,0,DoS-SYN-Flood
443,6,20,1502,0,20,0,0,BENIGN
80,6,20,1200,20,0,0,0,DoS-SYN-Flood
80,6,20,1480,20,0,0,0,DoS-HTTP
0,1,20,1200,0,0,0,0,DoS-ICMP
0,1,20,840,0,0,0,0,DoS-ICMP
20765,6,2,120,2,0,0,0,PortScan
80,6,20,1200,20,0,0,0,DoS-SYN-Flood
58441,6,2,120,2,0,0,0,PortScan
0,1,20,840,0,0,0,0,DoS-ICMP
80,17,20,1200,0,0,0,0,DoS-UDP
80,6,20,1480,20,0,0,0,DoS-HTTP
10764,6,4,240,4,0,0,0,PortScan
443,6,20,6991,0,20,0,0,BENIGN
80,17,20,1200,0,0,0,0,DoS-UDP
54233,6,2,120,2,0,0,0,PortScan
0,1,20,840,0,0,0,0,DoS-ICMP
30546,6,2,120,2,0,0,0,PortScan
80,6,20,1480,20,0,0,0,DoS-HTTP
80,6,20,1200,20,0,0,0,DoS-SYN-Flood
19788,6,6,348,6,6,0,0,SSH-Bruteforce
80,6,20,1200,20,0,0,0,DoS-SYN-Flood
80,6,20,1200,20,0,0,0,DoS-SYN-Flood
62055,6,6,348,6,6,0,0,SSH-Bruteforce
0,1,20,840,0,0,0,0,DoS-ICMP
80,17,20,1200,0,0,0,0,DoS-UDP
80,17,20,1200,0,0,0,0,DoS-UDP
80,6,20,1480,20,0,0,0,DoS-HTTP
80,6,20,1200,20,0,0,0,DoS-SYN-Flood
51188,6,2,120,2,0,0,0,PortScan
80,17,20,1200,0,0,0,0,DoS-UDP
22,6,20,1200,0,0,20,0,SSH-Bruteforce
80,6,20,1480,20,0,0,0,DoS-HTTP
50709,6,2,120,2,0,0,0,PortScan
80,6,20,1480,20,0,0,0,DoS-HTTP
80,17,20,1200,0,0,0,0,DoS-UDP
80,6,20,1480,20,0,0,0,DoS-HTTP
80,17,20,1200,0,0,0,0,DoS-UDP
80,6,20,1200,20,0,0,0,DoS-SYN-Flood
80,6,20,1200,20,0,0,0,DoS-SYN-Flood
0,1,20,1200,0,0,0,0,DoS-ICMP
80,17,20,1200,0,0,0,0,DoS-UDP
80,6,20,1200,20,0,0,0,DoS-SYN-Flood
0,1,20,1200,0,0,0,0,DoS-ICMP
80,6,20,1480,20,0,0,0,DoS-HTTP
39366,6,2,120,2,0,0,0,PortScan
80,6,20,1200,20,0,0,0,DoS-SYN-Flood
0,1,20,1200,0,0,0,0,DoS-ICMP
56568,6,4,240,4,0,0,0,PortScan
80,17,20,1200,0,0,0,0,DoS-UDP
80,17,20,1200,0,0,0,0,DoS-UDP
0,1,20,1200,0,0,0,0,DoS-ICMP
80,6,20,1200,20,0,0,0,DoS-SYN-Flood
0,1,20,840,0,0,0,0,DoS-ICMP
60886,6,20,30279,0,20,0,0,BENIGN
9457,6,6,360,6,0,0,0,PortScan
80,6,20,1200,20,0,0,0,DoS-SYN-Flood
80,6,20,1200,20,0,0,0,DoS-SYN-Flood
80,6,20,1200,20,0,0,0,DoS-SYN-Flood
22,6,20,1200,0,0,20,0,SSH-Bruteforce
21701,6,4,240,4,0,0,0,PortScan
80,17,20,1200,0,0,0,0,DoS-UDP
80,6,20,1200,20,0,0,0,DoS-SYN-Flood
80,6,20,1480,20,0,0,0,DoS-HTTP
22,6,20,1200,4,0,16,0,SSH-Bruteforce
5477,6,4,240,4,0,0,0,PortScan
30914,6,4,240,4,0,0,0,PortScan
80,6,20,1200,20,0,0,0,DoS-SYN-Flood
80,6,20,1200,20,0,0,0,DoS-SYN-Flood
443,17,20,12371,0,0,0,0,BENIGN
22,6,20,1200,20,0,0,0,SSH-Bruteforce
80,6,20,1200,20,0,0,0,DoS-SYN-Flood
80,6,20,1480,20,0,0,0,DoS-HTTP
0,1,20,1200,0,0,0,0,DoS-ICMP
36520,17,20,27980,0,0,0,0,BENIGN
42628,6,4,240,4,0,0,0,PortScan
0,1,20,840,0,0,0,0,DoS-ICMP
80,6,20,1200,20,0,0,0,DoS-SYN-Flood
80,6,20,1200,20,0,0,0,DoS-SYN-Flood
80,17,20,1200,0,0,0,0,DoS-UDP
80,6,20,1480,20,0,0,0,DoS-HTTP
443,17,20,13098,0,0,0,0,BENIGN
80,17,20,1200,0,0,0,0,DoS-UDP
8777,6,6,360,6,0,0,0,PortScan
0,1,20,1200,0,0,0,0,DoS-ICMP
80,6,20,1480,20,0,0,0,DoS-HTTP
0,1,20,1200,0,0,0,0,DoS-ICMP
80,6,20,1200,20,0,0,0,DoS-SYN-Flood
80,6,20,1480,20,0,0,0,DoS-HTTP
80,17,20,1200,0,0,0,0,DoS-UDP
80,6,20,1480,20,0,0,0,DoS-HTTP
53272,6,20,29380,0,20,0,0,BENIGN
80,6,20,1200,20,0,0,0,DoS-SYN-Flood
33240,6,20,29140,0,20,0,0,BENIGN
80,17,20,1200,0,0,0,0,DoS-UDP
27135,6,4,240,4,0,0,0,PortScan
80,17,20,1200,0,0,0,0,DoS-UDP
80,17,20,1200,0,0,0,0,DoS-UDP
39059,6,2,120,2,0,0,0,PortScan
80,17,20,1200,0,0,0,0,DoS-UDP
0,1,20,1200,0,0,0,0,DoS-ICMP
15117,6,4,240,4,0,0,0,PortScan
22,6,20,1200,2,0,18,0,SSH-Bruteforce
80,17,20,1200,0,0,0,0,DoS-UDP
80,17,20,1200,0,0,0,0,DoS-UDP
80,6,20,1200,20,0,0,0,DoS-SYN-Flood
80,6,20,1480,20,0,0,0,DoS-HTTP
8740,6,4,240,4,0,0,0,PortScan
55587,6,4,240,4,0,0,0,PortScan
33240,6,20,29080,0,20,0,0,BENIGN
36268,17,20,27980,0,0,0,0,BENIGN
80,6,20,1480,20,0,0,0,DoS-HTTP
0,1,20,840,0,0,0,0,DoS-ICMP
80,17,20,1200,0,0,0,0,DoS-UDP
8909,6,4,240,4,0,0,0,PortScan
54829,17,20,27980,0,0,0,0,BENIGN
80,6,20,1480,20,0,0,0,DoS-HTTP
60466,6,4,240,4,0,0,0,PortScan
56539,6,7,406,7,7,0,0,SSH-Bruteforce
52171,6,2,120,2,0,0,0,PortScan
0,1,20,1200,0,0,0,0,DoS-ICMP
80,6,20,1480,20,0,0,0,DoS-HTTP
80,17,20,1200,0,0,0,0,DoS-UDP
48740,6,5,274,1,5,1,0,BENIGN
52069,6,6,348,6,6,0,0,SSH-Bruteforce
80,17,20,1200,0,0,0,0,DoS-UDP
0,1,20,840,0,0,0,0,DoS-ICMP
80,17,20,1200,0,0,0,0,DoS-UDP
80,6,20,1480,20,0,0,0,DoS-HTTP
80,17,20,1200,0,0,0,0,DoS-UDP
80,17,20,1200,0,0,0,0,DoS-UDP
80,17,20,1200,0,0,0,0,DoS-UDP
80,6,20,1480,20,0,0,0,DoS-HTTP
80,6,20,1200,20,0,0,0,DoS-SYN-Flood
33205,6,7,406,7,7,0,0,SSH-Bruteforce
80,6,20,1200,20,0,0,0,DoS-SYN-Flood
51014,6,5,290,5,5,0,0,SSH-Bruteforce
80,6,20,1480,20,0,0,0,DoS-HTTP
80,6,20,1480,20,0,0,0,DoS-HTTP
0,1,20,840,0,0,0,0,DoS-ICMP
0,1,20,1200,0,0,0,0,DoS-ICMP
50671,6,2,120,2,0,0,0,PortScan
80,17,20,1200,0,0,0,0,DoS-UDP
80,6,20,1480,20,0,0,0,DoS-HTTP
0,1,20,1200,0,0,0,0,DoS-ICMP
48189,6,7,406,7,7,0,0,SSH-Bruteforce
22,6,20,1200,20,0,0,0,SSH-Bruteforce
80,6,20,1480,20,0,0,0,DoS-HTTP
63824,6,4,240,4,0,0,0,PortScan
61801,6,5,290,5,5,0,0,SSH-Bruteforce
0,1,20,1200,0,0,0,0,DoS-ICMP
80,17,20,1200,0,0,0,0,DoS-UDP
0,1,20,840,0,0,0,0,DoS-ICMP
80,6,20,1200,20,0,0,0,DoS-SYN-Flood
22,6,20,1200,10,0,10,0,SSH-Bruteforce
80,6,20,1200,20,0,0,0,DoS-SYN-Flood
80,6,20,1480,20,0,0,0,DoS-HTTP
80,6,20,1480,20,0,0,0,DoS-HTTP
12891,6,9,522,9,9,0,0,SSH-Bruteforce
36520,17,20,27980,0,0,0,0,BENIGN
80,6,20,1200,20,0,0,0,DoS-SYN-Flood
36520,17,20,27980,0,0,0,0,BENIGN
80,17,20,1200,0,0,0,0,DoS-UDP
20087,6,4,240,4,0,0,0,PortScan
38286,6,2,120,2,0,0,0,PortScan
80,6,20,1200,20,0,0,0,DoS-SYN-Flood
0,1,20,1200,0,0,0,0,DoS-ICMP
53430,6,4,240,4,0,0,0,PortScan
80,6,20,1200,20,0,0,0,DoS-SYN-Flood
43716,6,2,120,2,0,0,0,PortScan
0,1,20,1200,0,0,0,0,DoS-ICMP
80,6,20,1200,20,0,0,0,DoS-SYN-Flood
5856,6,4,240,4,0,0,0,PortScan
36520,17,20,27980,0,0,0,0,BENIGN
2446,6,4,240,4,0,0,0,PortScan
55489,6,4,240,4,0,0,0,PortScan
41065,6,9,522,9,9,0,0,SSH-Bruteforce
80,6,20,1200,20,0,0,0,DoS-SYN-Flood
80,17,20,1200,0,0,0,0,DoS-UDP
80,17,20,1200,0,0,0,0,DoS-UDP
0,1,20,840,0,0,0,0,DoS-ICMP
22,6,20,1200,0,0,20,0,SSH-Bruteforce
61901,6,2,120,2,0,0,0,PortScan
53092,17,20,27980,0,0,0,0,BENIGN
6033,6,4,240,4,0,0,0,PortScan
8596,6,6,360,6,0,0,0,PortScan
80,17,20,1200,0,0,0,0,DoS-UDP
80,6,20,1480,20,0,0,0,DoS-HTTP
0,1,20,840,0,0,0,0,DoS-ICMP
57855,6,2,120,2,0,0,0,PortScan
80,6,20,1200,20,0,0,0,DoS-SYN-Flood
80,6,20,1480,20,0,0,0,DoS-HTTP
0,1,20,840,0,0,0,0,DoS-ICMP
80,6,20,1200,20,0,0,0,DoS-SYN-Flood
13442,6,13,754,13,13,0,0,SSH-Bruteforce
80,6,20,1480,20,0,0,0,DoS-HTTP
0,1,20,1200,0,0,0,0,DoS-ICMP
80,6,20,1200,20,0,0,0,DoS-SYN-Flood
59137,6,2,120,2,0,0,0,PortScan
80,17,20,1200,0,0,0,0,DoS-UDP
80,6,20,1480,20,0,0,0,DoS-HTTP
80,6,20,1480,20,0,0,0,DoS-HTTP
46929,6,9,522,9,9,0,0,SSH-Bruteforce
80,6,20,1480,20,0,0,0,DoS-HTTP
80,6,20,1480,20,0,0,0,DoS-HTTP
27442,6,2,120,2,0,0,0,PortScan
0,1,20,1200,0,0,0,0,DoS-ICMP
80,6,20,1200,20,0,0,0,DoS-SYN-Flood
0,1,20,1200,0,0,0,0,DoS-ICMP
30982,6,2,120,2,0,0,0,PortScan
80,6,20,1200,20,0,0,0,DoS-SYN-Flood
80,17,20,1200,0,0,0,0,DoS-UDP
80,6,20,1200,20,0,0,0,DoS-SYN-Flood
80,17,20,1200,0,0,0,0,DoS-UDP
80,6,20,1480,20,0,0,0,DoS-HTTP
39902,17,20,27980,0,0,0,0,BENIGN
0,1,20,1200,0,0,0,0,DoS-ICMP
32909,6,8,464,8,8,0,0,SSH-Bruteforce
0,1,20,840,0,0,0,0,DoS-ICMP
80,6,20,1480,20,0,0,0,DoS-HTTP
36520,17,20,27980,0,0,0,0,BENIGN
20042,6,6,348,6,6,0,0,SSH-Bruteforce
18967,6,2,120,2,0,0,0,PortScan
0,1,20,840,0,0,0,0,DoS-ICMP
80,6,20,1200,20,0,0,0,DoS-SYN-Flood
1435,6,4,240,4,0,0,0,PortScan
54829,17,20,27980,0,0,0,0,BENIGN
80,17,20,1200,0,0,0,0,DoS-UDP
80,17,20,1200,0,0,0,0,DoS-UDP
80,17,20,1200,0,0,0,0,DoS-UDP
54829,17,20,27980,0,0,0,0,BENIGN
10560,6,5,290,5,5,0,0,SSH-Bruteforce
60886,6,20,29020,0,20,0,0,BENIGN
80,17,20,1200,0,0,0,0,DoS-UDP
0,1,20,1200,0,0,0,0,DoS-ICMP
60886,6,20,29080,0,20,0,0,BENIGN
0,1,20,840,0,0,0,0,DoS-ICMP
80,17,20,1200,0,0,0,0,DoS-UDP
80,17,20,1200,0,0,0,0,DoS-UDP
80,6,20,1480,20,0,0,0,DoS-HTTP
80,6,20,1480,20,0,0,0,DoS-HTTP
0,1,20,1200,0,0,0,0,DoS-ICMP
80,6,20,1480,20,0,0,0,DoS-HTTP
15582,6,8,464,8,8,0,0,SSH-Bruteforce
2393,6,4,240,4,0,0,0,PortScan
80,6,20,1480,20,0,0,0,DoS-HTTP
46398,17,20,27980,0,0,0,0,BENIGN
80,6,20,1480,20,0,0,0,DoS-HTTP
40707,6,4,240,4,0,0,0,PortScan
80,6,20,1200,20,0,0,0,DoS-SYN-Flood
0,1,20,840,0,0,0,0,DoS-ICMP
80,17,20,1200,0,0,0,0,DoS-UDP
80,6,20,1480,20,0,0,0,DoS-HTTP
80,6,20,1480,20,0,0,0,DoS-HTTP
0,1,20,840,0,0,0,0,DoS-ICMP
22,6,20,1200,20,0,0,0,SSH-Bruteforce
0,1,20,840,0,0,0,0,DoS-ICMP
9539,6,6,360,6,0,0,0,PortScan
32895,6,4,240,4,0,0,0,PortScan
0,1,20,840,0,0,0,0,DoS-ICMP
80,17,20,1200,0,0,0,0,DoS-UDP
45599,6,2,120,2,0,0,0,PortScan
80,6,20,1200,20,0,0,0,DoS-SYN-Flood
80,6,20,1200,20,0,0,0,DoS-SYN-Flood
80,6,20,1200,20,0,0,0,DoS-SYN-Flood
22,6,20,1200,14,0,6,0,SSH-Bruteforce
27164,6,4,240,4,0,0,0,PortScan
80,6,20,1480,20,0,0,0,DoS-HTTP
0,1,20,840,0,0,0,0,DoS-ICMP
80,6,20,1480,20,0,0,0,DoS-HTTP
22,6,20,1200,4,0,16,0,SSH-Bruteforce
60423,6,4,240,4,0,0,0,PortScan
2908,6,6,348,6,6,0,0,SSH-Bruteforce
80,6,20,1480,20,0,0,0,DoS-HTTP
32939,6,2,120,2,0,0,0,PortScan
80,6,20,1200,20,0,0,0,DoS-SYN-Flood
21187,6,2,120,2,0,0,0,PortScan
80,6,20,1200,20,0,0,0,DoS-SYN-Flood
80,6,20,1480,20,0,0,0,DoS-HTTP
0,1,20,840,0,0,0,0,DoS-ICMP
22,6,20,1200,0,0,20,0,SSH-Bruteforce
0,1,20,1200,0,0,0,0,DoS-ICMP
80,6,20,1200,20,0,0,0,DoS-SYN-Flood
80,17,20,1200,0,0,0,0,DoS-UDP
0,1,20,840,0,0,0,0,DoS-ICMP
6185,6,6,360,6,0,0,0,PortScan
80,17,20,1200,0,0,0,0,DoS-UDP
80,17,20,1200,0,0,0,0,DoS-UDP
19766,6,2,120,2,0,0,0,PortScan
80,17,20,1200,0,0,0,0,DoS-UDP
29624,6,2,120,2,0,0,0,PortScan
15805,6,9,522,9,9,0,0,SSH-Bruteforce
80,6,20,1480,20,0,0,0,DoS-HTTP
0,1,20,1200,0,0,0,0,DoS-ICMP
0,1,20,1200,0,0,0,0,DoS-ICMP
47221,6,2,120,2,0,0,0,PortScan
22,6,20,1200,0,0,20,0,SSH-Bruteforce
80,6,20,1200,20,0,0,0,DoS-SYN-Flood
80,6,20,1200,20,0,0,0,DoS-SYN-Flood
35648,6,8,464,8,8,0,0,SSH-Bruteforce
0,1,20,1200,0,0,0,0,DoS-ICMP
80,6,20,1200,20,0,0,0,DoS-SYN-Flood
8937,6,4,240,4,0,0,0,PortScan
20135,6,7,406,7,7,0,0,SSH-Bruteforce
0,1,20,840,0,0,0,0,DoS-ICMP
0,1,20,1200,0,0,0,0,DoS-ICMP
0,1,20,840,0,0,0,0,DoS-ICMP
80,17,20,1200,0,0,0,0,DoS-UDP
22,6,20,1200,19,0,1,0,SSH-Bruteforce
80,17,20,1200,0,0,0,0,DoS-UDP
0,1,20,1200,0,0,0,0,DoS-ICMP
80,6,20,1480,20,0,0,0,DoS-HTTP
80,6,20,1480,20,0,0,0,DoS-HTTP
0,1,20,840,0,0,0,0,DoS-ICMP
80,6,20,1200,20,0,0,0,DoS-SYN-Flood
80,6,20,1200,20,0,0,0,DoS-SYN-Flood
80,6,20,1200,20,0,0,0,DoS-SYN-Flood
80,6,20,1200,20,0,0,0,DoS-SYN-Flood
0,1,20,840,0,0,0,0,DoS-ICMP
80,17,20,1200,0,0,0,0,DoS-UDP
22,6,20,1200,20,0,0,0,SSH-Bruteforce
34759,6,4,232,4,4,0,0,SSH-Bruteforce
80,6,20,1200,20,0,0,0,DoS-SYN-Flood
55351,6,2,120,2,0,0,0,PortScan
0,1,20,1200,0,0,0,0,DoS-ICMP
80,6,20,1200,20,0,0,0,DoS-SYN-Flood
80,17,20,1200,0,0,0,0,DoS-UDP
53272,6,20,29380,0,20,0,0,BENIGN
80,6,20,1480,20,0,0,0,DoS-HTTP
80,6,20,1480,20,0,0,0,DoS-HTTP
0,1,20,840,0,0,0,0,DoS-ICMP
3461,6,4,240,4,0,0,0,PortScan
80,6,20,1480,20,0,0,0,DoS-HTTP
0,1,20,840,0,0,0,0,DoS-ICMP
8672,6,4,240,4,0,0,0,PortScan
0,1,20,840,0,0,0,0,DoS-ICMP
1063,6,4,240,4,0,0,0,PortScan
45424,6,20,1695,0,20,0,0,BENIGN
0,1,20,1200,0,0,0,0,DoS-ICMP
40985,6,8,464,8,8,0,0,SSH-Bruteforce
80,6,20,1480,20,0,0,0,DoS-HTTP
62259,6,4,240,4,0,0,0,PortScan
22,6,20,1200,1,0,19,0,SSH-Bruteforce
80,17,20,1200,0,0,0,0,DoS-UDP
80,17,20,1200,0,0,0,0,DoS-UDP
80,6,20,1200,20,0,0,0,DoS-SYN-Flood
80,6,20,1200,20,0,0,0,DoS-SYN-Flood
0,1,20,1200,0,0,0,0,DoS-ICMP
22,6,20,1200,20,0,0,0,SSH-Bruteforce
80,17,20,1200,0,0,0,0,DoS-UDP
80,17,20,1200,0,0,0,0,DoS-UDP
26907,6,7,406,7,7,0,0,SSH-Bruteforce
80,6,20,1200,20,0,0,0,DoS-SYN-Flood
9222,6,4,240,4,0,0,0,PortScan
0,1,20,1200,0,0,0,0,DoS-ICMP
45048,6,4,240,4,0,0,0,PortScan
80,6,20,1480,20,0,0,0,DoS-HTTP
80,17,20,1200,0,0,0,0,DoS-UDP
80,6,20,1480,20,0,0,0,DoS-HTTP
43894,6,5,290,5,5,0,0,SSH-Bruteforce
57550,6,4,240,4,0,0,0,PortScan
80,17,20,1200,0,0,0,0,DoS-UDP
80,6,20,1480,20,0,0,0,DoS-HTTP
16541,6,4,240,4,0,0,0,PortScan
80,17,20,1200,0,0,0,0,DoS-UDP
38064,6,7,406,7,7,0,0,SSH-Bruteforce
80,6,20,1480,20,0,0,0,DoS-HTTP
0,1,20,1200,0,0,0,0,DoS-ICMP
80,6,20,1480,20,0,0,0,DoS-HTTP
0,1,20,1200,0,0,0,0,DoS-ICMP
22,6,20,1200,20,0,0,0,SSH-Bruteforce
80,6,20,1480,20,0,0,0,DoS-HTTP
0,1,20,840,0,0,0,0,DoS-ICMP
0,1,20,840,0,0,0,0,DoS-ICMP
36972,6,8,464,8,8,0,0,SSH-Bruteforce
0,1,20,840,0,0,0,0,DoS-ICMP
80,6,20,1200,20,0,0,0,DoS-SYN-Flood
52621,6,2,120,2,0,0,0,PortScan
80,17,20,1200,0,0,0,0,DoS-UDP
0,1,20,1200,0,0,0,0,DoS-ICMP
80,17,20,1200,0,0,0,0,DoS-UDP
80,6,20,1200,20,0,0,0,DoS-SYN-Flood
0,1,20,1200,0,0,0,0,DoS-ICMP
80,6,20,1480,20,0,0,0,DoS-HTTP
80,6,20,1200,20,0,0,0,DoS-SYN-Flood
80,6,20,1480,20,0,0,0,DoS-HTTP
40676,6,2,120,2,0,0,0,PortScan
0,1,20,840,0,0,0,0,DoS-ICMP
80,6,20,1200,20,0,0,0,DoS-SYN-Flood
0,1,20,1200,0,0,0,0,DoS-ICMP
30288,6,6,348,6,6,0,0,SSH-Bruteforce
80,6,20,1200,20,0,0,0,DoS-SYN-Flood
63258,6,2,120,2,0,0,0,PortScan
80,6,20,1200,20,0,0,0,DoS-SYN-Flood
0,1,20,1200,0,0,0,0,DoS-ICMP
80,6,20,1200,20,0,0,0,DoS-SYN-Flood
6182,6,6,360,6,0,0,0,PortScan
80,17,20,1200,0,0,0,0,DoS-UDP
80,6,20,1480,20,0,0,0,DoS-HTTP
0,1,20,840,0,0,0,0,DoS-ICMP
64249,6,3,174,3,3,0,0,SSH-Bruteforce
43992,17,20,27980,0,0,0,0,BENIGN
22,6,20,1200,0,0,20,0,SSH-Bruteforce
22,6,20,1200,20,0,0,0,SSH-Bruteforce
62026,6,4,240,4,0,0,0,PortScan
80,17,20,1200,0,0,0,0,DoS-UDP
80,17,20,1200,0,0,0,0,DoS-UDP
80,17,20,1200,0,0,0,0,DoS-UDP
0,1,20,840,0,0,0,0,DoS-ICMP
0,1,20,840,0,0,0,0,DoS-ICMP
1873,6,4,240,4,0,0,0,PortScan
36520,17,20,27980,0,0,0,0,BENIGN
0,1,20,840,0,0,0,0,DoS-ICMP
80,6,20,1480,20,0,0,0,DoS-HTTP
80,6,20,1200,20,0,0,0,DoS-SYN-Flood
22,6,20,1200,20,0,0,0,SSH-Bruteforce
24029,6,6,348,6,6,0,0,SSH-Bruteforce
80,17,20,1200,0,0,0,0,DoS-UDP
38365,6,4,240,4,0,0,0,PortScan
23551,6,6,348,6,6,0,0,SSH-Bruteforce
80,6,20,1480,20,0,0,0,DoS-HTTP
30875,6,2,120,2,0,0,0,PortScan
0,1,20,1200,0,0,0,0,DoS-ICMP
0,1,20,1200,0,0,0,0,DoS-ICMP
22125,6,4,240,4,0,0,0,PortScan
80,6,20,1480,20,0,0,0,DoS-HTTP
80,6,20,1480,20,0,0,0,DoS-HTTP
80,6,20,1200,20,0,0,0,DoS-SYN-Flood
8396,6,4,240,4,0,0,0,PortScan
0,1,20,1200,0,0,0,0,DoS-ICMP
46279,6,7,406,7,7,0,0,SSH-Bruteforce
80,6,20,1200,20,0,0,0,DoS-SYN-Flood
60759,6,2,120,2,0,0,0,PortScan
80,6,20,1480,20,0,0,0,DoS-HTTP
80,17,20,1200,0,0,0,0,DoS-UDP
60886,6,20,29500,0,20,0,0,BENIGN
80,6,20,1480,20,0,0,0,DoS-HTTP
80,17,20,1200,0,0,0,0,DoS-UDP
54829,17,20,27980,0,0,0,0,BENIGN
80,6,20,1200,20,0,0,0,DoS-SYN-Flood
24715,6,5,290,5,5,0,0,SSH-Bruteforce
80,6,20,1200,20,0,0,0,DoS-SYN-Flood
80,6,20,1200,20,0,0,0,DoS-SYN-Flood
22,6,20,1200,0,0,20,0,SSH-Bruteforce
0,1,20,1200,0,0,0,0,DoS-ICMP
0,1,20,840,0,0,0,0,DoS-ICMP
80,6,20,1480,20,0,0,0,DoS-HTTP
0,1,20,840,0,0,0,0,DoS-ICMP
53258,6,20,26750,0,20,0,0,BENIGN
80,6,20,1480,20,0,0,0,DoS-HTTP
47869,6,4,240,4,0,0,0,PortScan
14098,6,4,240,4,0,0,0,PortScan
3020,6,4,240,4,0,0,0,PortScan
10604,6,5,290,5,5,0,0,SSH-Bruteforce
80,17,20,1200,0,0,0,0,DoS-UDP
0,1,20,840,0,0,0,0,DoS-ICMP
36520,17,20,27980,0,0,0,0,BENIGN
53278,6,20,30100,0,20,0,0,BENIGN
10204,6,4,240,4,0,0,0,PortScan
80,6,20,1200,20,0,0,0,DoS-SYN-Flood
22,6,20,1200,1,0,19,0,SSH-Bruteforce
22,6,20,1200,20,0,0,0,SSH-Bruteforce
80,6,20,1480,20,0,0,0,DoS-HTTP
23272,6,4,232,4,4,0,0,SSH-Bruteforce
80,6,20,1480,20,0,0,0,DoS-HTTP
80,17,20,1200,0,0,0,0,DoS-UDP
28524,6,2,120,2,0,0,0,PortScan
3269,6,4,240,4,0,0,0,PortScan
46398,17,20,27980,0,0,0,0,BENIGN
80,17,20,1200,0,0,0,0,DoS-UDP
12174,6,6,360,6,0,0,0,PortScan
80,17,20,1200,0,0,0,0,DoS-UDP
0,1,20,1200,0,0,0,0,DoS-ICMP
0,1,20,840,0,0,0,0,DoS-ICMP
9560,6,8,464,8,8,0,0,SSH-Bruteforce
80,6,20,1480,20,0,0,0,DoS-HTTP
80,6,20,1480,20,0,0,0,DoS-HTTP
17851,6,2,120,2,0,0,0,PortScan
59804,6,20,16530,0,20,0,0,BENIGN
80,6,20,1200,20,0,0,0,DoS-SYN-Flood
80,17,20,1200,0,0,0,0,DoS-UDP
53278,6,20,29380,0,20,0,0,BENIGN
80,6,20,1200,20,0,0,0,DoS-SYN-Flood
51438,6,2,120,2,0,0,0,PortScan
29081,6,4,240,4,0,0,0,PortScan
80,17,20,1200,0,0,0,0,DoS-UDP
80,17,20,1200,0,0,0,0,DoS-UDP
8562,6,4,240,4,0,0,0,PortScan
47336,6,4,240,4,0,0,0,PortScan
39827,6,4,240,4,0,0,0,PortScan
26449,6,8,464,8,8,0,0,SSH-Bruteforce
80,6,20,1480,20,0,0,0,DoS-HTTP
80,6,20,1480,20,0,0,0,DoS-HTTP
5566,6,4,240,4,0,0,0,PortScan
0,1,20,1200,0,0,0,0,DoS-ICMP
37989,6,2,120,2,0,0,0,PortScan
38977,6,4,240,4,0,0,0,PortScan
443,6,20,1200,0,20,0,0,BENIGN
0,1,20,840,0,0,0,0,DoS-ICMP
80,6,20,1200,20,0,0,0,DoS-SYN-Flood
80,6,20,1200,20,0,0,0,DoS-SYN-Flood
0,1,20,840,0,0,0,0,DoS-ICMP
0,1,20,1200,0,0,0,0,DoS-ICMP
0,1,20,1200,0,0,0,0,DoS-ICMP
80,6,20,1480,20,0,0,0,DoS-HTTP
24745,6,5,290,5,5,0,0,SSH-Bruteforce
62584,6,5,290,5,5,0,0,SSH-Bruteforce
80,6,20,1480,20,0,0,0,DoS-HTTP
80,17,20,1200,0,0,0,0,DoS-UDP
22,6,20,1200,5,0,15,0,SSH-Bruteforce
39468,6,8,464,8,8,0,0,SSH-Bruteforce
0,1,20,1200,0,0,0,0,DoS-ICMP
80,6,20,1480,20,0,0,0,DoS-HTTP
25789,6,6,348,6,6,0,0,SSH-Bruteforce
13487,6,8,464,8,8,0,0,SSH-Bruteforce
22,6,20,1200,6,0,14,0,SSH-Bruteforce
80,6,20,1200,20,0,0,0,DoS-SYN-Flood
14664,6,9,522,9,9,0,0,SSH-Bruteforce
0,1,20,840,0,0,0,0,DoS-ICMP
80,6,20,1200,20,0,0,0,DoS-SYN-Flood
80,17,20,1200,0,0,0,0,DoS-UDP
22,6,20,1200,20,0,0,0,SSH-Bruteforce
443,6,20,2919,0,20,0,0,BENIGN
0,1,20,1200,0,0,0,0,DoS-ICMP
80,17,20,1200,0,0,0,0,DoS-UDP
12261,6,4,240,4,0,0,0,PortScan
80,17,20,1200,0,0,0,0,DoS-UDP
80,6,20,1480,20,0,0,0,DoS-HTTP
80,6,20,1480,20,0,0,0,DoS-HTTP
80,6,20,1480,20,0,0,0,DoS-HTTP
33240,6,20,28600,0,20,0,0,BENIGN
80,6,20,1200,20,0,0,0,DoS-SYN-Flood
33240,6,20,29260,0,20,0,0,BENIGN
80,6,20,1480,20,0,0,0,DoS-HTTP
3450,6,9,522,9,9,0,0,SSH-Bruteforce
53591,6,2,120,2,0,0,0,PortScan
0,1,20,1200,0,0,0,0,DoS-ICMP
417,6,6,360,6,0,0,0,PortScan
15355,6,2,120,2,0,0,0,PortScan
0,1,20,1200,0,0,0,0,DoS-ICMP
36520,17,20,27980,0,0,0,0,BENIGN
19925,6,2,120,2,0,0,0,PortScan
80,6,20,1200,20,0,0,0,DoS-SYN-Flood
80,17,20,1200,0,0,0,0,DoS-UDP
63302,6,2,120,2,0,0,0,PortScan
80,6,20,1480,20,0,0,0,DoS-HTTP
44175,17,10,8063,0,0,0,0,BENIGN
24318,6,2,120,2,0,0,0,PortScan
80,6,20,1200,20,0,0,0,DoS-SYN-Flood
80,17,20,1200,0,0,0,0,DoS-UDP
80,6,20,1480,20,0,0,0,DoS-HTTP
0,1,20,1200,0,0,0,0,DoS-ICMP
80,17,20,1200,0,0,0,0,DoS-UDP
0,1,20,840,0,0,0,0,DoS-ICMP
80,17,20,1200,0,0,0,0,DoS-UDP
80,17,20,1200,0,0,0,0,DoS-UDP
0,1,20,840,0,0,0,0,DoS-ICMP
80,17,20,1200,0,0,0,0,DoS-UDP
80,17,20,1200,0,0,0,0,DoS-UDP
80,6,20,1200,20,0,0,0,DoS-SYN-Flood
31813,6,7,406,7,7,0,0,SSH-Bruteforce
33595,17,20,18994,0,0,0,0,BENIGN
80,17,20,1200,0,0,0,0,DoS-UDP
53715,6,9,522,9,9,0,0,SSH-Bruteforce
80,6,20,1480,20,0,0,0,DoS-HTTP
0,1,20,1200,0,0,0,0,DoS-ICMP
5824,6,10,580,10,10,0,0,SSH-Bruteforce
80,6,20,1200,20,0,0,0,DoS-SYN-Flood
80,6,20,1200,20,0,0,0,DoS-SYN-Flood
38169,17,2,218,0,0,0,0,BENIGN
80,6,20,1480,20,0,0,0,DoS-HTTP
80,6,20,1200,20,0,0,0,DoS-SYN-Flood
80,17,20,1200,0,0,0,0,DoS-UDP
39902,17,20,27980,0,0,0,0,BENIGN
80,17,20,1200,0,0,0,0,DoS-UDP
80,6,20,1480,20,0,0,0,DoS-HTTP
8663,6,4,240,4,0,0,0,PortScan
80,17,20,1200,0,0,0,0,DoS-UDP
32842,6,4,240,4,0,0,0,PortScan
80,6,20,1200,20,0,0,0,DoS-SYN-Flood
10267,6,4,240,4,0,0,0,PortScan
36397,6,2,120,2,0,0,0,PortScan
0,1,20,1200,0,0,0,0,DoS-ICMP
22,6,20,1200,4,0,16,0,SSH-Bruteforce
80,17,20,1200,0,0,0,0,DoS-UDP
80,6,20,1480,20,0,0,0,DoS-HTTP
0,1,20,1200,0,0,0,0,DoS-ICMP
80,6,20,1200,20,0,0,0,DoS-SYN-Flood
80,6,20,1480,20,0,0,0,DoS-HTTP
80,6,20,1480,20,0,0,0,DoS-HTTP
80,6,20,1200,20,0,0,0,DoS-SYN-Flood
22,6,20,1200,0,0,20,0,SSH-Bruteforce
36520,17,20,27980,0,0,0,0,BENIGN
22199,6,2,120,2,0,0,0,PortScan
0,1,20,1200,0,0,0,0,DoS-ICMP
33781,6,3,174,3,3,0,0,SSH-Bruteforce
11592,6,6,360,6,0,0,0,PortScan
62677,6,4,232,4,4,0,0,SSH-Bruteforce
14607,6,4,240,4,0,0,0,PortScan
80,6,20,1200,20,0,0,0,DoS-SYN-Flood
80,6,20,1200,20,0,0,0,DoS-SYN-Flood
80,17,20,1200,0,0,0,0,DoS-UDP
2342,6,7,406,7,7,0,0,SSH-Bruteforce
22,6,20,1200,20,0,0,0,SSH-Bruteforce
0,1,20,840,0,0,0,0,DoS-ICMP
43121,6,2,120,2,0,0,0,PortScan
0,1,20,1200,0,0,0,0,DoS-ICMP
80,6,20,1480,20,0,0,0,DoS-HTTP
80,6,20,1480,20,0,0,0,DoS-HTTP
443,6,20,1200,0,20,0,0,BENIGN
80,17,20,1200,0,0,0,0,DoS-UDP
43678,17,20,27980,0,0,0,0,BENIGN
80,17,20,1200,0,0,0,0,DoS-UDP
80,17,20,1200,0,0,0,0,DoS-UDP
80,6,20,1200,20,0,0,0,DoS-SYN-Flood
80,17,20,1200,0,0,0,0,DoS-UDP
80,6,20,1200,20,0,0,0,DoS-SYN-Flood
0,1,20,1200,0,0,0,0,DoS-ICMP
80,6,20,1480,20,0,0,0,DoS-HTTP
80,6,20,1480,20,0,0,0,DoS-HTTP
0,1,20,1200,0,0,0,0,DoS-ICMP
80,6,20,1200,20,0,0,0,DoS-SYN-Flood
80,6,20,1200,20,0,0,0,DoS-SYN-Flood
80,6,20,1200,20,0,0,0,DoS-SYN-Flood
40366,6,2,120,2,0,0,0,PortScan
80,6,20,1480,20,0,0,0,DoS-HTTP
40790,6,4,240,4,0,0,0,PortScan
0,1,20,1200,0,0,0,0,DoS-ICMP
80,6,20,1480,20,0,0,0,DoS-HTTP
0,1,20,1200,0,0,0,0,DoS-ICMP
22,6,20,1200,0,0,20,0,SSH-Bruteforce
0,1,20,1200,0,0,0,0,DoS-ICMP
80,6,20,1200,20,0,0,0,DoS-SYN-Flood
80,6,20,1480,20,0,0,0,DoS-HTTP
22,6,20,1200,20,0,0,0,SSH-Bruteforce
11771,6,4,240,4,0,0,0,PortScan
17226,6,7,406,7,7,0,0,SSH-Bruteforce
80,17,20,1200,0,0,0,0,DoS-UDP
0,1,20,840,0,0,0,0,DoS-ICMP
21654,6,4,240,4,0,0,0,PortScan
80,6,20,1200,20,0,0,0,DoS-SYN-Flood
80,17,20,1200,0,0,0,0,DoS-UDP
80,6,20,1200,20,0,0,0,DoS-SYN-Flood
39374,6,7,406,7,7,0,0,SSH-Bruteforce
80,17,20,1200,0,0,0,0,DoS-UDP
22,6,20,1200,0,0,20,0,SSH-Bruteforce
2900,6,4,240,4,0,0,0,PortScan
80,6,20,1480,20,0,0,0,DoS-HTTP
27300,6,6,348,6,6,0,0,SSH-Bruteforce
22,6,20,1200,6,0,14,0,SSH-Bruteforce
80,6,20,1200,20,0,0,0,DoS-SYN-Flood
42904,17,20,27980,0,0,0,0,BENIGN
55058,6,4,240,4,0,0,0,PortScan
80,6,20,1480,20,0,0,0,DoS-HTTP
80,6,20,1200,20,0,0,0,DoS-SYN-Flood
22,6,20,1200,20,0,0,0,SSH-Bruteforce
890,6,6,348,6,6,0,0,SSH-Bruteforce
27026,6,6,348,6,6,0,0,SSH-Bruteforce
80,17,20,1200,0,0,0,0,DoS-UDP
14185,6,4,240,4,0,0,0,PortScan
63935,6,2,120,2,0,0,0,PortScan
80,17,20,1200,0,0,0,0,DoS-UDP
80,17,20,1200,0,0,0,0,DoS-UDP
80,17,20,1200,0,0,0,0,DoS-UDP
46926,6,2,120,2,0,0,0,PortScan
36520,17,20,27980,0,0,0,0,BENIGN
15218,6,6,348,6,6,0,0,SSH-Bruteforce
11787,6,6,348,6,6,0,0,SSH-Bruteforce
1419,6,4,240,4,0,0,0,PortScan
0,1,20,1200,0,0,0,0,DoS-ICMP
80,6,20,1480,20,0,0,0,DoS-HTTP
20226,6,4,240,4,0,0,0,PortScan
0,1,20,840,0,0,0,0,DoS-ICMP
51035,6,4,240,4,0,0,0,PortScan
80,6,20,1200,20,0,0,0,DoS-SYN-Flood
80,17,20,1200,0,0,0,0,DoS-UDP
62529,6,4,232,4,4,0,0,SSH-Bruteforce
80,6,20,1480,20,0,0,0,DoS-HTTP
3651,6,4,240,4,0,0,0,PortScan
0,1,20,840,0,0,0,0,DoS-ICMP
80,6,20,1480,20,0,0,0,DoS-HTTP
22,6,20,1200,20,0,0,0,SSH-Bruteforce
42672,6,4,240,4,0,0,0,PortScan
80,6,20,1480,20,0,0,0,DoS-HTTP
9158,6,4,240,4,0,0,0,PortScan
0,1,20,1200,0,0,0,0,DoS-ICMP
80,6,20,1480,20,0,0,0,DoS-HTTP
80,6,20,1200,20,0,0,0,DoS-SYN-Flood
80,17,20,1200,0,0,0,0,DoS-UDP
80,6,20,1480,20,0,0,0,DoS-HTTP
40580,6,11,1537,1,11,0,0,BENIGN
0,1,20,1200,0,0,0,0,DoS-ICMP
54217,6,2,120,2,0,0,0,PortScan
56113,6,4,240,4,0,0,0,PortScan
0,1,20,1200,0,0,0,0,DoS-ICMP
80,17,20,1200,0,0,0,0,DoS-UDP
22,6,20,1200,0,0,20,0,SSH-Bruteforce
80,6,20,1480,20,0,0,0,DoS-HTTP
80,6,20,1480,20,0,0,0,DoS-HTTP
80,6,20,1480,20,0,0,0,DoS-HTTP
80,6,20,1200,20,0,0,0,DoS-SYN-Flood
80,17,20,1200,0,0,0,0,DoS-UDP
0,1,20,840,0,0,0,0,DoS-ICMP
60886,6,20,30280,0,20,0,0,BENIGN
80,6,20,1480,20,0,0,0,DoS-HTTP
18678,6,6,348,6,6,0,0,SSH-Bruteforce
0,1,20,840,0,0,0,0,DoS-ICMP
80,17,20,1200,0,0,0,0,DoS-UDP
13147,6,6,360,6,0,0,0,PortScan
36520,17,20,27980,0,0,0,0,BENIGN
51026,6,5,290,5,5,0,0,SSH-Bruteforce
80,6,20,1200,20,0,0,0,DoS-SYN-Flood
80,6,20,1480,20,0,0,0,DoS-HTTP
80,17,20,1200,0,0,0,0,DoS-UDP
0,1,20,1200,0,0,0,0,DoS-ICMP
80,6,20,1200,20,0,0,0,DoS-SYN-Flood
80,6,20,1200,20,0,0,0,DoS-SYN-Flood
80,17,20,1200,0,0,0,0,DoS-UDP
80,6,20,1480,20,0,0,0,DoS-HTTP
80,6,20,1480,20,0,0,0,DoS-HTTP
80,17,20,1200,0,0,0,0,DoS-UDP
0,1,20,840,0,0,0,0,DoS-ICMP
80,17,20,1200,0,0,0,0,DoS-UDP
37293,6,2,120,2,0,0,0,PortScan
0,1,20,840,0,0,0,0,DoS-ICMP
47939,6,2,120,2,0,0,0,PortScan
80,17,20,1200,0,0,0,0,DoS-UDP
80,17,20,1200,0,0,0,0,DoS-UDP
80,6,20,1200,20,0,0,0,DoS-SYN-Flood
80,6,20,1200,20,0,0,0,DoS-SYN-Flood
80,17,20,1200,0,0,0,0,DoS-UDP
34049,6,2,120,2,0,0,0,PortScan
80,6,20,1480,20,0,0,0,DoS-HTTP
55422,6,6,348,6,6,0,0,SSH-Bruteforce
80,6,20,1480,20,0,0,0,DoS-HTTP
80,6,20,1480,20,0,0,0,DoS-HTTP
0,1,20,1200,0,0,0,0,DoS-ICMP
80,6,20,1480,20,0,0,0,DoS-HTTP
80,6,20,1480,20,0,0,0,DoS-HTTP
80,6,20,1200,20,0,0,0,DoS-SYN-Flood
22,6,20,1200,0,0,20,0,SSH-Bruteforce
9520,6,4,232,4,4,0,0,SSH-Bruteforce
80,6,20,1480,20,0,0,0,DoS-HTTP
183,6,3,174,3,3,0,0,SSH-Bruteforce
80,6,20,1480,20,0,0,0,DoS-HTTP
80,6,20,1200,20,0,0,0,DoS-SYN-Flood
80,6,20,1480,20,0,0,0,DoS-HTTP
22,6,20,1200,20,0,0,0,SSH-Bruteforce
80,6,20,1480,20,0,0,0,DoS-HTTP
80,6,20,1200,20,0,0,0,DoS-SYN-Flood
80,6,20,1200,20,0,0,0,DoS-SYN-Flood
80,6,20,1480,20,0,0,0,DoS-HTTP
80,17,20,1200,0,0,0,0,DoS-UDP
22,6,20,1200,13,0,7,0,SSH-Bruteforce
80,17,20,1200,0,0,0,0,DoS-UDP
54912,6,6,348,6,6,0,0,SSH-Bruteforce
0,1,20,840,0,0,0,0,DoS-ICMP
2183,6,4,240,4,0,0,0,PortScan
0,1,20,1200,0,0,0,0,DoS-ICMP
0,1,20,1200,0,0,0,0,DoS-ICMP
80,17,20,1200,0,0,0,0,DoS-UDP
2229,6,6,348,6,6,0,0,SSH-Bruteforce
34835,6,2,120,2,0,0,0,PortScan
80,17,20,1200,0,0,0,0,DoS-UDP
5681,6,4,240,4,0,0,0,PortScan
31278,6,4,240,4,0,0,0,PortScan
80,6,20,1200,20,0,0,0,DoS-SYN-Flood
12797,6,10,580,10,10,0,0,SSH-Bruteforce
0,1,20,840,0,0,0,0,DoS-ICMP
49558,6,6,348,6,6,0,0,SSH-Bruteforce
0,1,20,840,0,0,0,0,DoS-ICMP
80,6,20,1480,20,0,0,0,DoS-HTTP
60068,6,2,120,2,0,0,0,PortScan
0,1,20,840,0,0,0,0,DoS-ICMP
80,17,20,1200,0,0,0,0,DoS-UDP
443,6,20,3153,0,20,0,0,BENIGN
63561,6,2,120,2,0,0,0,PortScan
80,6,20,1200,20,0,0,0,DoS-SYN-Flood
80,6,20,1200,20,0,0,0,DoS-SYN-Flood
22,6,20,1200,20,0,0,0,SSH-Bruteforce
0,1,20,840,0,0,0,0,DoS-ICMP
80,17,20,1200,0,0,0,0,DoS-UDP
22,6,20,1200,20,0,0,0,SSH-Bruteforce
80,17,20,1200,0,0,0,0,DoS-UDP
19077,6,4,232,4,4,0,0,SSH-Bruteforce
55627,6,6,348,6,6,0,0,SSH-Bruteforce
54829,17,20,27980,0,0,0,0,BENIGN
0,1,20,840,0,0,0,0,DoS-ICMP
80,6,20,1200,20,0,0,0,DoS-SYN-Flood
80,6,20,1480,20,0,0,0,DoS-HTTP
0,1,20,1200,0,0,0,0,DoS-ICMP
80,6,20,1480,20,0,0,0,DoS-HTTP
0,1,20,840,0,0,0,0,DoS-ICMP
0,1,20,840,0,0,0,0,DoS-ICMP
21602,6,8,464,8,8,0,0,SSH-Bruteforce
43972,6,2,120,2,0,0,0,PortScan
80,6,20,1480,20,0,0,0,DoS-HTTP
51562,6,4,240,4,0,0,0,PortScan
48792,6,6,348,6,6,0,0,SSH-Bruteforce
0,1,20,840,0,0,0,0,DoS-ICMP
80,6,20,1200,20,0,0,0,DoS-SYN-Flood
80,6,20,1480,20,0,0,0,DoS-HTTP
60573,6,4,240,4,0,0,0,PortScan
0,1,20,840,0,0,0,0,DoS-ICMP
2190,6,4,240,4,0,0,0,PortScan
80,17,20,1200,0,0,0,0,DoS-UDP
80,6,20,1200,20,0,0,0,DoS-SYN-Flood
80,6,20,1480,20,0,0,0,DoS-HTTP
80,17,20,1200,0,0,0,0,DoS-UDP
80,6,20,1200,20,0,0,0,DoS-SYN-Flood
80,17,20,1200,0,0,0,0,DoS-UDP
0,1,20,840,0,0,0,0,DoS-ICMP
80,6,20,1200,20,0,0,0,DoS-SYN-Flood
0,1,20,840,0,0,0,0,DoS-ICMP
59146,6,9,522,9,9,0,0,SSH-Bruteforce
80,17,20,1200,0,0,0,0,DoS-UDP
80,17,20,1200,0,0,0,0,DoS-UDP
80,17,20,1200,0,0,0,0,DoS-UDP
80,6,20,1200,20,0,0,0,DoS-SYN-Flood
36520,17,20,27980,0,0,0,0,BENIGN
80,6,20,1480,20,0,0,0,DoS-HTTP
443,6,20,1200,0,20,0,0,BENIGN
80,6,20,1200,20,0,0,0,DoS-SYN-Flood
80,6,20,1480,20,0,0,0,DoS-HTTP
0,1,20,840,0,0,0,0,DoS-ICMP
80,6,20,1480,20,0,0,0,DoS-HTTP
60886,6,20,29140,0,20,0,0,BENIGN
80,17,20,1200,0,0,0,0,DoS-UDP
50125,6,2,120,2,0,0,0,PortScan
80,6,20,1480,20,0,0,0,DoS-HTTP
80,6,20,1200,20,0,0,0,DoS-SYN-Flood
80,17,20,1200,0,0,0,0,DoS-UDP
42440,17,20,27980,0,0,0,0,BENIGN
22,6,20,1200,20,0,0,0,SSH-Bruteforce
80,6,20,1480,20,0,0,0,DoS-HTTP
39694,6,10,580,10,10,0,0,SSH-Bruteforce
38069,17,2,482,0,0,0,0,BENIGN
16312,6,5,290,5,5,0,0,SSH-Bruteforce
54054,6,2,120,2,0,0,0,PortScan
80,17,20,1200,0,0,0,0,DoS-UDP
19179,6,4,240,4,0,0,0,PortScan
80,6,20,1480,20,0,0,0,DoS-HTTP
80,17,20,1200,0,0,0,0,DoS-UDP
80,6,20,1480,20,0,0,0,DoS-HTTP
0,1,20,840,0,0,0,0,DoS-ICMP
22,6,20,1200,13,0,7,0,SSH-Bruteforce
18613,6,8,464,8,8,0,0,SSH-Bruteforce
80,6,20,1200,20,0,0,0,DoS-SYN-Flood
0,1,20,1200,0,0,0,0,DoS-ICMP
80,17,20,1200,0,0,0,0,DoS-UDP
80,6,20,1200,20,0,0,0,DoS-SYN-Flood
80,6,20,1200,20,0,0,0,DoS-SYN-Flood
0,1,20,840,0,0,0,0,DoS-ICMP
80,6,20,1200,20,0,0,0,DoS-SYN-Flood
22,6,20,1200,0,0,20,0,SSH-Bruteforce
4024,6,4,240,4,0,0,0,PortScan
80,6,20,1200,20,0,0,0,DoS-SYN-Flood
24507,6,6,348,6,6,0,0,SSH-Bruteforce
80,17,20,1200,0,0,0,0,DoS-UDP
80,6,20,1200,20,0,0,0,DoS-SYN-Flood
80,6,20,1200,20,0,0,0,DoS-SYN-Flood
15152,6,4,240,4,0,0,0,PortScan
80,6,20,1480,20,0,0,0,DoS-HTTP
80,17,20,1200,0,0,0,0,DoS-UDP
80,6,20,1200,20,0,0,0,DoS-SYN-Flood
80,17,20,1200,0,0,0,0,DoS-UDP
57481,17,2,198,0,0,0,0,BENIGN
80,6,20,1200,20,0,0,0,DoS-SYN-Flood
80,17,20,1200,0,0,0,0,DoS-UDP
80,6,20,1480,20,0,0,0,DoS-HTTP
0,1,20,840,0,0,0,0,DoS-ICMP
0,1,20,840,0,0,0,0,DoS-ICMP
35847,6,2,120,2,0,0,0,PortScan
80,6,20,1200,20,0,0,0,DoS-SYN-Flood
80,6,20,1480,20,0,0,0,DoS-HTTP
25801,6,4,240,4,0,0,0,PortScan
59426,6,2,120,2,0,0,0,PortScan
80,6,20,1480,20,0,0,0,DoS-HTTP
51409,6,2,120,2,0,0,0,PortScan
11294,6,4,240,4,0,0,0,PortScan
25177,6,8,464,8,8,0,0,SSH-Bruteforce
0,1,20,1200,0,0,0,0,DoS-ICMP
0,1,20,1200,0,0,0,0,DoS-ICMP
80,17,20,1200,0,0,0,0,DoS-UDP
80,6,20,1200,20,0,0,0,DoS-SYN-Flood
0,1,20,840,0,0,0,0,DoS-ICMP
22,6,20,1200,0,0,20,0,SSH-Bruteforce
58471,6,2,120,2,0,0,0,PortScan
80,17,20,1200,0,0,0,0,DoS-UDP
80,17,20,1200,0,0,0,0,DoS-UDP
0,1,20,1200,0,0,0,0,DoS-ICMP
80,6,20,1480,20,0,0,0,DoS-HTTP
80,17,20,1200,0,0,0,0,DoS-UDP
0,1,20,840,0,0,0,0,DoS-ICMP
45840,6,5,290,5,5,0,0,SSH-Bruteforce
80,6,20,1200,20,0,0,0,DoS-SYN-Flood
0,1,20,840,0,0,0,0,DoS-ICMP
80,6,20,1480,20,0,0,0,DoS-HTTP
0,1,20,1200,0,0,0,0,DoS-ICMP
80,6,20,1480,20,0,0,0,DoS-HTTP
22,6,20,1200,20,0,0,0,SSH-Bruteforce
33240,6,20,29080,0,20,0,0,BENIGN
80,6,20,1200,20,0,0,0,DoS-SYN-Flood
80,17,20,1200,0,0,0,0,DoS-UDP
59985,6,2,120,2,0,0,0,PortScan
53901,6,2,120,2,0,0,0,PortScan
80,6,20,1480,20,0,0,0,DoS-HTTP
80,17,20,1200,0,0,0,0,DoS-UDP
80,6,20,1480,20,0,0,0,DoS-HTTP
80,6,20,1200,20,0,0,0,DoS-SYN-Flood
0,1,20,840,0,0,0,0,DoS-ICMP
0,1,20,840,0,0,0,0,DoS-ICMP
80,6,20,1200,20,0,0,0,DoS-SYN-Flood
60886,6,20,30280,0,20,0,0,BENIGN
0,1,20,1200,0,0,0,0,DoS-ICMP
80,6,20,1200,20,0,0,0,DoS-SYN-Flood
80,6,20,1480,20,0,0,0,DoS-HTTP
80,17,20,1200,0,0,0,0,DoS-UDP
51119,6,2,120,2,0,0,0,PortScan
47567,6,9,522,9,9,0,0,SSH-Bruteforce
21841,6,4,240,4,0,0,0,PortScan
32161,6,2,120,2,0,0,0,PortScan
52817,6,4,240,4,0,0,0,PortScan
80,17,20,1200,0,0,0,0,DoS-UDP
80,17,20,1200,0,0,0,0,DoS-UDP
0,1,20,1200,0,0,0,0,DoS-ICMP
0,1,20,840,0,0,0,0,DoS-ICMP
48826,6,2,120,2,0,0,0,PortScan
23705,6,4,240,4,0,0,0,PortScan
80,6,20,1480,20,0,0,0,DoS-HTTP
63045,6,2,120,2,0,0,0,PortScan
0,1,20,840,0,0,0,0,DoS-ICMP
22,6,20,1200,20,0,0,0,SSH-Bruteforce
80,6,20,1480,20,0,0,0,DoS-HTTP
80,17,20,1200,0,0,0,0,DoS-UDP
48782,6,6,927,0,6,0,1,BENIGN
80,17,20,1200,0,0,0,0,DoS-UDP
80,17,20,1200,0,0,0,0,DoS-UDP
61759,6,2,120,2,0,0,0,PortScan
80,17,20,1200,0,0,0,0,DoS-UDP
80,6,20,1480,20,0,0,0,DoS-HTTP
80,17,20,1200,0,0,0,0,DoS-UDP
33132,6,2,120,2,0,0,0,PortScan
80,6,20,1200,20,0,0,0,DoS-SYN-Flood
80,6,20,1480,20,0,0,0,DoS-HTTP
53890,6,2,120,2,0,0,0,PortScan
25214,6,4,240,4,0,0,0,PortScan
45150,6,4,240,4,0,0,0,PortScan
36520,17,20,27980,0,0,0,0,BENIGN
80,17,20,1200,0,0,0,0,DoS-UDP
80,6,20,1200,20,0,0,0,DoS-SYN-Flood
14023,6,6,360,6,0,0,0,PortScan
443,6,20,1200,0,20,0,0,BENIGN
37547,6,8,464,8,8,0,0,SSH-Bruteforce
0,1,20,1200,0,0,0,0,DoS-ICMP
80,17,20,1200,0,0,0,0,DoS-UDP
80,17,20,1200,0,0,0,0,DoS-UDP
39886,6,10,580,10,10,0,0,SSH-Bruteforce
21849,6,2,120,2,0,0,0,PortScan
47941,6,8,464,8,8,0,0,SSH-Bruteforce
35998,6,5,290,5,5,0,0,SSH-Bruteforce
80,6,20,1200,20,0,0,0,DoS-SYN-Flood
51632,6,6,348,6,6,0,0,SSH-Bruteforce
13656,6,4,240,4,0,0,0,PortScan
58327,6,4,232,4,4,0,0,SSH-Bruteforce
80,6,20,1200,20,0,0,0,DoS-SYN-Flood
44398,6,8,464,8,8,0,0,SSH-Bruteforce
80,6,20,1200,20,0,0,0,DoS-SYN-Flood
80,6,20,1200,20,0,0,0,DoS-SYN-Flood
0,1,20,840,0,0,0,0,DoS-ICMP
23259,6,4,240,4,0,0,0,PortScan
80,17,20,1200,0,0,0,0,DoS-UDP
25150,6,2,120,2,0,0,0,PortScan
80,6,20,1480,20,0,0,0,DoS-HTTP
80,6,20,1200,20,0,0,0,DoS-SYN-Flood
0,1,20,840,0,0,0,0,DoS-ICMP
60978,6,5,290,5,5,0,0,SSH-Bruteforce
80,17,20,1200,0,0,0,0,DoS-UDP
0,1,20,840,0,0,0,0,DoS-ICMP
80,6,20,1200,20,0,0,0,DoS-SYN-Flood
80,17,20,1200,0,0,0,0,DoS-UDP
80,6,20,1200,20,0,0,0,DoS-SYN-Flood
80,6,20,1200,20,0,0,0,DoS-SYN-Flood
45979,6,2,120,2,0,0,0,PortScan
43703,6,4,240,4,0,0,0,PortScan
48434,6,2,120,2,0,0,0,PortScan
80,17,20,1200,0,0,0,0,DoS-UDP
80,6,20,1480,20,0,0,0,DoS-HTTP
0,1,20,840,0,0,0,0,DoS-ICMP
63565,6,2,120,2,0,0,0,PortScan
46800,6,2,120,2,0,0,0,PortScan
64583,6,4,240,4,0,0,0,PortScan
0,1,20,1200,0,0,0,0,DoS-ICMP
21937,6,2,120,2,0,0,0,PortScan
64484,6,5,290,5,5,0,0,SSH-Bruteforce
80,6,20,1480,20,0,0,0,DoS-HTTP
80,6,20,1200,20,0,0,0,DoS-SYN-Flood
0,1,20,840,0,0,0,0,DoS-ICMP
0,1,20,1200,0,0,0,0,DoS-ICMP
5114,6,4,240,4,0,0,0,PortScan
61375,6,5,290,5,5,0,0,SSH-Bruteforce
80,17,20,1200,0,0,0,0,DoS-UDP
22,6,20,1200,0,0,20,0,SSH-Bruteforce
80,6,20,1200,20,0,0,0,DoS-SYN-Flood
0,1,20,840,0,0,0,0,DoS-ICMP
80,17,20,1200,0,0,0,0,DoS-UDP
48565,6,2,120,2,0,0,0,PortScan
80,6,20,1480,20,0,0,0,DoS-HTTP
80,6,20,1480,20,0,0,0,DoS-HTTP
0,1,20,840,0,0,0,0,DoS-ICMP
80,6,20,1200,20,0,0,0,DoS-SYN-Flood
54827,6,8,464,8,8,0,0,SSH-Bruteforce
80,17,20,1200,0,0,0,0,DoS-UDP
45161,6,11,638,11,11,0,0,SSH-Bruteforce
80,6,20,1200,20,0,0,0,DoS-SYN-Flood
80,6,20,1200,20,0,0,0,DoS-SYN-Flood
25106,6,7,406,7,7,0,0,SSH-Bruteforce
443,17,20,1542,0,0,0,0,BENIGN
80,6,20,1200,20,0,0,0,DoS-SYN-Flood
80,6,20,1480,20,0,0,0,DoS-HTTP
0,1,20,840,0,0,0,0,DoS-ICMP
80,6,20,1200,20,0,0,0,DoS-SYN-Flood
40973,6,5,290,5,5,0,0,SSH-Bruteforce
80,6,20,1200,20,0,0,0,DoS-SYN-Flood
443,17,20,17840,0,0,0,0,BENIGN
37334,6,4,240,4,0,0,0,PortScan
22,6,20,1200,0,0,20,0,SSH-Bruteforce
80,17,20,1200,0,0,0,0,DoS-UDP
43869,6,7,406,7,7,0,0,SSH-Bruteforce
80,17,20,1200,0,0,0,0,DoS-UDP
0,1,20,1200,0,0,0,0,DoS-ICMP
80,6,20,1200,20,0,0,0,DoS-SYN-Flood
80,6,20,1200,20,0,0,0,DoS-SYN-Flood
80,6,20,1200,20,0,0,0,DoS-SYN-Flood
28538,6,9,522,9,9,0,0,SSH-Bruteforce
12080,6,8,464,8,8,0,0,SSH-Bruteforce
80,17,20,1200,0,0,0,0,DoS-UDP
49416,6,7,406,7,7,0,0,SSH-Bruteforce
80,17,20,1200,0,0,0,0,DoS-UDP
80,6,20,1200,20,0,0,0,DoS-SYN-Flood
80,17,20,1200,0,0,0,0,DoS-UDP
32130,6,4,240,4,0,0,0,PortScan
443,17,20,10774,0,0,0,0,BENIGN
0,1,20,840,0,0,0,0,DoS-ICMP
0,1,20,1200,0,0,0,0,DoS-ICMP
80,17,20,1200,0,0,0,0,DoS-UDP
80,17,20,1200,0,0,0,0,DoS-UDP
80,17,20,1200,0,0,0,0,DoS-UDP
22,6,20,1200,0,0,20,0,SSH-Bruteforce
0,1,20,1200,0,0,0,0,DoS-ICMP
33286,6,20,13518,1,20,0,0,BENIGN
80,6,20,1200,20,0,0,0,DoS-SYN-Flood
32559,6,6,348,6,6,0,0,SSH-Bruteforce
22,6,20,1200,0,0,20,0,SSH-Bruteforce
0,1,20,840,0,0,0,0,DoS-ICMP
15246,6,4,240,4,0,0,0,PortScan
53278,6,20,30279,0,20,0,0,BENIGN
80,17,20,1200,0,0,0,0,DoS-UDP
2500,6,4,240,4,0,0,0,PortScan
39647,6,2,120,2,0,0,0,PortScan
0,1,20,840,0,0,0,0,DoS-ICMP
22,6,20,1200,11,0,9,0,SSH-Bruteforce
34171,6,4,240,4,0,0,0,PortScan
17445,6,2,120,2,0,0,0,PortScan
47571,6,2,120,2,0,0,0,PortScan
80,6,20,1200,20,0,0,0,DoS-SYN-Flood
23318,6,4,240,4,0,0,0,PortScan
0,1,20,1200,0,0,0,0,DoS-ICMP
80,6,20,1480,20,0,0,0,DoS-HTTP
80,6,20,1200,20,0,0,0,DoS-SYN-Flood
22,6,20,1200,1,0,19,0,SSH-Bruteforce
80,17,20,1200,0,0,0,0,DoS-UDP
80,17,20,1200,0,0,0,0,DoS-UDP
0,1,20,1200,0,0,0,0,DoS-ICMP
80,6,20,1200,20,0,0,0,DoS-SYN-Flood
80,6,20,1480,20,0,0,0,DoS-HTTP
23665,6,4,240,4,0,0,0,PortScan
80,6,20,1200,20,0,0,0,DoS-SYN-Flood
22,6,20,1200,20,0,0,0,SSH-Bruteforce
0,1,20,1200,0,0,0,0,DoS-ICMP
0,1,20,1200,0,0,0,0,DoS-ICMP
80,6,20,1480,20,0,0,0,DoS-HTTP
0,1,20,840,0,0,0,0,DoS-ICMP
13244,6,4,240,4,0,0,0,PortScan
80,17,20,1200,0,0,0,0,DoS-UDP
80,6,20,1480,20,0,0,0,DoS-HTTP
29482,6,2,120,2,0,0,0,PortScan
0,1,20,840,0,0,0,0,DoS-ICMP
36520,17,20,27980,0,0,0,0,BENIGN
59804,6,20,16163,0,20,0,0,BENIGN
22,6,20,1200,0,0,20,0,SSH-Bruteforce
80,6,20,1480,20,0,0,0,DoS-HTTP
52762,6,2,120,2,0,0,0,PortScan
25290,6,2,120,2,0,0,0,PortScan
80,17,20,1200,0,0,0,0,DoS-UDP
22,6,20,1200,0,0,20,0,SSH-Bruteforce
80,6,20,1200,20,0,0,0,DoS-SYN-Flood
37515,6,4,240,4,0,0,0,PortScan
46398,17,20,27261,0,0,0,0,BENIGN
80,6,20,1200,20,0,0,0,DoS-SYN-Flood
0,1,20,840,0,0,0,0,DoS-ICMP
80,6,20,1200,20,0,0,0,DoS-SYN-Flood
80,6,20,1480,20,0,0,0,DoS-HTTP
80,17,20,1200,0,0,0,0,DoS-UDP
80,17,20,1200,0,0,0,0,DoS-UDP
80,6,20,1480,20,0,0,0,DoS-HTTP
17178,6,8,464,8,8,0,0,SSH-Bruteforce
62745,6,4,240,4,0,0,0,PortScan
80,17,20,1200,0,0,0,0,DoS-UDP
0,1,20,840,0,0,0,0,DoS-ICMP
36520,17,20,27980,0,0,0,0,BENIGN
0,1,20,840,0,0,0,0,DoS-ICMP
80,17,20,1200,0,0,0,0,DoS-UDP
80,6,20,1480,20,0,0,0,DoS-HTTP
80,6,20,1200,20,0,0,0,DoS-SYN-Flood
80,6,20,1480,20,0,0,0,DoS-HTTP
80,6,20,1480,20,0,0,0,DoS-HTTP
36520,17,20,27980,0,0,0,0,BENIGN
42440,17,20,27980,0,0,0,0,BENIGN
36520,17,20,27980,0,0,0,0,BENIGN
80,6,20,1480,20,0,0,0,DoS-HTTP
0,1,20,840,0,0,0,0,DoS-ICMP
54632,6,2,120,2,0,0,0,PortScan
80,6,20,1200,20,0,0,0,DoS-SYN-Flood
80,6,20,1200,20,0,0,0,DoS-SYN-Flood
80,6,20,1200,20,0,0,0,DoS-SYN-Flood
80,6,20,1200,20,0,0,0,DoS-SYN-Flood
24204,6,5,290,5,5,0,0,SSH-Bruteforce
50583,6,2,120,2,0,0,0,PortScan
80,6,20,1480,20,0,0,0,DoS-HTTP
33625,6,2,120,2,0,0,0,PortScan
80,6,20,1200,20,0,0,0,DoS-SYN-Flood
36520,17,20,27980,0,0,0,0,BENIGN
0,1,20,1200,0,0,0,0,DoS-ICMP
80,6,20,1200,20,0,0,0,DoS-SYN-Flood
80,17,20,1200,0,0,0,0,DoS-UDP
13379,6,4,240,4,0,0,0,PortScan
56541,6,7,406,7,7,0,0,SSH-Bruteforce
60764,6,4,240,4,0,0,0,PortScan
12845,6,4,240,4,0,0,0,PortScan
0,1,20,1200,0,0,0,0,DoS-ICMP
80,6,20,1480,20,0,0,0,DoS-HTTP
80,6,20,1480,20,0,0,0,DoS-HTTP
80,17,20,1200,0,0,0,0,DoS-UDP
80,6,20,1200,20,0,0,0,DoS-SYN-Flood
0,1,20,840,0,0,0,0,DoS-ICMP
36520,17,20,27980,0,0,0,0,BENIGN
80,6,20,1200,20,0,0,0,DoS-SYN-Flood
80,6,20,1200,20,0,0,0,DoS-SYN-Flood
80,17,20,1200,0,0,0,0,DoS-UDP
80,17,20,1200,0,0,0,0,DoS-UDP
11276,6,4,240,4,0,0,0,PortScan
80,6,20,1200,20,0,0,0,DoS-SYN-Flood
26595,6,4,232,4,4,0,0,SSH-Bruteforce
80,6,20,1480,20,0,0,0,DoS-HTTP
0,1,20,1200,0,0,0,0,DoS-ICMP
80,6,20,1200,20,0,0,0,DoS-SYN-Flood
80,6,20,1200,20,0,0,0,DoS-SYN-Flood
80,6,20,1200,20,0,0,0,DoS-SYN-Flood
46401,6,2,120,2,0,0,0,PortScan
80,6,20,1200,20,0,0,0,DoS-SYN-Flood
22,6,20,1200,0,0,20,0,SSH-Bruteforce
80,6,20,1200,20,0,0,0,DoS-SYN-Flood
0,1,20,840,0,0,0,0,DoS-ICMP
41701,6,2,120,2,0,0,0,PortScan
0,1,20,1200,0,0,0,0,DoS-ICMP
0,1,20,1200,0,0,0,0,DoS-ICMP
80,17,20,1200,0,0,0,0,DoS-UDP
46594,6,2,120,2,0,0,0,PortScan
80,6,20,1480,20,0,0,0,DoS-HTTP
443,6,15,1689,1,14,0,2,BENIGN
80,17,20,1200,0,0,0,0,DoS-UDP
11716,6,4,240,4,0,0,0,PortScan
53844,6,12,696,12,12,0,0,SSH-Bruteforce
80,17,20,1200,0,0,0,0,DoS-UDP
80,6,20,1480,20,0,0,0,DoS-HTTP
0,1,20,840,0,0,0,0,DoS-ICMP
39345,6,9,522,9,9,0,0,SSH-Bruteforce
80,6,20,1200,20,0,0,0,DoS-SYN-Flood
80,6,20,1480,20,0,0,0,DoS-HTTP
0,1,20,1200,0,0,0,0,DoS-ICMP
36083,6,8,464,8,8,0,0,SSH-Bruteforce
80,6,20,1480,20,0,0,0,DoS-HTTP
80,17,20,1200,0,0,0,0,DoS-UDP
80,6,20,1200,20,0,0,0,DoS-SYN-Flood
5541,6,6,360,6,0,0,0,PortScan
80,17,20,1200,0,0,0,0,DoS-UDP
80,6,20,1200,20,0,0,0,DoS-SYN-Flood
3504,6,9,522,9,9,0,0,SSH-Bruteforce
2354,6,7,406,7,7,0,0,SSH-Bruteforce
0,1,20,840,0,0,0,0,DoS-ICMP
63487,6,4,240,4,0,0,0,PortScan
80,6,20,1480,20,0,0,0,DoS-HTTP
0,1,20,840,0,0,0,0,DoS-ICMP
22,6,20,1200,0,0,20,0,SSH-Bruteforce
26651,6,4,240,4,0,0,0,PortScan
0,1,20,840,0,0,0,0,DoS-ICMP
48782,6,20,27620,0,20,0,0,BENIGN
80,17,20,1200,0,0,0,0,DoS-UDP
80,6,20,1200,20,0,0,0,DoS-SYN-Flood
0,1,20,1200,0,0,0,0,DoS-ICMP
0,1,20,1200,0,0,0,0,DoS-ICMP
80,17,20,1200,0,0,0,0,DoS-UDP
0,1,20,1200,0,0,0,0,DoS-ICMP
0,1,20,840,0,0,0,0,DoS-ICMP
12269,6,8,464,8,8,0,0,SSH-Bruteforce
80,17,20,1200,0,0,0,0,DoS-UDP
26962,6,4,240,4,0,0,0,PortScan
80,17,20,1200,0,0,0,0,DoS-UDP
8939,6,4,240,4,0,0,0,PortScan
24463,6,6,348,6,6,0,0,SSH-Bruteforce
53278,6,20,29740,0,20,0,0,BENIGN
80,17,20,1200,0,0,0,0,DoS-UDP
80,17,20,1200,0,0,0,0,DoS-UDP
39849,6,6,348,6,6,0,0,SSH-Bruteforce
80,17,20,1200,0,0,0,0,DoS-UDP
80,6,20,1200,20,0,0,0,DoS-SYN-Flood
38283,6,7,406,7,7,0,0,SSH-Bruteforce
0,1,20,1200,0,0,0,0,DoS-ICMP
80,6,20,1200,20,0,0,0,DoS-SYN-Flood
80,17,20,1200,0,0,0,0,DoS-UDP
5844,6,4,240,4,0,0,0,PortScan
80,17,20,1200,0,0,0,0,DoS-UDP
33240,6,20,28960,0,20,0,0,BENIGN
64525,6,2,120,2,0,0,0,PortScan
33240,6,20,29020,0,20,0,0,BENIGN
49280,6,2,120,2,0,0,0,PortScan
80,6,20,1200,20,0,0,0,DoS-SYN-Flood
80,6,20,1200,20,0,0,0,DoS-SYN-Flood
80,6,20,1480,20,0,0,0,DoS-HTTP
443,6,20,2691,0,20,0,0,BENIGN
53278,6,20,29620,0,20,0,0,BENIGN
33240,6,20,29080,0,20,0,0,BENIGN
36520,17,20,27980,0,0,0,0,BENIGN
27834,6,8,464,8,8,0,0,SSH-Bruteforce
40744,6,4,240,4,0,0,0,PortScan
80,17,20,1200,0,0,0,0,DoS-UDP
29885,6,4,240,4,0,0,0,PortScan
80,17,20,1200,0,0,0,0,DoS-UDP
80,6,20,1200,20,0,0,0,DoS-SYN-Flood
80,17,20,1200,0,0,0,0,DoS-UDP
80,17,20,1200,0,0,0,0,DoS-UDP
54219,6,4,240,4,0,0,0,PortScan
3227,6,4,240,4,0,0,0,PortScan
21556,6,8,464,8,8,0,0,SSH-Bruteforce
50328,6,2,120,2,0,0,0,PortScan
80,17,20,1200,0,0,0,0,DoS-UDP
34118,6,2,120,2,0,0,0,PortScan
17119,6,8,464,8,8,0,0,SSH-Bruteforce
11791,6,4,240,4,0,0,0,PortScan
80,6,20,1200,20,0,0,0,DoS-SYN-Flood
60998,6,2,120,2,0,0,0,PortScan
80,6,20,1480,20,0,0,0,DoS-HTTP
63324,6,6,348,6,6,0,0,SSH-Bruteforce
24594,6,2,120,2,0,0,0,PortScan
20384,6,4,240,4,0,0,0,PortScan
80,17,20,1200,0,0,0,0,DoS-UDP
80,6,20,1480,20,0,0,0,DoS-HTTP
443,6,20,1200,0,20,0,0,BENIGN
16575,6,2,120,2,0,0,0,PortScan
39930,6,10,580,10,10,0,0,SSH-Bruteforce
80,17,20,1200,0,0,0,0,DoS-UDP
80,6,20,1480,20,0,0,0,DoS-HTTP
0,1,20,1200,0,0,0,0,DoS-ICMP
80,17,20,1200,0,0,0,0,DoS-UDP
6459,6,4,240,4,0,0,0,PortScan
0,1,20,840,0,0,0,0,DoS-ICMP
64954,6,4,240,4,0,0,0,PortScan
35279,6,4,240,4,0,0,0,PortScan
5139,6,4,240,4,0,0,0,PortScan
22,6,20,1200,1,0,19,0,SSH-Bruteforce
80,6,20,1480,20,0,0,0,DoS-HTTP
22,6,20,1200,0,0,20,0,SSH-Bruteforce
31130,6,2,120,2,0,0,0,PortScan
80,6,20,1200,20,0,0,0,DoS-SYN-Flood
46284,6,2,120,2,0,0,0,PortScan
80,6,20,1200,20,0,0,0,DoS-SYN-Flood
80,6,20,1480,20,0,0,0,DoS-HTTP
0,1,20,1200,0,0,0,0,DoS-ICMP
28179,6,10,580,10,10,0,0,SSH-Bruteforce
80,6,20,1480,20,0,0,0,DoS-HTTP
80,6,20,1200,20,0,0,0,DoS-SYN-Flood
443,6,20,11956,0,20,0,0,BENIGN
33240,6,20,29080,0,20,0,0,BENIGN
33965,6,10,580,10,10,0,0,SSH-Bruteforce
22,6,20,1200,16,0,4,0,SSH-Bruteforce
80,17,20,1200,0,0,0,0,DoS-UDP
80,6,20,1200,20,0,0,0,DoS-SYN-Flood
80,6,20,1200,20,0,0,0,DoS-SYN-Flood
80,6,20,1200,20,0,0,0,DoS-SYN-Flood
0,1,20,840,0,0,0,0,DoS-ICMP
9195,6,4,240,4,0,0,0,PortScan
443,17,20,19620,0,0,0,0,BENIGN
36535,6,2,120,2,0,0,0,PortScan
80,6,20,1480,20,0,0,0,DoS-HTTP
22,6,20,1200,0,0,20,0,SSH-Bruteforce
80,6,20,1480,20,0,0,0,DoS-HTTP
25844,6,4,240,4,0,0,0,PortScan
80,6,20,1480,20,0,0,0,DoS-HTTP
80,17,20,1200,0,0,0,0,DoS-UDP
0,1,20,1200,0,0,0,0,DoS-ICMP
80,6,20,1200,20,0,0,0,DoS-SYN-Flood
31292,6,4,240,4,0,0,0,PortScan
30928,6,5,290,5,5,0,0,SSH-Bruteforce
80,6,20,1480,20,0,0,0,DoS-HTTP
13889,6,4,240,4,0,0,0,PortScan
80,6,20,1480,20,0,0,0,DoS-HTTP
0,1,20,1200,0,0,0,0,DoS-ICMP
37775,6,2,120,2,0,0,0,PortScan
1935,6,6,360,6,0,0,0,PortScan
22,6,20,1200,2,0,18,0,SSH-Bruteforce
41380,6,10,580,10,10,0,0,SSH-Bruteforce
22,6,20,1200,9,0,11,0,SSH-Bruteforce
80,17,20,1200,0,0,0,0,DoS-UDP
80,17,20,1200,0,0,0,0,DoS-UDP
80,17,20,1200,0,0,0,0,DoS-UDP
80,17,20,1200,0,0,0,0,DoS-UDP
443,17,20,12406,0,0,0,0,BENIGN
80,6,20,1480,20,0,0,0,DoS-HTTP
80,6,20,1200,20,0,0,0,DoS-SYN-Flood
80,17,20,1200,0,0,0,0,DoS-UDP
33240,6,20,28900,0,20,0,0,BENIGN
10208,6,6,360,6,0,0,0,PortScan
30774,6,6,348,6,6,0,0,SSH-Bruteforce
80,6,20,1480,20,0,0,0,DoS-HTTP
47807,6,4,240,4,0,0,0,PortScan
0,1,20,1200,0,0,0,0,DoS-ICMP
0,1,20,840,0,0,0,0,DoS-ICMP
80,6,20,1200,20,0,0,0,DoS-SYN-Flood
80,6,20,1480,20,0,0,0,DoS-HTTP
80,6,20,1480,20,0,0,0,DoS-HTTP
0,1,20,840,0,0,0,0,DoS-ICMP
0,1,20,1200,0,0,0,0,DoS-ICMP
80,6,20,1480,20,0,0,0,DoS-HTTP
0,1,20,840,0,0,0,0,DoS-ICMP
80,17,20,1200,0,0,0,0,DoS-UDP
80,17,20,1200,0,0,0,0,DoS-UDP
23288,6,2,120,2,0,0,0,PortScan
0,1,20,840,0,0,0,0,DoS-ICMP
0,1,20,1200,0,0,0,0,DoS-ICMP
5913,6,6,360,6,0,0,0,PortScan
0,1,20,840,0,0,0,0,DoS-ICMP
80,6,20,1200,20,0,0,0,DoS-SYN-Flood
0,1,20,840,0,0,0,0,DoS-ICMP
80,6,20,1480,20,0,0,0,DoS-HTTP
80,6,20,1200,20,0,0,0,DoS-SYN-Flood
80,6,20,1480,20,0,0,0,DoS-HTTP
0,1,20,840,0,0,0,0,DoS-ICMP
0,1,20,840,0,0,0,0,DoS-ICMP
36520,17,20,27980,0,0,0,0,BENIGN
59804,6,20,17901,0,20,0,0,BENIGN
0,1,20,1200,0,0,0,0,DoS-ICMP
63296,6,2,120,2,0,0,0,PortScan
80,6,20,1200,20,0,0,0,DoS-SYN-Flood
80,6,20,1200,20,0,0,0,DoS-SYN-Flood
80,6,20,1480,20,0,0,0,DoS-HTTP
10497,6,7,406,7,7,0,0,SSH-Bruteforce
80,17,20,1200,0,0,0,0,DoS-UDP
80,6,20,1480,20,0,0,0,DoS-HTTP
80,6,20,1200,20,0,0,0,DoS-SYN-Flood
22,6,20,1200,0,0,20,0,SSH-Bruteforce
43280,6,4,240,4,0,0,0,PortScan
80,17,20,1200,0,0,0,0,DoS-UDP
22,6,20,1200,0,0,20,0,SSH-Bruteforce
0,1,20,1200,0,0,0,0,DoS-ICMP
9163,6,9,522,9,9,0,0,SSH-Bruteforce
80,6,20,1480,20,0,0,0,DoS-HTTP
54829,17,20,27980,0,0,0,0,BENIGN
0,1,20,840,0,0,0,0,DoS-ICMP
80,6,20,1200,20,0,0,0,DoS-SYN-Flood
29294,6,11,638,11,11,0,0,SSH-Bruteforce
54829,17,20,27980,0,0,0,0,BENIGN
28782,6,2,120,2,0,0,0,PortScan
80,6,20,1200,20,0,0,0,DoS-SYN-Flood
53136,6,4,240,4,0,0,0,PortScan
46849,6,6,348,6,6,0,0,SSH-Bruteforce
80,6,20,1200,20,0,0,0,DoS-SYN-Flood
30652,6,4,240,4,0,0,0,PortScan
5551,6,4,240,4,0,0,0,PortScan
44740,6,7,406,7,7,0,0,SSH-Bruteforce
80,6,20,1480,20,0,0,0,DoS-HTTP
35185,6,4,240,4,0,0,0,PortScan
22,6,20,1200,0,0,20,0,SSH-Bruteforce
80,6,20,1480,20,0,0,0,DoS-HTTP
80,6,20,1480,20,0,0,0,DoS-HTTP
80,17,20,1200,0,0,0,0,DoS-UDP
80,6,20,1200,20,0,0,0,DoS-SYN-Flood
0,1,20,840,0,0,0,0,DoS-ICMP
80,6,20,1480,20,0,0,0,DoS-HTTP
80,6,20,1200,20,0,0,0,DoS-SYN-Flood
80,6,20,1200,20,0,0,0,DoS-SYN-Flood
80,17,20,1200,0,0,0,0,DoS-UDP
80,6,20,1480,20,0,0,0,DoS-HTTP
0,1,20,840,0,0,0,0,DoS-ICMP
14121,6,6,360,6,0,0,0,PortScan
29648,6,2,120,2,0,0,0,PortScan
0,1,20,840,0,0,0,0,DoS-ICMP
22,6,20,1200,0,0,20,0,SSH-Bruteforce
18145,6,2,120,2,0,0,0,PortScan
44971,6,4,240,4,0,0,0,PortScan
80,6,20,1200,20,0,0,0,DoS-SYN-Flood
38607,6,4,240,4,0,0,0,PortScan
80,17,20,1200,0,0,0,0,DoS-UDP
80,6,20,1200,20,0,0,0,DoS-SYN-Flood
80,6,20,1200,20,0,0,0,DoS-SYN-Flood
80,17,20,1200,0,0,0,0,DoS-UDP
38558,6,4,240,4,0,0,0,PortScan
80,6,20,1480,20,0,0,0,DoS-HTTP
0,1,20,1200,0,0,0,0,DoS-ICMP
80,17,20,1200,0,0,0,0,DoS-UDP
53856,6,2,120,2,0,0,0,PortScan
80,6,20,1480,20,0,0,0,DoS-HTTP
46372,6,4,240,4,0,0,0,PortScan
2123,6,4,240,4,0,0,0,PortScan
80,6,20,1200,20,0,0,0,DoS-SYN-Flood
80,6,20,1200,20,0,0,0,DoS-SYN-Flood
22,6,20,1200,0,0,20,0,SSH-Bruteforce
80,6,20,1480,20,0,0,0,DoS-HTTP
80,6,20,1480,20,0,0,0,DoS-HTTP
80,6,20,1480,20,0,0,0,DoS-HTTP
49867,6,9,522,9,9,0,0,SSH-Bruteforce
80,6,20,1200,20,0,0,0,DoS-SYN-Flood
80,6,20,1480,20,0,0,0,DoS-HTTP
80,6,20,1200,20,0,0,0,DoS-SYN-Flood
31509,6,8,464,8,8,0,0,SSH-Bruteforce
60578,6,4,240,4,0,0,0,PortScan
0,1,20,840,0,0,0,0,DoS-ICMP
1124,6,4,232,4,4,0,0,SSH-Bruteforce
40106,6,2,120,2,0,0,0,PortScan
0,1,20,1200,0,0,0,0,DoS-ICMP
80,6,20,1480,20,0,0,0,DoS-HTTP
80,6,20,1200,20,0,0,0,DoS-SYN-Flood
52068,6,2,120,2,0,0,0,PortScan
80,17,20,1200,0,0,0,0,DoS-UDP
0,1,20,1200,0,0,0,0,DoS-ICMP
38160,6,2,120,2,0,0,0,PortScan
51818,6,2,120,2,0,0,0,PortScan
32665,6,2,120,2,0,0,0,PortScan
33174,6,8,464,8,8,0,0,SSH-Bruteforce
80,6,20,1480,20,0,0,0,DoS-HTTP
42707,6,2,120,2,0,0,0,PortScan
22,6,20,1200,20,0,0,0,SSH-Bruteforce
80,17,20,1200,0,0,0,0,DoS-UDP
80,6,20,1480,20,0,0,0,DoS-HTTP
11720,6,8,464,8,8,0,0,SSH-Bruteforce
80,6,20,1480,20,0,0,0,DoS-HTTP
633,6,4,240,4,0,0,0,PortScan
52026,6,2,120,2,0,0,0,PortScan
80,6,20,1480,20,0,0,0,DoS-HTTP
57000,6,2,120,2,0,0,0,PortScan
80,6,20,1200,20,0,0,0,DoS-SYN-Flood
80,17,20,1200,0,0,0,0,DoS-UDP
80,17,20,1200,0,0,0,0,DoS-UDP
80,6,20,1200,20,0,0,0,DoS-SYN-Flood
80,6,20,1480,20,0,0,0,DoS-HTTP
80,17,20,1200,0,0,0,0,DoS-UDP
80,17,20,1200,0,0,0,0,DoS-UDP
54829,17,20,27980,0,0,0,0,BENIGN
0,1,20,840,0,0,0,0,DoS-ICMP
80,6,20,1200,20,0,0,0,DoS-SYN-Flood
80,6,20,1480,20,0,0,0,DoS-HTTP
80,6,20,1480,20,0,0,0,DoS-HTTP
80,17,20,1200,0,0,0,0,DoS-UDP
80,6,20,1200,20,0,0,0,DoS-SYN-Flood
80,6,20,1200,20,0,0,0,DoS-SYN-Flood
80,17,20,1200,0,0,0,0,DoS-UDP
80,6,20,1480,20,0,0,0,DoS-HTTP
41629,6,9,522,9,9,0,0,SSH-Bruteforce
80,6,20,1200,20,0,0,0,DoS-SYN-Flood
59477,6,2,120,2,0,0,0,PortScan
80,6,20,1200,20,0,0,0,DoS-SYN-Flood
80,6,20,1200,20,0,0,0,DoS-SYN-Flood
80,6,20,1480,20,0,0,0,DoS-HTTP
80,6,20,1480,20,0,0,0,DoS-HTTP
9176,6,4,240,4,0,0,0,PortScan
0,1,20,1200,0,0,0,0,DoS-ICMP
80,6,20,1200,20,0,0,0,DoS-SYN-Flood
80,6,20,1200,20,0,0,0,DoS-SYN-Flood
37156,6,2,120,2,0,0,0,PortScan
80,6,20,1480,20,0,0,0,DoS-HTTP
22971,6,7,406,7,7,0,0,SSH-Bruteforce
0,1,20,1200,0,0,0,0,DoS-ICMP
22,6,20,1200,20,0,0,0,SSH-Bruteforce
80,6,20,1200,20,0,0,0,DoS-SYN-Flood
0,1,20,840,0,0,0,0,DoS-ICMP
80,6,20,1200,20,0,0,0,DoS-SYN-Flood
4147,6,4,240,4,0,0,0,PortScan
80,6,20,1200,20,0,0,0,DoS-SYN-Flood
27751,6,4,240,4,0,0,0,PortScan
80,17,20,1200,0,0,0,0,DoS-UDP
80,6,20,1480,20,0,0,0,DoS-HTTP
0,1,20,840,0,0,0,0,DoS-ICMP
80,6,20,1480,20,0,0,0,DoS-HTTP
0,1,20,1200,0,0,0,0,DoS-ICMP
22,6,20,1200,20,0,0,0,SSH-Bruteforce
80,17,20,1200,0,0,0,0,DoS-UDP
22,6,20,1200,0,0,20,0,SSH-Bruteforce
80,6,20,1200,20,0,0,0,DoS-SYN-Flood
54829,17,20,14634,0,0,0,0,BENIGN
33539,6,2,120,2,0,0,0,PortScan
80,17,20,1200,0,0,0,0,DoS-UDP
22,6,20,1200,20,0,0,0,SSH-Bruteforce
22,6,20,1200,20,0,0,0,SSH-Bruteforce
0,1,20,840,0,0,0,0,DoS-ICMP
80,17,20,1200,0,0,0,0,DoS-UDP
36520,17,20,27980,0,0,0,0,BENIGN
64400,6,2,120,2,0,0,0,PortScan
22,6,20,1200,0,0,20,0,SSH-Bruteforce
80,6,20,1200,20,0,0,0,DoS-SYN-Flood
80,17,20,1200,0,0,0,0,DoS-UDP
0,1,20,840,0,0,0,0,DoS-ICMP
80,6,20,1480,20,0,0,0,DoS-HTTP
41634,6,2,120,2,0,0,0,PortScan
80,6,20,1200,20,0,0,0,DoS-SYN-Flood
45667,6,8,464,8,8,0,0,SSH-Bruteforce
0,1,20,1200,0,0,0,0,DoS-ICMP
36520,17,20,27980,0,0,0,0,BENIGN
80,6,20,1480,20,0,0,0,DoS-HTTP
80,6,20,1200,20,0,0,0,DoS-SYN-Flood
0,1,20,1200,0,0,0,0,DoS-ICMP
0,1,20,1200,0,0,0,0,DoS-ICMP
20432,6,2,120,2,0,0,0,PortScan
80,17,20,1200,0,0,0,0,DoS-UDP
80,6,20,1200,20,0,0,0,DoS-SYN-Flood
80,17,20,1200,0,0,0,0,DoS-UDP
80,17,20,1200,0,0,0,0,DoS-UDP
0,1,20,1200,0,0,0,0,DoS-ICMP
80,17,20,1200,0,0,0,0,DoS-UDP
80,17,20,1200,0,0,0,0,DoS-UDP
0,1,20,1200,0,0,0,0,DoS-ICMP
22,6,20,1200,0,0,20,0,SSH-Bruteforce
80,17,20,1200,0,0,0,0,DoS-UDP
80,17,20,1200,0,0,0,0,DoS-UDP
80,17,20,1200,0,0,0,0,DoS-UDP
80,6,20,1200,20,0,0,0,DoS-SYN-Flood
33240,6,20,28720,0,20,0,0,BENIGN
80,6,20,1480,20,0,0,0,DoS-HTTP
80,6,20,1200,20,0,0,0,DoS-SYN-Flood
80,6,20,1200,20,0,0,0,DoS-SYN-Flood
80,6,20,1480,20,0,0,0,DoS-HTTP
80,6,20,1480,20,0,0,0,DoS-HTTP
80,6,20,1200,20,0,0,0,DoS-SYN-Flood
80,6,20,1480,20,0,0,0,DoS-HTTP
49447,6,7,406,7,7,0,0,SSH-Bruteforce
80,6,20,1200,20,0,0,0,DoS-SYN-Flood
33710,6,9,522,9,9,0,0,SSH-Bruteforce
80,6,20,1480,20,0,0,0,DoS-HTTP
28991,6,2,120,2,0,0,0,PortScan
45546,6,2,120,2,0,0,0,PortScan
0,1,20,1200,0,0,0,0,DoS-ICMP
80,6,20,1480,20,0,0,0,DoS-HTTP
80,17,20,1200,0,0,0,0,DoS-UDP
54262,6,2,120,2,0,0,0,PortScan
0,1,20,1200,0,0,0,0,DoS-ICMP
0,1,20,1200,0,0,0,0,DoS-ICMP
80,6,20,1200,20,0,0,0,DoS-SYN-Flood
16723,6,6,348,6,6,0,0,SSH-Bruteforce
0,1,20,840,0,0,0,0,DoS-ICMP
0,1,20,840,0,0,0,0,DoS-ICMP
56814,6,2,120,2,0,0,0,PortScan
80,17,20,1200,0,0,0,0,DoS-UDP
80,6,20,1480,20,0,0,0,DoS-HTTP
0,1,20,840,0,0,0,0,DoS-ICMP
80,6,20,1480,20,0,0,0,DoS-HTTP
0,1,20,1200,0,0,0,0,DoS-ICMP
80,17,20,1200,0,0,0,0,DoS-UDP
18957,6,2,120,2,0,0,0,PortScan
80,6,20,1480,20,0,0,0,DoS-HTTP
80,6,20,1480,20,0,0,0,DoS-HTTP
80,6,20,1200,20,0,0,0,DoS-SYN-Flood
80,17,20,1200,0,0,0,0,DoS-UDP
46727,6,10,580,10,10,0,0,SSH-Bruteforce
6560,6,4,240,4,0,0,0,PortScan
0,1,20,840,0,0,0,0,DoS-ICMP
80,6,20,1480,20,0,0,0,DoS-HTTP
27555,6,6,348,6,6,0,0,SSH-Bruteforce
80,6,20,1200,20,0,0,0,DoS-SYN-Flood
12597,6,9,522,9,9,0,0,SSH-Bruteforce
35971,6,8,464,8,8,0,0,SSH-Bruteforce
9430,6,4,240,4,0,0,0,PortScan
0,1,20,840,0,0,0,0,DoS-ICMP
43420,6,4,240,4,0,0,0,PortScan
22,6,20,1200,0,0,20,0,SSH-Bruteforce
80,17,20,1200,0,0,0,0,DoS-UDP
0,1,20,840,0,0,0,0,DoS-ICMP
46398,17,20,27980,0,0,0,0,BENIGN
36520,17,20,27980,0,0,0,0,BENIGN
80,17,20,1200,0,0,0,0,DoS-UDP
80,6,20,1480,20,0,0,0,DoS-HTTP
53272,6,20,28266,0,20,0,0,BENIGN
80,6,20,1200,20,0,0,0,DoS-SYN-Flood
43065,6,6,348,6,6,0,0,SSH-Bruteforce
4352,6,6,360,6,0,0,0,PortScan
80,6,20,1200,20,0,0,0,DoS-SYN-Flood
22,6,20,1200,3,0,17,0,SSH-Bruteforce
80,17,20,1200,0,0,0,0,DoS-UDP
80,6,20,1200,20,0,0,0,DoS-SYN-Flood
80,6,20,1480,20,0,0,0,DoS-HTTP
54829,17,20,27980,0,0,0,0,BENIGN
6309,6,5,290,5,5,0,0,SSH-Bruteforce
80,6,20,1480,20,0,0,0,DoS-HTTP
80,17,20,1200,0,0,0,0,DoS-UDP
80,17,20,1200,0,0,0,0,DoS-UDP
80,6,20,1480,20,0,0,0,DoS-HTTP
80,17,20,1200,0,0,0,0,DoS-UDP
80,17,20,1200,0,0,0,0,DoS-UDP
80,6,20,1200,20,0,0,0,DoS-SYN-Flood
6791,6,6,360,6,0,0,0,PortScan
42904,17,20,24363,0,0,0,0,BENIGN
80,17,20,1200,0,0,0,0,DoS-UDP
80,6,20,1480,20,0,0,0,DoS-HTTP
0,1,20,1200,0,0,0,0,DoS-ICMP
36704,6,2,120,2,0,0,0,PortScan
80,17,20,1200,0,0,0,0,DoS-UDP
80,6,20,1480,20,0,0,0,DoS-HTTP
0,1,20,840,0,0,0,0,DoS-ICMP
80,6,20,1480,20,0,0,0,DoS-HTTP
0,1,20,840,0,0,0,0,DoS-ICMP
50974,6,4,240,4,0,0,0,PortScan
43150,6,6,348,6,6,0,0,SSH-Bruteforce
0,1,20,840,0,0,0,0,DoS-ICMP
50487,6,7,406,7,7,0,0,SSH-Bruteforce
80,17,20,1200,0,0,0,0,DoS-UDP
24185,6,4,240,4,0,0,0,PortScan
80,6,20,1480,20,0,0,0,DoS-HTTP
24570,6,7,406,7,7,0,0,SSH-Bruteforce
0,1,20,1200,0,0,0,0,DoS-ICMP
25459,6,2,120,2,0,0,0,PortScan
0,1,20,1200,0,0,0,0,DoS-ICMP
80,17,20,1200,0,0,0,0,DoS-UDP
80,6,20,1480,20,0,0,0,DoS-HTTP
80,17,20,1200,0,0,0,0,DoS-UDP
0,1,20,840,0,0,0,0,DoS-ICMP
80,6,20,1480,20,0,0,0,DoS-HTTP
80,17,20,1200,0,0,0,0,DoS-UDP
80,17,20,1200,0,0,0,0,DoS-UDP
80,17,20,1200,0,0,0,0,DoS-UDP
34806,6,9,522,9,9,0,0,SSH-Bruteforce
80,6,20,1480,20,0,0,0,DoS-HTTP
80,6,20,1480,20,0,0,0,DoS-HTTP
32686,6,4,240,4,0,0,0,PortScan
36285,6,2,120,2,0,0,0,PortScan
0,1,20,1200,0,0,0,0,DoS-ICMP
80,6,20,1480,20,0,0,0,DoS-HTTP
26881,6,2,120,2,0,0,0,PortScan
80,6,20,1480,20,0,0,0,DoS-HTTP
80,17,20,1200,0,0,0,0,DoS-UDP
80,6,20,1480,20,0,0,0,DoS-HTTP
56347,6,4,240,4,0,0,0,PortScan
0,1,20,1200,0,0,0,0,DoS-ICMP
0,1,20,1200,0,0,0,0,DoS-ICMP
80,17,20,1200,0,0,0,0,DoS-UDP
80,6,20,1480,20,0,0,0,DoS-HTTP
41308,17,20,27980,0,0,0,0,BENIGN
0,1,20,840,0,0,0,0,DoS-ICMP
0,1,20,1200,0,0,0,0,DoS-ICMP
22,6,20,1200,2,0,18,0,SSH-Bruteforce
64290,6,4,240,4,0,0,0,PortScan
0,1,20,1200,0,0,0,0,DoS-ICMP
37494,6,9,522,9,9,0,0,SSH-Bruteforce
80,6,20,1480,20,0,0,0,DoS-HTTP
80,6,20,1200,20,0,0,0,DoS-SYN-Flood
31073,6,6,348,6,6,0,0,SSH-Bruteforce
46398,17,20,27980,0,0,0,0,BENIGN
41308,17,20,27980,0,0,0,0,BENIGN
0,1,20,840,0,0,0,0,DoS-ICMP
33240,6,20,29020,0,20,0,0,BENIGN
80,6,20,1480,20,0,0,0,DoS-HTTP
80,17,20,1200,0,0,0,0,DoS-UDP
80,6,20,1200,20,0,0,0,DoS-SYN-Flood
0,1,20,840,0,0,0,0,DoS-ICMP
0,1,20,1200,0,0,0,0,DoS-ICMP
0,1,20,840,0,0,0,0,DoS-ICMP
44575,6,4,240,4,0,0,0,PortScan
0,1,20,1200,0,0,0,0,DoS-ICMP
61405,6,2,120,2,0,0,0,PortScan
33314,6,4,240,4,0,0,0,PortScan
80,6,20,1200,20,0,0,0,DoS-SYN-Flood
0,1,20,1200,0,0,0,0,DoS-ICMP
80,6,20,1480,20,0,0,0,DoS-HTTP
80,6,20,1480,20,0,0,0,DoS-HTTP
80,17,20,1200,0,0,0,0,DoS-UDP
0,1,20,840,0,0,0,0,DoS-ICMP
0,1,20,1200,0,0,0,0,DoS-ICMP
0,1,20,1200,0,0,0,0,DoS-ICMP
80,17,20,1200,0,0,0,0,DoS-UDP
60748,6,3,174,3,3,0,0,SSH-Bruteforce
80,6,20,1480,20,0,0,0,DoS-HTTP
80,6,20,1200,20,0,0,0,DoS-SYN-Flood
80,6,20,1200,20,0,0,0,DoS-SYN-Flood
17124,6,4,240,4,0,0,0,PortScan
15755,6,2,120,2,0,0,0,PortScan
48341,6,8,464,8,8,0,0,SSH-Bruteforce
443,6,20,1200,0,20,0,0,BENIGN
80,6,20,1480,20,0,0,0,DoS-HTTP
80,6,20,1200,20,0,0,0,DoS-SYN-Flood
51532,6,7,406,7,7,0,0,SSH-Bruteforce
80,6,20,1480,20,0,0,0,DoS-HTTP
80,6,20,1200,20,0,0,0,DoS-SYN-Flood
80,6,20,1480,20,0,0,0,DoS-HTTP
80,6,20,1480,20,0,0,0,DoS-HTTP
36268,17,20,27980,0,0,0,0,BENIGN
80,6,20,1480,20,0,0,0,DoS-HTTP
80,17,20,1200,0,0,0,0,DoS-UDP
80,17,20,1200,0,0,0,0,DoS-UDP
0,1,20,1200,0,0,0,0,DoS-ICMP
80,6,20,1200,20,0,0,0,DoS-SYN-Flood
80,17,20,1200,0,0,0,0,DoS-UDP
80,17,20,1200,0,0,0,0,DoS-UDP
938,6,6,360,6,0,0,0,PortScan
80,6,20,1480,20,0,0,0,DoS-HTTP
0,1,20,1200,0,0,0,0,DoS-ICMP
37404,17,19,9924,0,0,0,0,BENIGN
80,6,20,1480,20,0,0,0,DoS-HTTP
80,6,20,1200,20,0,0,0,DoS-SYN-Flood
22,6,20,1200,4,0,16,0,SSH-Bruteforce
80,6,20,1200,20,0,0,0,DoS-SYN-Flood
0,1,20,1200,0,0,0,0,DoS-ICMP
80,6,20,1200,20,0,0,0,DoS-SYN-Flood
33818,6,11,638,11,11,0,0,SSH-Bruteforce
80,6,20,1200,20,0,0,0,DoS-SYN-Flood
80,6,20,1480,20,0,0,0,DoS-HTTP
0,1,20,840,0,0,0,0,DoS-ICMP
80,6,20,1200,20,0,0,0,DoS-SYN-Flood
0,1,20,840,0,0,0,0,DoS-ICMP
1092,6,4,240,4,0,0,0,PortScan
80,6,20,1200,20,0,0,0,DoS-SYN-Flood
80,17,20,1200,0,0,0,0,DoS-UDP
80,6,20,1480,20,0,0,0,DoS-HTTP
28619,6,2,120,2,0,0,0,PortScan
55660,6,2,120,2,0,0,0,PortScan
14420,6,8,464,8,8,0,0,SSH-Bruteforce
80,17,20,1200,0,0,0,0,DoS-UDP
42719,6,4,240,4,0,0,0,PortScan
0,1,20,840,0,0,0,0,DoS-ICMP
80,6,20,1200,20,0,0,0,DoS-SYN-Flood
0,1,20,840,0,0,0,0,DoS-ICMP
80,17,20,1200,0,0,0,0,DoS-UDP
80,17,20,1200,0,0,0,0,DoS-UDP
80,17,20,1200,0,0,0,0,DoS-UDP
0,1,20,1200,0,0,0,0,DoS-ICMP
30097,6,2,120,2,0,0,0,PortScan
80,6,20,1200,20,0,0,0,DoS-SYN-Flood
28281,6,2,120,2,0,0,0,PortScan
80,6,20,1200,20,0,0,0,DoS-SYN-Flood
80,6,20,1480,20,0,0,0,DoS-HTTP
60886,6,20,22598,0,20,0,0,BENIGN
80,17,20,1200,0,0,0,0,DoS-UDP
80,6,20,1200,20,0,0,0,DoS-SYN-Flood
80,6,20,1200,20,0,0,0,DoS-SYN-Flood
24542,6,4,232,4,4,0,0,SSH-Bruteforce
1683,6,6,348,6,6,0,0,SSH-Bruteforce
0,1,20,1200,0,0,0,0,DoS-ICMP
80,6,20,1480,20,0,0,0,DoS-HTTP
36520,17,20,27980,0,0,0,0,BENIGN
45424,6,20,28960,0,20,0,0,BENIGN
26551,6,10,580,10,10,0,0,SSH-Bruteforce
80,17,20,1200,0,0,0,0,DoS-UDP
22,6,20,1200,20,0,0,0,SSH-Bruteforce
80,6,20,1480,20,0,0,0,DoS-HTTP
46019,6,10,580,10,10,0,0,SSH-Bruteforce
80,17,20,1200,0,0,0,0,DoS-UDP
22,6,20,1200,12,0,8,0,SSH-Bruteforce
35987,6,7,406,7,7,0,0,SSH-Bruteforce
80,6,20,1480,20,0,0,0,DoS-HTTP
80,17,20,1200,0,0,0,0,DoS-UDP
0,1,20,840,0,0,0,0,DoS-ICMP
80,6,20,1200,20,0,0,0,DoS-SYN-Flood
0,1,20,1200,0,0,0,0,DoS-ICMP
80,6,20,1200,20,0,0,0,DoS-SYN-Flood
59828,6,7,406,7,7,0,0,SSH-Bruteforce
0,1,20,840,0,0,0,0,DoS-ICMP
80,17,20,1200,0,0,0,0,DoS-UDP
1875,6,4,240,4,0,0,0,PortScan
80,6,20,1200,20,0,0,0,DoS-SYN-Flood
23650,6,4,240,4,0,0,0,PortScan
80,6,20,1200,20,0,0,0,DoS-SYN-Flood
80,17,20,1200,0,0,0,0,DoS-UDP
80,6,20,1200,20,0,0,0,DoS-SYN-Flood
80,6,20,1480,20,0,0,0,DoS-HTTP
0,1,20,840,0,0,0,0,DoS-ICMP
80,6,20,1480,20,0,0,0,DoS-HTTP
80,6,20,1200,20,0,0,0,DoS-SYN-Flood
61122,6,4,240,4,0,0,0,PortScan
0,1,20,1200,0,0,0,0,DoS-ICMP
80,6,20,1200,20,0,0,0,DoS-SYN-Flood
80,17,20,1200,0,0,0,0,DoS-UDP
63036,6,5,290,5,5,0,0,SSH-Bruteforce
80,17,20,1200,0,0,0,0,DoS-UDP
80,6,20,1480,20,0,0,0,DoS-HTTP
47696,6,4,240,4,0,0,0,PortScan
80,17,20,1200,0,0,0,0,DoS-UDP
8465,6,6,360,6,0,0,0,PortScan
80,17,20,1200,0,0,0,0,DoS-UDP
23914,6,8,464,8,8,0,0,SSH-Bruteforce
0,1,20,1200,0,0,0,0,DoS-ICMP
80,6,20,1480,20,0,0,0,DoS-HTTP
80,17,20,1200,0,0,0,0,DoS-UDP
80,6,20,1200,20,0,0,0,DoS-SYN-Flood
80,6,20,1480,20,0,0,0,DoS-HTTP
54829,17,20,27980,0,0,0,0,BENIGN
80,17,20,1200,0,0,0,0,DoS-UDP
80,17,20,1200,0,0,0,0,DoS-UDP
0,1,20,1200,0,0,0,0,DoS-ICMP
43351,6,2,120,2,0,0,0,PortScan
0,1,20,1200,0,0,0,0,DoS-ICMP
80,17,20,1200,0,0,0,0,DoS-UDP
80,17,20,1200,0,0,0,0,DoS-UDP
52897,6,4,240,4,0,0,0,PortScan
33402,6,7,406,7,7,0,0,SSH-Bruteforce
80,17,20,1200,0,0,0,0,DoS-UDP
18678,6,4,240,4,0,0,0,PortScan
22,6,20,1200,0,0,20,0,SSH-Bruteforce
45661,17,2,510,0,0,0,0,BENIGN
22,6,20,1200,20,0,0,0,SSH-Bruteforce
29552,6,10,580,10,10,0,0,SSH-Bruteforce
45819,6,2,120,2,0,0,0,PortScan
80,17,20,1200,0,0,0,0,DoS-UDP
80,6,20,1200,20,0,0,0,DoS-SYN-Flood
80,6,20,1200,20,0,0,0,DoS-SYN-Flood
80,17,20,1200,0,0,0,0,DoS-UDP
45082,6,3,162,0,3,0,1,BENIGN
80,6,20,1200,20,0,0,0,DoS-SYN-Flood
0,1,20,840,0,0,0,0,DoS-ICMP
0,1,20,1200,0,0,0,0,DoS-ICMP
80,6,20,1200,20,0,0,0,DoS-SYN-Flood
80,17,20,1200,0,0,0,0,DoS-UDP
80,6,20,1480,20,0,0,0,DoS-HTTP
0,1,20,840,0,0,0,0,DoS-ICMP
80,6,20,1200,20,0,0,0,DoS-SYN-Flood
0,1,20,840,0,0,0,0,DoS-ICMP
22,6,20,1200,0,0,20,0,SSH-Bruteforce
80,6,20,1480,20,0,0,0,DoS-HTTP
80,17,20,1200,0,0,0,0,DoS-UDP
20221,6,6,348,6,6,0,0,SSH-Bruteforce
60564,6,7,406,7,7,0,0,SSH-Bruteforce
61417,6,4,240,4,0,0,0,PortScan
80,6,20,1200,20,0,0,0,DoS-SYN-Flood
38140,6,7,406,7,7,0,0,SSH-Bruteforce
36520,17,20,27980,0,0,0,0,BENIGN
80,6,20,1200,20,0,0,0,DoS-SYN-Flood
80,17,20,1200,0,0,0,0,DoS-UDP
80,17,20,1200,0,0,0,0,DoS-UDP
62364,6,6,348,6,6,0,0,SSH-Bruteforce
80,17,20,1200,0,0,0,0,DoS-UDP
22,6,20,1200,20,0,0,0,SSH-Bruteforce
80,6,20,1480,20,0,0,0,DoS-HTTP
80,17,20,1200,0,0,0,0,DoS-UDP
80,17,20,1200,0,0,0,0,DoS-UDP
3898,6,5,290,5,5,0,0,SSH-Bruteforce
80,6,20,1480,20,0,0,0,DoS-HTTP
80,6,20,1480,20,0,0,0,DoS-HTTP
0,1,20,1200,0,0,0,0,DoS-ICMP
80,17,20,1200,0,0,0,0,DoS-UDP
51747,6,2,120,2,0,0,0,PortScan
80,17,20,1200,0,0,0,0,DoS-UDP
80,6,20,1200,20,0,0,0,DoS-SYN-Flood
24027,6,2,120,2,0,0,0,PortScan
35262,6,2,120,2,0,0,0,PortScan
0,1,20,1200,0,0,0,0,DoS-ICMP
80,6,20,1480,20,0,0,0,DoS-HTTP
80,17,20,1200,0,0,0,0,DoS-UDP
0,1,20,840,0,0,0,0,DoS-ICMP
25564,6,2,120,2,0,0,0,PortScan
0,1,20,1200,0,0,0,0,DoS-ICMP
60886,6,20,29080,0,20,0,0,BENIGN
80,6,20,1480,20,0,0,0,DoS-HTTP
36520,17,20,27980,0,0,0,0,BENIGN
0,1,20,840,0,0,0,0,DoS-ICMP
0,1,20,1200,0,0,0,0,DoS-ICMP
22,6,20,1200,20,0,0,0,SSH-Bruteforce
47151,6,2,120,2,0,0,0,PortScan
62255,6,2,120,2,0,0,0,PortScan
80,17,20,1200,0,0,0,0,DoS-UDP
80,17,20,1200,0,0,0,0,DoS-UDP
80,6,20,1480,20,0,0,0,DoS-HTTP
48590,6,2,120,2,0,0,0,PortScan
19329,6,9,522,9,9,0,0,SSH-Bruteforce
80,6,20,1480,20,0,0,0,DoS-HTTP
80,17,20,1200,0,0,0,0,DoS-UDP
0,1,20,1200,0,0,0,0,DoS-ICMP
80,6,20,1480,20,0,0,0,DoS-HTTP
80,6,20,1200,20,0,0,0,DoS-SYN-Flood
80,17,20,1200,0,0,0,0,DoS-UDP
0,1,20,1200,0,0,0,0,DoS-ICMP
80,17,20,1200,0,0,0,0,DoS-UDP
80,6,20,1480,20,0,0,0,DoS-HTTP
80,6,20,1200,20,0,0,0,DoS-SYN-Flood
0,1,20,1200,0,0,0,0,DoS-ICMP
80,6,20,1200,20,0,0,0,DoS-SYN-Flood
80,6,20,1480,20,0,0,0,DoS-HTTP
80,17,20,1200,0,0,0,0,DoS-UDP
80,17,20,1200,0,0,0,0,DoS-UDP
42873,6,4,240,4,0,0,0,PortScan
29450,6,4,240,4,0,0,0,PortScan
0,1,20,1200,0,0,0,0,DoS-ICMP
44902,6,7,406,7,7,0,0,SSH-Bruteforce
80,6,20,1480,20,0,0,0,DoS-HTTP
22,6,20,1200,20,0,0,0,SSH-Bruteforce
80,17,20,1200,0,0,0,0,DoS-UDP
31158,6,10,580,10,10,0,0,SSH-Bruteforce
80,6,20,1200,20,0,0,0,DoS-SYN-Flood
0,1,20,1200,0,0,0,0,DoS-ICMP
22,6,20,1200,0,0,20,0,SSH-Bruteforce
80,6,20,1200,20,0,0,0,DoS-SYN-Flood
5523,6,4,240,4,0,0,0,PortScan
0,1,20,840,0,0,0,0,DoS-ICMP
22,6,20,1200,20,0,0,0,SSH-Bruteforce
80,6,20,1200,20,0,0,0,DoS-SYN-Flood
0,1,20,840,0,0,0,0,DoS-ICMP
80,17,20,1200,0,0,0,0,DoS-UDP
22,6,20,1200,0,0,20,0,SSH-Bruteforce
80,6,20,1480,20,0,0,0,DoS-HTTP
394,6,4,240,4,0,0,0,PortScan
80,6,20,1200,20,0,0,0,DoS-SYN-Flood
33468,6,2,120,2,0,0,0,PortScan
56817,6,2,120,2,0,0,0,PortScan
49049,6,2,120,2,0,0,0,PortScan
15496,6,9,522,9,9,0,0,SSH-Bruteforce
60886,6,20,30280,0,20,0,0,BENIGN
80,6,20,1480,20,0,0,0,DoS-HTTP
80,6,20,1200,20,0,0,0,DoS-SYN-Flood
80,6,20,1200,20,0,0,0,DoS-SYN-Flood
0,1,20,840,0,0,0,0,DoS-ICMP
80,6,20,1480,20,0,0,0,DoS-HTTP
0,1,20,840,0,0,0,0,DoS-ICMP
80,6,20,1480,20,0,0,0,DoS-HTTP
0,1,20,840,0,0,0,0,DoS-ICMP
80,6,20,1480,20,0,0,0,DoS-HTTP
33240,6,20,29080,0,20,0,0,BENIGN
25010,6,2,120,2,0,0,0,PortScan
80,17,20,1200,0,0,0,0,DoS-UDP
80,17,20,1200,0,0,0,0,DoS-UDP
80,17,20,1200,0,0,0,0,DoS-UDP
29264,6,4,240,4,0,0,0,PortScan
80,6,20,1480,20,0,0,0,DoS-HTTP
80,6,20,1200,20,0,0,0,DoS-SYN-Flood
80,6,20,1480,20,0,0,0,DoS-HTTP
54100,6,2,120,2,0,0,0,PortScan
80,6,20,1480,20,0,0,0,DoS-HTTP
0,1,20,840,0,0,0,0,DoS-ICMP
2565,6,8,464,8,8,0,0,SSH-Bruteforce
36868,6,9,522,9,9,0,0,SSH-Bruteforce
0,1,20,1200,0,0,0,0,DoS-ICMP
0,1,20,840,0,0,0,0,DoS-ICMP
80,6,20,1480,20,0,0,0,DoS-HTTP
80,17,20,1200,0,0,0,0,DoS-UDP
0,1,20,840,0,0,0,0,DoS-ICMP
80,17,20,1200,0,0,0,0,DoS-UDP
11311,6,8,464,8,8,0,0,SSH-Bruteforce
3176,6,8,464,8,8,0,0,SSH-Bruteforce
0,1,20,840,0,0,0,0,DoS-ICMP
80,17,20,1200,0,0,0,0,DoS-UDP
53559,6,11,638,11,11,0,0,SSH-Bruteforce
80,6,20,1480,20,0,0,0,DoS-HTTP
80,6,20,1480,20,0,0,0,DoS-HTTP
22,6,20,1200,0,0,20,0,SSH-Bruteforce
22,6,20,1200,0,0,20,0,SSH-Bruteforce
0,1,20,840,0,0,0,0,DoS-ICMP
0,1,20,840,0,0,0,0,DoS-ICMP
10066,6,8,464,8,8,0,0,SSH-Bruteforce
80,6,20,1480,20,0,0,0,DoS-HTTP
15716,6,2,120,2,0,0,0,PortScan
41138,6,4,240,4,0,0,0,PortScan
63475,6,4,240,4,0,0,0,PortScan
22,6,20,1200,20,0,0,0,SSH-Bruteforce
80,6,20,1480,20,0,0,0,DoS-HTTP
80,17,20,1200,0,0,0,0,DoS-UDP
80,6,20,1480,20,0,0,0,DoS-HTTP
52203,6,6,348,6,6,0,0,SSH-Bruteforce
0,1,20,1200,0,0,0,0,DoS-ICMP
1088,6,6,360,6,0,0,0,PortScan
80,6,20,1480,20,0,0,0,DoS-HTTP
0,1,20,840,0,0,0,0,DoS-ICMP
80,6,20,1480,20,0,0,0,DoS-HTTP
80,6,20,1480,20,0,0,0,DoS-HTTP
1058,6,6,348,6,6,0,0,SSH-Bruteforce
80,6,20,1480,20,0,0,0,DoS-HTTP
80,17,20,1200,0,0,0,0,DoS-UDP
80,17,20,1200,0,0,0,0,DoS-UDP
80,6,20,1480,20,0,0,0,DoS-HTTP
80,6,20,1200,20,0,0,0,DoS-SYN-Flood
0,1,20,840,0,0,0,0,DoS-ICMP
22,6,20,1200,0,0,20,0,SSH-Bruteforce
0,1,20,840,0,0,0,0,DoS-ICMP
59804,6,20,18295,0,20,0,0,BENIGN
80,17,20,1200,0,0,0,0,DoS-UDP
0,1,20,1200,0,0,0,0,DoS-ICMP
22,6,20,1200,20,0,0,0,SSH-Bruteforce
27929,6,6,348,6,6,0,0,SSH-Bruteforce
80,17,20,1200,0,0,0,0,DoS-UDP
443,17,20,5290,0,0,0,0,BENIGN
36520,17,20,27980,0,0,0,0,BENIGN
4059,6,6,348,6,6,0,0,SSH-Bruteforce
80,6,20,1480,20,0,0,0,DoS-HTTP
80,6,20,1480,20,0,0,0,DoS-HTTP
80,17,20,1200,0,0,0,0,DoS-UDP
80,6,20,1480,20,0,0,0,DoS-HTTP
80,6,20,1480,20,0,0,0,DoS-HTTP
80,17,20,1200,0,0,0,0,DoS-UDP
80,6,20,1200,20,0,0,0,DoS-SYN-Flood
54373,6,4,240,4,0,0,0,PortScan
80,17,20,1200,0,0,0,0,DoS-UDP
0,1,20,1200,0,0,0,0,DoS-ICMP
80,17,20,1200,0,0,0,0,DoS-UDP
80,6,20,1480,20,0,0,0,DoS-HTTP
57555,6,5,290,5,5,0,0,SSH-Bruteforce
80,6,20,1480,20,0,0,0,DoS-HTTP
80,6,20,1480,20,0,0,0,DoS-HTTP
0,1,20,840,0,0,0,0,DoS-ICMP
22,6,20,1200,5,0,15,0,SSH-Bruteforce
29716,6,2,120,2,0,0,0,PortScan
22,6,20,1200,0,0,20,0,SSH-Bruteforce
80,6,20,1200,20,0,0,0,DoS-SYN-Flood
80,17,20,1200,0,0,0,0,DoS-UDP
53272,6,20,28960,0,20,0,0,BENIGN
80,17,20,1200,0,0,0,0,DoS-UDP
80,17,20,1200,0,0,0,0,DoS-UDP
80,17,20,1200,0,0,0,0,DoS-UDP
80,6,20,1200,20,0,0,0,DoS-SYN-Flood
54271,6,4,240,4,0,0,0,PortScan
56863,6,2,120,2,0,0,0,PortScan
53308,6,20,29200,0,20,0,0,BENIGN
80,17,20,1200,0,0,0,0,DoS-UDP
37288,6,13,754,13,13,0,0,SSH-Bruteforce
80,17,20,1200,0,0,0,0,DoS-UDP
0,1,20,840,0,0,0,0,DoS-ICMP
80,17,20,1200,0,0,0,0,DoS-UDP
0,1,20,840,0,0,0,0,DoS-ICMP
0,1,20,1200,0,0,0,0,DoS-ICMP
80,6,20,1200,20,0,0,0,DoS-SYN-Flood
9878,6,4,240,4,0,0,0,PortScan
24085,6,2,120,2,0,0,0,PortScan
22,6,20,1200,0,0,20,0,SSH-Bruteforce
80,6,20,1480,20,0,0,0,DoS-HTTP
80,6,20,1200,20,0,0,0,DoS-SYN-Flood
36529,6,10,580,10,10,0,0,SSH-Bruteforce
80,6,20,1480,20,0,0,0,DoS-HTTP
22,6,20,1200,20,0,0,0,SSH-Bruteforce
80,6,20,1200,20,0,0,0,DoS-SYN-Flood
0,1,20,1200,0,0,0,0,DoS-ICMP
80,6,20,1480,20,0,0,0,DoS-HTTP
80,6,20,1200,20,0,0,0,DoS-SYN-Flood
49609,6,4,240,4,0,0,0,PortScan
36726,6,2,120,2,0,0,0,PortScan
80,17,20,1200,0,0,0,0,DoS-UDP
80,6,20,1200,20,0,0,0,DoS-SYN-Flood
64577,6,2,120,2,0,0,0,PortScan
80,6,20,1480,20,0,0,0,DoS-HTTP
32406,6,5,290,5,5,0,0,SSH-Bruteforce
22,6,20,1200,6,0,14,0,SSH-Bruteforce
22,6,20,1200,14,0,6,0,SSH-Bruteforce
11825,6,4,240,4,0,0,0,PortScan
22,6,20,1200,20,0,0,0,SSH-Bruteforce
80,17,20,1200,0,0,0,0,DoS-UDP
80,6,20,1480,20,0,0,0,DoS-HTTP
80,6,20,1480,20,0,0,0,DoS-HTTP
0,1,20,1200,0,0,0,0,DoS-ICMP
80,17,20,1200,0,0,0,0,DoS-UDP
80,6,20,1480,20,0,0,0,DoS-HTTP
0,1,20,840,0,0,0,0,DoS-ICMP
4664,6,4,240,4,0,0,0,PortScan
80,6,20,1480,20,0,0,0,DoS-HTTP
0,1,20,1200,0,0,0,0,DoS-ICMP
22,6,20,1200,1,0,19,0,SSH-Bruteforce
80,6,20,1200,20,0,0,0,DoS-SYN-Flood
28741,6,2,120,2,0,0,0,PortScan
80,6,20,1480,20,0,0,0,DoS-HTTP
80,6,20,1480,20,0,0,0,DoS-HTTP
80,17,20,1200,0,0,0,0,DoS-UDP
80,17,20,1200,0,0,0,0,DoS-UDP
80,6,20,1480,20,0,0,0,DoS-HTTP
80,17,20,1200,0,0,0,0,DoS-UDP
80,17,20,1200,0,0,0,0,DoS-UDP
80,17,20,1200,0,0,0,0,DoS-UDP
80,17,20,1200,0,0,0,0,DoS-UDP
0,1,20,840,0,0,0,0,DoS-ICMP
51113,6,4,240,4,0,0,0,PortScan
1193,6,4,240,4,0,0,0,PortScan
0,1,20,840,0,0,0,0,DoS-ICMP
5552,6,6,360,6,0,0,0,PortScan
80,17,20,1200,0,0,0,0,DoS-UDP
50936,6,4,240,4,0,0,0,PortScan
80,6,20,1480,20,0,0,0,DoS-HTTP
0,1,20,840,0,0,0,0,DoS-ICMP
0,1,20,840,0,0,0,0,DoS-ICMP
80,17,20,1200,0,0,0,0,DoS-UDP
80,6,20,1480,20,0,0,0,DoS-HTTP
25944,6,2,120,2,0,0,0,PortScan
23810,6,6,348,6,6,0,0,SSH-Bruteforce
80,17,20,1200,0,0,0,0,DoS-UDP
0,1,20,1200,0,0,0,0,DoS-ICMP
0,1,20,840,0,0,0,0,DoS-ICMP
80,17,20,1200,0,0,0,0,DoS-UDP
39893,6,2,120,2,0,0,0,PortScan
53858,6,9,522,9,9,0,0,SSH-Bruteforce
0,1,20,1200,0,0,0,0,DoS-ICMP
80,17,20,1200,0,0,0,0,DoS-UDP
80,6,20,1200,20,0,0,0,DoS-SYN-Flood
80,17,20,1200,0,0,0,0,DoS-UDP
80,6,20,1480,20,0,0,0,DoS-HTTP
53255,6,2,120,2,0,0,0,PortScan
80,6,20,1200,20,0,0,0,DoS-SYN-Flood
80,17,20,1200,0,0,0,0,DoS-UDP
48816,6,2,120,2,0,0,0,PortScan
31893,6,4,240,4,0,0,0,PortScan
80,17,20,1200,0,0,0,0,DoS-UDP
44084,6,9,522,9,9,0,0,SSH-Bruteforce
23174,6,2,120,2,0,0,0,PortScan
28442,6,5,290,5,5,0,0,SSH-Bruteforce
80,6,20,1480,20,0,0,0,DoS-HTTP
31420,6,4,240,4,0,0,0,PortScan
23583,6,4,240,4,0,0,0,PortScan
80,17,20,1200,0,0,0,0,DoS-UDP
0,1,20,1200,0,0,0,0,DoS-ICMP
80,17,20,1200,0,0,0,0,DoS-UDP
22,6,20,1200,2,0,18,0,SSH-Bruteforce
80,6,20,1480,20,0,0,0,DoS-HTTP
45988,6,10,580,10,10,0,0,SSH-Bruteforce
0,1,20,1200,0,0,0,0,DoS-ICMP
80,6,20,1480,20,0,0,0,DoS-HTTP
80,17,20,1200,0,0,0,0,DoS-UDP
54919,6,2,120,2,0,0,0,PortScan
34751,17,14,12857,0,0,0,0,BENIGN
80,17,20,1200,0,0,0,0,DoS-UDP
26078,6,4,240,4,0,0,0,PortScan
0,1,20,840,0,0,0,0,DoS-ICMP
80,17,20,1200,0,0,0,0,DoS-UDP
22,6,20,1200,2,0,18,0,SSH-Bruteforce
80,6,20,1200,20,0,0,0,DoS-SYN-Flood
0,1,20,1200,0,0,0,0,DoS-ICMP
22,6,20,1200,20,0,0,0,SSH-Bruteforce
80,17,20,1200,0,0,0,0,DoS-UDP
80,6,20,1200,20,0,0,0,DoS-SYN-Flood
58526,6,5,290,5,5,0,0,SSH-Bruteforce
22,6,20,1200,20,0,0,0,SSH-Bruteforce
62620,6,4,240,4,0,0,0,PortScan
443,6,12,2294,1,11,0,0,BENIGN
80,6,20,1480,20,0,0,0,DoS-HTTP
80,6,20,1480,20,0,0,0,DoS-HTTP
43992,17,9,11649,0,0,0,0,BENIGN
0,1,20,840,0,0,0,0,DoS-ICMP
0,1,20,1200,0,0,0,0,DoS-ICMP
63427,6,6,348,6,6,0,0,SSH-Bruteforce
80,6,20,1200,20,0,0,0,DoS-SYN-Flood
6338,6,11,638,11,11,0,0,SSH-Bruteforce
80,17,20,1200,0,0,0,0,DoS-UDP
80,6,20,1200,20,0,0,0,DoS-SYN-Flood
80,6,20,1480,20,0,0,0,DoS-HTTP
80,6,20,1480,20,0,0,0,DoS-HTTP
80,6,20,1200,20,0,0,0,DoS-SYN-Flood
42227,6,2,120,2,0,0,0,PortScan
0,1,20,840,0,0,0,0,DoS-ICMP
80,6,20,1480,20,0,0,0,DoS-HTTP
80,17,20,1200,0,0,0,0,DoS-UDP
44407,6,2,120,2,0,0,0,PortScan
51809,17,20,27980,0,0,0,0,BENIGN
80,6,20,1200,20,0,0,0,DoS-SYN-Flood
0,1,20,840,0,0,0,0,DoS-ICMP
0,1,20,1200,0,0,0,0,DoS-ICMP
3419,6,4,240,4,0,0,0,PortScan
80,6,20,1480,20,0,0,0,DoS-HTTP
80,17,20,1200,0,0,0,0,DoS-UDP
80,6,20,1200,20,0,0,0,DoS-SYN-Flood
80,6,20,1200,20,0,0,0,DoS-SYN-Flood
80,6,20,1480,20,0,0,0,DoS-HTTP
80,17,20,1200,0,0,0,0,DoS-UDP
0,1,20,840,0,0,0,0,DoS-ICMP
80,6,20,1200,20,0,0,0,DoS-SYN-Flood
80,6,20,1480,20,0,0,0,DoS-HTTP
80,6,20,1480,20,0,0,0,DoS-HTTP
80,17,20,1200,0,0,0,0,DoS-UDP
80,6,20,1200,20,0,0,0,DoS-SYN-Flood
80,17,20,1200,0,0,0,0,DoS-UDP
80,6,20,1200,20,0,0,0,DoS-SYN-Flood
80,17,20,1200,0,0,0,0,DoS-UDP
36341,6,2,120,2,0,0,0,PortScan
80,6,20,1200,20,0,0,0,DoS-SYN-Flood
0,1,20,840,0,0,0,0,DoS-ICMP
36520,17,20,27980,0,0,0,0,BENIGN
80,6,20,1200,20,0,0,0,DoS-SYN-Flood
22,6,20,1200,7,0,13,0,SSH-Bruteforce
48806,17,20,27980,0,0,0,0,BENIGN
80,6,20,1200,20,0,0,0,DoS-SYN-Flood
80,6,20,1200,20,0,0,0,DoS-SYN-Flood
0,1,20,1200,0,0,0,0,DoS-ICMP
80,17,20,1200,0,0,0,0,DoS-UDP
80,6,20,1480,20,0,0,0,DoS-HTTP
0,1,20,1200,0,0,0,0,DoS-ICMP
80,6,20,1480,20,0,0,0,DoS-HTTP
80,6,20,1200,20,0,0,0,DoS-SYN-Flood
0,1,20,840,0,0,0,0,DoS-ICMP
10634,6,4,240,4,0,0,0,PortScan
80,17,20,1200,0,0,0,0,DoS-UDP
41308,17,20,27980,0,0,0,0,BENIGN
0,1,20,840,0,0,0,0,DoS-ICMP
80,6,20,1480,20,0,0,0,DoS-HTTP
80,6,20,1480,20,0,0,0,DoS-HTTP
40071,6,2,120,2,0,0,0,PortScan
22436,6,2,120,2,0,0,0,PortScan
80,6,20,1200,20,0,0,0,DoS-SYN-Flood
0,1,20,840,0,0,0,0,DoS-ICMP
16585,6,2,120,2,0,0,0,PortScan
3701,6,7,406,7,7,0,0,SSH-Bruteforce
80,6,20,1480,20,0,0,0,DoS-HTTP
52503,6,2,120,2,0,0,0,PortScan
0,1,20,1200,0,0,0,0,DoS-ICMP
80,6,20,1480,20,0,0,0,DoS-HTTP
22,6,20,1200,0,0,20,0,SSH-Bruteforce
0,1,20,1200,0,0,0,0,DoS-ICMP
80,17,20,1200,0,0,0,0,DoS-UDP
47914,6,5,290,5,5,0,0,SSH-Bruteforce
0,1,20,840,0,0,0,0,DoS-ICMP
80,6,20,1200,20,0,0,0,DoS-SYN-Flood
80,6,20,1480,20,0,0,0,DoS-HTTP
80,17,20,1200,0,0,0,0,DoS-UDP
33240,6,20,28840,0,20,0,0,BENIGN
49834,6,4,240,4,0,0,0,PortScan
80,17,20,1200,0,0,0,0,DoS-UDP
49239,6,4,240,4,0,0,0,PortScan
51567,6,4,240,4,0,0,0,PortScan
28711,6,4,240,4,0,0,0,PortScan
80,6,20,1480,20,0,0,0,DoS-HTTP
80,17,20,1200,0,0,0,0,DoS-UDP
80,17,20,1200,0,0,0,0,DoS-UDP
22,6,20,1200,0,0,20,0,SSH-Bruteforce
12496,6,4,240,4,0,0,0,PortScan
80,17,20,1200,0,0,0,0,DoS-UDP
80,17,20,1200,0,0,0,0,DoS-UDP
3580,6,4,240,4,0,0,0,PortScan
80,6,20,1200,20,0,0,0,DoS-SYN-Flood
80,6,20,1200,20,0,0,0,DoS-SYN-Flood
11538,6,8,464,8,8,0,0,SSH-Bruteforce
42904,17,20,27980,0,0,0,0,BENIGN
42350,6,20,16871,1,20,0,0,BENIGN
42321,6,2,120,2,0,0,0,PortScan
80,6,20,1480,20,0,0,0,DoS-HTTP
45440,6,2,120,2,0,0,0,PortScan
80,6,20,1200,20,0,0,0,DoS-SYN-Flood
54280,6,2,120,2,0,0,0,PortScan
53727,6,11,638,11,11,0,0,SSH-Bruteforce
16455,6,2,120,2,0,0,0,PortScan
80,17,20,1200,0,0,0,0,DoS-UDP
14483,6,7,406,7,7,0,0,SSH-Bruteforce
45908,6,2,120,2,0,0,0,PortScan
80,6,20,1480,20,0,0,0,DoS-HTTP
0,1,20,1200,0,0,0,0,DoS-ICMP
22,6,20,1200,20,0,0,0,SSH-Bruteforce
80,17,20,1200,0,0,0,0,DoS-UDP
34247,6,6,348,6,6,0,0,SSH-Bruteforce
23942,6,6,348,6,6,0,0,SSH-Bruteforce
80,6,20,1480,20,0,0,0,DoS-HTTP
52541,6,10,580,10,10,0,0,SSH-Bruteforce
80,17,20,1200,0,0,0,0,DoS-UDP
80,17,20,1200,0,0,0,0,DoS-UDP
22,6,20,1200,1,0,19,0,SSH-Bruteforce
0,1,20,840,0,0,0,0,DoS-ICMP
54829,17,20,27980,0,0,0,0,BENIGN
0,1,20,1200,0,0,0,0,DoS-ICMP
57898,6,11,638,11,11,0,0,SSH-Bruteforce
60516,6,20,28491,0,20,0,0,BENIGN
53258,6,20,30001,0,20,0,0,BENIGN
80,6,20,1200,20,0,0,0,DoS-SYN-Flood
0,1,20,1200,0,0,0,0,DoS-ICMP
0,1,20,1200,0,0,0,0,DoS-ICMP
39316,6,2,120,2,0,0,0,PortScan
0,1,20,840,0,0,0,0,DoS-ICMP
32362,6,2,120,2,0,0,0,PortScan
45063,6,8,464,8,8,0,0,SSH-Bruteforce
80,6,20,1480,20,0,0,0,DoS-HTTP
55977,6,4,240,4,0,0,0,PortScan
80,6,20,1200,20,0,0,0,DoS-SYN-Flood
80,6,20,1480,20,0,0,0,DoS-HTTP
80,6,20,1480,20,0,0,0,DoS-HTTP
33240,6,20,29140,0,20,0,0,BENIGN
80,6,20,1200,20,0,0,0,DoS-SYN-Flood
80,6,20,1480,20,0,0,0,DoS-HTTP
80,17,20,1200,0,0,0,0,DoS-UDP
80,6,20,1480,20,0,0,0,DoS-HTTP
80,6,20,1200,20,0,0,0,DoS-SYN-Flood
80,6,20,1480,20,0,0,0,DoS-HTTP
80,6,20,1480,20,0,0,0,DoS-HTTP
80,17,20,1200,0,0,0,0,DoS-UDP
80,17,20,1200,0,0,0,0,DoS-UDP
80,6,20,1480,20,0,0,0,DoS-HTTP
0,1,20,840,0,0,0,0,DoS-ICMP
0,1,20,840,0,0,0,0,DoS-ICMP
80,17,20,1200,0,0,0,0,DoS-UDP
2268,6,4,240,4,0,0,0,PortScan
36520,17,20,27980,0,0,0,0,BENIGN
0,1,20,840,0,0,0,0,DoS-ICMP
0,1,20,840,0,0,0,0,DoS-ICMP
22,6,20,1200,0,0,20,0,SSH-Bruteforce
80,17,20,1200,0,0,0,0,DoS-UDP
80,6,20,1200,20,0,0,0,DoS-SYN-Flood
80,6,20,1200,20,0,0,0,DoS-SYN-Flood
80,6,20,1480,20,0,0,0,DoS-HTTP
46218,6,4,240,4,0,0,0,PortScan
0,1,20,1200,0,0,0,0,DoS-ICMP
80,6,20,1480,20,0,0,0,DoS-HTTP
80,6,20,1480,20,0,0,0,DoS-HTTP
64225,6,4,240,4,0,0,0,PortScan
27126,6,2,120,2,0,0,0,PortScan
80,17,20,1200,0,0,0,0,DoS-UDP
80,6,20,1480,20,0,0,0,DoS-HTTP
80,6,20,1200,20,0,0,0,DoS-SYN-Flood
80,6,20,1480,20,0,0,0,DoS-HTTP
80,6,20,1200,20,0,0,0,DoS-SYN-Flood
36091,6,10,580,10,10,0,0,SSH-Bruteforce
80,6,20,1200,20,0,0,0,DoS-SYN-Flood
19731,6,9,522,9,9,0,0,SSH-Bruteforce
36520,17,20,27980,0,0,0,0,BENIGN
80,17,20,1200,0,0,0,0,DoS-UDP
80,17,20,1200,0,0,0,0,DoS-UDP
22722,6,4,240,4,0,0,0,PortScan
22,6,20,1200,0,0,20,0,SSH-Bruteforce
19234,6,2,120,2,0,0,0,PortScan
80,6,20,1200,20,0,0,0,DoS-SYN-Flood
0,1,20,840,0,0,0,0,DoS-ICMP
80,6,20,1480,20,0,0,0,DoS-HTTP
0,1,20,840,0,0,0,0,DoS-ICMP
2147,6,4,240,4,0,0,0,PortScan
80,6,20,1480,20,0,0,0,DoS-HTTP
22,6,20,1200,20,0,0,0,SSH-Bruteforce
0,1,20,840,0,0,0,0,DoS-ICMP
0,1,20,1200,0,0,0,0,DoS-ICMP
80,17,20,1200,0,0,0,0,DoS-UDP
80,6,20,1480,20,0,0,0,DoS-HTTP
80,6,20,1480,20,0,0,0,DoS-HTTP
0,1,20,1200,0,0,0,0,DoS-ICMP
80,6,20,1480,20,0,0,0,DoS-HTTP
0,1,20,1200,0,0,0,0,DoS-ICMP
80,6,20,1200,20,0,0,0,DoS-SYN-Flood
42440,17,20,27980,0,0,0,0,BENIGN
80,6,20,1200,20,0,0,0,DoS-SYN-Flood
80,6,20,1200,20,0,0,0,DoS-SYN-Flood
80,6,20,1200,20,0,0,0,DoS-SYN-Flood
33963,6,13,754,13,13,0,0,SSH-Bruteforce
46789,6,4,240,4,0,0,0,PortScan
80,6,20,1200,20,0,0,0,DoS-SYN-Flood
40936,6,2,120,2,0,0,0,PortScan
443,6,20,1200,0,20,0,0,BENIGN
80,6,20,1200,20,0,0,0,DoS-SYN-Flood
0,1,20,1200,0,0,0,0,DoS-ICMP
80,6,20,1200,20,0,0,0,DoS-SYN-Flood
15151,6,7,406,7,7,0,0,SSH-Bruteforce
64053,6,2,120,2,0,0,0,PortScan
80,17,20,1200,0,0,0,0,DoS-UDP
22,6,20,1200,0,0,20,0,SSH-Bruteforce
80,6,20,1200,20,0,0,0,DoS-SYN-Flood
39587,6,8,464,8,8,0,0,SSH-Bruteforce
80,6,20,1200,20,0,0,0,DoS-SYN-Flood
80,6,20,1200,20,0,0,0,DoS-SYN-Flood
80,6,20,1480,20,0,0,0,DoS-HTTP
80,17,20,1200,0,0,0,0,DoS-UDP
80,6,20,1200,20,0,0,0,DoS-SYN-Flood
55247,6,9,522,9,9,0,0,SSH-Bruteforce
0,1,20,1200,0,0,0,0,DoS-ICMP
0,1,20,840,0,0,0,0,DoS-ICMP
0,1,20,840,0,0,0,0,DoS-ICMP
80,6,20,1480,20,0,0,0,DoS-HTTP
80,6,20,1200,20,0,0,0,DoS-SYN-Flood
22,6,20,1200,0,0,20,0,SSH-Bruteforce
45954,6,4,232,4,4,0,0,SSH-Bruteforce
80,6,20,1480,20,0,0,0,DoS-HTTP
80,6,20,1480,20,0,0,0,DoS-HTTP
64357,6,2,120,2,0,0,0,PortScan
12834,6,4,240,4,0,0,0,PortScan
80,6,20,1480,20,0,0,0,DoS-HTTP
80,6,20,1480,20,0,0,0,DoS-HTTP
44791,6,2,120,2,0,0,0,PortScan
3804,6,4,240,4,0,0,0,PortScan
80,17,20,1200,0,0,0,0,DoS-UDP
80,6,20,1480,20,0,0,0,DoS-HTTP
58327,6,4,240,4,0,0,0,PortScan
80,6,20,1200,20,0,0,0,DoS-SYN-Flood
80,17,20,1200,0,0,0,0,DoS-UDP
80,17,20,1200,0,0,0,0,DoS-UDP
80,6,20,1200,20,0,0,0,DoS-SYN-Flood
10064,6,7,406,7,7,0,0,SSH-Bruteforce
80,6,20,1200,20,0,0,0,DoS-SYN-Flood
80,6,20,1480,20,0,0,0,DoS-HTTP
80,6,20,1200,20,0,0,0,DoS-SYN-Flood
22,6,20,1200,0,0,20,0,SSH-Bruteforce
80,17,20,1200,0,0,0,0,DoS-UDP
58778,6,6,348,6,6,0,0,SSH-Bruteforce
80,6,20,1480,20,0,0,0,DoS-HTTP
80,6,20,1480,20,0,0,0,DoS-HTTP
0,1,20,840,0,0,0,0,DoS-ICMP
5052,6,6,360,6,0,0,0,PortScan
3204,6,4,240,4,0,0,0,PortScan
25781,6,9,522,9,9,0,0,SSH-Bruteforce
80,17,20,1200,0,0,0,0,DoS-UDP
80,6,20,1200,20,0,0,0,DoS-SYN-Flood
53258,6,20,30280,0,20,0,0,BENIGN
64620,6,4,240,4,0,0,0,PortScan
0,1,20,1200,0,0,0,0,DoS-ICMP
80,6,20,1200,20,0,0,0,DoS-SYN-Flood
80,17,20,1200,0,0,0,0,DoS-UDP
58261,6,7,406,7,7,0,0,SSH-Bruteforce
80,6,20,1480,20,0,0,0,DoS-HTTP
47607,6,2,120,2,0,0,0,PortScan
80,17,20,1200,0,0,0,0,DoS-UDP
22,6,20,1200,20,0,0,0,SSH-Bruteforce
49034,6,7,406,7,7,0,0,SSH-Bruteforce
443,6,20,1200,0,20,0,0,BENIGN
33240,6,20,29440,0,20,0,0,BENIGN
80,17,20,1200,0,0,0,0,DoS-UDP
39803,6,12,696,12,12,0,0,SSH-Bruteforce
80,6,20,1480,20,0,0,0,DoS-HTTP
80,6,20,1480,20,0,0,0,DoS-HTTP
80,6,20,1200,20,0,0,0,DoS-SYN-Flood
80,6,20,1200,20,0,0,0,DoS-SYN-Flood
80,17,20,1200,0,0,0,0,DoS-UDP
80,6,20,1480,20,0,0,0,DoS-HTTP
1170,6,6,360,6,0,0,0,PortScan
19162,6,4,240,4,0,0,0,PortScan
0,1,20,1200,0,0,0,0,DoS-ICMP
11840,6,6,348,6,6,0,0,SSH-Bruteforce
80,6,20,1480,20,0,0,0,DoS-HTTP
0,1,20,1200,0,0,0,0,DoS-ICMP
31900,6,2,120,2,0,0,0,PortScan
80,6,20,1480,20,0,0,0,DoS-HTTP
80,6,20,1200,20,0,0,0,DoS-SYN-Flood
80,6,20,1200,20,0,0,0,DoS-SYN-Flood
22,6,20,1200,20,0,0,0,SSH-Bruteforce
80,6,20,1200,20,0,0,0,DoS-SYN-Flood
80,17,20,1200,0,0,0,0,DoS-UDP
0,1,20,1200,0,0,0,0,DoS-ICMP
80,6,20,1480,20,0,0,0,DoS-HTTP
80,17,20,1200,0,0,0,0,DoS-UDP
80,17,20,1200,0,0,0,0,DoS-UDP
80,6,20,1200,20,0,0,0,DoS-SYN-Flood
0,1,20,1200,0,0,0,0,DoS-ICMP
80,6,20,1480,20,0,0,0,DoS-HTTP
0,1,20,840,0,0,0,0,DoS-ICMP
80,6,20,1480,20,0,0,0,DoS-HTTP
583,6,6,348,6,6,0,0,SSH-Bruteforce
14210,6,8,464,8,8,0,0,SSH-Bruteforce
80,17,20,1200,0,0,0,0,DoS-UDP
80,6,20,1480,20,0,0,0,DoS-HTTP
80,6,20,1200,20,0,0,0,DoS-SYN-Flood
36520,17,20,27980,0,0,0,0,BENIGN
80,17,20,1200,0,0,0,0,DoS-UDP
22,6,20,1200,20,0,0,0,SSH-Bruteforce
0,1,20,840,0,0,0,0,DoS-ICMP
33240,6,20,29080,0,20,0,0,BENIGN
33024,6,2,120,2,0,0,0,PortScan
80,6,20,1480,20,0,0,0,DoS-HTTP
57212,6,2,120,2,0,0,0,PortScan
80,6,20,1480,20,0,0,0,DoS-HTTP
48962,6,6,348,6,6,0,0,SSH-Bruteforce
22,6,20,1200,0,0,20,0,SSH-Bruteforce
53258,6,20,29140,0,20,0,0,BENIGN
80,17,20,1200,0,0,0,0,DoS-UDP
80,6,20,1200,20,0,0,0,DoS-SYN-Flood
80,17,20,1200,0,0,0,0,DoS-UDP
80,17,20,1200,0,0,0,0,DoS-UDP
22044,6,5,290,5,5,0,0,SSH-Bruteforce
44343,6,2,120,2,0,0,0,PortScan
80,6,20,1200,20,0,0,0,DoS-SYN-Flood
80,17,20,1200,0,0,0,0,DoS-UDP
80,17,20,1200,0,0,0,0,DoS-UDP
443,17,20,3988,0,0,0,0,BENIGN
80,6,20,1480,20,0,0,0,DoS-HTTP
80,6,20,1480,20,0,0,0,DoS-HTTP
0,1,20,840,0,0,0,0,DoS-ICMP
80,6,20,1480,20,0,0,0,DoS-HTTP
80,6,20,1200,20,0,0,0,DoS-SYN-Flood
38400,17,2,314,0,0,0,0,BENIGN
60886,6,20,28780,0,20,0,0,BENIGN
20295,6,6,348,6,6,0,0,SSH-Bruteforce
0,1,20,840,0,0,0,0,DoS-ICMP
0,1,20,840,0,0,0,0,DoS-ICMP
80,6,20,1480,20,0,0,0,DoS-HTTP
80,17,20,1200,0,0,0,0,DoS-UDP
80,17,20,1200,0,0,0,0,DoS-UDP
80,17,20,1200,0,0,0,0,DoS-UDP
80,17,20,1200,0,0,0,0,DoS-UDP
80,17,20,1200,0,0,0,0,DoS-UDP
46398,17,20,7514,0,0,0,0,BENIGN
5446,6,7,406,7,7,0,0,SSH-Bruteforce
80,6,20,1480,20,0,0,0,DoS-HTTP
0,1,20,1200,0,0,0,0,DoS-ICMP
80,17,20,1200,0,0,0,0,DoS-UDP
80,6,20,1480,20,0,0,0,DoS-HTTP
52757,6,4,240,4,0,0,0,PortScan
6707,6,4,240,4,0,0,0,PortScan
80,17,20,1200,0,0,0,0,DoS-UDP
60268,6,4,240,4,0,0,0,PortScan
80,6,20,1480,20,0,0,0,DoS-HTTP
80,17,20,1200,0,0,0,0,DoS-UDP
80,6,20,1480,20,0,0,0,DoS-HTTP
47094,17,20,27980,0,0,0,0,BENIGN
443,6,20,1200,0,20,0,0,BENIGN
22,6,20,1200,0,0,20,0,SSH-Bruteforce
0,1,20,1200,0,0,0,0,DoS-ICMP
22,6,20,1200,20,0,0,0,SSH-Bruteforce
15345,6,7,406,7,7,0,0,SSH-Bruteforce
30796,6,4,240,4,0,0,0,PortScan
80,6,20,1480,20,0,0,0,DoS-HTTP
42308,6,12,2070,1,12,0,0,BENIGN
39518,6,4,232,4,4,0,0,SSH-Bruteforce
80,6,20,1200,20,0,0,0,DoS-SYN-Flood
50045,6,2,120,2,0,0,0,PortScan
64845,6,7,406,7,7,0,0,SSH-Bruteforce
36520,17,20,27980,0,0,0,0,BENIGN
0,1,20,840,0,0,0,0,DoS-ICMP
45319,6,7,406,7,7,0,0,SSH-Bruteforce
22,6,20,1200,1,0,19,0,SSH-Bruteforce
80,6,20,1200,20,0,0,0,DoS-SYN-Flood
80,6,20,1480,20,0,0,0,DoS-HTTP
0,1,20,840,0,0,0,0,DoS-ICMP
0,1,20,1200,0,0,0,0,DoS-ICMP
0,1,20,1200,0,0,0,0,DoS-ICMP
80,6,20,1480,20,0,0,0,DoS-HTTP
80,6,20,1200,20,0,0,0,DoS-SYN-Flood
0,1,20,840,0,0,0,0,DoS-ICMP
0,1,20,840,0,0,0,0,DoS-ICMP
41102,6,2,120,2,0,0,0,PortScan
80,6,20,1480,20,0,0,0,DoS-HTTP
0,1,20,840,0,0,0,0,DoS-ICMP
443,17,20,12331,0,0,0,0,BENIGN
0,1,20,840,0,0,0,0,DoS-ICMP
80,6,20,1200,20,0,0,0,DoS-SYN-Flood
60886,6,20,30279,0,20,0,0,BENIGN
0,1,20,840,0,0,0,0,DoS-ICMP
80,6,20,1200,20,0,0,0,DoS-SYN-Flood
80,17,20,1200,0,0,0,0,DoS-UDP
80,17,20,1200,0,0,0,0,DoS-UDP
0,1,20,840,0,0,0,0,DoS-ICMP
80,17,20,1200,0,0,0,0,DoS-UDP
13859,6,6,348,6,6,0,0,SSH-Bruteforce
36520,17,20,27980,0,0,0,0,BENIGN
0,1,20,840,0,0,0,0,DoS-ICMP
80,6,20,1200,20,0,0,0,DoS-SYN-Flood
59054,17,1,289,0,0,0,0,BENIGN
80,6,20,1480,20,0,0,0,DoS-HTTP
58436,6,2,120,2,0,0,0,PortScan
80,6,20,1480,20,0,0,0,DoS-HTTP
52586,6,4,240,4,0,0,0,PortScan
80,17,20,1200,0,0,0,0,DoS-UDP
0,1,20,840,0,0,0,0,DoS-ICMP
3913,6,4,240,4,0,0,0,PortScan
80,17,20,1200,0,0,0,0,DoS-UDP
53272,6,20,28900,0,20,0,0,BENIGN
23188,6,2,120,2,0,0,0,PortScan
33446,17,18,24603,0,0,0,0,BENIGN
80,17,20,1200,0,0,0,0,DoS-UDP
23187,6,13,754,13,13,0,0,SSH-Bruteforce
36520,17,20,27980,0,0,0,0,BENIGN
36520,17,20,27980,0,0,0,0,BENIGN
80,6,20,1200,20,0,0,0,DoS-SYN-Flood
0,1,20,840,0,0,0,0,DoS-ICMP
80,17,20,1200,0,0,0,0,DoS-UDP
36520,17,20,27980,0,0,0,0,BENIGN
80,6,20,1480,20,0,0,0,DoS-HTTP
80,6,20,1200,20,0,0,0,DoS-SYN-Flood
26669,6,2,120,2,0,0,0,PortScan
80,17,20,1200,0,0,0,0,DoS-UDP
22,6,20,1200,0,0,20,0,SSH-Bruteforce
0,1,20,1200,0,0,0,0,DoS-ICMP
22,6,20,1200,0,0,20,0,SSH-Bruteforce
0,1,20,840,0,0,0,0,DoS-ICMP
80,17,20,1200,0,0,0,0,DoS-UDP
80,17,20,1200,0,0,0,0,DoS-UDP
60798,6,6,348,6,6,0,0,SSH-Bruteforce
0,1,20,840,0,0,0,0,DoS-ICMP
27185,6,5,290,5,5,0,0,SSH-Bruteforce
29390,6,8,464,8,8,0,0,SSH-Bruteforce
80,6,20,1200,20,0,0,0,DoS-SYN-Flood
80,6,20,1480,20,0,0,0,DoS-HTTP
80,17,20,1200,0,0,0,0,DoS-UDP
0,1,20,840,0,0,0,0,DoS-ICMP
80,6,20,1200,20,0,0,0,DoS-SYN-Flood
0,1,20,1200,0,0,0,0,DoS-ICMP
80,6,20,1480,20,0,0,0,DoS-HTTP
80,6,20,1480,20,0,0,0,DoS-HTTP
0,1,20,840,0,0,0,0,DoS-ICMP
0,1,20,840,0,0,0,0,DoS-ICMP
80,17,20,1200,0,0,0,0,DoS-UDP
80,6,20,1480,20,0,0,0,DoS-HTTP
26404,6,9,522,9,9,0,0,SSH-Bruteforce
22,6,20,1200,17,0,3,0,SSH-Bruteforce
55667,6,4,240,4,0,0,0,PortScan
0,1,20,1200,0,0,0,0,DoS-ICMP
43099,6,7,406,7,7,0,0,SSH-Bruteforce
23370,6,7,406,7,7,0,0,SSH-Bruteforce
17468,6,7,406,7,7,0,0,SSH-Bruteforce
80,17,20,1200,0,0,0,0,DoS-UDP
80,6,20,1480,20,0,0,0,DoS-HTTP
0,1,20,1200,0,0,0,0,DoS-ICMP
80,6,20,1200,20,0,0,0,DoS-SYN-Flood
43185,6,4,240,4,0,0,0,PortScan
80,17,20,1200,0,0,0,0,DoS-UDP
34211,6,6,348,6,6,0,0,SSH-Bruteforce
80,6,20,1480,20,0,0,0,DoS-HTTP
16154,6,4,240,4,0,0,0,PortScan
5755,6,4,240,4,0,0,0,PortScan
56821,6,8,464,8,8,0,0,SSH-Bruteforce
80,17,20,1200,0,0,0,0,DoS-UDP
80,17,20,1200,0,0,0,0,DoS-UDP
80,6,20,1480,20,0,0,0,DoS-HTTP
80,17,20,1200,0,0,0,0,DoS-UDP
20648,6,2,120,2,0,0,0,PortScan
80,6,20,1480,20,0,0,0,DoS-HTTP
0,1,20,840,0,0,0,0,DoS-ICMP
0,1,20,1200,0,0,0,0,DoS-ICMP
22,6,20,1200,0,0,20,0,SSH-Bruteforce
80,17,20,1200,0,0,0,0,DoS-UDP
49442,6,2,120,2,0,0,0,PortScan
80,6,20,1200,20,0,0,0,DoS-SYN-Flood
80,6,20,1480,20,0,0,0,DoS-HTTP
80,17,20,1200,0,0,0,0,DoS-UDP
80,6,20,1200,20,0,0,0,DoS-SYN-Flood
11906,6,4,240,4,0,0,0,PortScan
0,1,20,1200,0,0,0,0,DoS-ICMP
63382,6,4,232,4,4,0,0,SSH-Bruteforce
41437,6,13,754,13,13,0,0,SSH-Bruteforce
80,6,20,1480,20,0,0,0,DoS-HTTP
80,6,20,1480,20,0,0,0,DoS-HTTP
59804,6,20,17379,0,20,0,0,BENIGN
80,6,20,1480,20,0,0,0,DoS-HTTP
810,6,4,240,4,0,0,0,PortScan
80,17,20,1200,0,0,0,0,DoS-UDP
53491,6,2,120,2,0,0,0,PortScan
80,6,20,1200,20,0,0,0,DoS-SYN-Flood
80,17,20,1200,0,0,0,0,DoS-UDP
15901,6,5,290,5,5,0,0,SSH-Bruteforce
80,17,20,1200,0,0,0,0,DoS-UDP
0,1,20,1200,0,0,0,0,DoS-ICMP
19598,6,7,406,7,7,0,0,SSH-Bruteforce
80,17,20,1200,0,0,0,0,DoS-UDP
80,6,20,1200,20,0,0,0,DoS-SYN-Flood
80,17,20,1200,0,0,0,0,DoS-UDP
80,6,20,1200,20,0,0,0,DoS-SYN-Flood
22,6,20,1200,19,0,1,0,SSH-Bruteforce
60516,6,20,28660,0,20,0,0,BENIGN
80,6,20,1200,20,0,0,0,DoS-SYN-Flood
0,1,20,1200,0,0,0,0,DoS-ICMP
80,6,20,1200,20,0,0,0,DoS-SYN-Flood
36520,17,20,27980,0,0,0,0,BENIGN
80,6,20,1480,20,0,0,0,DoS-HTTP
80,6,20,1480,20,0,0,0,DoS-HTTP
80,17,20,1200,0,0,0,0,DoS-UDP
80,6,20,1480,20,0,0,0,DoS-HTTP
80,6,20,1200,20,0,0,0,DoS-SYN-Flood
36520,17,20,27980,0,0,0,0,BENIGN
33240,6,20,29020,0,20,0,0,BENIGN
47822,6,20,29140,0,20,0,0,BENIGN
80,6,20,1200,20,0,0,0,DoS-SYN-Flood
0,1,20,1200,0,0,0,0,DoS-ICMP
80,6,20,1480,20,0,0,0,DoS-HTTP
0,1,20,1200,0,0,0,0,DoS-ICMP
22553,6,7,406,7,7,0,0,SSH-Bruteforce
26583,6,4,240,4,0,0,0,PortScan
3307,6,6,360,6,0,0,0,PortScan
0,1,20,840,0,0,0,0,DoS-ICMP
80,6,20,1480,20,0,0,0,DoS-HTTP
906,6,6,348,6,6,0,0,SSH-Bruteforce
0,1,20,840,0,0,0,0,DoS-ICMP
80,6,20,1480,20,0,0,0,DoS-HTTP
80,6,20,1200,20,0,0,0,DoS-SYN-Flood
80,17,20,1200,0,0,0,0,DoS-UDP
37359,6,12,696,12,12,0,0,SSH-Bruteforce
0,1,20,1200,0,0,0,0,DoS-ICMP
53278,6,20,29020,0,20,0,0,BENIGN
80,6,20,1480,20,0,0,0,DoS-HTTP
80,6,20,1200,20,0,0,0,DoS-SYN-Flood
80,6,20,1200,20,0,0,0,DoS-SYN-Flood
0,1,20,1200,0,0,0,0,DoS-ICMP
80,6,20,1200,20,0,0,0,DoS-SYN-Flood
80,6,20,1200,20,0,0,0,DoS-SYN-Flood
53553,6,4,240,4,0,0,0,PortScan
47603,6,10,580,10,10,0,0,SSH-Bruteforce
80,6,20,1480,20,0,0,0,DoS-HTTP
0,1,20,1200,0,0,0,0,DoS-ICMP
80,6,20,1200,20,0,0,0,DoS-SYN-Flood
43495,6,4,240,4,0,0,0,PortScan
80,6,20,1480,20,0,0,0,DoS-HTTP
80,6,20,1200,20,0,0,0,DoS-SYN-Flood
53278,6,20,29260,0,20,0,0,BENIGN
26656,6,4,240,4,0,0,0,PortScan
20021,6,4,240,4,0,0,0,PortScan
80,6,20,1200,20,0,0,0,DoS-SYN-Flood
0,1,20,840,0,0,0,0,DoS-ICMP
55645,6,4,240,4,0,0,0,PortScan
0,1,20,840,0,0,0,0,DoS-ICMP
80,6,20,1200,20,0,0,0,DoS-SYN-Flood
22,6,20,1200,20,0,0,0,SSH-Bruteforce
80,6,20,1480,20,0,0,0,DoS-HTTP
80,6,20,1480,20,0,0,0,DoS-HTTP
80,6,20,1480,20,0,0,0,DoS-HTTP
22,6,20,1200,20,0,0,0,SSH-Bruteforce
17665,6,4,240,4,0,0,0,PortScan
0,1,20,1200,0,0,0,0,DoS-ICMP
80,6,20,1480,20,0,0,0,DoS-HTTP
80,6,20,1200,20,0,0,0,DoS-SYN-Flood
11492,6,4,240,4,0,0,0,PortScan
0,1,20,1200,0,0,0,0,DoS-ICMP
22,6,20,1200,20,0,0,0,SSH-Bruteforce
80,17,20,1200,0,0,0,0,DoS-UDP
26131,6,4,240,4,0,0,0,PortScan
80,6,20,1200,20,0,0,0,DoS-SYN-Flood
29010,6,6,348,6,6,0,0,SSH-Bruteforce
0,1,20,840,0,0,0,0,DoS-ICMP
80,17,20,1200,0,0,0,0,DoS-UDP
80,6,20,1200,20,0,0,0,DoS-SYN-Flood
80,6,20,1480,20,0,0,0,DoS-HTTP
0,1,20,840,0,0,0,0,DoS-ICMP
80,6,20,1480,20,0,0,0,DoS-HTTP
51021,6,5,290,5,5,0,0,SSH-Bruteforce
45141,6,10,580,10,10,0,0,SSH-Bruteforce
80,6,20,1200,20,0,0,0,DoS-SYN-Flood
36520,17,20,27980,0,0,0,0,BENIGN
53308,6,20,28960,0,20,0,0,BENIGN
0,1,20,840,0,0,0,0,DoS-ICMP
80,17,20,1200,0,0,0,0,DoS-UDP
80,6,20,1200,20,0,0,0,DoS-SYN-Flood
80,6,20,1480,20,0,0,0,DoS-HTTP
80,6,20,1200,20,0,0,0,DoS-SYN-Flood
80,6,20,1200,20,0,0,0,DoS-SYN-Flood
16611,6,2,120,2,0,0,0,PortScan
80,17,20,1200,0,0,0,0,DoS-UDP
57889,6,4,240,4,0,0,0,PortScan
24328,6,2,120,2,0,0,0,PortScan
80,6,20,1480,20,0,0,0,DoS-HTTP
80,6,20,1480,20,0,0,0,DoS-HTTP
80,17,20,1200,0,0,0,0,DoS-UDP
22,6,20,1200,18,0,2,0,SSH-Bruteforce
2868,6,4,240,4,0,0,0,PortScan
80,6,20,1480,20,0,0,0,DoS-HTTP
0,1,20,840,0,0,0,0,DoS-ICMP
80,6,20,1480,20,0,0,0,DoS-HTTP
80,17,20,1200,0,0,0,0,DoS-UDP
80,6,20,1480,20,0,0,0,DoS-HTTP
80,6,20,1200,20,0,0,0,DoS-SYN-Flood
0,1,20,1200,0,0,0,0,DoS-ICMP
80,6,20,1480,20,0,0,0,DoS-HTTP
0,1,20,1200,0,0,0,0,DoS-ICMP
80,6,20,1200,20,0,0,0,DoS-SYN-Flood
80,6,20,1480,20,0,0,0,DoS-HTTP
80,17,20,1200,0,0,0,0,DoS-UDP
80,17,20,1200,0,0,0,0,DoS-UDP
80,17,20,1200,0,0,0,0,DoS-UDP
0,1,20,1200,0,0,0,0,DoS-ICMP
80,6,20,1200,20,0,0,0,DoS-SYN-Flood
53278,6,20,30280,0,20,0,0,BENIGN
0,1,20,840,0,0,0,0,DoS-ICMP
80,17,20,1200,0,0,0,0,DoS-UDP
80,17,20,1200,0,0,0,0,DoS-UDP
19780,6,2,120,2,0,0,0,PortScan
80,6,20,1480,20,0,0,0,DoS-HTTP
28245,6,7,406,7,7,0,0,SSH-Bruteforce
80,6,20,1200,20,0,0,0,DoS-SYN-Flood
80,17,20,1200,0,0,0,0,DoS-UDP
80,17,20,1200,0,0,0,0,DoS-UDP
80,6,20,1200,20,0,0,0,DoS-SYN-Flood
0,1,20,840,0,0,0,0,DoS-ICMP
0,1,20,840,0,0,0,0,DoS-ICMP
80,6,20,1200,20,0,0,0,DoS-SYN-Flood
80,6,20,1200,20,0,0,0,DoS-SYN-Flood
0,1,20,1200,0,0,0,0,DoS-ICMP
0,1,20,1200,0,0,0,0,DoS-ICMP
80,17,20,1200,0,0,0,0,DoS-UDP
80,6,20,1480,20,0,0,0,DoS-HTTP
36520,17,20,27980,0,0,0,0,BENIGN
0,1,20,1200,0,0,0,0,DoS-ICMP
80,17,20,1200,0,0,0,0,DoS-UDP
2513,6,6,360,6,0,0,0,PortScan
11955,6,4,240,4,0,0,0,PortScan
80,6,20,1200,20,0,0,0,DoS-SYN-Flood
40693,17,1,121,0,0,0,0,BENIGN
80,6,20,1200,20,0,0,0,DoS-SYN-Flood
80,6,20,1200,20,0,0,0,DoS-SYN-Flood
0,1,20,1200,0,0,0,0,DoS-ICMP
80,17,20,1200,0,0,0,0,DoS-UDP
5410,6,6,348,6,6,0,0,SSH-Bruteforce
22476,6,7,406,7,7,0,0,SSH-Bruteforce
80,6,20,1480,20,0,0,0,DoS-HTTP
80,6,20,1200,20,0,0,0,DoS-SYN-Flood
80,17,20,1200,0,0,0,0,DoS-UDP
61204,6,2,120,2,0,0,0,PortScan
0,1,20,840,0,0,0,0,DoS-ICMP
22,6,20,1200,20,0,0,0,SSH-Bruteforce
1981,6,8,464,8,8,0,0,SSH-Bruteforce
58797,6,4,240,4,0,0,0,PortScan
80,6,20,1480,20,0,0,0,DoS-HTTP
443,17,20,8855,0,0,0,0,BENIGN
80,6,20,1200,20,0,0,0,DoS-SYN-Flood
0,1,20,840,0,0,0,0,DoS-ICMP
50444,6,7,406,7,7,0,0,SSH-Bruteforce
0,1,20,840,0,0,0,0,DoS-ICMP
41308,17,20,27980,0,0,0,0,BENIGN
60886,6,20,29380,0,20,0,0,BENIGN
22,6,20,1200,20,0,0,0,SSH-Bruteforce
65087,6,5,290,5,5,0,0,SSH-Bruteforce
60886,6,20,19530,0,20,0,0,BENIGN
80,17,20,1200,0,0,0,0,DoS-UDP
80,17,20,1200,0,0,0,0,DoS-UDP
80,6,20,1200,20,0,0,0,DoS-SYN-Flood
0,1,20,1200,0,0,0,0,DoS-ICMP
80,6,20,1480,20,0,0,0,DoS-HTTP
0,1,20,840,0,0,0,0,DoS-ICMP
80,6,20,1200,20,0,0,0,DoS-SYN-Flood
47415,6,8,464,8,8,0,0,SSH-Bruteforce
64325,6,2,120,2,0,0,0,PortScan
10896,6,8,464,8,8,0,0,SSH-Bruteforce
80,6,20,1200,20,0,0,0,DoS-SYN-Flood
57452,6,2,120,2,0,0,0,PortScan
54844,6,7,406,7,7,0,0,SSH-Bruteforce
80,6,20,1200,20,0,0,0,DoS-SYN-Flood
22,6,20,1200,1,0,19,0,SSH-Bruteforce
80,17,20,1200,0,0,0,0,DoS-UDP
80,17,20,1200,0,0,0,0,DoS-UDP
443,17,20,6474,0,0,0,0,BENIGN
22,6,20,1200,0,0,20,0,SSH-Bruteforce
0,1,20,840,0,0,0,0,DoS-ICMP
80,6,20,1480,20,0,0,0,DoS-HTTP
80,6,20,1480,20,0,0,0,DoS-HTTP
80,6,20,1480,20,0,0,0,DoS-HTTP
46398,6,17,5745,1,17,0,1,BENIGN
0,1,20,1200,0,0,0,0,DoS-ICMP
59769,17,20,24670,0,0,0,0,BENIGN
0,1,20,1200,0,0,0,0,DoS-ICMP
80,6,20,1480,20,0,0,0,DoS-HTTP
17469,6,4,240,4,0,0,0,PortScan
80,6,20,1480,20,0,0,0,DoS-HTTP
39166,6,7,406,7,7,0,0,SSH-Bruteforce
80,17,20,1200,0,0,0,0,DoS-UDP
80,6,20,1200,20,0,0,0,DoS-SYN-Flood
0,1,20,840,0,0,0,0,DoS-ICMP
80,6,20,1480,20,0,0,0,DoS-HTTP
39141,6,2,120,2,0,0,0,PortScan
80,6,20,1200,20,0,0,0,DoS-SYN-Flood
80,6,20,1200,20,0,0,0,DoS-SYN-Flood
44216,6,2,120,2,0,0,0,PortScan
443,17,20,4665,0,0,0,0,BENIGN
38827,6,4,240,4,0,0,0,PortScan
80,6,20,1480,20,0,0,0,DoS-HTTP
0,1,20,840,0,0,0,0,DoS-ICMP
17474,6,7,406,7,7,0,0,SSH-Bruteforce
80,6,20,1200,20,0,0,0,DoS-SYN-Flood
0,1,20,840,0,0,0,0,DoS-ICMP
44061,6,8,464,8,8,0,0,SSH-Bruteforce
60791,6,4,240,4,0,0,0,PortScan
80,6,20,1480,20,0,0,0,DoS-HTTP
80,6,20,1480,20,0,0,0,DoS-HTTP
80,6,20,1200,20,0,0,0,DoS-SYN-Flood
80,17,20,1200,0,0,0,0,DoS-UDP
60886,6,20,30279,0,20,0,0,BENIGN
80,6,20,1200,20,0,0,0,DoS-SYN-Flood
80,6,20,1200,20,0,0,0,DoS-SYN-Flood
80,6,20,1480,20,0,0,0,DoS-HTTP
42073,6,4,240,4,0,0,0,PortScan
60886,6,20,28720,0,20,0,0,BENIGN
80,17,20,1200,0,0,0,0,DoS-UDP
33503,6,4,240,4,0,0,0,PortScan
9450,6,4,240,4,0,0,0,PortScan
24592,6,7,406,7,7,0,0,SSH-Bruteforce
0,1,20,1200,0,0,0,0,DoS-ICMP
80,6,20,1480,20,0,0,0,DoS-HTTP
54829,17,20,27980,0,0,0,0,BENIGN
80,17,20,1200,0,0,0,0,DoS-UDP
57089,6,2,120,2,0,0,0,PortScan
80,6,20,1200,20,0,0,0,DoS-SYN-Flood
80,17,20,1200,0,0,0,0,DoS-UDP
22,6,20,1200,0,0,20,0,SSH-Bruteforce
56147,6,2,120,2,0,0,0,PortScan
24144,6,4,240,4,0,0,0,PortScan
80,17,20,1200,0,0,0,0,DoS-UDP
35924,6,10,580,10,10,0,0,SSH-Bruteforce
80,6,20,1480,20,0,0,0,DoS-HTTP
0,1,20,1200,0,0,0,0,DoS-ICMP
80,17,20,1200,0,0,0,0,DoS-UDP
80,6,20,1480,20,0,0,0,DoS-HTTP
80,17,20,1200,0,0,0,0,DoS-UDP
80,17,20,1200,0,0,0,0,DoS-UDP
45424,6,20,15676,0,20,0,0,BENIGN
80,6,20,1480,20,0,0,0,DoS-HTTP
80,6,20,1200,20,0,0,0,DoS-SYN-Flood
80,17,20,1200,0,0,0,0,DoS-UDP
80,17,20,1200,0,0,0,0,DoS-UDP
15726,6,12,696,12,12,0,0,SSH-Bruteforce
7468,6,4,240,4,0,0,0,PortScan
0,1,20,1200,0,0,0,0,DoS-ICMP
443,17,20,2347,0,0,0,0,BENIGN
80,6,20,1480,20,0,0,0,DoS-HTTP
80,6,20,1200,20,0,0,0,DoS-SYN-Flood
23771,6,7,406,7,7,0,0,SSH-Bruteforce
443,17,13,974,0,0,0,0,BENIGN
80,17,20,1200,0,0,0,0,DoS-UDP
80,6,20,1480,20,0,0,0,DoS-HTTP
0,1,20,1200,0,0,0,0,DoS-ICMP
0,1,20,840,0,0,0,0,DoS-ICMP
26153,6,8,464,8,8,0,0,SSH-Bruteforce
22,6,20,1200,20,0,0,0,SSH-Bruteforce
80,6,20,1200,20,0,0,0,DoS-SYN-Flood
0,1,20,840,0,0,0,0,DoS-ICMP
80,6,20,1200,20,0,0,0,DoS-SYN-Flood
22,6,20,1200,1,0,19,0,SSH-Bruteforce
58707,6,7,406,7,7,0,0,SSH-Bruteforce
80,6,20,1200,20,0,0,0,DoS-SYN-Flood
0,1,20,1200,0,0,0,0,DoS-ICMP
0,1,20,1200,0,0,0,0,DoS-ICMP
60489,6,9,522,9,9,0,0,SSH-Bruteforce
0,1,20,1200,0,0,0,0,DoS-ICMP
80,6,20,1200,20,0,0,0,DoS-SYN-Flood
80,17,20,1200,0,0,0,0,DoS-UDP
80,6,20,1480,20,0,0,0,DoS-HTTP
80,6,20,1200,20,0,0,0,DoS-SYN-Flood
0,1,20,1200,0,0,0,0,DoS-ICMP
9281,6,4,240,4,0,0,0,PortScan
80,6,20,1200,20,0,0,0,DoS-SYN-Flood
2752,6,4,240,4,0,0,0,PortScan
23904,6,4,240,4,0,0,0,PortScan
0,1,20,840,0,0,0,0,DoS-ICMP
80,6,20,1200,20,0,0,0,DoS-SYN-Flood
34191,6,2,120,2,0,0,0,PortScan
80,17,20,1200,0,0,0,0,DoS-UDP
12638,6,9,522,9,9,0,0,SSH-Bruteforce
80,6,20,1480,20,0,0,0,DoS-HTTP
80,6,20,1480,20,0,0,0,DoS-HTTP
22,6,20,1200,0,0,20,0,SSH-Bruteforce
80,17,20,1200,0,0,0,0,DoS-UDP
30499,6,4,240,4,0,0,0,PortScan
0,1,20,840,0,0,0,0,DoS-ICMP
23665,6,7,406,7,7,0,0,SSH-Bruteforce
80,17,20,1200,0,0,0,0,DoS-UDP
80,6,20,1480,20,0,0,0,DoS-HTTP
80,6,20,1200,20,0,0,0,DoS-SYN-Flood
59066,6,2,120,2,0,0,0,PortScan
0,1,20,1200,0,0,0,0,DoS-ICMP
80,6,20,1200,20,0,0,0,DoS-SYN-Flood
48253,6,1,58,1,1,0,0,PortScan
0,1,20,1200,0,0,0,0,DoS-ICMP
80,6,20,1480,20,0,0,0,DoS-HTTP
80,17,20,1200,0,0,0,0,DoS-UDP
33240,6,20,29080,0,20,0,0,BENIGN
0,1,20,840,0,0,0,0,DoS-ICMP
47094,17,20,27980,0,0,0,0,BENIGN
80,17,20,1200,0,0,0,0,DoS-UDP
80,6,20,1200,20,0,0,0,DoS-SYN-Flood
80,17,20,1200,0,0,0,0,DoS-UDP
50851,6,2,120,2,0,0,0,PortScan
0,1,20,1200,0,0,0,0,DoS-ICMP
80,17,20,1200,0,0,0,0,DoS-UDP
80,6,20,1200,20,0,0,0,DoS-SYN-Flood
35542,6,8,464,8,8,0,0,SSH-Bruteforce
80,17,20,1200,0,0,0,0,DoS-UDP
21253,6,6,348,6,6,0,0,SSH-Bruteforce
0,1,20,1200,0,0,0,0,DoS-ICMP
44012,6,2,120,2,0,0,0,PortScan
80,6,20,1200,20,0,0,0,DoS-SYN-Flood
80,6,20,1200,20,0,0,0,DoS-SYN-Flood
22,6,20,1200,20,0,0,0,SSH-Bruteforce
80,6,20,1480,20,0,0,0,DoS-HTTP
50061,6,2,120,2,0,0,0,PortScan
80,6,20,1200,20,0,0,0,DoS-SYN-Flood
80,17,20,1200,0,0,0,0,DoS-UDP
80,6,20,1200,20,0,0,0,DoS-SYN-Flood
46436,6,12,696,12,12,0,0,SSH-Bruteforce
80,6,20,1480,20,0,0,0,DoS-HTTP
0,1,20,840,0,0,0,0,DoS-ICMP
22,6,20,1200,0,0,20,0,SSH-Bruteforce
0,1,20,1200,0,0,0,0,DoS-ICMP
9637,6,10,580,10,10,0,0,SSH-Bruteforce
80,17,20,1200,0,0,0,0,DoS-UDP
80,6,20,1200,20,0,0,0,DoS-SYN-Flood
36520,17,20,27980,0,0,0,0,BENIGN
443,6,20,4569,6,14,0,0,BENIGN
80,6,20,1200,20,0,0,0,DoS-SYN-Flood
34786,6,2,120,2,0,0,0,PortScan
80,6,20,1200,20,0,0,0,DoS-SYN-Flood
80,17,20,1200,0,0,0,0,DoS-UDP
80,6,20,1200,20,0,0,0,DoS-SYN-Flood
0,1,20,1200,0,0,0,0,DoS-ICMP
28331,6,2,120,2,0,0,0,PortScan
80,17,20,1200,0,0,0,0,DoS-UDP
80,17,20,1200,0,0,0,0,DoS-UDP
30286,6,4,240,4,0,0,0,PortScan
80,6,20,1200,20,0,0,0,DoS-SYN-Flood
80,6,20,1200,20,0,0,0,DoS-SYN-Flood
0,1,20,840,0,0,0,0,DoS-ICMP
80,6,20,1480,20,0,0,0,DoS-HTTP
80,6,20,1200,20,0,0,0,DoS-SYN-Flood
80,6,20,1480,20,0,0,0,DoS-HTTP
42429,6,2,120,2,0,0,0,PortScan
80,6,20,1200,20,0,0,0,DoS-SYN-Flood
35021,6,2,120,2,0,0,0,PortScan
80,6,20,1200,20,0,0,0,DoS-SYN-Flood
49291,6,4,232,4,4,0,0,SSH-Bruteforce
25930,6,9,522,9,9,0,0,SSH-Bruteforce
443,6,20,1200,0,20,0,0,BENIGN
0,1,20,840,0,0,0,0,DoS-ICMP
15122,6,2,120,2,0,0,0,PortScan
0,1,20,1200,0,0,0,0,DoS-ICMP
3491,6,4,240,4,0,0,0,PortScan
80,17,20,1200,0,0,0,0,DoS-UDP
80,17,20,1200,0,0,0,0,DoS-UDP
48968,6,2,120,2,0,0,0,PortScan
80,6,20,1200,20,0,0,0,DoS-SYN-Flood
15966,6,2,120,2,0,0,0,PortScan
60886,6,20,21116,0,20,0,0,BENIGN
80,6,20,1480,20,0,0,0,DoS-HTTP
80,17,20,1200,0,0,0,0,DoS-UDP
80,6,20,1480,20,0,0,0,DoS-HTTP
53258,6,20,29140,0,20,0,0,BENIGN
80,6,20,1200,20,0,0,0,DoS-SYN-Flood
80,6,20,1200,20,0,0,0,DoS-SYN-Flood
80,17,20,1200,0,0,0,0,DoS-UDP
0,1,20,1200,0,0,0,0,DoS-ICMP
80,17,20,1200,0,0,0,0,DoS-UDP
0,1,20,1200,0,0,0,0,DoS-ICMP
22,6,20,1200,20,0,0,0,SSH-Bruteforce
80,17,20,1200,0,0,0,0,DoS-UDP
80,17,20,1200,0,0,0,0,DoS-UDP
80,6,20,1200,20,0,0,0,DoS-SYN-Flood
80,6,20,1200,20,0,0,0,DoS-SYN-Flood
60541,6,2,120,2,0,0,0,PortScan
0,1,20,1200,0,0,0,0,DoS-ICMP
0,1,20,840,0,0,0,0,DoS-ICMP
26402,6,8,464,8,8,0,0,SSH-Bruteforce
80,6,20,1200,20,0,0,0,DoS-SYN-Flood
80,17,20,1200,0,0,0,0,DoS-UDP
0,1,20,840,0,0,0,0,DoS-ICMP
80,6,20,1200,20,0,0,0,DoS-SYN-Flood
80,6,20,1480,20,0,0,0,DoS-HTTP
80,6,20,1480,20,0,0,0,DoS-HTTP
0,1,20,1200,0,0,0,0,DoS-ICMP
80,17,20,1200,0,0,0,0,DoS-UDP
80,17,20,1200,0,0,0,0,DoS-UDP
22856,6,2,120,2,0,0,0,PortScan
16289,6,7,406,7,7,0,0,SSH-Bruteforce
0,1,20,1200,0,0,0,0,DoS-ICMP
443,6,20,1200,0,20,0,0,BENIGN
80,17,20,1200,0,0,0,0,DoS-UDP
0,1,20,840,0,0,0,0,DoS-ICMP
80,6,20,1480,20,0,0,0,DoS-HTTP
80,6,20,1480,20,0,0,0,DoS-HTTP
80,6,20,1480,20,0,0,0,DoS-HTTP
5127,6,6,360,6,0,0,0,PortScan
63784,6,5,290,5,5,0,0,SSH-Bruteforce
46397,6,8,464,8,8,0,0,SSH-Bruteforce
0,1,20,840,0,0,0,0,DoS-ICMP
39792,6,12,696,12,12,0,0,SSH-Bruteforce
29143,6,2,120,2,0,0,0,PortScan
80,17,20,1200,0,0,0,0,DoS-UDP
0,1,20,1200,0,0,0,0,DoS-ICMP
0,1,20,1200,0,0,0,0,DoS-ICMP
80,17,20,1200,0,0,0,0,DoS-UDP
0,1,20,1200,0,0,0,0,DoS-ICMP
80,6,20,1480,20,0,0,0,DoS-HTTP
80,6,20,1200,20,0,0,0,DoS-SYN-Flood
80,17,20,1200,0,0,0,0,DoS-UDP
80,6,20,1200,20,0,0,0,DoS-SYN-Flood
80,17,20,1200,0,0,0,0,DoS-UDP
80,17,20,1200,0,0,0,0,DoS-UDP
80,6,20,1480,20,0,0,0,DoS-HTTP
80,17,20,1200,0,0,0,0,DoS-UDP
36520,17,20,27980,0,0,0,0,BENIGN
60136,6,2,120,2,0,0,0,PortScan
80,6,20,1480,20,0,0,0,DoS-HTTP
80,6,20,1480,20,0,0,0,DoS-HTTP
22,6,20,1200,1,0,19,0,SSH-Bruteforce
22114,6,5,290,5,5,0,0,SSH-Bruteforce
52358,6,4,240,4,0,0,0,PortScan
14631,6,4,232,4,4,0,0,SSH-Bruteforce
0,1,20,840,0,0,0,0,DoS-ICMP
65088,6,6,348,6,6,0,0,SSH-Bruteforce
22,6,20,1200,0,0,20,0,SSH-Bruteforce
21040,6,7,406,7,7,0,0,SSH-Bruteforce
80,6,20,1480,20,0,0,0,DoS-HTTP
80,6,20,1480,20,0,0,0,DoS-HTTP
80,17,20,1200,0,0,0,0,DoS-UDP
22,6,20,1200,14,0,6,0,SSH-Bruteforce
0,1,20,1200,0,0,0,0,DoS-ICMP
22,6,20,1200,3,0,17,0,SSH-Bruteforce
80,6,20,1480,20,0,0,0,DoS-HTTP
80,6,20,1480,20,0,0,0,DoS-HTTP
9732,6,4,240,4,0,0,0,PortScan
0,1,20,1200,0,0,0,0,DoS-ICMP
80,6,20,1200,20,0,0,0,DoS-SYN-Flood
80,17,20,1200,0,0,0,0,DoS-UDP
80,6,20,1480,20,0,0,0,DoS-HTTP
80,17,20,1200,0,0,0,0,DoS-UDP
80,6,20,1480,20,0,0,0,DoS-HTTP
80,6,20,1200,20,0,0,0,DoS-SYN-Flood
22356,6,2,120,2,0,0,0,PortScan
0,1,20,1200,0,0,0,0,DoS-ICMP
33169,6,8,464,8,8,0,0,SSH-Bruteforce
22,6,20,1200,0,0,20,0,SSH-Bruteforce
22,6,20,1200,20,0,0,0,SSH-Bruteforce
18613,6,2,120,2,0,0,0,PortScan
40539,6,4,240,4,0,0,0,PortScan
80,6,20,1480,20,0,0,0,DoS-HTTP
22,6,20,1200,20,0,0,0,SSH-Bruteforce
42865,6,4,240,4,0,0,0,PortScan
15754,6,11,638,11,11,0,0,SSH-Bruteforce
13241,6,11,638,11,11,0,0,SSH-Bruteforce
80,6,20,1480,20,0,0,0,DoS-HTTP
0,1,20,1200,0,0,0,0,DoS-ICMP
80,6,20,1480,20,0,0,0,DoS-HTTP
0,1,20,840,0,0,0,0,DoS-ICMP
34861,6,4,240,4,0,0,0,PortScan
0,1,20,1200,0,0,0,0,DoS-ICMP
80,6,20,1480,20,0,0,0,DoS-HTTP
80,6,20,1200,20,0,0,0,DoS-SYN-Flood
52650,6,11,638,11,11,0,0,SSH-Bruteforce
0,1,20,840,0,0,0,0,DoS-ICMP
0,1,20,1200,0,0,0,0,DoS-ICMP
80,17,20,1200,0,0,0,0,DoS-UDP
80,6,20,1200,20,0,0,0,DoS-SYN-Flood
80,6,20,1200,20,0,0,0,DoS-SYN-Flood
0,1,20,840,0,0,0,0,DoS-ICMP
37067,6,14,812,14,14,0,0,SSH-Bruteforce
5727,6,4,240,4,0,0,0,PortScan
22,6,20,1200,20,0,0,0,SSH-Bruteforce
80,6,20,1200,20,0,0,0,DoS-SYN-Flood
37206,6,10,580,10,10,0,0,SSH-Bruteforce
22,6,20,1200,8,0,12,0,SSH-Bruteforce
80,17,20,1200,0,0,0,0,DoS-UDP
56537,6,2,120,2,0,0,0,PortScan
80,6,20,1200,20,0,0,0,DoS-SYN-Flood
50744,6,4,240,4,0,0,0,PortScan
80,6,20,1200,20,0,0,0,DoS-SYN-Flood
80,6,20,1200,20,0,0,0,DoS-SYN-Flood
53272,6,20,29440,0,20,0,0,BENIGN
0,1,20,1200,0,0,0,0,DoS-ICMP
22835,6,2,120,2,0,0,0,PortScan
0,1,20,840,0,0,0,0,DoS-ICMP
80,6,20,1480,20,0,0,0,DoS-HTTP
80,17,20,1200,0,0,0,0,DoS-UDP
24737,6,2,120,2,0,0,0,PortScan
22,6,20,1200,0,0,20,0,SSH-Bruteforce
80,6,20,1480,20,0,0,0,DoS-HTTP
49395,6,4,240,4,0,0,0,PortScan
80,6,20,1480,20,0,0,0,DoS-HTTP
80,6,20,1200,20,0,0,0,DoS-SYN-Flood
80,6,20,1480,20,0,0,0,DoS-HTTP
48211,6,1,58,1,1,0,0,PortScan
15852,6,4,240,4,0,0,0,PortScan
80,17,20,1200,0,0,0,0,DoS-UDP
22,6,20,1200,20,0,0,0,SSH-Bruteforce
80,6,20,1200,20,0,0,0,DoS-SYN-Flood
80,17,20,1200,0,0,0,0,DoS-UDP
0,1,20,840,0,0,0,0,DoS-ICMP
0,1,20,840,0,0,0,0,DoS-ICMP
80,6,20,1480,20,0,0,0,DoS-HTTP
8475,6,6,348,6,6,0,0,SSH-Bruteforce
31635,6,4,240,4,0,0,0,PortScan
34867,6,7,406,7,7,0,0,SSH-Bruteforce
644,6,6,360,6,0,0,0,PortScan
80,17,20,1200,0,0,0,0,DoS-UDP
53308,6,20,29020,0,20,0,0,BENIGN
80,17,20,1200,0,0,0,0,DoS-UDP
80,6,20,1200,20,0,0,0,DoS-SYN-Flood
0,1,20,840,0,0,0,0,DoS-ICMP
41486,6,12,696,12,12,0,0,SSH-Bruteforce
80,6,20,1200,20,0,0,0,DoS-SYN-Flood
80,17,20,1200,0,0,0,0,DoS-UDP
80,17,20,1200,0,0,0,0,DoS-UDP
80,17,20,1200,0,0,0,0,DoS-UDP
52992,6,4,240,4,0,0,0,PortScan
59769,17,20,27647,0,0,0,0,BENIGN
80,17,20,1200,0,0,0,0,DoS-UDP
0,1,20,840,0,0,0,0,DoS-ICMP
80,17,20,1200,0,0,0,0,DoS-UDP
0,1,20,840,0,0,0,0,DoS-ICMP
2891,6,4,240,4,0,0,0,PortScan
22,6,20,1200,9,0,11,0,SSH-Bruteforce
20611,6,2,120,2,0,0,0,PortScan
80,17,20,1200,0,0,0,0,DoS-UDP
80,6,20,1200,20,0,0,0,DoS-SYN-Flood
40058,6,2,120,2,0,0,0,PortScan
50291,6,9,522,9,9,0,0,SSH-Bruteforce
0,1,20,840,0,0,0,0,DoS-ICMP
80,17,20,1200,0,0,0,0,DoS-UDP
23506,6,2,120,2,0,0,0,PortScan
80,17,20,1200,0,0,0,0,DoS-UDP
80,6,20,1480,20,0,0,0,DoS-HTTP
47413,6,6,348,6,6,0,0,SSH-Bruteforce
80,6,20,1200,20,0,0,0,DoS-SYN-Flood
80,6,20,1200,20,0,0,0,DoS-SYN-Flood
80,17,20,1200,0,0,0,0,DoS-UDP
0,1,20,1200,0,0,0,0,DoS-ICMP
22,6,20,1200,0,0,20,0,SSH-Bruteforce
80,6,20,1200,20,0,0,0,DoS-SYN-Flood
3731,6,6,348,6,6,0,0,SSH-Bruteforce
0,1,20,1200,0,0,0,0,DoS-ICMP
53308,6,20,29020,0,20,0,0,BENIGN
80,17,20,1200,0,0,0,0,DoS-UDP
80,17,20,1200,0,0,0,0,DoS-UDP
0,1,20,840,0,0,0,0,DoS-ICMP
80,6,20,1200,20,0,0,0,DoS-SYN-Flood
15873,6,6,348,6,6,0,0,SSH-Bruteforce
38753,6,2,120,2,0,0,0,PortScan
33448,6,2,120,2,0,0,0,PortScan
0,1,20,840,0,0,0,0,DoS-ICMP
80,17,20,1200,0,0,0,0,DoS-UDP
80,6,20,1200,20,0,0,0,DoS-SYN-Flood
80,6,20,1200,20,0,0,0,DoS-SYN-Flood
80,17,20,1200,0,0,0,0,DoS-UDP
40513,6,2,120,2,0,0,0,PortScan
25832,6,6,348,6,6,0,0,SSH-Bruteforce
0,1,20,1200,0,0,0,0,DoS-ICMP
80,6,20,1200,20,0,0,0,DoS-SYN-Flood
35017,6,7,406,7,7,0,0,SSH-Bruteforce
0,1,20,840,0,0,0,0,DoS-ICMP
80,6,20,1480,20,0,0,0,DoS-HTTP
36526,6,4,240,4,0,0,0,PortScan
80,6,20,1200,20,0,0,0,DoS-SYN-Flood
15941,6,7,406,7,7,0,0,SSH-Bruteforce
22,6,20,1200,20,0,0,0,SSH-Bruteforce
80,6,20,1200,20,0,0,0,DoS-SYN-Flood
80,17,20,1200,0,0,0,0,DoS-UDP
80,6,20,1480,20,0,0,0,DoS-HTTP
80,17,20,1200,0,0,0,0,DoS-UDP
0,1,20,1200,0,0,0,0,DoS-ICMP
35294,6,8,464,8,8,0,0,SSH-Bruteforce
41183,6,4,240,4,0,0,0,PortScan
80,6,20,1480,20,0,0,0,DoS-HTTP
24158,6,2,120,2,0,0,0,PortScan
0,1,20,840,0,0,0,0,DoS-ICMP
80,17,20,1200,0,0,0,0,DoS-UDP
47835,6,2,120,2,0,0,0,PortScan
0,1,20,1200,0,0,0,0,DoS-ICMP
45447,17,20,27980,0,0,0,0,BENIGN
0,1,20,1200,0,0,0,0,DoS-ICMP
80,17,20,1200,0,0,0,0,DoS-UDP
80,17,20,1200,0,0,0,0,DoS-UDP
22,6,20,1200,0,0,20,0,SSH-Bruteforce
64827,6,6,348,6,6,0,0,SSH-Bruteforce
45148,6,2,120,2,0,0,0,PortScan
80,17,20,1200,0,0,0,0,DoS-UDP
61201,6,2,120,2,0,0,0,PortScan
80,17,20,1200,0,0,0,0,DoS-UDP
80,17,20,1200,0,0,0,0,DoS-UDP
0,1,20,840,0,0,0,0,DoS-ICMP
54829,17,20,27980,0,0,0,0,BENIGN
27145,6,7,406,7,7,0,0,SSH-Bruteforce
22,6,20,1200,20,0,0,0,SSH-Bruteforce
12166,6,4,240,4,0,0,0,PortScan
80,17,20,1200,0,0,0,0,DoS-UDP
12205,6,8,464,8,8,0,0,SSH-Bruteforce
80,6,20,1200,20,0,0,0,DoS-SYN-Flood
80,6,20,1480,20,0,0,0,DoS-HTTP
80,6,20,1200,20,0,0,0,DoS-SYN-Flood
44217,6,5,290,5,5,0,0,SSH-Bruteforce
80,6,20,1480,20,0,0,0,DoS-HTTP
15393,6,2,120,2,0,0,0,PortScan
80,17,20,1200,0,0,0,0,DoS-UDP
64362,6,2,120,2,0,0,0,PortScan
80,6,20,1200,20,0,0,0,DoS-SYN-Flood
80,6,20,1480,20,0,0,0,DoS-HTTP
80,6,20,1480,20,0,0,0,DoS-HTTP
80,6,20,1200,20,0,0,0,DoS-SYN-Flood
80,6,20,1480,20,0,0,0,DoS-HTTP
29001,6,7,406,7,7,0,0,SSH-Bruteforce
80,6,20,1200,20,0,0,0,DoS-SYN-Flood
49644,6,6,348,6,6,0,0,SSH-Bruteforce
58149,6,7,406,7,7,0,0,SSH-Bruteforce
80,17,20,1200,0,0,0,0,DoS-UDP
80,6,20,1200,20,0,0,0,DoS-SYN-Flood
80,6,20,1480,20,0,0,0,DoS-HTTP
80,17,20,1200,0,0,0,0,DoS-UDP
0,1,20,840,0,0,0,0,DoS-ICMP
22,6,20,1200,20,0,0,0,SSH-Bruteforce
64315,6,2,120,2,0,0,0,PortScan
80,6,20,1480,20,0,0,0,DoS-HTTP
80,6,20,1480,20,0,0,0,DoS-HTTP
80,6,20,1200,20,0,0,0,DoS-SYN-Flood
80,17,20,1200,0,0,0,0,DoS-UDP
80,6,20,1200,20,0,0,0,DoS-SYN-Flood
80,6,20,1480,20,0,0,0,DoS-HTTP
54978,6,2,120,2,0,0,0,PortScan
60475,6,9,522,9,9,0,0,SSH-Bruteforce
80,17,20,1200,0,0,0,0,DoS-UDP
53272,6,20,29080,0,20,0,0,BENIGN
80,6,20,1480,20,0,0,0,DoS-HTTP
80,6,20,1200,20,0,0,0,DoS-SYN-Flood
12139,6,4,240,4,0,0,0,PortScan
50298,6,2,120,2,0,0,0,PortScan
0,1,20,1200,0,0,0,0,DoS-ICMP
80,6,20,1200,20,0,0,0,DoS-SYN-Flood
80,6,20,1480,20,0,0,0,DoS-HTTP
8326,6,8,464,8,8,0,0,SSH-Bruteforce
22,6,20,1200,20,0,0,0,SSH-Bruteforce
80,6,20,1200,20,0,0,0,DoS-SYN-Flood
80,17,20,1200,0,0,0,0,DoS-UDP
80,17,20,1200,0,0,0,0,DoS-UDP
80,6,20,1200,20,0,0,0,DoS-SYN-Flood
0,1,20,840,0,0,0,0,DoS-ICMP
44536,6,7,406,7,7,0,0,SSH-Bruteforce
0,1,20,840,0,0,0,0,DoS-ICMP
24118,6,4,240,4,0,0,0,PortScan
22,6,20,1200,4,0,16,0,SSH-Bruteforce
32724,6,4,240,4,0,0,0,PortScan
80,6,20,1480,20,0,0,0,DoS-HTTP
80,17,20,1200,0,0,0,0,DoS-UDP
50655,6,2,120,2,0,0,0,PortScan
22,6,20,1200,20,0,0,0,SSH-Bruteforce
443,17,11,5332,0,0,0,0,BENIGN
80,6,20,1200,20,0,0,0,DoS-SYN-Flood
80,17,20,1200,0,0,0,0,DoS-UDP
80,6,20,1200,20,0,0,0,DoS-SYN-Flood
31313,6,2,120,2,0,0,0,PortScan
80,6,20,1480,20,0,0,0,DoS-HTTP
0,1,20,1200,0,0,0,0,DoS-ICMP
0,1,20,1200,0,0,0,0,DoS-ICMP
27649,6,2,120,2,0,0,0,PortScan
0,1,20,1200,0,0,0,0,DoS-ICMP
8990,6,4,240,4,0,0,0,PortScan
80,17,20,1200,0,0,0,0,DoS-UDP
80,17,20,1200,0,0,0,0,DoS-UDP
80,6,20,1200,20,0,0,0,DoS-SYN-Flood
60445,6,2,120,2,0,0,0,PortScan
80,6,20,1480,20,0,0,0,DoS-HTTP
27854,6,7,406,7,7,0,0,SSH-Bruteforce
22,6,20,1200,20,0,0,0,SSH-Bruteforce
80,17,20,1200,0,0,0,0,DoS-UDP
80,17,20,1200,0,0,0,0,DoS-UDP
80,6,20,1480,20,0,0,0,DoS-HTTP
80,6,20,1200,20,0,0,0,DoS-SYN-Flood
0,1,20,1200,0,0,0,0,DoS-ICMP
80,6,20,1480,20,0,0,0,DoS-HTTP
80,17,20,1200,0,0,0,0,DoS-UDP
80,6,20,1480,20,0,0,0,DoS-HTTP
55799,6,2,120,2,0,0,0,PortScan
80,6,20,1480,20,0,0,0,DoS-HTTP
45960,6,7,406,7,7,0,0,SSH-Bruteforce
0,1,20,1200,0,0,0,0,DoS-ICMP
0,1,20,1200,0,0,0,0,DoS-ICMP
80,17,20,1200,0,0,0,0,DoS-UDP
80,6,20,1200,20,0,0,0,DoS-SYN-Flood
60383,6,7,406,7,7,0,0,SSH-Bruteforce
80,17,20,1200,0,0,0,0,DoS-UDP
80,6,20,1480,20,0,0,0,DoS-HTTP
80,17,20,1200,0,0,0,0,DoS-UDP
59221,6,6,348,6,6,0,0,SSH-Bruteforce
0,1,20,1200,0,0,0,0,DoS-ICMP
0,1,20,840,0,0,0,0,DoS-ICMP
80,6,20,1200,20,0,0,0,DoS-SYN-Flood
44059,6,6,348,6,6,0,0,SSH-Bruteforce
80,17,20,1200,0,0,0,0,DoS-UDP
9735,6,4,240,4,0,0,0,PortScan
80,6,20,1200,20,0,0,0,DoS-SYN-Flood
14182,6,4,240,4,0,0,0,PortScan
0,1,20,840,0,0,0,0,DoS-ICMP
42313,6,4,240,4,0,0,0,PortScan
58633,6,6,348,6,6,0,0,SSH-Bruteforce
0,1,20,840,0,0,0,0,DoS-ICMP
46195,6,2,120,2,0,0,0,PortScan
80,6,20,1480,20,0,0,0,DoS-HTTP
54813,6,2,120,2,0,0,0,PortScan
22,6,20,1200,0,0,20,0,SSH-Bruteforce
60803,6,2,120,2,0,0,0,PortScan
80,17,20,1200,0,0,0,0,DoS-UDP
80,17,20,1200,0,0,0,0,DoS-UDP
80,6,20,1200,20,0,0,0,DoS-SYN-Flood
0,1,20,840,0,0,0,0,DoS-ICMP
0,1,20,840,0,0,0,0,DoS-ICMP
58734,6,2,120,2,0,0,0,PortScan
80,6,20,1200,20,0,0,0,DoS-SYN-Flood
80,6,20,1480,20,0,0,0,DoS-HTTP
80,6,20,1480,20,0,0,0,DoS-HTTP
22,6,20,1200,0,0,20,0,SSH-Bruteforce
0,1,20,1200,0,0,0,0,DoS-ICMP
80,6,20,1200,20,0,0,0,DoS-SYN-Flood
80,17,20,1200,0,0,0,0,DoS-UDP
80,6,20,1480,20,0,0,0,DoS-HTTP
44737,6,6,348,6,6,0,0,SSH-Bruteforce
0,1,20,1200,0,0,0,0,DoS-ICMP
43240,6,12,3370,1,12,0,1,BENIGN
39810,6,4,240,4,0,0,0,PortScan
80,6,20,1480,20,0,0,0,DoS-HTTP
32069,6,2,120,2,0,0,0,PortScan
41762,6,8,464,8,8,0,0,SSH-Bruteforce
80,6,20,1200,20,0,0,0,DoS-SYN-Flood
0,1,20,840,0,0,0,0,DoS-ICMP
0,1,20,1200,0,0,0,0,DoS-ICMP
44444,6,9,522,9,9,0,0,SSH-Bruteforce
80,17,20,1200,0,0,0,0,DoS-UDP
80,6,20,1200,20,0,0,0,DoS-SYN-Flood
54344,6,2,120,2,0,0,0,PortScan
49673,6,2,120,2,0,0,0,PortScan
80,17,20,1200,0,0,0,0,DoS-UDP
39902,17,20,27980,0,0,0,0,BENIGN
0,1,20,840,0,0,0,0,DoS-ICMP
80,17,20,1200,0,0,0,0,DoS-UDP
80,6,20,1200,20,0,0,0,DoS-SYN-Flood
39208,6,2,120,2,0,0,0,PortScan
80,6,20,1200,20,0,0,0,DoS-SYN-Flood
80,6,20,1480,20,0,0,0,DoS-HTTP
36520,17,20,27980,0,0,0,0,BENIGN
80,6,20,1480,20,0,0,0,DoS-HTTP
80,17,20,1200,0,0,0,0,DoS-UDP
48134,6,2,120,2,0,0,0,PortScan
34805,6,2,120,2,0,0,0,PortScan
36520,17,20,27980,0,0,0,0,BENIGN
52645,6,9,522,9,9,0,0,SSH-Bruteforce
80,6,20,1480,20,0,0,0,DoS-HTTP
36520,17,20,27980,0,0,0,0,BENIGN
0,1,20,840,0,0,0,0,DoS-ICMP
0,1,20,1200,0,0,0,0,DoS-ICMP
23954,6,4,232,4,4,0,0,SSH-Bruteforce
80,6,20,1200,20,0,0,0,DoS-SYN-Flood
45447,17,20,27980,0,0,0,0,BENIGN
48513,6,2,120,2,0,0,0,PortScan
80,6,20,1480,20,0,0,0,DoS-HTTP
80,6,20,1480,20,0,0,0,DoS-HTTP
29281,6,2,120,2,0,0,0,PortScan
80,17,20,1200,0,0,0,0,DoS-UDP
80,17,20,1200,0,0,0,0,DoS-UDP
80,17,20,1200,0,0,0,0,DoS-UDP
80,17,20,1200,0,0,0,0,DoS-UDP
80,6,20,1200,20,0,0,0,DoS-SYN-Flood
22,6,20,1200,10,0,10,0,SSH-Bruteforce
443,6,20,1200,0,20,0,0,BENIGN
80,6,20,1200,20,0,0,0,DoS-SYN-Flood
0,1,20,1200,0,0,0,0,DoS-ICMP
80,6,20,1480,20,0,0,0,DoS-HTTP
35708,6,9,522,9,9,0,0,SSH-Bruteforce
80,6,20,1480,20,0,0,0,DoS-HTTP
80,6,20,1480,20,0,0,0,DoS-HTTP
20411,6,2,120,2,0,0,0,PortScan
80,6,20,1200,20,0,0,0,DoS-SYN-Flood
80,17,20,1200,0,0,0,0,DoS-UDP
80,17,20,1200,0,0,0,0,DoS-UDP
80,6,20,1200,20,0,0,0,DoS-SYN-Flood
0,1,20,840,0,0,0,0,DoS-ICMP
80,6,20,1480,20,0,0,0,DoS-HTTP
80,6,20,1200,20,0,0,0,DoS-SYN-Flood
80,6,20,1480,20,0,0,0,DoS-HTTP
80,6,20,1200,20,0,0,0,DoS-SYN-Flood
80,6,20,1480,20,0,0,0,DoS-HTTP
22,6,20,1200,0,0,20,0,SSH-Bruteforce
0,1,20,1200,0,0,0,0,DoS-ICMP
0,1,20,1200,0,0,0,0,DoS-ICMP
42852,6,8,464,8,8,0,0,SSH-Bruteforce
53862,6,2,120,2,0,0,0,PortScan
53308,6,20,29200,0,20,0,0,BENIGN
29465,6,4,240,4,0,0,0,PortScan
23184,6,4,240,4,0,0,0,PortScan
10864,6,4,240,4,0,0,0,PortScan
7547,6,4,240,4,0,0,0,PortScan
40599,6,4,240,4,0,0,0,PortScan
80,6,20,1480,20,0,0,0,DoS-HTTP
38853,6,4,240,4,0,0,0,PortScan
80,6,20,1480,20,0,0,0,DoS-HTTP
22,6,20,1200,20,0,0,0,SSH-Bruteforce
25126,6,10,580,10,10,0,0,SSH-Bruteforce
485,6,6,360,6,0,0,0,PortScan
80,17,20,1200,0,0,0,0,DoS-UDP
80,6,20,1480,20,0,0,0,DoS-HTTP
80,17,20,1200,0,0,0,0,DoS-UDP
80,6,20,1480,20,0,0,0,DoS-HTTP
80,17,20,1200,0,0,0,0,DoS-UDP
80,17,20,1200,0,0,0,0,DoS-UDP
80,6,20,1480,20,0,0,0,DoS-HTTP
80,6,20,1480,20,0,0,0,DoS-HTTP
41340,6,2,120,2,0,0,0,PortScan
42904,17,20,24987,0,0,0,0,BENIGN
80,6,20,1200,20,0,0,0,DoS-SYN-Flood
32707,6,2,120,2,0,0,0,PortScan
0,1,20,840,0,0,0,0,DoS-ICMP
32676,6,9,522,9,9,0,0,SSH-Bruteforce
57874,6,11,638,11,11,0,0,SSH-Bruteforce
0,1,20,1200,0,0,0,0,DoS-ICMP
54108,6,2,120,2,0,0,0,PortScan
60886,6,20,28960,0,20,0,0,BENIGN
14561,6,9,522,9,9,0,0,SSH-Bruteforce
36520,17,20,27980,0,0,0,0,BENIGN
80,6,20,1200,20,0,0,0,DoS-SYN-Flood
80,6,20,1480,20,0,0,0,DoS-HTTP
80,6,20,1480,20,0,0,0,DoS-HTTP
80,6,20,1480,20,0,0,0,DoS-HTTP
22173,6,9,522,9,9,0,0,SSH-Bruteforce
80,6,20,1200,20,0,0,0,DoS-SYN-Flood
80,6,20,1200,20,0,0,0,DoS-SYN-Flood
80,6,20,1480,20,0,0,0,DoS-HTTP
38475,6,2,120,2,0,0,0,PortScan
80,6,20,1200,20,0,0,0,DoS-SYN-Flood
80,17,20,1200,0,0,0,0,DoS-UDP
80,6,20,1480,20,0,0,0,DoS-HTTP
53258,6,20,30280,0,20,0,0,BENIGN
80,6,20,1200,20,0,0,0,DoS-SYN-Flood
80,6,20,1480,20,0,0,0,DoS-HTTP
80,17,20,1200,0,0,0,0,DoS-UDP
33303,6,8,464,8,8,0,0,SSH-Bruteforce
54829,17,20,27980,0,0,0,0,BENIGN
80,6,20,1200,20,0,0,0,DoS-SYN-Flood
80,6,20,1480,20,0,0,0,DoS-HTTP
33553,6,8,464,8,8,0,0,SSH-Bruteforce
22,6,20,1200,20,0,0,0,SSH-Bruteforce
22,6,20,1200,20,0,0,0,SSH-Bruteforce
80,6,20,1200,20,0,0,0,DoS-SYN-Flood
80,6,20,1480,20,0,0,0,DoS-HTTP
80,6,20,1200,20,0,0,0,DoS-SYN-Flood
80,6,20,1480,20,0,0,0,DoS-HTTP
441,6,4,240,4,0,0,0,PortScan
80,6,20,1200,20,0,0,0,DoS-SYN-Flood
80,6,20,1200,20,0,0,0,DoS-SYN-Flood
80,6,20,1480,20,0,0,0,DoS-HTTP
80,6,20,1200,20,0,0,0,DoS-SYN-Flood
443,17,20,4445,0,0,0,0,BENIGN
80,17,20,1200,0,0,0,0,DoS-UDP
46232,6,4,240,4,0,0,0,PortScan
51971,6,2,120,2,0,0,0,PortScan
0,1,20,840,0,0,0,0,DoS-ICMP
80,6,20,1200,20,0,0,0,DoS-SYN-Flood
80,6,20,1200,20,0,0,0,DoS-SYN-Flood
80,6,20,1200,20,0,0,0,DoS-SYN-Flood
0,1,20,1200,0,0,0,0,DoS-ICMP
3326,6,8,464,8,8,0,0,SSH-Bruteforce
80,6,20,1200,20,0,0,0,DoS-SYN-Flood
0,1,20,1200,0,0,0,0,DoS-ICMP
80,17,20,1200,0,0,0,0,DoS-UDP
50897,6,2,120,2,0,0,0,PortScan
60886,6,20,29099,0,20,0,0,BENIGN
20033,6,2,120,2,0,0,0,PortScan
25848,6,2,120,2,0,0,0,PortScan
17437,6,5,290,5,5,0,0,SSH-Bruteforce
22,6,20,1200,20,0,0,0,SSH-Bruteforce
80,6,20,1480,20,0,0,0,DoS-HTTP
0,1,20,840,0,0,0,0,DoS-ICMP
63272,6,4,240,4,0,0,0,PortScan
80,6,20,1200,20,0,0,0,DoS-SYN-Flood
54829,17,20,27980,0,0,0,0,BENIGN
29474,6,8,464,8,8,0,0,SSH-Bruteforce
80,17,20,1200,0,0,0,0,DoS-UDP
54465,6,4,240,4,0,0,0,PortScan
80,6,20,1200,20,0,0,0,DoS-SYN-Flood
48756,6,2,120,2,0,0,0,PortScan
55569,6,4,240,4,0,0,0,PortScan
80,17,20,1200,0,0,0,0,DoS-UDP
0,1,20,840,0,0,0,0,DoS-ICMP
80,6,20,1200,20,0,0,0,DoS-SYN-Flood
80,6,20,1200,20,0,0,0,DoS-SYN-Flood
55590,6,4,240,4,0,0,0,PortScan
0,1,20,840,0,0,0,0,DoS-ICMP
0,1,20,1200,0,0,0,0,DoS-ICMP
80,6,20,1480,20,0,0,0,DoS-HTTP
56530,6,2,120,2,0,0,0,PortScan
22450,6,4,240,4,0,0,0,PortScan
80,17,20,1200,0,0,0,0,DoS-UDP
80,6,20,1480,20,0,0,0,DoS-HTTP
60173,6,5,290,5,5,0,0,SSH-Bruteforce
80,17,20,1200,0,0,0,0,DoS-UDP
45504,6,2,120,2,0,0,0,PortScan
26766,6,2,120,2,0,0,0,PortScan
80,6,20,1200,20,0,0,0,DoS-SYN-Flood
80,6,20,1480,20,0,0,0,DoS-HTTP
51924,6,5,290,5,5,0,0,SSH-Bruteforce
80,6,20,1480,20,0,0,0,DoS-HTTP
22,6,20,1200,0,0,20,0,SSH-Bruteforce
38358,6,2,120,2,0,0,0,PortScan
44680,6,2,120,2,0,0,0,PortScan
0,1,20,1200,0,0,0,0,DoS-ICMP
80,17,20,1200,0,0,0,0,DoS-UDP
40409,6,4,240,4,0,0,0,PortScan
80,6,20,1480,20,0,0,0,DoS-HTTP
80,6,20,1200,20,0,0,0,DoS-SYN-Flood
80,6,20,1200,20,0,0,0,DoS-SYN-Flood
63889,6,6,348,6,6,0,0,SSH-Bruteforce
80,17,20,1200,0,0,0,0,DoS-UDP
80,6,20,1200,20,0,0,0,DoS-SYN-Flood
80,17,20,1200,0,0,0,0,DoS-UDP
0,1,20,1200,0,0,0,0,DoS-ICMP
80,6,20,1480,20,0,0,0,DoS-HTTP
34480,6,9,522,9,9,0,0,SSH-Bruteforce
80,6,20,1480,20,0,0,0,DoS-HTTP
80,17,20,1200,0,0,0,0,DoS-UDP
48924,6,4,240,4,0,0,0,PortScan
26457,6,2,120,2,0,0,0,PortScan
80,6,20,1480,20,0,0,0,DoS-HTTP
80,17,20,1200,0,0,0,0,DoS-UDP
80,6,20,1200,20,0,0,0,DoS-SYN-Flood
80,6,20,1200,20,0,0,0,DoS-SYN-Flood
80,17,20,1200,0,0,0,0,DoS-UDP
22,6,20,1200,2,0,18,0,SSH-Bruteforce
11281,6,4,240,4,0,0,0,PortScan
64572,6,2,120,2,0,0,0,PortScan
0,1,20,840,0,0,0,0,DoS-ICMP
35854,6,20,29200,0,20,0,0,BENIGN
80,17,20,1200,0,0,0,0,DoS-UDP
80,6,20,1200,20,0,0,0,DoS-SYN-Flood
0,1,20,840,0,0,0,0,DoS-ICMP
53324,6,8,464,8,8,0,0,SSH-Bruteforce
0,1,20,1200,0,0,0,0,DoS-ICMP
80,6,20,1480,20,0,0,0,DoS-HTTP
0,1,20,840,0,0,0,0,DoS-ICMP
80,6,20,1480,20,0,0,0,DoS-HTTP
80,17,20,1200,0,0,0,0,DoS-UDP
33619,6,9,522,9,9,0,0,SSH-Bruteforce
17691,6,8,464,8,8,0,0,SSH-Bruteforce
30083,6,4,240,4,0,0,0,PortScan
0,1,20,1200,0,0,0,0,DoS-ICMP
80,6,20,1200,20,0,0,0,DoS-SYN-Flood
80,6,20,1200,20,0,0,0,DoS-SYN-Flood
80,6,20,1480,20,0,0,0,DoS-HTTP
80,6,20,1480,20,0,0,0,DoS-HTTP
0,1,20,1200,0,0,0,0,DoS-ICMP
80,6,20,1200,20,0,0,0,DoS-SYN-Flood
0,1,20,840,0,0,0,0,DoS-ICMP
46330,6,8,464,8,8,0,0,SSH-Bruteforce
80,17,20,1200,0,0,0,0,DoS-UDP
80,17,20,1200,0,0,0,0,DoS-UDP
80,6,20,1480,20,0,0,0,DoS-HTTP
11107,6,5,290,5,5,0,0,SSH-Bruteforce
80,6,20,1200,20,0,0,0,DoS-SYN-Flood
80,17,20,1200,0,0,0,0,DoS-UDP
80,6,20,1200,20,0,0,0,DoS-SYN-Flood
80,17,20,1200,0,0,0,0,DoS-UDP
2812,6,6,360,6,0,0,0,PortScan
80,6,20,1480,20,0,0,0,DoS-HTTP
80,17,20,1200,0,0,0,0,DoS-UDP
80,6,20,1200,20,0,0,0,DoS-SYN-Flood
22,6,20,1200,20,0,0,0,SSH-Bruteforce
0,1,20,840,0,0,0,0,DoS-ICMP
0,1,20,840,0,0,0,0,DoS-ICMP
7682,6,4,240,4,0,0,0,PortScan
80,17,20,1200,0,0,0,0,DoS-UDP
80,6,20,1200,20,0,0,0,DoS-SYN-Flood
4206,6,4,240,4,0,0,0,PortScan
18371,6,2,120,2,0,0,0,PortScan
36520,17,20,27980,0,0,0,0,BENIGN
54829,17,20,27980,0,0,0,0,BENIGN
23786,6,5,290,5,5,0,0,SSH-Bruteforce
22,6,20,1200,0,0,20,0,SSH-Bruteforce
36520,17,20,27980,0,0,0,0,BENIGN
80,6,20,1200,20,0,0,0,DoS-SYN-Flood
80,17,20,1200,0,0,0,0,DoS-UDP
80,6,20,1200,20,0,0,0,DoS-SYN-Flood
50170,6,2,120,2,0,0,0,PortScan
0,1,20,840,0,0,0,0,DoS-ICMP
80,6,20,1480,20,0,0,0,DoS-HTTP
80,6,20,1200,20,0,0,0,DoS-SYN-Flood
80,6,20,1480,20,0,0,0,DoS-HTTP
22,6,20,1200,14,0,6,0,SSH-Bruteforce
80,6,20,1480,20,0,0,0,DoS-HTTP
80,17,20,1200,0,0,0,0,DoS-UDP
80,6,20,1200,20,0,0,0,DoS-SYN-Flood
0,1,20,1200,0,0,0,0,DoS-ICMP
33328,6,7,406,7,7,0,0,SSH-Bruteforce
53534,6,2,120,2,0,0,0,PortScan
80,6,20,1480,20,0,0,0,DoS-HTTP
0,1,20,840,0,0,0,0,DoS-ICMP
80,17,20,1200,0,0,0,0,DoS-UDP
0,1,20,1200,0,0,0,0,DoS-ICMP
80,6,20,1200,20,0,0,0,DoS-SYN-Flood
80,17,20,1200,0,0,0,0,DoS-UDP
80,6,20,1200,20,0,0,0,DoS-SYN-Flood
0,1,20,1200,0,0,0,0,DoS-ICMP
80,6,20,1480,20,0,0,0,DoS-HTTP
80,6,20,1200,20,0,0,0,DoS-SYN-Flood
64064,6,2,120,2,0,0,0,PortScan
80,6,20,1480,20,0,0,0,DoS-HTTP
59897,6,4,240,4,0,0,0,PortScan
80,6,20,1480,20,0,0,0,DoS-HTTP
39315,6,2,120,2,0,0,0,PortScan
80,17,20,1200,0,0,0,0,DoS-UDP
5353,17,6,1055,0,0,0,0,DoS-UDP
0,1,20,840,0,0,0,0,DoS-ICMP
80,6,20,1200,20,0,0,0,DoS-SYN-Flood
0,1,20,1200,0,0,0,0,DoS-ICMP
80,6,20,1480,20,0,0,0,DoS-HTTP
7776,6,4,240,4,0,0,0,PortScan
60172,6,4,240,4,0,0,0,PortScan
80,17,20,1200,0,0,0,0,DoS-UDP
80,17,20,1200,0,0,0,0,DoS-UDP
80,6,20,1200,20,0,0,0,DoS-SYN-Flood
0,1,20,840,0,0,0,0,DoS-ICMP
0,1,20,840,0,0,0,0,DoS-ICMP
17578,6,2,120,2,0,0,0,PortScan
60407,6,2,120,2,0,0,0,PortScan
80,6,20,1200,20,0,0,0,DoS-SYN-Flood
10926,6,4,240,4,0,0,0,PortScan
0,1,20,840,0,0,0,0,DoS-ICMP
0,1,20,840,0,0,0,0,DoS-ICMP
35975,6,4,240,4,0,0,0,PortScan
43678,17,20,27980,0,0,0,0,BENIGN
80,6,20,1480,20,0,0,0,DoS-HTTP
18042,6,2,120,2,0,0,0,PortScan
80,6,20,1200,20,0,0,0,DoS-SYN-Flood
35254,17,2,730,0,0,0,0,BENIGN
17356,6,8,464,8,8,0,0,SSH-Bruteforce
0,1,20,840,0,0,0,0,DoS-ICMP
80,17,20,1200,0,0,0,0,DoS-UDP
37600,6,2,120,2,0,0,0,PortScan
47735,6,5,290,5,5,0,0,SSH-Bruteforce
80,17,20,1200,0,0,0,0,DoS-UDP
80,6,20,1200,20,0,0,0,DoS-SYN-Flood
80,6,20,1480,20,0,0,0,DoS-HTTP
80,6,20,1480,20,0,0,0,DoS-HTTP
80,6,20,1200,20,0,0,0,DoS-SYN-Flood
80,6,20,1200,20,0,0,0,DoS-SYN-Flood
80,17,20,1200,0,0,0,0,DoS-UDP
80,6,20,1200,20,0,0,0,DoS-SYN-Flood
22304,6,10,580,10,10,0,0,SSH-Bruteforce
10159,6,8,464,8,8,0,0,SSH-Bruteforce
80,6,20,1200,20,0,0,0,DoS-SYN-Flood
80,6,20,1480,20,0,0,0,DoS-HTTP
80,17,20,1200,0,0,0,0,DoS-UDP
13469,6,6,360,6,0,0,0,PortScan
80,17,20,1200,0,0,0,0,DoS-UDP
80,6,20,1480,20,0,0,0,DoS-HTTP
54829,17,20,27980,0,0,0,0,BENIGN
0,1,20,1200,0,0,0,0,DoS-ICMP
47822,6,20,29166,0,20,0,0,BENIGN
36520,17,20,27980,0,0,0,0,BENIGN
80,6,20,1200,20,0,0,0,DoS-SYN-Flood
36520,17,20,27980,0,0,0,0,BENIGN
80,17,20,1200,0,0,0,0,DoS-UDP
80,17,20,1200,0,0,0,0,DoS-UDP
0,1,20,840,0,0,0,0,DoS-ICMP
53296,6,20,29080,0,20,0,0,BENIGN
0,1,20,1200,0,0,0,0,DoS-ICMP
80,6,20,1480,20,0,0,0,DoS-HTTP
80,6,20,1200,20,0,0,0,DoS-SYN-Flood
80,6,20,1200,20,0,0,0,DoS-SYN-Flood
80,17,20,1200,0,0,0,0,DoS-UDP
0,1,20,1200,0,0,0,0,DoS-ICMP
80,6,20,1480,20,0,0,0,DoS-HTTP
80,17,20,1200,0,0,0,0,DoS-UDP
0,1,20,1200,0,0,0,0,DoS-ICMP
80,6,20,1480,20,0,0,0,DoS-HTTP
80,6,20,1480,20,0,0,0,DoS-HTTP
80,6,20,1200,20,0,0,0,DoS-SYN-Flood
80,6,20,1480,20,0,0,0,DoS-HTTP
80,17,20,1200,0,0,0,0,DoS-UDP
80,17,20,1200,0,0,0,0,DoS-UDP
14157,6,4,240,4,0,0,0,PortScan
80,17,20,1200,0,0,0,0,DoS-UDP
373,6,4,240,4,0,0,0,PortScan
62738,6,5,290,5,5,0,0,SSH-Bruteforce
55794,6,2,120,2,0,0,0,PortScan
6701,6,4,240,4,0,0,0,PortScan
80,17,20,1200,0,0,0,0,DoS-UDP
36987,6,2,120,2,0,0,0,PortScan
45222,6,2,120,2,0,0,0,PortScan
50142,6,2,120,2,0,0,0,PortScan
80,17,20,1200,0,0,0,0,DoS-UDP
80,17,20,1200,0,0,0,0,DoS-UDP
0,1,20,1200,0,0,0,0,DoS-ICMP
80,6,20,1480,20,0,0,0,DoS-HTTP
80,6,20,1480,20,0,0,0,DoS-HTTP
0,1,20,840,0,0,0,0,DoS-ICMP
10637,6,4,240,4,0,0,0,PortScan
39706,6,2,120,2,0,0,0,PortScan
80,6,20,1200,20,0,0,0,DoS-SYN-Flood
23413,6,4,240,4,0,0,0,PortScan
0,1,20,1200,0,0,0,0,DoS-ICMP
25490,6,4,240,4,0,0,0,PortScan
0,1,20,840,0,0,0,0,DoS-ICMP
12583,6,9,522,9,9,0,0,SSH-Bruteforce
37679,6,9,522,9,9,0,0,SSH-Bruteforce
80,17,20,1200,0,0,0,0,DoS-UDP
80,6,20,1200,20,0,0,0,DoS-SYN-Flood
80,6,20,1480,20,0,0,0,DoS-HTTP
26935,6,2,120,2,0,0,0,PortScan
0,1,20,1200,0,0,0,0,DoS-ICMP
80,17,20,1200,0,0,0,0,DoS-UDP
80,6,20,1200,20,0,0,0,DoS-SYN-Flood
22,6,20,1200,0,0,20,0,SSH-Bruteforce
0,1,20,840,0,0,0,0,DoS-ICMP
48309,6,4,240,4,0,0,0,PortScan
22,6,20,1200,9,0,11,0,SSH-Bruteforce
80,6,20,1480,20,0,0,0,DoS-HTTP
80,17,20,1200,0,0,0,0,DoS-UDP
0,1,20,840,0,0,0,0,DoS-ICMP
11574,6,6,348,6,6,0,0,SSH-Bruteforce
0,1,20,840,0,0,0,0,DoS-ICMP
80,17,20,1200,0,0,0,0,DoS-UDP
80,6,20,1200,20,0,0,0,DoS-SYN-Flood
80,6,20,1200,20,0,0,0,DoS-SYN-Flood
0,1,20,1200,0,0,0,0,DoS-ICMP
59535,6,2,120,2,0,0,0,PortScan
53308,6,20,29620,0,20,0,0,BENIGN
80,6,20,1480,20,0,0,0,DoS-HTTP
80,6,20,1480,20,0,0,0,DoS-HTTP
22,6,20,1200,0,0,20,0,SSH-Bruteforce
80,6,20,1480,20,0,0,0,DoS-HTTP
80,17,20,1200,0,0,0,0,DoS-UDP
59358,6,2,120,2,0,0,0,PortScan
80,17,20,1200,0,0,0,0,DoS-UDP
943,6,6,360,6,0,0,0,PortScan
80,6,20,1200,20,0,0,0,DoS-SYN-Flood
80,6,20,1480,20,0,0,0,DoS-HTTP
33240,6,20,29140,0,20,0,0,BENIGN
21409,6,9,522,9,9,0,0,SSH-Bruteforce
0,1,20,840,0,0,0,0,DoS-ICMP
80,6,20,1480,20,0,0,0,DoS-HTTP
80,6,20,1480,20,0,0,0,DoS-HTTP
53308,6,20,29020,0,20,0,0,BENIGN
36520,17,20,27980,0,0,0,0,BENIGN
0,1,20,1200,0,0,0,0,DoS-ICMP
80,6,20,1200,20,0,0,0,DoS-SYN-Flood
0,1,20,1200,0,0,0,0,DoS-ICMP
80,17,20,1200,0,0,0,0,DoS-UDP
80,6,20,1200,20,0,0,0,DoS-SYN-Flood
54829,17,20,24075,0,0,0,0,BENIGN
80,6,20,1480,20,0,0,0,DoS-HTTP
22,6,20,1200,20,0,0,0,SSH-Bruteforce
80,6,20,1480,20,0,0,0,DoS-HTTP
43608,6,2,120,2,0,0,0,PortScan
80,17,20,1200,0,0,0,0,DoS-UDP
26963,6,5,290,5,5,0,0,SSH-Bruteforce
0,1,20,840,0,0,0,0,DoS-ICMP
39525,6,2,120,2,0,0,0,PortScan
22,6,20,1200,0,0,20,0,SSH-Bruteforce
80,6,20,1200,20,0,0,0,DoS-SYN-Flood
80,6,20,1200,20,0,0,0,DoS-SYN-Flood
80,6,20,1480,20,0,0,0,DoS-HTTP
80,6,20,1200,20,0,0,0,DoS-SYN-Flood
80,6,20,1200,20,0,0,0,DoS-SYN-Flood
80,6,20,1200,20,0,0,0,DoS-SYN-Flood
36520,17,20,27980,0,0,0,0,BENIGN
80,17,20,1200,0,0,0,0,DoS-UDP
80,17,20,1200,0,0,0,0,DoS-UDP
80,6,20,1200,20,0,0,0,DoS-SYN-Flood
80,6,20,1480,20,0,0,0,DoS-HTTP
80,17,20,1200,0,0,0,0,DoS-UDP
80,17,20,1200,0,0,0,0,DoS-UDP
9442,6,8,464,8,8,0,0,SSH-Bruteforce
80,6,20,1480,20,0,0,0,DoS-HTTP
80,6,20,1480,20,0,0,0,DoS-HTTP
7947,6,5,290,5,5,0,0,SSH-Bruteforce
36520,17,20,27980,0,0,0,0,BENIGN
80,6,20,1480,20,0,0,0,DoS-HTTP
33455,6,2,120,2,0,0,0,PortScan
51898,6,2,120,2,0,0,0,PortScan
80,6,20,1200,20,0,0,0,DoS-SYN-Flood
16405,6,7,406,7,7,0,0,SSH-Bruteforce
0,1,20,840,0,0,0,0,DoS-ICMP
62514,6,2,120,2,0,0,0,PortScan
80,6,20,1200,20,0,0,0,DoS-SYN-Flood
80,17,20,1200,0,0,0,0,DoS-UDP
80,17,20,1200,0,0,0,0,DoS-UDP
63986,6,2,120,2,0,0,0,PortScan
80,17,20,1200,0,0,0,0,DoS-UDP
0,1,20,1200,0,0,0,0,DoS-ICMP
80,6,20,1480,20,0,0,0,DoS-HTTP
0,1,20,840,0,0,0,0,DoS-ICMP
80,6,20,1200,20,0,0,0,DoS-SYN-Flood
4010,6,4,240,4,0,0,0,PortScan
80,17,20,1200,0,0,0,0,DoS-UDP
17084,6,2,120,2,0,0,0,PortScan
80,6,20,1480,20,0,0,0,DoS-HTTP
0,1,20,840,0,0,0,0,DoS-ICMP
80,6,20,1480,20,0,0,0,DoS-HTTP
80,17,20,1200,0,0,0,0,DoS-UDP
80,6,20,1200,20,0,0,0,DoS-SYN-Flood
17609,6,7,406,7,7,0,0,SSH-Bruteforce
64894,6,7,406,7,7,0,0,SSH-Bruteforce
80,6,20,1480,20,0,0,0,DoS-HTTP
40693,17,11,6535,0,0,0,0,BENIGN
80,6,20,1200,20,0,0,0,DoS-SYN-Flood
80,17,20,1200,0,0,0,0,DoS-UDP
18380,6,2,120,2,0,0,0,PortScan
80,6,20,1200,20,0,0,0,DoS-SYN-Flood
80,6,20,1200,20,0,0,0,DoS-SYN-Flood
0,1,20,840,0,0,0,0,DoS-ICMP
54559,6,4,240,4,0,0,0,PortScan
80,6,20,1480,20,0,0,0,DoS-HTTP
80,6,20,1480,20,0,0,0,DoS-HTTP
12159,6,6,360,6,0,0,0,PortScan
50204,6,4,240,4,0,0,0,PortScan
80,17,20,1200,0,0,0,0,DoS-UDP
0,1,20,1200,0,0,0,0,DoS-ICMP
17527,6,2,120,2,0,0,0,PortScan
80,6,20,1480,20,0,0,0,DoS-HTTP
80,6,20,1480,20,0,0,0,DoS-HTTP
0,1,20,1200,0,0,0,0,DoS-ICMP
0,1,20,840,0,0,0,0,DoS-ICMP
80,6,20,1480,20,0,0,0,DoS-HTTP
80,6,20,1200,20,0,0,0,DoS-SYN-Flood
80,6,20,1480,20,0,0,0,DoS-HTTP
45447,17,20,27974,0,0,0,0,BENIGN
0,1,20,1200,0,0,0,0,DoS-ICMP
35592,6,2,120,2,0,0,0,PortScan
80,6,20,1200,20,0,0,0,DoS-SYN-Flood
0,1,20,840,0,0,0,0,DoS-ICMP
18744,6,4,240,4,0,0,0,PortScan
8763,6,4,240,4,0,0,0,PortScan
80,17,20,1200,0,0,0,0,DoS-UDP
0,1,20,1200,0,0,0,0,DoS-ICMP
16657,6,6,348,6,6,0,0,SSH-Bruteforce
80,6,20,1200,20,0,0,0,DoS-SYN-Flood
80,17,20,1200,0,0,0,0,DoS-UDP
7562,6,6,360,6,0,0,0,PortScan
80,17,20,1200,0,0,0,0,DoS-UDP
9284,6,6,360,6,0,0,0,PortScan
0,1,20,840,0,0,0,0,DoS-ICMP
80,6,20,1200,20,0,0,0,DoS-SYN-Flood
80,6,20,1200,20,0,0,0,DoS-SYN-Flood
80,17,20,1200,0,0,0,0,DoS-UDP
80,6,20,1480,20,0,0,0,DoS-HTTP
22,6,20,1200,20,0,0,0,SSH-Bruteforce
80,17,20,1200,0,0,0,0,DoS-UDP
42641,6,11,634,10,10,1,0,SSH-Bruteforce
80,6,20,1200,20,0,0,0,DoS-SYN-Flood
80,17,20,1200,0,0,0,0,DoS-UDP
22,6,20,1200,20,0,0,0,SSH-Bruteforce
0,1,20,840,0,0,0,0,DoS-ICMP
80,6,20,1480,20,0,0,0,DoS-HTTP
80,6,20,1480,20,0,0,0,DoS-HTTP
80,6,20,1200,20,0,0,0,DoS-SYN-Flood
53783,6,4,240,4,0,0,0,PortScan
0,1,20,840,0,0,0,0,DoS-ICMP
80,6,20,1480,20,0,0,0,DoS-HTTP
22,6,20,1200,0,0,20,0,SSH-Bruteforce
80,17,20,1200,0,0,0,0,DoS-UDP
80,17,20,1200,0,0,0,0,DoS-UDP
53272,6,20,28840,0,20,0,0,BENIGN
80,6,20,1200,20,0,0,0,DoS-SYN-Flood
17570,6,2,120,2,0,0,0,PortScan
56301,6,10,580,10,10,0,0,SSH-Bruteforce
35854,6,20,17401,1,20,0,0,BENIGN
0,1,20,840,0,0,0,0,DoS-ICMP
80,6,20,1200,20,0,0,0,DoS-SYN-Flood
80,17,20,1200,0,0,0,0,DoS-UDP
0,1,20,1200,0,0,0,0,DoS-ICMP
19500,6,7,406,7,7,0,0,SSH-Bruteforce
80,6,20,1200,20,0,0,0,DoS-SYN-Flood
45797,6,9,522,9,9,0,0,SSH-Bruteforce
43659,6,10,580,10,10,0,0,SSH-Bruteforce
0,1,20,840,0,0,0,0,DoS-ICMP
14755,6,6,360,6,0,0,0,PortScan
0,1,20,840,0,0,0,0,DoS-ICMP
44021,6,2,120,2,0,0,0,PortScan
80,17,20,1200,0,0,0,0,DoS-UDP
8559,6,4,240,4,0,0,0,PortScan
22,6,20,1200,20,0,0,0,SSH-Bruteforce
35397,6,4,240,4,0,0,0,PortScan
36520,17,20,27980,0,0,0,0,BENIGN
80,6,20,1480,20,0,0,0,DoS-HTTP
80,17,20,1200,0,0,0,0,DoS-UDP
53092,17,20,27980,0,0,0,0,BENIGN
80,17,20,1200,0,0,0,0,DoS-UDP
80,17,20,1200,0,0,0,0,DoS-UDP
80,6,20,1200,20,0,0,0,DoS-SYN-Flood
22,6,20,1200,0,0,20,0,SSH-Bruteforce
80,6,20,1480,20,0,0,0,DoS-HTTP
33240,6,20,28541,0,20,0,0,BENIGN
28979,6,6,348,6,6,0,0,SSH-Bruteforce
80,17,20,1200,0,0,0,0,DoS-UDP
80,6,20,1200,20,0,0,0,DoS-SYN-Flood
80,6,20,1480,20,0,0,0,DoS-HTTP
80,6,20,1480,20,0,0,0,DoS-HTTP
40183,6,8,464,8,8,0,0,SSH-Bruteforce
80,6,20,1480,20,0,0,0,DoS-HTTP
41308,17,20,27980,0,0,0,0,BENIGN
80,6,20,1480,20,0,0,0,DoS-HTTP
0,1,20,840,0,0,0,0,DoS-ICMP
0,1,20,1200,0,0,0,0,DoS-ICMP
80,6,20,1480,20,0,0,0,DoS-HTTP
80,6,20,1200,20,0,0,0,DoS-SYN-Flood
80,17,20,1200,0,0,0,0,DoS-UDP
80,6,20,1200,20,0,0,0,DoS-SYN-Flood
4779,6,4,240,4,0,0,0,PortScan
36520,17,20,27980,0,0,0,0,BENIGN
80,17,20,1200,0,0,0,0,DoS-UDP
53017,6,4,240,4,0,0,0,PortScan
0,1,20,1200,0,0,0,0,DoS-ICMP
80,6,20,1480,20,0,0,0,DoS-HTTP
42069,6,4,232,4,4,0,0,SSH-Bruteforce
80,6,20,1480,20,0,0,0,DoS-HTTP
34465,6,2,120,2,0,0,0,PortScan
80,17,20,1200,0,0,0,0,DoS-UDP
80,17,20,1200,0,0,0,0,DoS-UDP
80,17,20,1200,0,0,0,0,DoS-UDP
80,17,20,1200,0,0,0,0,DoS-UDP
0,1,20,1200,0,0,0,0,DoS-ICMP
80,6,20,1200,20,0,0,0,DoS-SYN-Flood
80,6,20,1480,20,0,0,0,DoS-HTTP
22,6,20,1200,20,0,0,0,SSH-Bruteforce
22158,6,5,290,5,5,0,0,SSH-Bruteforce
80,6,20,1200,20,0,0,0,DoS-SYN-Flood
80,6,20,1480,20,0,0,0,DoS-HTTP
80,6,20,1480,20,0,0,0,DoS-HTTP
80,6,20,1200,20,0,0,0,DoS-SYN-Flood
80,17,20,1200,0,0,0,0,DoS-UDP
80,6,20,1480,20,0,0,0,DoS-HTTP
80,6,20,1200,20,0,0,0,DoS-SYN-Flood
46398,17,20,27980,0,0,0,0,BENIGN
6569,6,6,360,6,0,0,0,PortScan
80,6,20,1200,20,0,0,0,DoS-SYN-Flood
80,6,20,1200,20,0,0,0,DoS-SYN-Flood
52557,6,2,120,2,0,0,0,PortScan
80,17,20,1200,0,0,0,0,DoS-UDP
0,1,20,1200,0,0,0,0,DoS-ICMP
80,6,20,1480,20,0,0,0,DoS-HTTP
17296,6,2,120,2,0,0,0,PortScan
80,6,20,1200,20,0,0,0,DoS-SYN-Flood
30151,6,7,406,7,7,0,0,SSH-Bruteforce
0,1,20,840,0,0,0,0,DoS-ICMP
80,6,20,1200,20,0,0,0,DoS-SYN-Flood
80,17,20,1200,0,0,0,0,DoS-UDP
80,6,20,1200,20,0,0,0,DoS-SYN-Flood
22,6,20,1200,0,0,20,0,SSH-Bruteforce
37299,6,2,120,2,0,0,0,PortScan
80,17,20,1200,0,0,0,0,DoS-UDP
80,6,20,1200,20,0,0,0,DoS-SYN-Flood
61190,6,4,240,4,0,0,0,PortScan
80,6,20,1200,20,0,0,0,DoS-SYN-Flood
80,6,20,1480,20,0,0,0,DoS-HTTP
80,6,20,1480,20,0,0,0,DoS-HTTP
35383,6,4,240,4,0,0,0,PortScan
63401,6,6,348,6,6,0,0,SSH-Bruteforce
7269,6,4,240,4,0,0,0,PortScan
26937,6,7,406,7,7,0,0,SSH-Bruteforce
35854,6,20,27117,0,20,0,0,BENIGN
0,1,20,840,0,0,0,0,DoS-ICMP
33003,6,4,240,4,0,0,0,PortScan
1573,6,4,240,4,0,0,0,PortScan
0,1,20,1200,0,0,0,0,DoS-ICMP
18728,6,6,348,6,6,0,0,SSH-Bruteforce
22,6,20,1200,16,0,4,0,SSH-Bruteforce
40414,6,10,1405,1,10,0,1,BENIGN
80,17,20,1200,0,0,0,0,DoS-UDP
80,6,20,1480,20,0,0,0,DoS-HTTP
443,17,20,6030,0,0,0,0,BENIGN
46255,6,2,120,2,0,0,0,PortScan
80,17,20,1200,0,0,0,0,DoS-UDP
80,6,20,1480,20,0,0,0,DoS-HTTP
46816,6,10,580,10,10,0,0,SSH-Bruteforce
0,1,20,840,0,0,0,0,DoS-ICMP
80,6,20,1200,20,0,0,0,DoS-SYN-Flood
80,6,20,1480,20,0,0,0,DoS-HTTP
80,6,20,1200,20,0,0,0,DoS-SYN-Flood
80,6,20,1200,20,0,0,0,DoS-SYN-Flood
80,17,20,1200,0,0,0,0,DoS-UDP
80,6,20,1200,20,0,0,0,DoS-SYN-Flood
36416,6,4,240,4,0,0,0,PortScan
80,6,20,1200,20,0,0,0,DoS-SYN-Flood
80,17,20,1200,0,0,0,0,DoS-UDP
80,6,20,1480,20,0,0,0,DoS-HTTP
22,6,20,1200,20,0,0,0,SSH-Bruteforce
80,17,20,1200,0,0,0,0,DoS-UDP
33025,6,2,120,2,0,0,0,PortScan
443,6,20,13555,1,19,0,0,BENIGN
0,1,20,840,0,0,0,0,DoS-ICMP
80,17,20,1200,0,0,0,0,DoS-UDP
55073,6,5,290,5,5,0,0,SSH-Bruteforce
0,1,20,840,0,0,0,0,DoS-ICMP
0,1,20,840,0,0,0,0,DoS-ICMP
80,6,20,1200,20,0,0,0,DoS-SYN-Flood
80,17,20,1200,0,0,0,0,DoS-UDP
0,1,20,840,0,0,0,0,DoS-ICMP
80,17,20,1200,0,0,0,0,DoS-UDP
80,6,20,1480,20,0,0,0,DoS-HTTP
0,1,20,840,0,0,0,0,DoS-ICMP
80,17,20,1200,0,0,0,0,DoS-UDP
80,6,20,1200,20,0,0,0,DoS-SYN-Flood
0,1,20,1200,0,0,0,0,DoS-ICMP
80,6,20,1480,20,0,0,0,DoS-HTTP
80,6,20,1200,20,0,0,0,DoS-SYN-Flood
45400,6,10,580,10,10,0,0,SSH-Bruteforce
40468,6,4,240,4,0,0,0,PortScan
46236,6,2,120,2,0,0,0,PortScan
80,17,20,1200,0,0,0,0,DoS-UDP
80,6,20,1200,20,0,0,0,DoS-SYN-Flood
80,6,20,1480,20,0,0,0,DoS-HTTP
80,6,20,1200,20,0,0,0,DoS-SYN-Flood
0,1,20,1200,0,0,0,0,DoS-ICMP
80,6,20,1480,20,0,0,0,DoS-HTTP
39770,6,9,522,9,9,0,0,SSH-Bruteforce
80,6,20,1480,20,0,0,0,DoS-HTTP
0,1,20,840,0,0,0,0,DoS-ICMP
46301,6,7,406,7,7,0,0,SSH-Bruteforce
80,17,20,1200,0,0,0,0,DoS-UDP
80,6,20,1480,20,0,0,0,DoS-HTTP
2453,6,4,240,4,0,0,0,PortScan
80,6,20,1200,20,0,0,0,DoS-SYN-Flood
80,6,20,1480,20,0,0,0,DoS-HTTP
80,6,20,1200,20,0,0,0,DoS-SYN-Flood
53296,6,20,28660,0,20,0,0,BENIGN
0,1,20,1200,0,0,0,0,DoS-ICMP
80,17,20,1200,0,0,0,0,DoS-UDP
24383,6,5,290,5,5,0,0,SSH-Bruteforce
0,1,20,1200,0,0,0,0,DoS-ICMP
58697,6,2,120,2,0,0,0,PortScan
80,17,20,1200,0,0,0,0,DoS-UDP
80,17,20,1200,0,0,0,0,DoS-UDP
22,6,20,1200,0,0,20,0,SSH-Bruteforce
20752,6,4,232,4,4,0,0,SSH-Bruteforce
80,6,20,1480,20,0,0,0,DoS-HTTP
63126,6,6,348,6,6,0,0,SSH-Bruteforce
80,17,20,1200,0,0,0,0,DoS-UDP
80,6,20,1480,20,0,0,0,DoS-HTTP
60235,6,4,240,4,0,0,0,PortScan
49331,6,8,464,8,8,0,0,SSH-Bruteforce
52970,6,5,290,5,5,0,0,SSH-Bruteforce
443,6,20,1479,0,20,0,0,BENIGN
45447,17,20,27980,0,0,0,0,BENIGN
22504,6,2,120,2,0,0,0,PortScan
0,1,20,1200,0,0,0,0,DoS-ICMP
80,17,20,1200,0,0,0,0,DoS-UDP
80,17,20,1200,0,0,0,0,DoS-UDP
80,17,20,1200,0,0,0,0,DoS-UDP
39447,6,4,240,4,0,0,0,PortScan
80,17,20,1200,0,0,0,0,DoS-UDP
0,1,20,1200,0,0,0,0,DoS-ICMP
80,6,20,1200,20,0,0,0,DoS-SYN-Flood
22,6,20,1200,20,0,0,0,SSH-Bruteforce
80,6,20,1480,20,0,0,0,DoS-HTTP
80,6,20,1200,20,0,0,0,DoS-SYN-Flood
80,6,20,1200,20,0,0,0,DoS-SYN-Flood
24414,6,4,240,4,0,0,0,PortScan
80,6,20,1200,20,0,0,0,DoS-SYN-Flood
0,1,20,1200,0,0,0,0,DoS-ICMP
80,17,20,1200,0,0,0,0,DoS-UDP
22,6,20,1200,0,0,20,0,SSH-Bruteforce
0,1,20,840,0,0,0,0,DoS-ICMP
0,1,20,1200,0,0,0,0,DoS-ICMP
45447,17,20,27980,0,0,0,0,BENIGN
80,6,20,1200,20,0,0,0,DoS-SYN-Flood
80,6,20,1480,20,0,0,0,DoS-HTTP
80,17,20,1200,0,0,0,0,DoS-UDP
80,6,20,1480,20,0,0,0,DoS-HTTP
31309,6,9,522,9,9,0,0,SSH-Bruteforce
80,6,20,1200,20,0,0,0,DoS-SYN-Flood
0,1,20,1200,0,0,0,0,DoS-ICMP
21465,6,4,240,4,0,0,0,PortScan
80,6,20,1480,20,0,0,0,DoS-HTTP
36520,17,20,27980,0,0,0,0,BENIGN
80,6,20,1200,20,0,0,0,DoS-SYN-Flood
80,6,20,1200,20,0,0,0,DoS-SYN-Flood
80,17,20,1200,0,0,0,0,DoS-UDP
80,6,20,1480,20,0,0,0,DoS-HTTP
11584,6,6,360,6,0,0,0,PortScan
55389,6,6,348,6,6,0,0,SSH-Bruteforce
6960,6,6,348,6,6,0,0,SSH-Bruteforce
19765,6,2,120,2,0,0,0,PortScan
80,6,20,1480,20,0,0,0,DoS-HTTP
80,6,20,1480,20,0,0,0,DoS-HTTP
45447,17,20,27980,0,0,0,0,BENIGN
80,6,20,1480,20,0,0,0,DoS-HTTP
0,1,20,1200,0,0,0,0,DoS-ICMP
23420,6,4,240,4,0,0,0,PortScan
80,17,20,1200,0,0,0,0,DoS-UDP
80,6,20,1200,20,0,0,0,DoS-SYN-Flood
80,6,20,1200,20,0,0,0,DoS-SYN-Flood
22382,6,7,406,7,7,0,0,SSH-Bruteforce
57088,6,2,120,2,0,0,0,PortScan
22,6,20,1200,0,0,20,0,SSH-Bruteforce
36520,17,20,27980,0,0,0,0,BENIGN
0,1,20,1200,0,0,0,0,DoS-ICMP
12910,6,4,240,4,0,0,0,PortScan
80,6,20,1200,20,0,0,0,DoS-SYN-Flood
25527,6,2,120,2,0,0,0,PortScan
0,1,20,840,0,0,0,0,DoS-ICMP
20713,6,8,464,8,8,0,0,SSH-Bruteforce
39902,17,20,27980,0,0,0,0,BENIGN
22,6,20,1200,0,0,20,0,SSH-Bruteforce
42797,6,2,120,2,0,0,0,PortScan
0,1,20,840,0,0,0,0,DoS-ICMP
80,6,20,1480,20,0,0,0,DoS-HTTP
80,6,20,1480,20,0,0,0,DoS-HTTP
22,6,20,1200,0,0,20,0,SSH-Bruteforce
80,17,20,1200,0,0,0,0,DoS-UDP
33021,6,5,290,5,5,0,0,SSH-Bruteforce
80,6,20,1200,20,0,0,0,DoS-SYN-Flood
80,6,20,1200,20,0,0,0,DoS-SYN-Flood
22,6,20,1200,0,0,20,0,SSH-Bruteforce
80,17,20,1200,0,0,0,0,DoS-UDP
24082,6,6,348,6,6,0,0,SSH-Bruteforce
62613,6,2,120,2,0,0,0,PortScan
80,6,20,1200,20,0,0,0,DoS-SYN-Flood
0,1,20,1200,0,0,0,0,DoS-ICMP
64118,6,7,406,7,7,0,0,SSH-Bruteforce
80,6,20,1480,20,0,0,0,DoS-HTTP
80,17,20,1200,0,0,0,0,DoS-UDP
0,1,20,1200,0,0,0,0,DoS-ICMP
22,6,20,1200,0,0,20,0,SSH-Bruteforce
30311,6,4,240,4,0,0,0,PortScan
0,1,20,1200,0,0,0,0,DoS-ICMP
22,6,20,1200,1,0,19,0,SSH-Bruteforce
49846,6,8,464,8,8,0,0,SSH-Bruteforce
0,1,20,1200,0,0,0,0,DoS-ICMP
40581,6,9,522,9,9,0,0,SSH-Bruteforce
22,6,20,1200,7,0,13,0,SSH-Bruteforce
30209,6,2,120,2,0,0,0,PortScan
80,6,20,1200,20,0,0,0,DoS-SYN-Flood
61739,6,4,240,4,0,0,0,PortScan
80,6,20,1200,20,0,0,0,DoS-SYN-Flood
80,17,20,1200,0,0,0,0,DoS-UDP
80,6,20,1480,20,0,0,0,DoS-HTTP
80,17,20,1200,0,0,0,0,DoS-UDP
80,6,20,1200,20,0,0,0,DoS-SYN-Flood
80,17,20,1200,0,0,0,0,DoS-UDP
80,6,20,1480,20,0,0,0,DoS-HTTP
60886,6,20,29200,0,20,0,0,BENIGN
0,1,20,840,0,0,0,0,DoS-ICMP
80,17,20,1200,0,0,0,0,DoS-UDP
57375,6,2,120,2,0,0,0,PortScan
80,6,20,1480,20,0,0,0,DoS-HTTP
58852,6,5,290,5,5,0,0,SSH-Bruteforce
22,6,20,1200,20,0,0,0,SSH-Bruteforce
59646,6,20,29020,0,20,0,0,BENIGN
0,1,20,1200,0,0,0,0,DoS-ICMP
0,1,20,840,0,0,0,0,DoS-ICMP
51642,6,2,120,2,0,0,0,PortScan
80,6,20,1480,20,0,0,0,DoS-HTTP
80,6,20,1480,20,0,0,0,DoS-HTTP
0,1,20,840,0,0,0,0,DoS-ICMP
50890,6,2,120,2,0,0,0,PortScan
80,6,20,1480,20,0,0,0,DoS-HTTP
5134,6,4,240,4,0,0,0,PortScan
80,6,20,1480,20,0,0,0,DoS-HTTP
80,17,20,1200,0,0,0,0,DoS-UDP
80,6,20,1200,20,0,0,0,DoS-SYN-Flood
80,6,20,1200,20,0,0,0,DoS-SYN-Flood
80,6,20,1480,20,0,0,0,DoS-HTTP
57472,6,2,120,2,0,0,0,PortScan
80,6,20,1200,20,0,0,0,DoS-SYN-Flood
80,17,20,1200,0,0,0,0,DoS-UDP
80,6,20,1480,20,0,0,0,DoS-HTTP
80,6,20,1200,20,0,0,0,DoS-SYN-Flood
22831,6,2,120,2,0,0,0,PortScan
0,1,20,1200,0,0,0,0,DoS-ICMP
80,6,20,1200,20,0,0,0,DoS-SYN-Flood
80,6,20,1480,20,0,0,0,DoS-HTTP
58973,6,2,120,2,0,0,0,PortScan
17378,6,2,120,2,0,0,0,PortScan
80,6,20,1200,20,0,0,0,DoS-SYN-Flood
22,6,20,1200,0,0,20,0,SSH-Bruteforce
80,6,20,1480,20,0,0,0,DoS-HTTP
12811,6,10,580,10,10,0,0,SSH-Bruteforce
0,1,20,1200,0,0,0,0,DoS-ICMP
49773,6,3,174,3,3,0,0,SSH-Bruteforce
34704,6,4,240,4,0,0,0,PortScan
36520,17,20,27980,0,0,0,0,BENIGN
58195,6,7,406,7,7,0,0,SSH-Bruteforce
18846,6,2,120,2,0,0,0,PortScan
80,6,20,1480,20,0,0,0,DoS-HTTP
80,6,20,1480,20,0,0,0,DoS-HTTP
36520,17,20,27980,0,0,0,0,BENIGN
80,6,20,1200,20,0,0,0,DoS-SYN-Flood
29360,6,4,240,4,0,0,0,PortScan
0,1,20,840,0,0,0,0,DoS-ICMP
21512,6,2,120,2,0,0,0,PortScan
33240,6,20,28660,0,20,0,0,BENIGN
2552,6,6,360,6,0,0,0,PortScan
80,6,20,1200,20,0,0,0,DoS-SYN-Flood
0,1,20,840,0,0,0,0,DoS-ICMP
0,1,20,1200,0,0,0,0,DoS-ICMP
24198,6,2,120,2,0,0,0,PortScan
80,6,20,1200,20,0,0,0,DoS-SYN-Flood
80,6,20,1200,20,0,0,0,DoS-SYN-Flood
80,6,20,1480,20,0,0,0,DoS-HTTP
0,1,20,840,0,0,0,0,DoS-ICMP
80,6,20,1480,20,0,0,0,DoS-HTTP
80,6,20,1480,20,0,0,0,DoS-HTTP
80,6,20,1200,20,0,0,0,DoS-SYN-Flood
80,6,20,1200,20,0,0,0,DoS-SYN-Flood
36520,17,20,27980,0,0,0,0,BENIGN
80,17,20,1200,0,0,0,0,DoS-UDP
0,1,20,1200,0,0,0,0,DoS-ICMP
22,6,20,1200,6,0,14,0,SSH-Bruteforce
80,6,20,1480,20,0,0,0,DoS-HTTP
42759,6,2,120,2,0,0,0,PortScan
80,6,20,1480,20,0,0,0,DoS-HTTP
443,6,20,2656,0,20,0,0,BENIGN
13109,6,6,360,6,0,0,0,PortScan
36162,6,8,464,8,8,0,0,SSH-Bruteforce
0,1,20,840,0,0,0,0,DoS-ICMP
22,6,20,1200,0,0,20,0,SSH-Bruteforce
80,6,20,1200,20,0,0,0,DoS-SYN-Flood
22,6,20,1200,14,0,6,0,SSH-Bruteforce
0,1,20,840,0,0,0,0,DoS-ICMP
0,1,20,840,0,0,0,0,DoS-ICMP
49091,6,9,522,9,9,0,0,SSH-Bruteforce
22,6,20,1200,20,0,0,0,SSH-Bruteforce
80,6,20,1480,20,0,0,0,DoS-HTTP
22,6,20,1200,20,0,0,0,SSH-Bruteforce
29961,6,4,240,4,0,0,0,PortScan
5089,6,4,240,4,0,0,0,PortScan
16811,6,4,240,4,0,0,0,PortScan
80,6,20,1480,20,0,0,0,DoS-HTTP
80,17,20,1200,0,0,0,0,DoS-UDP
22,6,20,1200,10,0,10,0,SSH-Bruteforce
14868,6,6,348,6,6,0,0,SSH-Bruteforce
80,6,20,1480,20,0,0,0,DoS-HTTP
80,6,20,1200,20,0,0,0,DoS-SYN-Flood
443,17,20,1531,0,0,0,0,BENIGN
0,1,20,1200,0,0,0,0,DoS-ICMP
80,6,20,1480,20,0,0,0,DoS-HTTP
80,6,20,1200,20,0,0,0,DoS-SYN-Flood
60886,6,20,29140,0,20,0,0,BENIGN
0,1,20,840,0,0,0,0,DoS-ICMP
80,17,20,1200,0,0,0,0,DoS-UDP
63368,6,7,406,7,7,0,0,SSH-Bruteforce
22,6,20,1200,20,0,0,0,SSH-Bruteforce
34382,6,2,120,2,0,0,0,PortScan
40860,6,2,120,2,0,0,0,PortScan
80,17,20,1200,0,0,0,0,DoS-UDP
53258,6,20,30279,0,20,0,0,BENIGN
0,1,20,1200,0,0,0,0,DoS-ICMP
80,17,20,1200,0,0,0,0,DoS-UDP
0,1,20,840,0,0,0,0,DoS-ICMP
5510,6,4,240,4,0,0,0,PortScan
45823,6,4,240,4,0,0,0,PortScan
80,6,20,1200,20,0,0,0,DoS-SYN-Flood
80,17,20,1200,0,0,0,0,DoS-UDP
80,6,20,1480,20,0,0,0,DoS-HTTP
18688,6,2,120,2,0,0,0,PortScan
80,6,20,1200,20,0,0,0,DoS-SYN-Flood
0,1,20,1200,0,0,0,0,DoS-ICMP
33282,6,7,406,7,7,0,0,SSH-Bruteforce
46398,17,20,27980,0,0,0,0,BENIGN
22,6,20,1200,20,0,0,0,SSH-Bruteforce
80,6,20,1200,20,0,0,0,DoS-SYN-Flood
80,17,20,1200,0,0,0,0,DoS-UDP
22,6,20,1200,20,0,0,0,SSH-Bruteforce
80,17,20,1200,0,0,0,0,DoS-UDP
80,17,20,1200,0,0,0,0,DoS-UDP
22,6,20,1200,20,0,0,0,SSH-Bruteforce
22,6,20,1200,0,0,20,0,SSH-Bruteforce
0,1,20,840,0,0,0,0,DoS-ICMP
0,1,20,840,0,0,0,0,DoS-ICMP
80,6,20,1200,20,0,0,0,DoS-SYN-Flood
80,17,20,1200,0,0,0,0,DoS-UDP
80,6,20,1200,20,0,0,0,DoS-SYN-Flood
53296,6,20,10058,0,20,0,0,BENIGN
80,6,20,1200,20,0,0,0,DoS-SYN-Flood
24951,6,10,580,10,10,0,0,SSH-Bruteforce
36520,17,20,27980,0,0,0,0,BENIGN
0,1,20,1200,0,0,0,0,DoS-ICMP
0,1,20,1200,0,0,0,0,DoS-ICMP
0,1,20,840,0,0,0,0,DoS-ICMP
54829,17,20,27980,0,0,0,0,BENIGN
80,17,20,1200,0,0,0,0,DoS-UDP
80,17,20,1200,0,0,0,0,DoS-UDP
80,6,20,1480,20,0,0,0,DoS-HTTP
36520,17,20,27980,0,0,0,0,BENIGN
80,6,20,1200,20,0,0,0,DoS-SYN-Flood
27517,6,2,120,2,0,0,0,PortScan
8697,6,7,406,7,7,0,0,SSH-Bruteforce
0,1,20,1200,0,0,0,0,DoS-ICMP
55691,6,6,348,6,6,0,0,SSH-Bruteforce
80,6,20,1480,20,0,0,0,DoS-HTTP
0,1,20,1200,0,0,0,0,DoS-ICMP
55432,6,2,120,2,0,0,0,PortScan
80,17,20,1200,0,0,0,0,DoS-UDP
42904,17,20,22079,0,0,0,0,BENIGN
80,17,20,1200,0,0,0,0,DoS-UDP
26226,6,2,120,2,0,0,0,PortScan
0,1,20,840,0,0,0,0,DoS-ICMP
80,17,20,1200,0,0,0,0,DoS-UDP
80,6,20,1200,20,0,0,0,DoS-SYN-Flood
0,1,20,840,0,0,0,0,DoS-ICMP
80,6,20,1200,20,0,0,0,DoS-SYN-Flood
80,6,20,1480,20,0,0,0,DoS-HTTP
36520,17,20,27980,0,0,0,0,BENIGN
0,1,20,1200,0,0,0,0,DoS-ICMP
80,6,20,1480,20,0,0,0,DoS-HTTP
80,6,20,1200,20,0,0,0,DoS-SYN-Flood
80,6,20,1480,20,0,0,0,DoS-HTTP
12043,6,4,240,4,0,0,0,PortScan
0,1,20,1200,0,0,0,0,DoS-ICMP
22,6,20,1200,0,0,20,0,SSH-Bruteforce
31405,6,2,120,2,0,0,0,PortScan
19776,6,2,120,2,0,0,0,PortScan
80,6,20,1480,20,0,0,0,DoS-HTTP
80,6,20,1480,20,0,0,0,DoS-HTTP
8611,6,4,240,4,0,0,0,PortScan
22,6,20,1200,0,0,20,0,SSH-Bruteforce
22,6,20,1200,14,0,6,0,SSH-Bruteforce
0,1,20,840,0,0,0,0,DoS-ICMP
80,6,20,1480,20,0,0,0,DoS-HTTP
14301,6,8,464,8,8,0,0,SSH-Bruteforce
6556,6,8,464,8,8,0,0,SSH-Bruteforce
22,6,20,1200,20,0,0,0,SSH-Bruteforce
36520,17,20,27980,0,0,0,0,BENIGN
80,6,20,1200,20,0,0,0,DoS-SYN-Flood
80,17,20,1200,0,0,0,0,DoS-UDP
0,1,20,1200,0,0,0,0,DoS-ICMP
36520,17,20,27980,0,0,0,0,BENIGN
80,6,20,1480,20,0,0,0,DoS-HTTP
80,6,20,1200,20,0,0,0,DoS-SYN-Flood
80,17,20,1200,0,0,0,0,DoS-UDP
80,6,20,1200,20,0,0,0,DoS-SYN-Flood
80,6,20,1480,20,0,0,0,DoS-HTTP
36520,17,20,27980,0,0,0,0,BENIGN
36520,17,20,27980,0,0,0,0,BENIGN
0,1,20,1200,0,0,0,0,DoS-ICMP
80,6,20,1200,20,0,0,0,DoS-SYN-Flood
443,6,20,2575,0,20,0,0,BENIGN
80,6,20,1480,20,0,0,0,DoS-HTTP
80,6,20,1480,20,0,0,0,DoS-HTTP
80,6,20,1480,20,0,0,0,DoS-HTTP
80,17,20,1200,0,0,0,0,DoS-UDP
20725,6,2,120,2,0,0,0,PortScan
80,6,20,1200,20,0,0,0,DoS-SYN-Flood
80,6,20,1480,20,0,0,0,DoS-HTTP
22,6,20,1200,20,0,0,0,SSH-Bruteforce
80,6,20,1200,20,0,0,0,DoS-SYN-Flood
80,17,20,1200,0,0,0,0,DoS-UDP
45424,6,20,2115,0,20,0,0,BENIGN
0,1,20,1200,0,0,0,0,DoS-ICMP
45424,6,20,16558,0,20,0,0,BENIGN
80,6,20,1200,20,0,0,0,DoS-SYN-Flood
0,1,20,1200,0,0,0,0,DoS-ICMP
33240,6,20,28780,0,20,0,0,BENIGN
80,17,20,1200,0,0,0,0,DoS-UDP
50981,6,4,240,4,0,0,0,PortScan
80,6,20,1480,20,0,0,0,DoS-HTTP
80,6,20,1480,20,0,0,0,DoS-HTTP
29129,6,2,120,2,0,0,0,PortScan
28217,6,4,240,4,0,0,0,PortScan
80,6,20,1480,20,0,0,0,DoS-HTTP
80,6,20,1200,20,0,0,0,DoS-SYN-Flood
64001,6,2,120,2,0,0,0,PortScan
80,17,20,1200,0,0,0,0,DoS-UDP
0,1,20,1200,0,0,0,0,DoS-ICMP
36524,6,2,120,2,0,0,0,PortScan
22,6,20,1200,15,0,5,0,SSH-Bruteforce
36520,17,20,27980,0,0,0,0,BENIGN
67,17,1,350,0,0,0,0,BENIGN
80,6,20,1480,20,0,0,0,DoS-HTTP
80,6,20,1480,20,0,0,0,DoS-HTTP
22330,6,4,240,4,0,0,0,PortScan
80,17,20,1200,0,0,0,0,DoS-UDP
80,6,20,1200,20,0,0,0,DoS-SYN-Flood
80,6,20,1200,20,0,0,0,DoS-SYN-Flood
80,17,20,1200,0,0,0,0,DoS-UDP
0,1,20,840,0,0,0,0,DoS-ICMP
26402,6,4,240,4,0,0,0,PortScan
80,6,20,1480,20,0,0,0,DoS-HTTP
0,1,20,840,0,0,0,0,DoS-ICMP
43005,6,4,240,4,0,0,0,PortScan
0,1,20,840,0,0,0,0,DoS-ICMP
31936,6,7,406,7,7,0,0,SSH-Bruteforce
80,6,20,1200,20,0,0,0,DoS-SYN-Flood
0,1,20,840,0,0,0,0,DoS-ICMP
0,1,20,1200,0,0,0,0,DoS-ICMP
1414,6,4,240,4,0,0,0,PortScan
55567,6,2,120,2,0,0,0,PortScan
80,6,20,1480,20,0,0,0,DoS-HTTP
80,6,20,1480,20,0,0,0,DoS-HTTP
49218,6,7,406,7,7,0,0,SSH-Bruteforce
80,17,20,1200,0,0,0,0,DoS-UDP
80,6,20,1480,20,0,0,0,DoS-HTTP
80,17,20,1200,0,0,0,0,DoS-UDP
37003,6,2,120,2,0,0,0,PortScan
29876,6,7,406,7,7,0,0,SSH-Bruteforce
33667,6,2,120,2,0,0,0,PortScan
0,1,20,1200,0,0,0,0,DoS-ICMP
54829,17,20,27980,0,0,0,0,BENIGN
0,1,20,840,0,0,0,0,DoS-ICMP
80,17,20,1200,0,0,0,0,DoS-UDP
80,6,20,1200,20,0,0,0,DoS-SYN-Flood
50155,6,2,120,2,0,0,0,PortScan
80,17,20,1200,0,0,0,0,DoS-UDP
80,6,20,1480,20,0,0,0,DoS-HTTP
80,6,20,1200,20,0,0,0,DoS-SYN-Flood
30039,6,4,240,4,0,0,0,PortScan
80,6,20,1480,20,0,0,0,DoS-HTTP
80,6,20,1480,20,0,0,0,DoS-HTTP
0,1,20,1200,0,0,0,0,DoS-ICMP
40456,6,2,120,2,0,0,0,PortScan
80,6,20,1200,20,0,0,0,DoS-SYN-Flood
80,6,20,1200,20,0,0,0,DoS-SYN-Flood
80,6,20,1480,20,0,0,0,DoS-HTTP
0,1,20,1200,0,0,0,0,DoS-ICMP
80,17,20,1200,0,0,0,0,DoS-UDP
21372,6,7,406,7,7,0,0,SSH-Bruteforce
80,17,20,1200,0,0,0,0,DoS-UDP
1280,6,4,240,4,0,0,0,PortScan
22,6,20,1200,2,0,18,0,SSH-Bruteforce
43992,17,20,27980,0,0,0,0,BENIGN
80,17,20,1200,0,0,0,0,DoS-UDP
80,6,20,1200,20,0,0,0,DoS-SYN-Flood
0,1,20,1200,0,0,0,0,DoS-ICMP
53272,6,20,29080,0,20,0,0,BENIGN
9822,6,6,360,6,0,0,0,PortScan
80,6,20,1480,20,0,0,0,DoS-HTTP
0,1,20,840,0,0,0,0,DoS-ICMP
80,17,20,1200,0,0,0,0,DoS-UDP
80,6,20,1200,20,0,0,0,DoS-SYN-Flood
0,1,20,1200,0,0,0,0,DoS-ICMP
36520,17,20,22770,0,0,0,0,BENIGN
80,6,20,1200,20,0,0,0,DoS-SYN-Flood
0,1,20,840,0,0,0,0,DoS-ICMP
80,17,20,1200,0,0,0,0,DoS-UDP
80,17,20,1200,0,0,0,0,DoS-UDP
27890,6,2,120,2,0,0,0,PortScan
50458,6,2,120,2,0,0,0,PortScan
0,1,20,1200,0,0,0,0,DoS-ICMP
45447,17,20,27980,0,0,0,0,BENIGN
36520,17,20,27980,0,0,0,0,BENIGN
80,6,20,1480,20,0,0,0,DoS-HTTP
80,6,20,1480,20,0,0,0,DoS-HTTP
12077,6,6,360,6,0,0,0,PortScan
22,6,20,1200,1,0,19,0,SSH-Bruteforce
80,17,20,1200,0,0,0,0,DoS-UDP
80,17,20,1200,0,0,0,0,DoS-UDP
80,6,20,1480,20,0,0,0,DoS-HTTP
80,6,20,1480,20,0,0,0,DoS-HTTP
54429,6,4,240,4,0,0,0,PortScan
80,17,20,1200,0,0,0,0,DoS-UDP
80,17,20,1200,0,0,0,0,DoS-UDP
36520,17,20,27980,0,0,0,0,BENIGN
46410,6,5,290,5,5,0,0,SSH-Bruteforce
80,6,20,1480,20,0,0,0,DoS-HTTP
22,6,20,1200,20,0,0,0,SSH-Bruteforce
50961,6,2,120,2,0,0,0,PortScan
10257,6,7,406,7,7,0,0,SSH-Bruteforce
80,6,20,1480,20,0,0,0,DoS-HTTP
22,6,20,1200,7,0,13,0,SSH-Bruteforce
9979,6,6,360,6,0,0,0,PortScan
80,6,20,1480,20,0,0,0,DoS-HTTP
0,1,20,840,0,0,0,0,DoS-ICMP
80,17,20,1200,0,0,0,0,DoS-UDP
80,17,20,1200,0,0,0,0,DoS-UDP
12384,6,8,464,8,8,0,0,SSH-Bruteforce
59942,6,7,406,7,7,0,0,SSH-Bruteforce
35697,6,2,120,2,0,0,0,PortScan
80,6,20,1480,20,0,0,0,DoS-HTTP
49790,6,9,522,9,9,0,0,SSH-Bruteforce
0,1,20,1200,0,0,0,0,DoS-ICMP
22,6,20,1200,0,0,20,0,SSH-Bruteforce
80,17,20,1200,0,0,0,0,DoS-UDP
80,6,20,1480,20,0,0,0,DoS-HTTP
0,1,20,840,0,0,0,0,DoS-ICMP
22,6,20,1200,20,0,0,0,SSH-Bruteforce
80,6,20,1480,20,0,0,0,DoS-HTTP
80,6,20,1200,20,0,0,0,DoS-SYN-Flood
80,6,20,1200,20,0,0,0,DoS-SYN-Flood
22,6,20,1200,0,0,20,0,SSH-Bruteforce
53597,6,2,120,2,0,0,0,PortScan
80,6,20,1200,20,0,0,0,DoS-SYN-Flood
80,6,20,1480,20,0,0,0,DoS-HTTP
80,17,20,1200,0,0,0,0,DoS-UDP
80,6,20,1480,20,0,0,0,DoS-HTTP
27942,6,4,240,4,0,0,0,PortScan
39908,6,10,580,10,10,0,0,SSH-Bruteforce
80,6,20,1480,20,0,0,0,DoS-HTTP
0,1,20,1200,0,0,0,0,DoS-ICMP
80,6,20,1480,20,0,0,0,DoS-HTTP
1920,6,4,240,4,0,0,0,PortScan
0,1,20,1200,0,0,0,0,DoS-ICMP
80,6,20,1480,20,0,0,0,DoS-HTTP
80,6,20,1200,20,0,0,0,DoS-SYN-Flood
0,1,20,1200,0,0,0,0,DoS-ICMP
0,1,20,1200,0,0,0,0,DoS-ICMP
80,17,20,1200,0,0,0,0,DoS-UDP
80,6,20,1480,20,0,0,0,DoS-HTTP
0,1,20,840,0,0,0,0,DoS-ICMP
80,17,20,1200,0,0,0,0,DoS-UDP
33240,6,20,28900,0,20,0,0,BENIGN
0,1,20,840,0,0,0,0,DoS-ICMP
80,17,20,1200,0,0,0,0,DoS-UDP
61837,6,6,348,6,6,0,0,SSH-Bruteforce
36520,17,20,27980,0,0,0,0,BENIGN
80,6,20,1480,20,0,0,0,DoS-HTTP
80,17,20,1200,0,0,0,0,DoS-UDP
80,17,20,1200,0,0,0,0,DoS-UDP
80,6,20,1200,20,0,0,0,DoS-SYN-Flood
80,17,20,1200,0,0,0,0,DoS-UDP
80,6,20,1480,20,0,0,0,DoS-HTTP
0,1,20,1200,0,0,0,0,DoS-ICMP
22,6,20,1200,0,0,20,0,SSH-Bruteforce
80,6,20,1200,20,0,0,0,DoS-SYN-Flood
80,17,20,1200,0,0,0,0,DoS-UDP
13952,6,6,360,6,0,0,0,PortScan
80,6,20,1480,20,0,0,0,DoS-HTTP
60475,6,2,120,2,0,0,0,PortScan
80,17,20,1200,0,0,0,0,DoS-UDP
80,6,20,1200,20,0,0,0,DoS-SYN-Flood
80,6,20,1200,20,0,0,0,DoS-SYN-Flood
80,6,20,1480,20,0,0,0,DoS-HTTP
80,6,20,1480,20,0,0,0,DoS-HTTP
80,6,20,1200,20,0,0,0,DoS-SYN-Flood
0,1,20,1200,0,0,0,0,DoS-ICMP
80,6,20,1200,20,0,0,0,DoS-SYN-Flood
80,17,20,1200,0,0,0,0,DoS-UDP
80,17,20,1200,0,0,0,0,DoS-UDP
80,6,20,1480,20,0,0,0,DoS-HTTP
29293,6,8,464,8,8,0,0,SSH-Bruteforce
0,1,20,1200,0,0,0,0,DoS-ICMP
6539,6,7,406,7,7,0,0,SSH-Bruteforce
12969,6,9,522,9,9,0,0,SSH-Bruteforce
80,6,20,1480,20,0,0,0,DoS-HTTP
80,17,20,1200,0,0,0,0,DoS-UDP
0,1,20,840,0,0,0,0,DoS-ICMP
22,6,20,1200,0,0,20,0,SSH-Bruteforce
80,6,20,1200,20,0,0,0,DoS-SYN-Flood
52330,6,6,348,6,6,0,0,SSH-Bruteforce
80,6,20,1480,20,0,0,0,DoS-HTTP
22,6,20,1200,0,0,20,0,SSH-Bruteforce
0,1,20,1200,0,0,0,0,DoS-ICMP
80,6,20,1480,20,0,0,0,DoS-HTTP
80,6,20,1480,20,0,0,0,DoS-HTTP
80,6,20,1480,20,0,0,0,DoS-HTTP
80,6,20,1480,20,0,0,0,DoS-HTTP
80,6,20,1200,20,0,0,0,DoS-SYN-Flood
80,17,20,1200,0,0,0,0,DoS-UDP
14047,6,4,240,4,0,0,0,PortScan
45447,17,20,27980,0,0,0,0,BENIGN
0,1,20,840,0,0,0,0,DoS-ICMP
80,6,20,1480,20,0,0,0,DoS-HTTP
80,17,20,1200,0,0,0,0,DoS-UDP
80,17,20,1200,0,0,0,0,DoS-UDP
80,6,20,1480,20,0,0,0,DoS-HTTP
0,1,20,840,0,0,0,0,DoS-ICMP
16098,6,4,240,4,0,0,0,PortScan
80,17,20,1200,0,0,0,0,DoS-UDP
26837,6,5,290,5,5,0,0,SSH-Bruteforce
80,6,20,1200,20,0,0,0,DoS-SYN-Flood
80,17,20,1200,0,0,0,0,DoS-UDP
80,6,20,1480,20,0,0,0,DoS-HTTP
80,17,20,1200,0,0,0,0,DoS-UDP
80,6,20,1200,20,0,0,0,DoS-SYN-Flood
80,6,20,1480,20,0,0,0,DoS-HTTP
33017,6,4,240,4,0,0,0,PortScan
5855,6,4,240,4,0,0,0,PortScan
443,6,20,1200,0,20,0,0,BENIGN
80,6,20,1200,20,0,0,0,DoS-SYN-Flood
443,17,20,13268,0,0,0,0,BENIGN
80,6,20,1200,20,0,0,0,DoS-SYN-Flood
550,6,9,522,9,9,0,0,SSH-Bruteforce
0,1,20,1200,0,0,0,0,DoS-ICMP
80,17,20,1200,0,0,0,0,DoS-UDP
80,6,20,1480,20,0,0,0,DoS-HTTP
62511,6,4,240,4,0,0,0,PortScan
0,1,20,1200,0,0,0,0,DoS-ICMP
60516,6,20,28750,0,20,0,0,BENIGN
51310,6,2,120,2,0,0,0,PortScan
0,1,20,840,0,0,0,0,DoS-ICMP
80,6,20,1200,20,0,0,0,DoS-SYN-Flood
41308,17,20,27980,0,0,0,0,BENIGN
80,17,20,1200,0,0,0,0,DoS-UDP
40236,6,7,406,7,7,0,0,SSH-Bruteforce
0,1,20,1200,0,0,0,0,DoS-ICMP
0,1,20,840,0,0,0,0,DoS-ICMP
0,1,20,1200,0,0,0,0,DoS-ICMP
30732,6,4,240,4,0,0,0,PortScan
80,6,20,1480,20,0,0,0,DoS-HTTP
0,1,20,840,0,0,0,0,DoS-ICMP
0,1,20,1200,0,0,0,0,DoS-ICMP
80,6,20,1480,20,0,0,0,DoS-HTTP
31790,6,10,580,10,10,0,0,SSH-Bruteforce
0,1,20,1200,0,0,0,0,DoS-ICMP
0,1,20,1200,0,0,0,0,DoS-ICMP
41789,6,2,120,2,0,0,0,PortScan
80,6,20,1200,20,0,0,0,DoS-SYN-Flood
80,6,20,1200,20,0,0,0,DoS-SYN-Flood
9750,6,9,522,9,9,0,0,SSH-Bruteforce
0,1,20,1200,0,0,0,0,DoS-ICMP
0,1,20,1200,0,0,0,0,DoS-ICMP
48366,6,4,240,4,0,0,0,PortScan
22,6,20,1200,9,0,11,0,SSH-Bruteforce
80,6,20,1480,20,0,0,0,DoS-HTTP
22689,6,7,406,7,7,0,0,SSH-Bruteforce
80,6,20,1480,20,0,0,0,DoS-HTTP
80,6,20,1480,20,0,0,0,DoS-HTTP
80,6,20,1200,20,0,0,0,DoS-SYN-Flood
80,17,20,1200,0,0,0,0,DoS-UDP
21938,6,2,120,2,0,0,0,PortScan
0,1,20,1200,0,0,0,0,DoS-ICMP
80,6,20,1200,20,0,0,0,DoS-SYN-Flood
68,17,1,342,0,0,0,0,DoS-SYN-Flood
42600,6,4,240,4,0,0,0,PortScan
24045,6,2,120,2,0,0,0,PortScan
58231,6,6,348,6,6,0,0,SSH-Bruteforce
80,6,20,1480,20,0,0,0,DoS-HTTP
0,1,20,1200,0,0,0,0,DoS-ICMP
80,6,20,1480,20,0,0,0,DoS-HTTP
27650,6,4,240,4,0,0,0,PortScan
0,1,20,1200,0,0,0,0,DoS-ICMP
0,1,20,840,0,0,0,0,DoS-ICMP
39697,6,2,120,2,0,0,0,PortScan
36971,6,2,120,2,0,0,0,PortScan
80,17,20,1200,0,0,0,0,DoS-UDP
80,6,20,1480,20,0,0,0,DoS-HTTP
80,17,20,1200,0,0,0,0,DoS-UDP
0,1,20,1200,0,0,0,0,DoS-ICMP
80,6,20,1200,20,0,0,0,DoS-SYN-Flood
29509,6,9,522,9,9,0,0,SSH-Bruteforce
0,1,20,1200,0,0,0,0,DoS-ICMP
80,6,20,1200,20,0,0,0,DoS-SYN-Flood
80,6,20,1480,20,0,0,0,DoS-HTTP
80,6,20,1480,20,0,0,0,DoS-HTTP
80,17,20,1200,0,0,0,0,DoS-UDP
26865,6,7,406,7,7,0,0,SSH-Bruteforce
80,6,20,1480,20,0,0,0,DoS-HTTP
33297,6,8,464,8,8,0,0,SSH-Bruteforce
36520,17,20,27980,0,0,0,0,BENIGN
80,6,20,1200,20,0,0,0,DoS-SYN-Flood
80,6,20,1480,20,0,0,0,DoS-HTTP
0,1,20,1200,0,0,0,0,DoS-ICMP
80,6,20,1200,20,0,0,0,DoS-SYN-Flood
64891,6,2,120,2,0,0,0,PortScan
22,6,20,1200,4,0,16,0,SSH-Bruteforce
80,6,20,1200,20,0,0,0,DoS-SYN-Flood
80,17,20,1200,0,0,0,0,DoS-UDP
80,17,20,1200,0,0,0,0,DoS-UDP
80,6,20,1200,20,0,0,0,DoS-SYN-Flood
47214,6,2,120,2,0,0,0,PortScan
0,1,20,1200,0,0,0,0,DoS-ICMP
0,1,20,840,0,0,0,0,DoS-ICMP
80,17,20,1200,0,0,0,0,DoS-UDP
36268,17,20,27980,0,0,0,0,BENIGN
60886,6,20,29620,0,20,0,0,BENIGN
37579,6,10,580,10,10,0,0,SSH-Bruteforce
80,6,20,1200,20,0,0,0,DoS-SYN-Flood
80,6,20,1480,20,0,0,0,DoS-HTTP
10913,6,4,240,4,0,0,0,PortScan
80,17,20,1200,0,0,0,0,DoS-UDP
25828,6,2,120,2,0,0,0,PortScan
80,17,20,1200,0,0,0,0,DoS-UDP
0,1,20,1200,0,0,0,0,DoS-ICMP
80,6,20,1480,20,0,0,0,DoS-HTTP
57546,6,4,240,4,0,0,0,PortScan
80,6,20,1200,20,0,0,0,DoS-SYN-Flood
80,17,20,1200,0,0,0,0,DoS-UDP
80,6,20,1480,20,0,0,0,DoS-HTTP
0,1,20,1200,0,0,0,0,DoS-ICMP
80,6,20,1480,20,0,0,0,DoS-HTTP
80,17,20,1200,0,0,0,0,DoS-UDP
80,6,20,1480,20,0,0,0,DoS-HTTP
80,17,20,1200,0,0,0,0,DoS-UDP
26149,6,9,522,9,9,0,0,SSH-Bruteforce
63888,6,2,120,2,0,0,0,PortScan
80,6,20,1200,20,0,0,0,DoS-SYN-Flood
22,6,20,1200,20,0,0,0,SSH-Bruteforce
0,1,20,1200,0,0,0,0,DoS-ICMP
80,17,20,1200,0,0,0,0,DoS-UDP
0,1,20,840,0,0,0,0,DoS-ICMP
80,6,20,1200,20,0,0,0,DoS-SYN-Flood
24823,6,6,348,6,6,0,0,SSH-Bruteforce
80,6,20,1480,20,0,0,0,DoS-HTTP
51690,6,4,240,4,0,0,0,PortScan
22,6,20,1200,20,0,0,0,SSH-Bruteforce
80,6,20,1200,20,0,0,0,DoS-SYN-Flood
51646,6,2,120,2,0,0,0,PortScan
80,6,20,1200,20,0,0,0,DoS-SYN-Flood
36268,17,20,19596,0,0,0,0,BENIGN
80,6,20,1200,20,0,0,0,DoS-SYN-Flood
22,6,20,1200,20,0,0,0,SSH-Bruteforce
80,6,20,1200,20,0,0,0,DoS-SYN-Flood
80,6,20,1200,20,0,0,0,DoS-SYN-Flood
80,6,20,1480,20,0,0,0,DoS-HTTP
22,6,20,1200,20,0,0,0,SSH-Bruteforce
80,6,20,1200,20,0,0,0,DoS-SYN-Flood
11230,6,9,522,9,9,0,0,SSH-Bruteforce
80,6,20,1480,20,0,0,0,DoS-HTTP
80,6,20,1200,20,0,0,0,DoS-SYN-Flood
3541,6,7,406,7,7,0,0,SSH-Bruteforce
22833,6,6,348,6,6,0,0,SSH-Bruteforce
80,6,20,1480,20,0,0,0,DoS-HTTP
41845,6,10,580,10,10,0,0,SSH-Bruteforce
0,1,20,1200,0,0,0,0,DoS-ICMP
44992,6,2,120,2,0,0,0,PortScan
26866,6,4,240,4,0,0,0,PortScan
5907,6,13,754,13,13,0,0,SSH-Bruteforce
0,1,20,1200,0,0,0,0,DoS-ICMP
80,17,20,1200,0,0,0,0,DoS-UDP
51425,6,2,120,2,0,0,0,PortScan
29038,6,2,120,2,0,0,0,PortScan
0,1,20,840,0,0,0,0,DoS-ICMP
80,6,20,1200,20,0,0,0,DoS-SYN-Flood
29816,6,4,240,4,0,0,0,PortScan
80,17,20,1200,0,0,0,0,DoS-UDP
80,17,20,1200,0,0,0,0,DoS-UDP
80,6,20,1480,20,0,0,0,DoS-HTTP
80,6,20,1200,20,0,0,0,DoS-SYN-Flood
0,1,20,1200,0,0,0,0,DoS-ICMP
28034,6,4,240,4,0,0,0,PortScan
36268,17,2,1127,0,0,0,0,BENIGN
37956,6,10,580,10,10,0,0,SSH-Bruteforce
443,6,20,4779,2,18,0,0,BENIGN
60886,6,20,27740,0,20,0,0,BENIGN
80,6,20,1480,20,0,0,0,DoS-HTTP
80,6,20,1200,20,0,0,0,DoS-SYN-Flood
80,6,20,1200,20,0,0,0,DoS-SYN-Flood
80,6,20,1200,20,0,0,0,DoS-SYN-Flood
61434,6,7,406,7,7,0,0,SSH-Bruteforce
41308,17,20,27980,0,0,0,0,BENIGN
80,6,20,1480,20,0,0,0,DoS-HTTP
80,6,20,1200,20,0,0,0,DoS-SYN-Flood
0,1,20,840,0,0,0,0,DoS-ICMP
0,1,20,1200,0,0,0,0,DoS-ICMP
0,1,20,1200,0,0,0,0,DoS-ICMP
80,17,20,1200,0,0,0,0,DoS-UDP
30629,6,2,120,2,0,0,0,PortScan
80,6,20,1480,20,0,0,0,DoS-HTTP
80,6,20,1480,20,0,0,0,DoS-HTTP
80,17,20,1200,0,0,0,0,DoS-UDP
80,17,20,1200,0,0,0,0,DoS-UDP
51622,6,2,120,2,0,0,0,PortScan
52457,6,2,120,2,0,0,0,PortScan
59333,6,9,522,9,9,0,0,SSH-Bruteforce
80,6,20,1480,20,0,0,0,DoS-HTTP
42177,6,2,120,2,0,0,0,PortScan
15389,6,5,290,5,5,0,0,SSH-Bruteforce
80,17,20,1200,0,0,0,0,DoS-UDP
37277,6,2,120,2,0,0,0,PortScan
80,17,20,1200,0,0,0,0,DoS-UDP
0,1,20,1200,0,0,0,0,DoS-ICMP
80,17,20,1200,0,0,0,0,DoS-UDP
80,6,20,1480,20,0,0,0,DoS-HTTP
34828,6,2,120,2,0,0,0,PortScan
80,6,20,1480,20,0,0,0,DoS-HTTP
16275,6,4,240,4,0,0,0,PortScan
80,6,20,1200,20,0,0,0,DoS-SYN-Flood
80,6,20,1200,20,0,0,0,DoS-SYN-Flood
0,1,20,1200,0,0,0,0,DoS-ICMP
0,1,20,840,0,0,0,0,DoS-ICMP
80,17,20,1200,0,0,0,0,DoS-UDP
80,6,20,1200,20,0,0,0,DoS-SYN-Flood
80,6,20,1200,20,0,0,0,DoS-SYN-Flood
0,1,20,1200,0,0,0,0,DoS-ICMP
80,6,20,1480,20,0,0,0,DoS-HTTP
66,6,4,240,4,0,0,0,PortScan
80,6,20,1200,20,0,0,0,DoS-SYN-Flood
32819,6,6,348,6,6,0,0,SSH-Bruteforce
80,17,20,1200,0,0,0,0,DoS-UDP
80,6,20,1200,20,0,0,0,DoS-SYN-Flood
11056,6,4,240,4,0,0,0,PortScan
80,6,20,1480,20,0,0,0,DoS-HTTP
9858,6,6,360,6,0,0,0,PortScan
22,6,20,1200,0,0,20,0,SSH-Bruteforce
38135,6,9,522,9,9,0,0,SSH-Bruteforce
61620,6,2,120,2,0,0,0,PortScan
38454,6,4,240,4,0,0,0,PortScan
55264,6,2,120,2,0,0,0,PortScan
80,6,20,1480,20,0,0,0,DoS-HTTP
9093,6,6,360,6,0,0,0,PortScan
0,1,20,840,0,0,0,0,DoS-ICMP
80,6,20,1480,20,0,0,0,DoS-HTTP
80,6,20,1200,20,0,0,0,DoS-SYN-Flood
80,6,20,1200,20,0,0,0,DoS-SYN-Flood
80,17,20,1200,0,0,0,0,DoS-UDP
80,17,20,1200,0,0,0,0,DoS-UDP
0,1,20,840,0,0,0,0,DoS-ICMP
25082,6,2,120,2,0,0,0,PortScan
14734,6,4,240,4,0,0,0,PortScan
80,6,20,1200,20,0,0,0,DoS-SYN-Flood
1517,6,4,240,4,0,0,0,PortScan
80,6,20,1200,20,0,0,0,DoS-SYN-Flood
0,1,20,1200,0,0,0,0,DoS-ICMP
22,6,20,1200,15,0,5,0,SSH-Bruteforce
26595,6,2,120,2,0,0,0,PortScan
30494,6,8,464,8,8,0,0,SSH-Bruteforce
0,1,20,1200,0,0,0,0,DoS-ICMP
80,6,20,1480,20,0,0,0,DoS-HTTP
24323,6,6,348,6,6,0,0,SSH-Bruteforce
80,6,20,1480,20,0,0,0,DoS-HTTP
22,6,20,1200,20,0,0,0,SSH-Bruteforce
53124,6,8,464,8,8,0,0,SSH-Bruteforce
30164,6,2,120,2,0,0,0,PortScan
80,6,20,1480,20,0,0,0,DoS-HTTP
80,6,20,1200,20,0,0,0,DoS-SYN-Flood
26212,6,7,406,7,7,0,0,SSH-Bruteforce
80,6,20,1200,20,0,0,0,DoS-SYN-Flood
22,6,20,1200,0,0,20,0,SSH-Bruteforce
80,17,20,1200,0,0,0,0,DoS-UDP
80,6,20,1480,20,0,0,0,DoS-HTTP
80,6,20,1200,20,0,0,0,DoS-SYN-Flood
27851,6,2,120,2,0,0,0,PortScan
80,6,20,1200,20,0,0,0,DoS-SYN-Flood
57663,6,2,120,2,0,0,0,PortScan
45888,6,6,348,6,6,0,0,SSH-Bruteforce
80,6,20,1480,20,0,0,0,DoS-HTTP
80,17,20,1200,0,0,0,0,DoS-UDP
0,1,20,1200,0,0,0,0,DoS-ICMP
32808,6,4,240,4,0,0,0,PortScan
16939,6,4,240,4,0,0,0,PortScan
3364,6,6,360,6,0,0,0,PortScan
80,6,20,1480,20,0,0,0,DoS-HTTP
80,6,20,1480,20,0,0,0,DoS-HTTP
80,6,20,1200,20,0,0,0,DoS-SYN-Flood
39974,6,12,696,12,12,0,0,SSH-Bruteforce
0,1,20,1200,0,0,0,0,DoS-ICMP
22,6,20,1200,20,0,0,0,SSH-Bruteforce
20469,6,2,120,2,0,0,0,PortScan
0,1,20,1200,0,0,0,0,DoS-ICMP
59804,6,20,17280,0,20,0,0,BENIGN
14617,6,4,240,4,0,0,0,PortScan
80,17,20,1200,0,0,0,0,DoS-UDP
0,1,20,840,0,0,0,0,DoS-ICMP
80,6,20,1480,20,0,0,0,DoS-HTTP
80,17,20,1200,0,0,0,0,DoS-UDP
80,17,20,1200,0,0,0,0,DoS-UDP
5306,6,9,522,9,9,0,0,SSH-Bruteforce
80,6,20,1480,20,0,0,0,DoS-HTTP
9001,6,7,406,7,7,0,0,SSH-Bruteforce
47774,17,20,27528,0,0,0,0,BENIGN
80,6,20,1200,20,0,0,0,DoS-SYN-Flood
80,6,20,1200,20,0,0,0,DoS-SYN-Flood
22,6,20,1200,20,0,0,0,SSH-Bruteforce
80,17,20,1200,0,0,0,0,DoS-UDP
80,6,20,1480,20,0,0,0,DoS-HTTP
28167,6,2,120,2,0,0,0,PortScan
80,6,20,1480,20,0,0,0,DoS-HTTP
80,17,20,1200,0,0,0,0,DoS-UDP
0,1,20,840,0,0,0,0,DoS-ICMP
53023,6,9,522,9,9,0,0,SSH-Bruteforce
80,6,20,1200,20,0,0,0,DoS-SYN-Flood
44965,6,8,464,8,8,0,0,SSH-Bruteforce
80,17,20,1200,0,0,0,0,DoS-UDP
46617,6,5,290,5,5,0,0,SSH-Bruteforce
80,17,20,1200,0,0,0,0,DoS-UDP
80,17,20,1200,0,0,0,0,DoS-UDP
80,6,20,1480,20,0,0,0,DoS-HTTP
80,6,20,1200,20,0,0,0,DoS-SYN-Flood
0,1,20,840,0,0,0,0,DoS-ICMP
0,1,20,840,0,0,0,0,DoS-ICMP
80,17,20,1200,0,0,0,0,DoS-UDP
80,6,20,1480,20,0,0,0,DoS-HTTP
80,6,20,1200,20,0,0,0,DoS-SYN-Flood
0,1,20,1200,0,0,0,0,DoS-ICMP
60554,6,2,120,2,0,0,0,PortScan
55569,6,5,290,5,5,0,0,SSH-Bruteforce
37675,6,2,120,2,0,0,0,PortScan
0,1,20,1200,0,0,0,0,DoS-ICMP
80,17,20,1200,0,0,0,0,DoS-UDP
443,17,1,81,0,0,0,0,BENIGN
29511,6,2,120,2,0,0,0,PortScan
0,1,20,840,0,0,0,0,DoS-ICMP
29167,6,2,120,2,0,0,0,PortScan
80,6,20,1480,20,0,0,0,DoS-HTTP
80,6,20,1200,20,0,0,0,DoS-SYN-Flood
5499,6,4,240,4,0,0,0,PortScan
443,6,20,1200,0,20,0,0,BENIGN
0,1,20,1200,0,0,0,0,DoS-ICMP
80,17,20,1200,0,0,0,0,DoS-UDP
80,6,20,1480,20,0,0,0,DoS-HTTP
0,1,20,840,0,0,0,0,DoS-ICMP
80,6,20,1480,20,0,0,0,DoS-HTTP
33222,6,2,120,2,0,0,0,PortScan
43181,6,4,240,4,0,0,0,PortScan
6150,6,7,406,7,7,0,0,SSH-Bruteforce
22,6,20,1200,18,0,2,0,SSH-Bruteforce
11223,6,4,240,4,0,0,0,PortScan
80,6,20,1480,20,0,0,0,DoS-HTTP
19066,6,2,120,2,0,0,0,PortScan
20249,6,6,348,6,6,0,0,SSH-Bruteforce
80,6,20,1480,20,0,0,0,DoS-HTTP
80,6,20,1200,20,0,0,0,DoS-SYN-Flood
80,6,20,1480,20,0,0,0,DoS-HTTP
22845,6,2,120,2,0,0,0,PortScan
22,6,20,1200,20,0,0,0,SSH-Bruteforce
18510,6,2,120,2,0,0,0,PortScan
80,6,20,1200,20,0,0,0,DoS-SYN-Flood
80,6,20,1200,20,0,0,0,DoS-SYN-Flood
80,6,20,1480,20,0,0,0,DoS-HTTP
80,6,20,1200,20,0,0,0,DoS-SYN-Flood
0,1,20,1200,0,0,0,0,DoS-ICMP
80,6,20,1200,20,0,0,0,DoS-SYN-Flood
0,1,20,1200,0,0,0,0,DoS-ICMP
39421,6,2,120,2,0,0,0,PortScan
0,1,20,1200,0,0,0,0,DoS-ICMP
0,1,20,1200,0,0,0,0,DoS-ICMP
541,6,6,360,6,0,0,0,PortScan
80,6,20,1480,20,0,0,0,DoS-HTTP
80,6,20,1200,20,0,0,0,DoS-SYN-Flood
80,17,20,1200,0,0,0,0,DoS-UDP
80,17,20,1200,0,0,0,0,DoS-UDP
80,6,20,1480,20,0,0,0,DoS-HTTP
80,6,20,1200,20,0,0,0,DoS-SYN-Flood
80,17,20,1200,0,0,0,0,DoS-UDP
80,17,20,1200,0,0,0,0,DoS-UDP
43557,6,4,240,4,0,0,0,PortScan
80,6,20,1200,20,0,0,0,DoS-SYN-Flood
80,6,20,1200,20,0,0,0,DoS-SYN-Flood
80,17,20,1200,0,0,0,0,DoS-UDP
80,6,20,1200,20,0,0,0,DoS-SYN-Flood
80,17,20,1200,0,0,0,0,DoS-UDP
36520,17,20,27980,0,0,0,0,BENIGN
80,6,20,1200,20,0,0,0,DoS-SYN-Flood
3387,6,9,522,9,9,0,0,SSH-Bruteforce
42134,6,4,240,4,0,0,0,PortScan
80,6,20,1480,20,0,0,0,DoS-HTTP
80,6,20,1480,20,0,0,0,DoS-HTTP
80,6,20,1200,20,0,0,0,DoS-SYN-Flood
0,1,20,840,0,0,0,0,DoS-ICMP
50641,6,6,348,6,6,0,0,SSH-Bruteforce
0,1,20,1200,0,0,0,0,DoS-ICMP
80,6,20,1200,20,0,0,0,DoS-SYN-Flood
80,6,20,1480,20,0,0,0,DoS-HTTP
0,1,20,840,0,0,0,0,DoS-ICMP
0,1,20,840,0,0,0,0,DoS-ICMP
0,1,20,840,0,0,0,0,DoS-ICMP
443,17,20,13545,0,0,0,0,BENIGN
80,6,20,1480,20,0,0,0,DoS-HTTP
80,17,20,1200,0,0,0,0,DoS-UDP
32154,6,4,240,4,0,0,0,PortScan
39616,6,2,120,2,0,0,0,PortScan
0,1,20,840,0,0,0,0,DoS-ICMP
80,17,20,1200,0,0,0,0,DoS-UDP
0,1,20,840,0,0,0,0,DoS-ICMP
80,17,20,1200,0,0,0,0,DoS-UDP
58085,6,2,120,2,0,0,0,PortScan
27654,6,7,406,7,7,0,0,SSH-Bruteforce
80,6,20,1480,20,0,0,0,DoS-HTTP
80,6,20,1200,20,0,0,0,DoS-SYN-Flood
47822,6,20,29320,0,20,0,0,BENIGN
0,1,20,1200,0,0,0,0,DoS-ICMP
14134,6,6,348,6,6,0,0,SSH-Bruteforce
80,17,20,1200,0,0,0,0,DoS-UDP
80,6,20,1480,20,0,0,0,DoS-HTTP
22,6,20,1200,0,0,20,0,SSH-Bruteforce
80,17,20,1200,0,0,0,0,DoS-UDP
0,1,20,1200,0,0,0,0,DoS-ICMP
56937,6,2,120,2,0,0,0,PortScan
26034,6,9,522,9,9,0,0,SSH-Bruteforce
22,6,20,1200,0,0,20,0,SSH-Bruteforce
80,6,20,1480,20,0,0,0,DoS-HTTP
80,6,20,1480,20,0,0,0,DoS-HTTP
80,6,20,1200,20,0,0,0,DoS-SYN-Flood
24414,6,6,348,6,6,0,0,SSH-Bruteforce
51631,6,4,240,4,0,0,0,PortScan
80,6,20,1480,20,0,0,0,DoS-HTTP
40470,6,2,120,2,0,0,0,PortScan
443,6,20,2606,0,20,0,0,BENIGN
22,6,20,1200,7,0,13,0,SSH-Bruteforce
80,17,20,1200,0,0,0,0,DoS-UDP
80,6,20,1480,20,0,0,0,DoS-HTTP
80,6,20,1480,20,0,0,0,DoS-HTTP
0,1,20,1200,0,0,0,0,DoS-ICMP
80,17,20,1200,0,0,0,0,DoS-UDP
8333,6,6,360,6,0,0,0,PortScan
80,17,20,1200,0,0,0,0,DoS-UDP
28535,6,2,120,2,0,0,0,PortScan
80,17,20,1200,0,0,0,0,DoS-UDP
36520,17,20,27980,0,0,0,0,BENIGN
11809,6,4,240,4,0,0,0,PortScan
80,17,20,1200,0,0,0,0,DoS-UDP
80,6,20,1200,20,0,0,0,DoS-SYN-Flood
0,1,20,840,0,0,0,0,DoS-ICMP
22,6,20,1200,7,0,13,0,SSH-Bruteforce
0,1,20,1200,0,0,0,0,DoS-ICMP
45447,17,20,27980,0,0,0,0,BENIGN
0,1,20,1200,0,0,0,0,DoS-ICMP
0,1,20,1200,0,0,0,0,DoS-ICMP
80,6,20,1200,20,0,0,0,DoS-SYN-Flood
46251,6,4,240,4,0,0,0,PortScan
22,6,20,1200,0,0,20,0,SSH-Bruteforce
80,6,20,1480,20,0,0,0,DoS-HTTP
80,6,20,1200,20,0,0,0,DoS-SYN-Flood
36520,17,20,27980,0,0,0,0,BENIGN
80,6,20,1480,20,0,0,0,DoS-HTTP
0,1,20,840,0,0,0,0,DoS-ICMP
80,17,20,1200,0,0,0,0,DoS-UDP
80,17,20,1200,0,0,0,0,DoS-UDP
46746,6,11,638,11,11,0,0,SSH-Bruteforce
48806,17,20,27980,0,0,0,0,BENIGN
80,6,20,1480,20,0,0,0,DoS-HTTP
15791,6,2,120,2,0,0,0,PortScan
0,1,20,840,0,0,0,0,DoS-ICMP
52299,6,8,464,8,8,0,0,SSH-Bruteforce
80,6,20,1480,20,0,0,0,DoS-HTTP
80,6,20,1480,20,0,0,0,DoS-HTTP
22,6,20,1200,20,0,0,0,SSH-Bruteforce
80,6,20,1200,20,0,0,0,DoS-SYN-Flood
80,6,20,1200,20,0,0,0,DoS-SYN-Flood
22,6,20,1200,18,0,2,0,SSH-Bruteforce
44626,6,8,464,8,8,0,0,SSH-Bruteforce
63557,6,2,120,2,0,0,0,PortScan
80,17,20,1200,0,0,0,0,DoS-UDP
36997,6,2,120,2,0,0,0,PortScan
80,6,20,1200,20,0,0,0,DoS-SYN-Flood
16586,6,6,348,6,6,0,0,SSH-Bruteforce
80,6,20,1200,20,0,0,0,DoS-SYN-Flood
80,6,20,1480,20,0,0,0,DoS-HTTP
0,1,20,840,0,0,0,0,DoS-ICMP
33798,6,4,240,4,0,0,0,PortScan
80,6,20,1480,20,0,0,0,DoS-HTTP
80,6,20,1480,20,0,0,0,DoS-HTTP
0,1,20,840,0,0,0,0,DoS-ICMP
0,1,20,1200,0,0,0,0,DoS-ICMP
192,6,7,406,7,7,0,0,SSH-Bruteforce
188,6,4,240,4,0,0,0,PortScan
80,6,20,1480,20,0,0,0,DoS-HTTP
19257,6,2,120,2,0,0,0,PortScan
0,1,20,1200,0,0,0,0,DoS-ICMP
56746,6,2,120,2,0,0,0,PortScan
0,1,20,1200,0,0,0,0,DoS-ICMP
0,1,20,840,0,0,0,0,DoS-ICMP
0,1,20,1200,0,0,0,0,DoS-ICMP
80,17,20,1200,0,0,0,0,DoS-UDP
35972,17,1,96,0,0,0,0,BENIGN
46339,6,4,240,4,0,0,0,PortScan
2925,6,6,348,6,6,0,0,SSH-Bruteforce
22,6,20,1200,10,0,10,0,SSH-Bruteforce
80,6,20,1480,20,0,0,0,DoS-HTTP
22,6,20,1200,0,0,20,0,SSH-Bruteforce
80,17,20,1200,0,0,0,0,DoS-UDP
80,6,20,1480,20,0,0,0,DoS-HTTP
80,6,20,1480,20,0,0,0,DoS-HTTP
80,6,20,1200,20,0,0,0,DoS-SYN-Flood
14122,6,7,406,7,7,0,0,SSH-Bruteforce
80,17,20,1200,0,0,0,0,DoS-UDP
80,6,20,1480,20,0,0,0,DoS-HTTP
2553,6,6,360,6,0,0,0,PortScan
80,6,20,1480,20,0,0,0,DoS-HTTP
80,17,20,1200,0,0,0,0,DoS-UDP
80,6,20,1480,20,0,0,0,DoS-HTTP
0,1,20,840,0,0,0,0,DoS-ICMP
12623,6,4,240,4,0,0,0,PortScan
80,17,20,1200,0,0,0,0,DoS-UDP
80,6,20,1200,20,0,0,0,DoS-SYN-Flood
0,1,20,1200,0,0,0,0,DoS-ICMP
80,6,20,1480,20,0,0,0,DoS-HTTP
0,1,20,1200,0,0,0,0,DoS-ICMP
19682,6,2,120,2,0,0,0,PortScan
46751,6,2,120,2,0,0,0,PortScan
0,1,20,1200,0,0,0,0,DoS-ICMP
61072,6,2,120,2,0,0,0,PortScan
80,17,20,1200,0,0,0,0,DoS-UDP
20645,6,7,406,7,7,0,0,SSH-Bruteforce
80,17,20,1200,0,0,0,0,DoS-UDP
33240,6,20,29080,0,20,0,0,BENIGN
50153,6,2,120,2,0,0,0,PortScan
80,17,20,1200,0,0,0,0,DoS-UDP
80,17,20,1200,0,0,0,0,DoS-UDP
39383,6,2,120,2,0,0,0,PortScan
0,1,20,840,0,0,0,0,DoS-ICMP
80,6,20,1480,20,0,0,0,DoS-HTTP
80,17,20,1200,0,0,0,0,DoS-UDP
80,6,20,1200,20,0,0,0,DoS-SYN-Flood
80,6,20,1480,20,0,0,0,DoS-HTTP
19079,6,5,290,5,5,0,0,SSH-Bruteforce
29625,6,10,580,10,10,0,0,SSH-Bruteforce
41759,6,11,638,11,11,0,0,SSH-Bruteforce
80,17,20,1200,0,0,0,0,DoS-UDP
80,17,20,1200,0,0,0,0,DoS-UDP
80,6,20,1480,20,0,0,0,DoS-HTTP
15040,6,2,120,2,0,0,0,PortScan
0,1,20,1200,0,0,0,0,DoS-ICMP
80,17,20,1200,0,0,0,0,DoS-UDP
80,6,20,1200,20,0,0,0,DoS-SYN-Flood
80,6,20,1480,20,0,0,0,DoS-HTTP
80,17,20,1200,0,0,0,0,DoS-UDP
80,17,20,1200,0,0,0,0,DoS-UDP
80,17,20,1200,0,0,0,0,DoS-UDP
9052,6,6,348,6,6,0,0,SSH-Bruteforce
80,6,20,1480,20,0,0,0,DoS-HTTP
80,6,20,1480,20,0,0,0,DoS-HTTP
0,1,20,840,0,0,0,0,DoS-ICMP
80,17,20,1200,0,0,0,0,DoS-UDP
80,17,20,1200,0,0,0,0,DoS-UDP
58209,6,2,120,2,0,0,0,PortScan
80,6,20,1480,20,0,0,0,DoS-HTTP
56784,6,2,120,2,0,0,0,PortScan
43249,6,7,406,7,7,0,0,SSH-Bruteforce
80,6,20,1200,20,0,0,0,DoS-SYN-Flood
52297,6,7,406,7,7,0,0,SSH-Bruteforce
22,6,20,1200,0,0,20,0,SSH-Bruteforce
80,6,20,1200,20,0,0,0,DoS-SYN-Flood
22,6,20,1200,0,0,20,0,SSH-Bruteforce
46023,6,2,120,2,0,0,0,PortScan
80,6,20,1480,20,0,0,0,DoS-HTTP
80,6,20,1480,20,0,0,0,DoS-HTTP
80,17,20,1200,0,0,0,0,DoS-UDP
53045,6,2,120,2,0,0,0,PortScan
80,6,20,1200,20,0,0,0,DoS-SYN-Flood
80,6,20,1200,20,0,0,0,DoS-SYN-Flood
80,6,20,1200,20,0,0,0,DoS-SYN-Flood
1395,6,4,240,4,0,0,0,PortScan
80,6,20,1480,20,0,0,0,DoS-HTTP
0,1,20,840,0,0,0,0,DoS-ICMP
0,1,20,1200,0,0,0,0,DoS-ICMP
80,6,20,1200,20,0,0,0,DoS-SYN-Flood
22,6,20,1200,20,0,0,0,SSH-Bruteforce
0,1,20,1200,0,0,0,0,DoS-ICMP
80,6,20,1480,20,0,0,0,DoS-HTTP
53066,6,12,696,12,12,0,0,SSH-Bruteforce
80,6,20,1480,20,0,0,0,DoS-HTTP
80,17,20,1200,0,0,0,0,DoS-UDP
80,17,20,1200,0,0,0,0,DoS-UDP
80,6,20,1200,20,0,0,0,DoS-SYN-Flood
80,6,20,1480,20,0,0,0,DoS-HTTP
0,1,20,1200,0,0,0,0,DoS-ICMP
27600,6,2,120,2,0,0,0,PortScan
23049,6,9,522,9,9,0,0,SSH-Bruteforce
80,17,20,1200,0,0,0,0,DoS-UDP
80,6,20,1480,20,0,0,0,DoS-HTTP
0,1,20,1200,0,0,0,0,DoS-ICMP
0,1,20,1200,0,0,0,0,DoS-ICMP
80,6,20,1200,20,0,0,0,DoS-SYN-Flood
45447,17,20,27980,0,0,0,0,BENIGN
0,1,20,1200,0,0,0,0,DoS-ICMP
80,6,20,1480,20,0,0,0,DoS-HTTP
80,6,20,1200,20,0,0,0,DoS-SYN-Flood
22,6,20,1200,0,0,20,0,SSH-Bruteforce
80,6,20,1200,20,0,0,0,DoS-SYN-Flood
80,6,20,1480,20,0,0,0,DoS-HTTP
0,1,20,1200,0,0,0,0,DoS-ICMP
80,6,20,1480,20,0,0,0,DoS-HTTP
80,6,20,1480,20,0,0,0,DoS-HTTP
59646,6,20,29080,0,20,0,0,BENIGN
80,6,20,1480,20,0,0,0,DoS-HTTP
60886,6,20,29140,0,20,0,0,BENIGN
80,6,20,1480,20,0,0,0,DoS-HTTP
80,6,20,1200,20,0,0,0,DoS-SYN-Flood
80,6,20,1480,20,0,0,0,DoS-HTTP
15932,6,5,290,5,5,0,0,SSH-Bruteforce
19865,6,4,240,4,0,0,0,PortScan
17935,6,2,120,2,0,0,0,PortScan
80,6,20,1200,20,0,0,0,DoS-SYN-Flood
80,17,20,1200,0,0,0,0,DoS-UDP
53678,6,8,464,8,8,0,0,SSH-Bruteforce
0,1,20,840,0,0,0,0,DoS-ICMP
80,17,20,1200,0,0,0,0,DoS-UDP
54897,6,2,120,2,0,0,0,PortScan
33901,6,10,580,10,10,0,0,SSH-Bruteforce
80,6,20,1480,20,0,0,0,DoS-HTTP
21501,6,6,348,6,6,0,0,SSH-Bruteforce
0,1,20,1200,0,0,0,0,DoS-ICMP
80,6,20,1200,20,0,0,0,DoS-SYN-Flood
50865,6,4,240,4,0,0,0,PortScan
0,1,20,840,0,0,0,0,DoS-ICMP
41308,17,20,27980,0,0,0,0,BENIGN
80,6,20,1480,20,0,0,0,DoS-HTTP
40365,6,4,240,4,0,0,0,PortScan
0,1,20,1200,0,0,0,0,DoS-ICMP
80,6,20,1200,20,0,0,0,DoS-SYN-Flood
39601,6,4,240,4,0,0,0,PortScan
80,17,20,1200,0,0,0,0,DoS-UDP
54189,6,7,406,7,7,0,0,SSH-Bruteforce
22,6,20,1200,20,0,0,0,SSH-Bruteforce
45447,17,20,27980,0,0,0,0,BENIGN
80,17,20,1200,0,0,0,0,DoS-UDP
0,1,20,1200,0,0,0,0,DoS-ICMP
60011,6,5,290,5,5,0,0,SSH-Bruteforce
80,6,20,1200,20,0,0,0,DoS-SYN-Flood
80,6,20,1200,20,0,0,0,DoS-SYN-Flood
53278,6,20,16279,1,20,0,0,BENIGN
30671,6,10,580,10,10,0,0,SSH-Bruteforce
80,6,20,1480,20,0,0,0,DoS-HTTP
80,6,20,1200,20,0,0,0,DoS-SYN-Flood
80,17,20,1200,0,0,0,0,DoS-UDP
80,6,20,1480,20,0,0,0,DoS-HTTP
0,1,20,840,0,0,0,0,DoS-ICMP
80,6,20,1200,20,0,0,0,DoS-SYN-Flood
0,1,20,840,0,0,0,0,DoS-ICMP
80,17,20,1200,0,0,0,0,DoS-UDP
80,17,20,1200,0,0,0,0,DoS-UDP
46320,6,10,580,10,10,0,0,SSH-Bruteforce
0,1,20,840,0,0,0,0,DoS-ICMP
24673,6,4,240,4,0,0,0,PortScan
80,6,20,1200,20,0,0,0,DoS-SYN-Flood
80,17,20,1200,0,0,0,0,DoS-UDP
1410,6,5,290,5,5,0,0,SSH-Bruteforce
63384,6,7,406,7,7,0,0,SSH-Bruteforce
40101,6,4,240,4,0,0,0,PortScan
23819,6,7,406,7,7,0,0,SSH-Bruteforce
80,6,20,1200,20,0,0,0,DoS-SYN-Flood
80,6,20,1480,20,0,0,0,DoS-HTTP
80,17,20,1200,0,0,0,0,DoS-UDP
80,6,20,1480,20,0,0,0,DoS-HTTP
80,17,20,1200,0,0,0,0,DoS-UDP
80,6,20,1480,20,0,0,0,DoS-HTTP
0,1,20,840,0,0,0,0,DoS-ICMP
52783,6,2,120,2,0,0,0,PortScan
0,1,20,1200,0,0,0,0,DoS-ICMP
35854,6,20,30279,0,20,0,0,BENIGN
33537,6,4,240,4,0,0,0,PortScan
0,1,20,1200,0,0,0,0,DoS-ICMP
80,6,20,1200,20,0,0,0,DoS-SYN-Flood
64204,6,4,232,4,4,0,0,SSH-Bruteforce
80,17,20,1200,0,0,0,0,DoS-UDP
80,17,20,1200,0,0,0,0,DoS-UDP
80,17,20,1200,0,0,0,0,DoS-UDP
80,6,20,1200,20,0,0,0,DoS-SYN-Flood
0,1,20,840,0,0,0,0,DoS-ICMP
80,6,20,1480,20,0,0,0,DoS-HTTP
31409,6,2,120,2,0,0,0,PortScan
80,6,20,1480,20,0,0,0,DoS-HTTP
0,1,20,840,0,0,0,0,DoS-ICMP
80,17,20,1200,0,0,0,0,DoS-UDP
80,6,20,1200,20,0,0,0,DoS-SYN-Flood
80,6,20,1200,20,0,0,0,DoS-SYN-Flood
0,1,20,840,0,0,0,0,DoS-ICMP
16664,6,5,290,5,5,0,0,SSH-Bruteforce
443,17,20,18662,0,0,0,0,BENIGN
28591,6,2,120,2,0,0,0,PortScan
80,6,20,1200,20,0,0,0,DoS-SYN-Flood
45545,6,11,638,11,11,0,0,SSH-Bruteforce
22,6,20,1200,2,0,18,0,SSH-Bruteforce
80,6,20,1480,20,0,0,0,DoS-HTTP
80,17,20,1200,0,0,0,0,DoS-UDP
51587,6,7,406,7,7,0,0,SSH-Bruteforce
80,6,20,1200,20,0,0,0,DoS-SYN-Flood
0,1,20,840,0,0,0,0,DoS-ICMP
80,6,20,1480,20,0,0,0,DoS-HTTP
54647,6,2,120,2,0,0,0,PortScan
80,6,20,1200,20,0,0,0,DoS-SYN-Flood
80,6,20,1200,20,0,0,0,DoS-SYN-Flood
0,1,20,840,0,0,0,0,DoS-ICMP
80,6,20,1200,20,0,0,0,DoS-SYN-Flood
2154,6,4,240,4,0,0,0,PortScan
22,6,20,1200,8,0,12,0,SSH-Bruteforce
0,1,20,840,0,0,0,0,DoS-ICMP
80,6,20,1480,20,0,0,0,DoS-HTTP
20496,6,4,240,4,0,0,0,PortScan
0,1,20,1200,0,0,0,0,DoS-ICMP
0,1,20,840,0,0,0,0,DoS-ICMP
80,17,20,1200,0,0,0,0,DoS-UDP
80,17,20,1200,0,0,0,0,DoS-UDP
80,6,20,1200,20,0,0,0,DoS-SYN-Flood
80,17,20,1200,0,0,0,0,DoS-UDP
80,6,20,1480,20,0,0,0,DoS-HTTP
38500,6,2,120,2,0,0,0,PortScan
58405,6,4,240,4,0,0,0,PortScan
0,1,20,840,0,0,0,0,DoS-ICMP
80,6,20,1200,20,0,0,0,DoS-SYN-Flood
22,6,20,1200,0,0,20,0,SSH-Bruteforce
0,1,20,840,0,0,0,0,DoS-ICMP
443,6,20,1200,0,20,0,0,BENIGN
80,6,20,1480,20,0,0,0,DoS-HTTP
80,17,20,1200,0,0,0,0,DoS-UDP
50173,6,4,240,4,0,0,0,PortScan
452,6,6,360,6,0,0,0,PortScan
44394,6,2,120,2,0,0,0,PortScan
80,17,20,1200,0,0,0,0,DoS-UDP
47656,6,2,120,2,0,0,0,PortScan
21631,6,2,120,2,0,0,0,PortScan
22,6,20,1200,20,0,0,0,SSH-Bruteforce
0,1,20,1200,0,0,0,0,DoS-ICMP
0,1,20,1200,0,0,0,0,DoS-ICMP
80,6,20,1200,20,0,0,0,DoS-SYN-Flood
80,17,20,1200,0,0,0,0,DoS-UDP
22,6,20,1200,0,0,20,0,SSH-Bruteforce
80,17,20,1200,0,0,0,0,DoS-UDP
80,6,20,1480,20,0,0,0,DoS-HTTP
39902,17,20,27980,0,0,0,0,BENIGN
65315,6,7,406,7,7,0,0,SSH-Bruteforce
80,6,20,1480,20,0,0,0,DoS-HTTP
13875,6,4,240,4,0,0,0,PortScan
80,17,20,1200,0,0,0,0,DoS-UDP
80,17,20,1200,0,0,0,0,DoS-UDP
0,1,20,1200,0,0,0,0,DoS-ICMP
29471,6,9,522,9,9,0,0,SSH-Bruteforce
1493,6,6,348,6,6,0,0,SSH-Bruteforce
80,6,20,1480,20,0,0,0,DoS-HTTP
80,6,20,1480,20,0,0,0,DoS-HTTP
80,6,20,1200,20,0,0,0,DoS-SYN-Flood
80,6,20,1200,20,0,0,0,DoS-SYN-Flood
32794,6,4,240,4,0,0,0,PortScan
80,6,20,1200,20,0,0,0,DoS-SYN-Flood
15448,6,2,120,2,0,0,0,PortScan
80,6,20,1480,20,0,0,0,DoS-HTTP
41308,17,20,27980,0,0,0,0,BENIGN
0,1,20,840,0,0,0,0,DoS-ICMP
80,6,20,1480,20,0,0,0,DoS-HTTP
60371,6,4,240,4,0,0,0,PortScan
36520,17,20,27980,0,0,0,0,BENIGN
22074,6,5,290,5,5,0,0,SSH-Bruteforce
80,17,20,1200,0,0,0,0,DoS-UDP
80,17,20,1200,0,0,0,0,DoS-UDP
80,6,20,1200,20,0,0,0,DoS-SYN-Flood
80,6,20,1480,20,0,0,0,DoS-HTTP
22,6,20,1200,0,0,20,0,SSH-Bruteforce
80,6,20,1480,20,0,0,0,DoS-HTTP
0,1,20,840,0,0,0,0,DoS-ICMP
80,6,20,1480,20,0,0,0,DoS-HTTP
80,6,20,1480,20,0,0,0,DoS-HTTP
0,1,20,840,0,0,0,0,DoS-ICMP
80,17,20,1200,0,0,0,0,DoS-UDP
80,6,20,1480,20,0,0,0,DoS-HTTP
13711,6,4,240,4,0,0,0,PortScan
8009,6,4,240,4,0,0,0,PortScan
20130,6,6,348,6,6,0,0,SSH-Bruteforce
80,6,20,1200,20,0,0,0,DoS-SYN-Flood
80,6,20,1480,20,0,0,0,DoS-HTTP
59308,6,12,4360,1,12,0,1,BENIGN
0,1,20,840,0,0,0,0,DoS-ICMP
80,6,20,1480,20,0,0,0,DoS-HTTP
80,6,20,1480,20,0,0,0,DoS-HTTP
36520,17,20,27980,0,0,0,0,BENIGN
0,1,20,1200,0,0,0,0,DoS-ICMP
443,17,2,235,0,0,0,0,BENIGN
80,6,20,1200,20,0,0,0,DoS-SYN-Flood
29351,6,2,120,2,0,0,0,PortScan
53,6,4,232,4,4,0,0,SSH-Bruteforce
443,6,20,1200,0,20,0,0,BENIGN
80,6,20,1480,20,0,0,0,DoS-HTTP
60214,6,2,120,2,0,0,0,PortScan
80,17,20,1200,0,0,0,0,DoS-UDP
41308,17,20,27980,0,0,0,0,BENIGN
80,17,20,1200,0,0,0,0,DoS-UDP
80,6,20,1200,20,0,0,0,DoS-SYN-Flood
0,1,20,840,0,0,0,0,DoS-ICMP
80,6,20,1200,20,0,0,0,DoS-SYN-Flood
80,6,20,1480,20,0,0,0,DoS-HTTP
80,6,20,1200,20,0,0,0,DoS-SYN-Flood
80,6,20,1200,20,0,0,0,DoS-SYN-Flood
60314,6,6,348,6,6,0,0,SSH-Bruteforce
658,6,4,240,4,0,0,0,PortScan
80,17,20,1200,0,0,0,0,DoS-UDP
80,17,20,1200,0,0,0,0,DoS-UDP
12741,6,4,240,4,0,0,0,PortScan
80,6,20,1480,20,0,0,0,DoS-HTTP
0,1,20,1200,0,0,0,0,DoS-ICMP
0,1,20,1200,0,0,0,0,DoS-ICMP
50431,6,2,120,2,0,0,0,PortScan
43678,17,20,27980,0,0,0,0,BENIGN
52194,6,2,120,2,0,0,0,PortScan
80,6,20,1200,20,0,0,0,DoS-SYN-Flood
80,17,20,1200,0,0,0,0,DoS-UDP
52722,6,9,522,9,9,0,0,SSH-Bruteforce
30465,6,2,120,2,0,0,0,PortScan
0,1,20,840,0,0,0,0,DoS-ICMP
63243,6,2,120,2,0,0,0,PortScan
0,1,20,1200,0,0,0,0,DoS-ICMP
23548,6,2,120,2,0,0,0,PortScan
80,17,20,1200,0,0,0,0,DoS-UDP
5402,6,6,360,6,0,0,0,PortScan
0,1,20,1200,0,0,0,0,DoS-ICMP
0,1,20,1200,0,0,0,0,DoS-ICMP
80,6,20,1480,20,0,0,0,DoS-HTTP
25874,6,2,120,2,0,0,0,PortScan
80,6,20,1480,20,0,0,0,DoS-HTTP
80,6,20,1480,20,0,0,0,DoS-HTTP
48806,17,20,27980,0,0,0,0,BENIGN
17008,6,10,580,10,10,0,0,SSH-Bruteforce
22,6,20,1200,0,0,20,0,SSH-Bruteforce
0,1,20,840,0,0,0,0,DoS-ICMP
38576,6,2,120,2,0,0,0,PortScan
0,1,20,840,0,0,0,0,DoS-ICMP
0,1,20,840,0,0,0,0,DoS-ICMP
80,6,20,1200,20,0,0,0,DoS-SYN-Flood
0,1,20,1200,0,0,0,0,DoS-ICMP
80,6,20,1200,20,0,0,0,DoS-SYN-Flood
64356,6,2,120,2,0,0,0,PortScan
80,6,20,1480,20,0,0,0,DoS-HTTP
6656,6,6,348,6,6,0,0,SSH-Bruteforce
80,6,20,1200,20,0,0,0,DoS-SYN-Flood
80,17,20,1200,0,0,0,0,DoS-UDP
80,6,20,1200,20,0,0,0,DoS-SYN-Flood
80,6,20,1480,20,0,0,0,DoS-HTTP
80,6,20,1480,20,0,0,0,DoS-HTTP
80,6,20,1200,20,0,0,0,DoS-SYN-Flood
19206,6,4,240,4,0,0,0,PortScan
0,1,20,1200,0,0,0,0,DoS-ICMP
31150,6,10,580,10,10,0,0,SSH-Bruteforce
80,6,20,1200,20,0,0,0,DoS-SYN-Flood
22,6,20,1200,2,0,18,0,SSH-Bruteforce
80,6,20,1480,20,0,0,0,DoS-HTTP
19828,6,2,120,2,0,0,0,PortScan
80,6,20,1200,20,0,0,0,DoS-SYN-Flood
0,1,20,1200,0,0,0,0,DoS-ICMP
80,6,20,1480,20,0,0,0,DoS-HTTP
36520,17,20,27980,0,0,0,0,BENIGN
80,6,20,1200,20,0,0,0,DoS-SYN-Flood
80,17,20,1200,0,0,0,0,DoS-UDP
80,17,20,1200,0,0,0,0,DoS-UDP
56343,6,8,464,8,8,0,0,SSH-Bruteforce
16647,6,2,120,2,0,0,0,PortScan
47986,6,2,120,2,0,0,0,PortScan
80,6,20,1200,20,0,0,0,DoS-SYN-Flood
48936,6,2,120,2,0,0,0,PortScan
80,6,20,1200,20,0,0,0,DoS-SYN-Flood
2631,6,4,240,4,0,0,0,PortScan
37075,6,14,812,14,14,0,0,SSH-Bruteforce
80,6,20,1480,20,0,0,0,DoS-HTTP
45295,6,8,464,8,8,0,0,SSH-Bruteforce
39655,6,9,522,9,9,0,0,SSH-Bruteforce
22,6,20,1200,5,0,15,0,SSH-Bruteforce
80,17,20,1200,0,0,0,0,DoS-UDP
22,6,20,1200,7,0,13,0,SSH-Bruteforce
22,6,20,1200,0,0,20,0,SSH-Bruteforce
606,6,10,580,10,10,0,0,SSH-Bruteforce
22,6,20,1200,0,0,20,0,SSH-Bruteforce
80,17,20,1200,0,0,0,0,DoS-UDP
80,6,20,1200,20,0,0,0,DoS-SYN-Flood
80,17,20,1200,0,0,0,0,DoS-UDP
0,1,20,840,0,0,0,0,DoS-ICMP
48796,6,2,120,2,0,0,0,PortScan
36520,17,20,27980,0,0,0,0,BENIGN
80,17,20,1200,0,0,0,0,DoS-UDP
53570,6,4,240,4,0,0,0,PortScan
80,6,20,1480,20,0,0,0,DoS-HTTP
80,6,20,1480,20,0,0,0,DoS-HTTP
26231,6,2,120,2,0,0,0,PortScan
32309,6,2,120,2,0,0,0,PortScan
0,1,20,840,0,0,0,0,DoS-ICMP
80,6,20,1480,20,0,0,0,DoS-HTTP
0,1,20,840,0,0,0,0,DoS-ICMP
19753,6,2,120,2,0,0,0,PortScan
30632,6,8,464,8,8,0,0,SSH-Bruteforce
80,6,20,1480,20,0,0,0,DoS-HTTP
64140,6,2,120,2,0,0,0,PortScan
80,6,20,1480,20,0,0,0,DoS-HTTP
54829,17,20,27980,0,0,0,0,BENIGN
33210,17,10,6186,0,0,0,0,BENIGN
22,6,20,1200,20,0,0,0,SSH-Bruteforce
14440,6,4,240,4,0,0,0,PortScan
62265,6,4,240,4,0,0,0,PortScan
80,6,20,1480,20,0,0,0,DoS-HTTP
33240,6,20,29020,0,20,0,0,BENIGN
9093,6,9,522,9,9,0,0,SSH-Bruteforce
80,6,20,1480,20,0,0,0,DoS-HTTP
36520,17,20,27980,0,0,0,0,BENIGN
12357,6,4,240,4,0,0,0,PortScan
46398,17,20,27980,0,0,0,0,BENIGN
22,6,20,1200,20,0,0,0,SSH-Bruteforce
10545,6,4,240,4,0,0,0,PortScan
54876,6,4,240,4,0,0,0,PortScan
80,6,20,1480,20,0,0,0,DoS-HTTP
80,17,20,1200,0,0,0,0,DoS-UDP
0,1,20,1200,0,0,0,0,DoS-ICMP
38147,6,2,120,2,0,0,0,PortScan
80,6,20,1200,20,0,0,0,DoS-SYN-Flood
80,6,20,1200,20,0,0,0,DoS-SYN-Flood
22,6,20,1200,3,0,17,0,SSH-Bruteforce
0,1,20,840,0,0,0,0,DoS-ICMP
80,17,20,1200,0,0,0,0,DoS-UDP
47094,17,20,27980,0,0,0,0,BENIGN
59931,6,7,406,7,7,0,0,SSH-Bruteforce
50848,6,7,406,7,7,0,0,SSH-Bruteforce
39078,6,2,120,2,0,0,0,PortScan
80,6,20,1200,20,0,0,0,DoS-SYN-Flood
35921,6,2,120,2,0,0,0,PortScan
443,6,20,1200,0,20,0,0,BENIGN
15553,6,4,240,4,0,0,0,PortScan
80,17,20,1200,0,0,0,0,DoS-UDP
443,17,20,16252,0,0,0,0,BENIGN
0,1,20,840,0,0,0,0,DoS-ICMP
0,1,20,840,0,0,0,0,DoS-ICMP
80,6,20,1480,20,0,0,0,DoS-HTTP
80,6,20,1200,20,0,0,0,DoS-SYN-Flood
0,1,20,1200,0,0,0,0,DoS-ICMP
80,6,20,1200,20,0,0,0,DoS-SYN-Flood
7572,6,4,240,4,0,0,0,PortScan
80,17,20,1200,0,0,0,0,DoS-UDP
0,1,20,840,0,0,0,0,DoS-ICMP
80,6,20,1200,20,0,0,0,DoS-SYN-Flood
0,1,20,1200,0,0,0,0,DoS-ICMP
28494,6,4,240,4,0,0,0,PortScan
48544,6,4,232,4,4,0,0,SSH-Bruteforce
20750,6,4,240,4,0,0,0,PortScan
80,6,20,1200,20,0,0,0,DoS-SYN-Flood
80,6,20,1200,20,0,0,0,DoS-SYN-Flood
80,6,20,1480,20,0,0,0,DoS-HTTP
80,6,20,1480,20,0,0,0,DoS-HTTP
80,17,20,1200,0,0,0,0,DoS-UDP
0,1,20,840,0,0,0,0,DoS-ICMP
80,6,20,1480,20,0,0,0,DoS-HTTP
11760,6,5,290,5,5,0,0,SSH-Bruteforce
80,6,20,1480,20,0,0,0,DoS-HTTP
80,6,20,1200,20,0,0,0,DoS-SYN-Flood
0,1,20,840,0,0,0,0,DoS-ICMP
8128,6,4,240,4,0,0,0,PortScan
80,6,20,1200,20,0,0,0,DoS-SYN-Flood
46787,6,4,240,4,0,0,0,PortScan
38887,6,6,348,6,6,0,0,SSH-Bruteforce
80,6,20,1480,20,0,0,0,DoS-HTTP
80,6,20,1480,20,0,0,0,DoS-HTTP
0,1,20,1200,0,0,0,0,DoS-ICMP
36062,6,4,240,4,0,0,0,PortScan
80,6,20,1200,20,0,0,0,DoS-SYN-Flood
54829,17,20,27980,0,0,0,0,BENIGN
80,6,20,1200,20,0,0,0,DoS-SYN-Flood
80,17,20,1200,0,0,0,0,DoS-UDP
36520,17,20,27980,0,0,0,0,BENIGN
80,17,20,1200,0,0,0,0,DoS-UDP
80,6,20,1480,20,0,0,0,DoS-HTTP
80,17,20,1200,0,0,0,0,DoS-UDP
80,6,20,1200,20,0,0,0,DoS-SYN-Flood
0,1,20,840,0,0,0,0,DoS-ICMP
43992,17,20,27980,0,0,0,0,BENIGN
11985,6,6,360,6,0,0,0,PortScan
0,1,20,840,0,0,0,0,DoS-ICMP
80,17,20,1200,0,0,0,0,DoS-UDP
80,6,20,1480,20,0,0,0,DoS-HTTP
0,1,20,1200,0,0,0,0,DoS-ICMP
39949,6,13,754,13,13,0,0,SSH-Bruteforce
0,1,20,1200,0,0,0,0,DoS-ICMP
0,1,20,1200,0,0,0,0,DoS-ICMP
80,17,20,1200,0,0,0,0,DoS-UDP
22,6,20,1200,0,0,20,0,SSH-Bruteforce
80,17,20,1200,0,0,0,0,DoS-UDP
80,6,20,1200,20,0,0,0,DoS-SYN-Flood
80,6,20,1480,20,0,0,0,DoS-HTTP
23603,6,2,120,2,0,0,0,PortScan
0,1,20,1200,0,0,0,0,DoS-ICMP
0,1,20,840,0,0,0,0,DoS-ICMP
80,17,20,1200,0,0,0,0,DoS-UDP
42440,17,20,26640,0,0,0,0,BENIGN
80,6,20,1200,20,0,0,0,DoS-SYN-Flood
28048,6,10,580,10,10,0,0,SSH-Bruteforce
19954,6,4,240,4,0,0,0,PortScan
58941,6,7,406,7,7,0,0,SSH-Bruteforce
80,6,20,1480,20,0,0,0,DoS-HTTP
80,6,20,1200,20,0,0,0,DoS-SYN-Flood
80,6,20,1480,20,0,0,0,DoS-HTTP
0,1,20,1200,0,0,0,0,DoS-ICMP
80,6,20,1480,20,0,0,0,DoS-HTTP
12462,6,4,240,4,0,0,0,PortScan
15126,6,9,522,9,9,0,0,SSH-Bruteforce
80,17,20,1200,0,0,0,0,DoS-UDP
4950,6,10,580,10,10,0,0,SSH-Bruteforce
51767,17,20,18973,0,0,0,0,BENIGN
80,6,20,1200,20,0,0,0,DoS-SYN-Flood
36520,17,20,27980,0,0,0,0,BENIGN
80,6,20,1480,20,0,0,0,DoS-HTTP
80,6,20,1480,20,0,0,0,DoS-HTTP
80,17,20,1200,0,0,0,0,DoS-UDP
0,1,20,840,0,0,0,0,DoS-ICMP
0,1,20,840,0,0,0,0,DoS-ICMP
64515,6,4,240,4,0,0,0,PortScan
80,17,20,1200,0,0,0,0,DoS-UDP
16707,6,6,348,6,6,0,0,SSH-Bruteforce
80,6,20,1200,20,0,0,0,DoS-SYN-Flood
80,6,20,1480,20,0,0,0,DoS-HTTP
23547,6,2,120,2,0,0,0,PortScan
80,6,20,1480,20,0,0,0,DoS-HTTP
35610,6,12,696,12,12,0,0,SSH-Bruteforce
22,6,20,1200,0,0,20,0,SSH-Bruteforce
80,6,20,1480,20,0,0,0,DoS-HTTP
48251,6,2,120,2,0,0,0,PortScan
42575,6,6,348,6,6,0,0,SSH-Bruteforce
60482,6,7,406,7,7,0,0,SSH-Bruteforce
80,6,20,1200,20,0,0,0,DoS-SYN-Flood
28546,6,2,120,2,0,0,0,PortScan
80,17,20,1200,0,0,0,0,DoS-UDP
80,17,20,1200,0,0,0,0,DoS-UDP
6923,6,4,232,4,4,0,0,SSH-Bruteforce
15561,6,2,120,2,0,0,0,PortScan
80,6,20,1480,20,0,0,0,DoS-HTTP
80,6,20,1480,20,0,0,0,DoS-HTTP
80,6,20,1200,20,0,0,0,DoS-SYN-Flood
0,1,20,1200,0,0,0,0,DoS-ICMP
80,17,20,1200,0,0,0,0,DoS-UDP
22408,6,4,240,4,0,0,0,PortScan
80,6,20,1200,20,0,0,0,DoS-SYN-Flood
0,1,20,840,0,0,0,0,DoS-ICMP
80,6,20,1200,20,0,0,0,DoS-SYN-Flood
44616,6,4,240,4,0,0,0,PortScan
80,6,20,1480,20,0,0,0,DoS-HTTP
36520,17,20,27980,0,0,0,0,BENIGN
33955,6,10,580,10,10,0,0,SSH-Bruteforce
80,6,20,1200,20,0,0,0,DoS-SYN-Flood
80,17,20,1200,0,0,0,0,DoS-UDP
22,6,20,1200,20,0,0,0,SSH-Bruteforce
80,17,20,1200,0,0,0,0,DoS-UDP
80,6,20,1200,20,0,0,0,DoS-SYN-Flood
0,1,20,1200,0,0,0,0,DoS-ICMP
8432,6,4,240,4,0,0,0,PortScan
80,6,20,1200,20,0,0,0,DoS-SYN-Flood
15768,6,11,638,11,11,0,0,SSH-Bruteforce
80,6,20,1480,20,0,0,0,DoS-HTTP
41308,17,20,18340,0,0,0,0,BENIGN
80,6,20,1200,20,0,0,0,DoS-SYN-Flood
80,6,20,1200,20,0,0,0,DoS-SYN-Flood
28668,6,4,240,4,0,0,0,PortScan
80,17,20,1200,0,0,0,0,DoS-UDP
80,17,20,1200,0,0,0,0,DoS-UDP
22,6,20,1200,2,0,18,0,SSH-Bruteforce
0,1,20,840,0,0,0,0,DoS-ICMP
80,6,20,1200,20,0,0,0,DoS-SYN-Flood
22,6,20,1200,6,0,14,0,SSH-Bruteforce
0,1,20,1200,0,0,0,0,DoS-ICMP
80,6,20,1480,20,0,0,0,DoS-HTTP
0,1,20,840,0,0,0,0,DoS-ICMP
0,1,20,1200,0,0,0,0,DoS-ICMP
80,17,20,1200,0,0,0,0,DoS-UDP
25140,6,10,580,10,10,0,0,SSH-Bruteforce
80,6,20,1480,20,0,0,0,DoS-HTTP
39882,6,11,638,11,11,0,0,SSH-Bruteforce
25312,6,4,240,4,0,0,0,PortScan
8684,6,4,240,4,0,0,0,PortScan
80,17,20,1200,0,0,0,0,DoS-UDP
80,17,20,1200,0,0,0,0,DoS-UDP
80,17,20,1200,0,0,0,0,DoS-UDP
61388,6,4,240,4,0,0,0,PortScan
80,17,20,1200,0,0,0,0,DoS-UDP
22,6,20,1200,0,0,20,0,SSH-Bruteforce
80,17,20,1200,0,0,0,0,DoS-UDP
80,6,20,1480,20,0,0,0,DoS-HTTP
36099,6,2,120,2,0,0,0,PortScan
36520,17,20,27980,0,0,0,0,BENIGN
27687,6,2,120,2,0,0,0,PortScan
80,6,20,1480,20,0,0,0,DoS-HTTP
80,6,20,1480,20,0,0,0,DoS-HTTP
80,6,20,1480,20,0,0,0,DoS-HTTP
80,6,20,1200,20,0,0,0,DoS-SYN-Flood
0,1,20,840,0,0,0,0,DoS-ICMP
0,1,20,840,0,0,0,0,DoS-ICMP
80,6,20,1200,20,0,0,0,DoS-SYN-Flood
53501,6,5,290,5,5,0,0,SSH-Bruteforce
80,6,20,1200,20,0,0,0,DoS-SYN-Flood
80,17,20,1200,0,0,0,0,DoS-UDP
57861,6,8,464,8,8,0,0,SSH-Bruteforce
80,17,20,1200,0,0,0,0,DoS-UDP
80,6,20,1480,20,0,0,0,DoS-HTTP
80,6,20,1200,20,0,0,0,DoS-SYN-Flood
80,17,20,1200,0,0,0,0,DoS-UDP
80,17,20,1200,0,0,0,0,DoS-UDP
56487,6,9,522,9,9,0,0,SSH-Bruteforce
0,1,20,1200,0,0,0,0,DoS-ICMP
64820,6,2,120,2,0,0,0,PortScan
0,1,20,1200,0,0,0,0,DoS-ICMP
80,6,20,1480,20,0,0,0,DoS-HTTP
59644,6,5,290,5,5,0,0,SSH-Bruteforce
80,17,20,1200,0,0,0,0,DoS-UDP
22816,6,4,240,4,0,0,0,PortScan
40866,6,8,464,8,8,0,0,SSH-Bruteforce
22,6,20,1200,0,0,20,0,SSH-Bruteforce
80,17,20,1200,0,0,0,0,DoS-UDP
80,6,20,1636,1,19,0,1,BENIGN
80,6,20,1200,20,0,0,0,DoS-SYN-Flood
36520,17,20,27980,0,0,0,0,BENIGN
80,17,20,1200,0,0,0,0,DoS-UDP
80,6,20,1200,20,0,0,0,DoS-SYN-Flood
22,6,20,1200,1,0,19,0,SSH-Bruteforce
20833,6,4,240,4,0,0,0,PortScan
80,6,20,1200,20,0,0,0,DoS-SYN-Flood
0,1,20,1200,0,0,0,0,DoS-ICMP
80,6,20,1200,20,0,0,0,DoS-SYN-Flood
4081,6,4,240,4,0,0,0,PortScan
0,1,20,1200,0,0,0,0,DoS-ICMP
80,6,20,1480,20,0,0,0,DoS-HTTP
45938,6,4,240,4,0,0,0,PortScan
80,17,20,1200,0,0,0,0,DoS-UDP
80,17,20,1200,0,0,0,0,DoS-UDP
443,6,20,3380,2,18,0,0,BENIGN
3803,6,5,290,5,5,0,0,SSH-Bruteforce
80,17,20,1200,0,0,0,0,DoS-UDP
80,6,20,1200,20,0,0,0,DoS-SYN-Flood
80,17,20,1200,0,0,0,0,DoS-UDP
80,6,20,1200,20,0,0,0,DoS-SYN-Flood
80,6,20,1200,20,0,0,0,DoS-SYN-Flood
80,17,20,1200,0,0,0,0,DoS-UDP
80,17,20,1200,0,0,0,0,DoS-UDP
41991,6,4,240,4,0,0,0,PortScan
22,6,20,1200,20,0,0,0,SSH-Bruteforce
27184,6,2,120,2,0,0,0,PortScan
23279,6,2,120,2,0,0,0,PortScan
49226,6,8,464,8,8,0,0,SSH-Bruteforce
0,1,20,840,0,0,0,0,DoS-ICMP
60308,6,2,120,2,0,0,0,PortScan
0,1,20,840,0,0,0,0,DoS-ICMP
80,6,20,1200,20,0,0,0,DoS-SYN-Flood
48368,6,4,240,4,0,0,0,PortScan
0,1,20,1200,0,0,0,0,DoS-ICMP
80,6,20,1480,20,0,0,0,DoS-HTTP
443,6,20,13805,0,20,0,0,BENIGN
80,6,20,1200,20,0,0,0,DoS-SYN-Flood
32603,6,7,406,7,7,0,0,SSH-Bruteforce
0,1,20,840,0,0,0,0,DoS-ICMP
52944,17,8,3376,0,0,0,0,BENIGN
80,6,20,1200,20,0,0,0,DoS-SYN-Flood
80,17,20,1200,0,0,0,0,DoS-UDP
36520,17,20,27980,0,0,0,0,BENIGN
80,17,20,1200,0,0,0,0,DoS-UDP
22,6,20,1200,0,0,20,0,SSH-Bruteforce
80,6,20,1480,20,0,0,0,DoS-HTTP
80,17,20,1200,0,0,0,0,DoS-UDP
0,1,20,840,0,0,0,0,DoS-ICMP
0,1,20,840,0,0,0,0,DoS-ICMP
80,6,20,1480,20,0,0,0,DoS-HTTP
80,6,20,1200,20,0,0,0,DoS-SYN-Flood
80,17,20,1200,0,0,0,0,DoS-UDP
22,6,20,1200,0,0,20,0,SSH-Bruteforce
59608,6,2,120,2,0,0,0,PortScan
80,6,20,1200,20,0,0,0,DoS-SYN-Flood
80,17,20,1200,0,0,0,0,DoS-UDP
80,17,20,1200,0,0,0,0,DoS-UDP
0,1,20,1200,0,0,0,0,DoS-ICMP
62495,6,4,240,4,0,0,0,PortScan
80,17,20,1200,0,0,0,0,DoS-UDP
0,1,20,1200,0,0,0,0,DoS-ICMP
60887,6,2,120,2,0,0,0,PortScan
0,1,20,1200,0,0,0,0,DoS-ICMP
80,6,20,1200,20,0,0,0,DoS-SYN-Flood
0,1,20,840,0,0,0,0,DoS-ICMP
22,6,20,1200,20,0,0,0,SSH-Bruteforce
80,6,20,1480,20,0,0,0,DoS-HTTP
80,6,20,1200,20,0,0,0,DoS-SYN-Flood
80,6,20,1480,20,0,0,0,DoS-HTTP
0,1,20,840,0,0,0,0,DoS-ICMP
0,1,20,1200,0,0,0,0,DoS-ICMP
25328,6,6,348,6,6,0,0,SSH-Bruteforce
40979,6,2,120,2,0,0,0,PortScan
80,6,20,1480,20,0,0,0,DoS-HTTP
42904,17,20,26697,0,0,0,0,BENIGN
80,17,20,1200,0,0,0,0,DoS-UDP
3720,6,4,240,4,0,0,0,PortScan
52302,6,2,120,2,0,0,0,PortScan
0,1,20,1200,0,0,0,0,DoS-ICMP
80,17,20,1200,0,0,0,0,DoS-UDP
0,1,20,1200,0,0,0,0,DoS-ICMP
50395,6,4,240,4,0,0,0,PortScan
80,6,20,1200,20,0,0,0,DoS-SYN-Flood
0,1,20,1200,0,0,0,0,DoS-ICMP
80,6,20,1480,20,0,0,0,DoS-HTTP
80,17,20,1200,0,0,0,0,DoS-UDP
0,1,20,840,0,0,0,0,DoS-ICMP
80,17,20,1200,0,0,0,0,DoS-UDP
0,1,20,840,0,0,0,0,DoS-ICMP
80,17,20,1200,0,0,0,0,DoS-UDP
0,1,20,840,0,0,0,0,DoS-ICMP
22,6,20,1200,20,0,0,0,SSH-Bruteforce
80,6,20,1480,20,0,0,0,DoS-HTTP
15926,6,4,240,4,0,0,0,PortScan
80,6,20,1200,20,0,0,0,DoS-SYN-Flood
80,17,20,1200,0,0,0,0,DoS-UDP
80,6,20,1480,20,0,0,0,DoS-HTTP
0,1,20,840,0,0,0,0,DoS-ICMP
22,6,20,1200,20,0,0,0,SSH-Bruteforce
20089,6,2,120,2,0,0,0,PortScan
80,17,20,1200,0,0,0,0,DoS-UDP
61320,6,2,120,2,0,0,0,PortScan
80,6,20,1200,20,0,0,0,DoS-SYN-Flood
0,1,20,1200,0,0,0,0,DoS-ICMP
39902,17,20,27980,0,0,0,0,BENIGN
53137,6,8,464,8,8,0,0,SSH-Bruteforce
24018,6,2,120,2,0,0,0,PortScan
61525,6,5,290,5,5,0,0,SSH-Bruteforce
80,6,20,1200,20,0,0,0,DoS-SYN-Flood
80,6,20,1200,20,0,0,0,DoS-SYN-Flood
22,6,20,1200,1,0,19,0,SSH-Bruteforce
47022,6,11,638,11,11,0,0,SSH-Bruteforce
0,1,20,840,0,0,0,0,DoS-ICMP
11044,6,4,240,4,0,0,0,PortScan
0,1,20,1200,0,0,0,0,DoS-ICMP
80,6,20,1480,20,0,0,0,DoS-HTTP
80,6,20,1480,20,0,0,0,DoS-HTTP
40282,6,7,406,7,7,0,0,SSH-Bruteforce
80,6,20,1200,20,0,0,0,DoS-SYN-Flood
0,1,20,1200,0,0,0,0,DoS-ICMP
80,17,20,1200,0,0,0,0,DoS-UDP
32544,6,7,406,7,7,0,0,SSH-Bruteforce
9825,6,4,240,4,0,0,0,PortScan
46398,17,20,27980,0,0,0,0,BENIGN
4275,6,8,464,8,8,0,0,SSH-Bruteforce
23680,6,7,406,7,7,0,0,SSH-Bruteforce
22880,6,2,120,2,0,0,0,PortScan
17714,6,5,290,5,5,0,0,SSH-Bruteforce
0,1,20,1200,0,0,0,0,DoS-ICMP
80,6,20,1200,20,0,0,0,DoS-SYN-Flood
80,6,20,1480,20,0,0,0,DoS-HTTP
12436,6,7,406,7,7,0,0,SSH-Bruteforce
80,6,20,1480,20,0,0,0,DoS-HTTP
5045,6,4,240,4,0,0,0,PortScan
80,6,20,1480,20,0,0,0,DoS-HTTP
42440,17,20,27980,0,0,0,0,BENIGN
80,6,20,1200,20,0,0,0,DoS-SYN-Flood
22,6,20,1200,20,0,0,0,SSH-Bruteforce
80,17,20,1200,0,0,0,0,DoS-UDP
80,6,20,1200,20,0,0,0,DoS-SYN-Flood
80,6,20,1200,20,0,0,0,DoS-SYN-Flood
42411,6,2,120,2,0,0,0,PortScan
80,6,20,1480,20,0,0,0,DoS-HTTP
0,1,20,1200,0,0,0,0,DoS-ICMP
80,6,20,1480,20,0,0,0,DoS-HTTP
80,17,20,1200,0,0,0,0,DoS-UDP
80,17,20,1200,0,0,0,0,DoS-UDP
80,6,20,1200,20,0,0,0,DoS-SYN-Flood
80,6,20,1480,20,0,0,0,DoS-HTTP
80,6,20,1200,20,0,0,0,DoS-SYN-Flood
0,1,20,1200,0,0,0,0,DoS-ICMP
80,6,20,1200,20,0,0,0,DoS-SYN-Flood
0,1,20,840,0,0,0,0,DoS-ICMP
80,6,20,1480,20,0,0,0,DoS-HTTP
80,17,20,1200,0,0,0,0,DoS-UDP
80,17,20,1200,0,0,0,0,DoS-UDP
39902,17,20,27980,0,0,0,0,BENIGN
36520,17,20,27980,0,0,0,0,BENIGN
80,6,20,1200,20,0,0,0,DoS-SYN-Flood
15623,6,2,120,2,0,0,0,PortScan
0,1,20,1200,0,0,0,0,DoS-ICMP
80,17,20,1200,0,0,0,0,DoS-UDP
0,1,20,840,0,0,0,0,DoS-ICMP
60886,6,20,22346,0,20,0,0,BENIGN
33240,6,20,29080,0,20,0,0,BENIGN
53042,6,2,120,2,0,0,0,PortScan
80,17,20,1200,0,0,0,0,DoS-UDP
0,1,20,1200,0,0,0,0,DoS-ICMP
2668,6,4,232,4,4,0,0,SSH-Bruteforce
80,17,20,1200,0,0,0,0,DoS-UDP
80,6,20,1480,20,0,0,0,DoS-HTTP
30163,6,4,240,4,0,0,0,PortScan
22,6,20,1200,20,0,0,0,SSH-Bruteforce
43945,6,2,120,2,0,0,0,PortScan
80,6,20,1480,20,0,0,0,DoS-HTTP
80,17,20,1200,0,0,0,0,DoS-UDP
80,6,20,1480,20,0,0,0,DoS-HTTP
80,6,20,1200,20,0,0,0,DoS-SYN-Flood
52373,6,4,240,4,0,0,0,PortScan
46398,17,20,27980,0,0,0,0,BENIGN
36520,17,20,27980,0,0,0,0,BENIGN
53258,6,20,29020,0,20,0,0,BENIGN
80,6,20,1200,20,0,0,0,DoS-SYN-Flood
80,17,20,1200,0,0,0,0,DoS-UDP
80,6,20,1200,20,0,0,0,DoS-SYN-Flood
80,6,20,1480,20,0,0,0,DoS-HTTP
1134,6,6,348,6,6,0,0,SSH-Bruteforce
0,1,20,1200,0,0,0,0,DoS-ICMP
0,1,20,1200,0,0,0,0,DoS-ICMP
443,6,20,2119,0,20,0,0,BENIGN
80,6,20,1480,20,0,0,0,DoS-HTTP
0,1,20,1200,0,0,0,0,DoS-ICMP
39131,6,2,120,2,0,0,0,PortScan
80,6,20,1480,20,0,0,0,DoS-HTTP
80,17,20,1200,0,0,0,0,DoS-UDP
80,6,20,1200,20,0,0,0,DoS-SYN-Flood
64293,6,10,580,10,10,0,0,SSH-Bruteforce
31719,6,4,240,4,0,0,0,PortScan
28470,6,7,406,7,7,0,0,SSH-Bruteforce
443,17,20,13265,0,0,0,0,BENIGN
0,1,20,1200,0,0,0,0,DoS-ICMP
80,6,20,1480,20,0,0,0,DoS-HTTP
22,6,20,1200,0,0,20,0,SSH-Bruteforce
33240,6,20,29080,0,20,0,0,BENIGN
80,6,20,1480,20,0,0,0,DoS-HTTP
80,17,20,1200,0,0,0,0,DoS-UDP
80,6,20,1200,20,0,0,0,DoS-SYN-Flood
80,6,20,1480,20,0,0,0,DoS-HTTP
0,1,20,840,0,0,0,0,DoS-ICMP
80,6,20,1480,20,0,0,0,DoS-HTTP
80,17,20,1200,0,0,0,0,DoS-UDP
80,17,20,1200,0,0,0,0,DoS-UDP
5124,6,4,240,4,0,0,0,PortScan
870,6,4,240,4,0,0,0,PortScan
41894,6,9,522,9,9,0,0,SSH-Bruteforce
80,17,20,1200,0,0,0,0,DoS-UDP
80,17,20,1200,0,0,0,0,DoS-UDP
43992,17,20,27980,0,0,0,0,BENIGN
39275,6,7,406,7,7,0,0,SSH-Bruteforce
18057,6,8,464,8,8,0,0,SSH-Bruteforce
47822,6,20,29279,0,20,0,0,BENIGN
80,6,20,1480,20,0,0,0,DoS-HTTP
80,6,20,1480,20,0,0,0,DoS-HTTP
80,17,20,1200,0,0,0,0,DoS-UDP
27743,6,8,464,8,8,0,0,SSH-Bruteforce
80,6,20,1480,20,0,0,0,DoS-HTTP
80,17,20,1200,0,0,0,0,DoS-UDP
22,6,20,1200,1,0,19,0,SSH-Bruteforce
80,17,20,1200,0,0,0,0,DoS-UDP
0,1,20,1200,0,0,0,0,DoS-ICMP
0,1,20,1200,0,0,0,0,DoS-ICMP
80,17,20,1200,0,0,0,0,DoS-UDP
36520,17,20,27980,0,0,0,0,BENIGN
443,17,20,2086,0,0,0,0,BENIGN
80,17,20,1200,0,0,0,0,DoS-UDP
80,6,20,1480,20,0,0,0,DoS-HTTP
22,6,20,1200,17,0,3,0,SSH-Bruteforce
0,1,20,840,0,0,0,0,DoS-ICMP
13848,6,4,240,4,0,0,0,PortScan
54829,17,20,27980,0,0,0,0,BENIGN
80,6,20,1200,20,0,0,0,DoS-SYN-Flood
33240,6,20,29260,0,20,0,0,BENIGN
80,6,20,1200,20,0,0,0,DoS-SYN-Flood
50627,17,19,17081,0,0,0,0,BENIGN
80,6,20,1200,20,0,0,0,DoS-SYN-Flood
38052,6,2,120,2,0,0,0,PortScan
80,6,20,1480,20,0,0,0,DoS-HTTP
80,6,20,1200,20,0,0,0,DoS-SYN-Flood
80,6,20,1480,20,0,0,0,DoS-HTTP
53345,6,8,464,8,8,0,0,SSH-Bruteforce
60394,17,20,27980,0,0,0,0,BENIGN
80,6,20,1200,20,0,0,0,DoS-SYN-Flood
80,6,20,1200,20,0,0,0,DoS-SYN-Flood
80,17,20,1200,0,0,0,0,DoS-UDP
48239,6,1,58,1,1,0,0,PortScan
0,1,20,1200,0,0,0,0,DoS-ICMP
36520,17,20,27234,0,0,0,0,BENIGN
80,17,20,1200,0,0,0,0,DoS-UDP
11367,6,8,464,8,8,0,0,SSH-Bruteforce
48806,17,20,27316,0,0,0,0,BENIGN
80,6,20,1480,20,0,0,0,DoS-HTTP
80,6,20,1200,20,0,0,0,DoS-SYN-Flood
80,17,20,1200,0,0,0,0,DoS-UDP
80,17,20,1200,0,0,0,0,DoS-UDP
1276,6,5,290,5,5,0,0,SSH-Bruteforce
60886,6,20,29200,0,20,0,0,BENIGN
0,1,20,840,0,0,0,0,DoS-ICMP
80,6,20,1200,20,0,0,0,DoS-SYN-Flood
49877,6,2,120,2,0,0,0,PortScan
80,6,20,1200,20,0,0,0,DoS-SYN-Flood
4019,6,6,360,6,0,0,0,PortScan
80,6,20,1200,20,0,0,0,DoS-SYN-Flood
80,6,20,1200,20,0,0,0,DoS-SYN-Flood
9258,6,7,406,7,7,0,0,SSH-Bruteforce
80,6,20,1200,20,0,0,0,DoS-SYN-Flood
24059,6,2,120,2,0,0,0,PortScan
80,6,20,1480,20,0,0,0,DoS-HTTP
36520,17,20,27980,0,0,0,0,BENIGN
80,6,20,1480,20,0,0,0,DoS-HTTP
22,6,20,1200,20,0,0,0,SSH-Bruteforce
59054,6,2,120,2,0,0,0,PortScan
0,1,20,840,0,0,0,0,DoS-ICMP
31696,6,4,240,4,0,0,0,PortScan
80,6,20,1480,20,0,0,0,DoS-HTTP
80,6,20,1480,20,0,0,0,DoS-HTTP
60886,6,20,28713,0,20,0,0,BENIGN
22,6,20,1200,0,0,20,0,SSH-Bruteforce
80,17,20,1200,0,0,0,0,DoS-UDP
29853,6,4,240,4,0,0,0,PortScan
0,1,20,1200,0,0,0,0,DoS-ICMP
80,6,20,1200,20,0,0,0,DoS-SYN-Flood
80,6,20,1200,20,0,0,0,DoS-SYN-Flood
0,1,20,840,0,0,0,0,DoS-ICMP
80,6,20,1480,20,0,0,0,DoS-HTTP
80,6,20,1200,20,0,0,0,DoS-SYN-Flood
45773,6,4,240,4,0,0,0,PortScan
41733,6,2,120,2,0,0,0,PortScan
8619,6,11,638,11,11,0,0,SSH-Bruteforce
80,6,20,1200,20,0,0,0,DoS-SYN-Flood
43803,6,4,240,4,0,0,0,PortScan
47482,6,2,120,2,0,0,0,PortScan
80,17,20,1200,0,0,0,0,DoS-UDP
80,17,20,1200,0,0,0,0,DoS-UDP
0,1,20,1200,0,0,0,0,DoS-ICMP
80,6,20,1480,20,0,0,0,DoS-HTTP
80,6,20,1200,20,0,0,0,DoS-SYN-Flood
80,6,20,1200,20,0,0,0,DoS-SYN-Flood
28927,6,7,406,7,7,0,0,SSH-Bruteforce
80,17,20,1200,0,0,0,0,DoS-UDP
48806,17,20,27980,0,0,0,0,BENIGN
80,6,20,1200,20,0,0,0,DoS-SYN-Flood
0,1,20,840,0,0,0,0,DoS-ICMP
80,6,20,1480,20,0,0,0,DoS-HTTP
55049,6,4,240,4,0,0,0,PortScan
80,6,20,1200,20,0,0,0,DoS-SYN-Flood
0,1,20,840,0,0,0,0,DoS-ICMP
80,6,20,1480,20,0,0,0,DoS-HTTP
58187,6,7,406,7,7,0,0,SSH-Bruteforce
47108,6,4,240,4,0,0,0,PortScan
80,6,20,1200,20,0,0,0,DoS-SYN-Flood
80,6,20,1480,20,0,0,0,DoS-HTTP
80,6,20,1480,20,0,0,0,DoS-HTTP
80,6,20,1200,20,0,0,0,DoS-SYN-Flood
80,6,20,1200,20,0,0,0,DoS-SYN-Flood
56522,6,8,464,8,8,0,0,SSH-Bruteforce
33240,6,20,29200,0,20,0,0,BENIGN
80,17,20,1200,0,0,0,0,DoS-UDP
80,17,20,1200,0,0,0,0,DoS-UDP
46117,6,6,348,6,6,0,0,SSH-Bruteforce
0,1,20,840,0,0,0,0,DoS-ICMP
80,6,20,1480,20,0,0,0,DoS-HTTP
80,6,20,1200,20,0,0,0,DoS-SYN-Flood
22,6,20,1200,0,0,20,0,SSH-Bruteforce
80,17,20,1200,0,0,0,0,DoS-UDP
80,6,20,1480,20,0,0,0,DoS-HTTP
49496,6,8,464,8,8,0,0,SSH-Bruteforce
64263,6,4,240,4,0,0,0,PortScan
53308,6,20,29140,0,20,0,0,BENIGN
53278,6,20,28507,0,20,0,0,BENIGN
32855,6,4,240,4,0,0,0,PortScan
80,6,20,1200,20,0,0,0,DoS-SYN-Flood
80,6,20,1480,20,0,0,0,DoS-HTTP
80,6,20,1200,20,0,0,0,DoS-SYN-Flood
80,17,20,1200,0,0,0,0,DoS-UDP
80,6,20,1480,20,0,0,0,DoS-HTTP
0,1,20,1200,0,0,0,0,DoS-ICMP
80,6,20,1480,20,0,0,0,DoS-HTTP
2755,6,7,406,7,7,0,0,SSH-Bruteforce
80,6,20,1480,20,0,0,0,DoS-HTTP
80,6,20,1480,20,0,0,0,DoS-HTTP
53278,6,20,29520,0,20,0,0,BENIGN
0,1,20,1200,0,0,0,0,DoS-ICMP
0,1,20,840,0,0,0,0,DoS-ICMP
80,6,20,1480,20,0,0,0,DoS-HTTP
13799,6,4,240,4,0,0,0,PortScan
80,17,20,1200,0,0,0,0,DoS-UDP
62188,6,10,580,10,10,0,0,SSH-Bruteforce
80,6,20,1200,20,0,0,0,DoS-SYN-Flood
80,6,20,1200,20,0,0,0,DoS-SYN-Flood
47094,17,20,27980,0,0,0,0,BENIGN
22,6,20,1200,20,0,0,0,SSH-Bruteforce
0,1,20,840,0,0,0,0,DoS-ICMP
80,6,20,1480,20,0,0,0,DoS-HTTP
22,6,20,1200,0,0,20,0,SSH-Bruteforce
80,6,20,1480,20,0,0,0,DoS-HTTP
1500,6,6,360,6,0,0,0,PortScan
80,17,20,1200,0,0,0,0,DoS-UDP
0,1,20,1200,0,0,0,0,DoS-ICMP
15235,6,2,120,2,0,0,0,PortScan
59652,6,2,120,2,0,0,0,PortScan
80,17,20,1200,0,0,0,0,DoS-UDP
4762,6,6,348,6,6,0,0,SSH-Bruteforce
80,6,20,1200,20,0,0,0,DoS-SYN-Flood
0,1,20,1200,0,0,0,0,DoS-ICMP
0,1,20,1200,0,0,0,0,DoS-ICMP
0,1,20,840,0,0,0,0,DoS-ICMP
0,1,20,1200,0,0,0,0,DoS-ICMP
3243,6,6,360,6,0,0,0,PortScan
0,1,20,840,0,0,0,0,DoS-ICMP
13945,6,7,406,7,7,0,0,SSH-Bruteforce
80,17,20,1200,0,0,0,0,DoS-UDP
443,6,3,198,0,3,0,1,BENIGN
24641,6,4,240,4,0,0,0,PortScan
80,17,20,1200,0,0,0,0,DoS-UDP
80,6,20,1480,20,0,0,0,DoS-HTTP
80,17,20,1200,0,0,0,0,DoS-UDP
0,1,20,1200,0,0,0,0,DoS-ICMP
0,1,20,1200,0,0,0,0,DoS-ICMP
80,6,20,1480,20,0,0,0,DoS-HTTP
80,6,20,1200,20,0,0,0,DoS-SYN-Flood
0,1,20,1200,0,0,0,0,DoS-ICMP
0,1,20,1200,0,0,0,0,DoS-ICMP
80,6,20,1480,20,0,0,0,DoS-HTTP
80,17,20,1200,0,0,0,0,DoS-UDP
80,6,20,1200,20,0,0,0,DoS-SYN-Flood
7759,6,5,290,5,5,0,0,SSH-Bruteforce
41766,6,11,1537,1,11,0,0,BENIGN
80,17,20,1200,0,0,0,0,DoS-UDP
39760,6,11,638,11,11,0,0,SSH-Bruteforce
80,17,20,1200,0,0,0,0,DoS-UDP
80,17,20,1200,0,0,0,0,DoS-UDP
22,6,20,1200,6,0,14,0,SSH-Bruteforce
14943,6,7,406,7,7,0,0,SSH-Bruteforce
0,1,20,840,0,0,0,0,DoS-ICMP
0,1,20,1200,0,0,0,0,DoS-ICMP
80,6,20,1200,20,0,0,0,DoS-SYN-Flood
80,17,20,1200,0,0,0,0,DoS-UDP
0,1,20,840,0,0,0,0,DoS-ICMP
40012,6,12,696,12,12,0,0,SSH-Bruteforce
24827,6,4,240,4,0,0,0,PortScan
80,6,20,1480,20,0,0,0,DoS-HTTP
80,6,20,1480,20,0,0,0,DoS-HTTP
8007,6,9,522,9,9,0,0,SSH-Bruteforce
80,6,20,1200,20,0,0,0,DoS-SYN-Flood
40615,6,4,240,4,0,0,0,PortScan
80,6,20,1200,20,0,0,0,DoS-SYN-Flood
23563,6,4,240,4,0,0,0,PortScan
80,6,20,1480,20,0,0,0,DoS-HTTP
80,6,20,1200,20,0,0,0,DoS-SYN-Flood
29173,6,2,120,2,0,0,0,PortScan
14738,6,4,240,4,0,0,0,PortScan
80,17,20,1200,0,0,0,0,DoS-UDP
0,1,20,1200,0,0,0,0,DoS-ICMP
28385,6,2,120,2,0,0,0,PortScan
80,6,20,1200,20,0,0,0,DoS-SYN-Flood
80,6,20,1200,20,0,0,0,DoS-SYN-Flood
17476,6,2,120,2,0,0,0,PortScan
46063,17,2,188,0,0,0,0,BENIGN
36520,17,20,27980,0,0,0,0,BENIGN
49160,6,2,108,0,2,0,0,BENIGN
50525,6,7,406,7,7,0,0,SSH-Bruteforce
0,1,20,1200,0,0,0,0,DoS-ICMP
80,6,20,1480,20,0,0,0,DoS-HTTP
80,6,20,1200,20,0,0,0,DoS-SYN-Flood
80,6,20,1200,20,0,0,0,DoS-SYN-Flood
80,17,20,1200,0,0,0,0,DoS-UDP
0,1,20,1200,0,0,0,0,DoS-ICMP
49266,6,4,240,4,0,0,0,PortScan
0,1,20,840,0,0,0,0,DoS-ICMP
0,1,20,1200,0,0,0,0,DoS-ICMP
80,6,20,1200,20,0,0,0,DoS-SYN-Flood
0,1,20,840,0,0,0,0,DoS-ICMP
0,1,20,1200,0,0,0,0,DoS-ICMP
0,1,20,840,0,0,0,0,DoS-ICMP
22,6,20,1200,20,0,0,0,SSH-Bruteforce
19611,6,2,120,2,0,0,0,PortScan
80,6,20,1200,20,0,0,0,DoS-SYN-Flood
33494,6,6,348,6,6,0,0,SSH-Bruteforce
22,6,20,1200,0,0,20,0,SSH-Bruteforce
80,6,20,1480,20,0,0,0,DoS-HTTP
17083,6,2,120,2,0,0,0,PortScan
80,6,20,1200,20,0,0,0,DoS-SYN-Flood
22,6,20,1200,1,0,19,0,SSH-Bruteforce
52812,6,4,240,4,0,0,0,PortScan
80,17,20,1200,0,0,0,0,DoS-UDP
80,17,20,1200,0,0,0,0,DoS-UDP
80,6,20,1480,20,0,0,0,DoS-HTTP
80,6,20,1200,20,0,0,0,DoS-SYN-Flood
80,6,20,1480,20,0,0,0,DoS-HTTP
10411,6,4,240,4,0,0,0,PortScan
22,6,20,1200,15,0,5,0,SSH-Bruteforce
14469,6,4,240,4,0,0,0,PortScan
60886,6,20,26858,0,20,0,0,BENIGN
55104,6,2,120,2,0,0,0,PortScan
0,1,20,840,0,0,0,0,DoS-ICMP
65033,6,6,348,6,6,0,0,SSH-Bruteforce
0,1,20,840,0,0,0,0,DoS-ICMP
47296,6,8,464,8,8,0,0,SSH-Bruteforce
80,6,20,1200,20,0,0,0,DoS-SYN-Flood
53308,6,20,29080,0,20,0,0,BENIGN
80,17,20,1200,0,0,0,0,DoS-UDP
80,6,20,1480,20,0,0,0,DoS-HTTP
443,17,20,1509,0,0,0,0,BENIGN
22,6,20,1200,20,0,0,0,SSH-Bruteforce
0,1,20,840,0,0,0,0,DoS-ICMP
80,6,20,1480,20,0,0,0,DoS-HTTP
0,1,20,1200,0,0,0,0,DoS-ICMP
80,17,20,1200,0,0,0,0,DoS-UDP
80,6,20,1200,20,0,0,0,DoS-SYN-Flood
80,17,20,1200,0,0,0,0,DoS-UDP
80,6,20,1200,20,0,0,0,DoS-SYN-Flood
22,6,20,1200,1,0,19,0,SSH-Bruteforce
80,6,20,1200,20,0,0,0,DoS-SYN-Flood
80,6,20,1200,20,0,0,0,DoS-SYN-Flood
80,6,20,1480,20,0,0,0,DoS-HTTP
80,6,20,1200,20,0,0,0,DoS-SYN-Flood
80,6,20,1480,20,0,0,0,DoS-HTTP
80,17,20,1200,0,0,0,0,DoS-UDP
22,6,20,1200,4,0,16,0,SSH-Bruteforce
0,1,20,840,0,0,0,0,DoS-ICMP
22,6,20,1200,10,0,10,0,SSH-Bruteforce
51488,6,8,464,8,8,0,0,SSH-Bruteforce
80,6,20,1200,20,0,0,0,DoS-SYN-Flood
0,1,20,840,0,0,0,0,DoS-ICMP
36268,17,20,27980,0,0,0,0,BENIGN
80,6,20,1480,20,0,0,0,DoS-HTTP
39375,6,4,240,4,0,0,0,PortScan
0,1,20,840,0,0,0,0,DoS-ICMP
17406,6,4,240,4,0,0,0,PortScan
0,1,20,1200,0,0,0,0,DoS-ICMP
42904,17,20,27980,0,0,0,0,BENIGN
80,17,20,1200,0,0,0,0,DoS-UDP
56937,6,7,406,7,7,0,0,SSH-Bruteforce
28276,6,4,240,4,0,0,0,PortScan
54829,17,20,27980,0,0,0,0,BENIGN
80,17,20,1200,0,0,0,0,DoS-UDP
0,1,20,840,0,0,0,0,DoS-ICMP
80,17,20,1200,0,0,0,0,DoS-UDP
80,6,20,1480,20,0,0,0,DoS-HTTP
80,6,20,1200,20,0,0,0,DoS-SYN-Flood
6432,6,6,360,6,0,0,0,PortScan
22,6,20,1200,1,0,19,0,SSH-Bruteforce
20614,6,2,120,2,0,0,0,PortScan
0,1,20,1200,0,0,0,0,DoS-ICMP
80,6,20,1200,20,0,0,0,DoS-SYN-Flood
80,6,20,1200,20,0,0,0,DoS-SYN-Flood
0,1,20,840,0,0,0,0,DoS-ICMP
47539,6,10,580,10,10,0,0,SSH-Bruteforce
0,1,20,1200,0,0,0,0,DoS-ICMP
80,6,20,1200,20,0,0,0,DoS-SYN-Flood
80,17,20,1200,0,0,0,0,DoS-UDP
0,1,20,1200,0,0,0,0,DoS-ICMP
80,6,20,1200,20,0,0,0,DoS-SYN-Flood
54829,17,20,27980,0,0,0,0,BENIGN
0,1,20,840,0,0,0,0,DoS-ICMP
80,17,20,1200,0,0,0,0,DoS-UDP
62300,6,2,120,2,0,0,0,PortScan
53456,6,2,120,2,0,0,0,PortScan
22,6,20,1200,0,0,20,0,SSH-Bruteforce
80,6,20,1480,20,0,0,0,DoS-HTTP
0,1,20,840,0,0,0,0,DoS-ICMP
64512,6,2,120,2,0,0,0,PortScan
4130,6,8,464,8,8,0,0,SSH-Bruteforce
0,1,20,840,0,0,0,0,DoS-ICMP
80,17,20,1200,0,0,0,0,DoS-UDP
0,1,20,840,0,0,0,0,DoS-ICMP
80,6,20,1200,20,0,0,0,DoS-SYN-Flood
80,17,20,1200,0,0,0,0,DoS-UDP
12380,6,6,360,6,0,0,0,PortScan
22,6,20,1200,20,0,0,0,SSH-Bruteforce
80,6,20,1480,20,0,0,0,DoS-HTTP
80,17,20,1200,0,0,0,0,DoS-UDP
23497,6,7,406,7,7,0,0,SSH-Bruteforce
80,17,20,1200,0,0,0,0,DoS-UDP
10982,6,4,240,4,0,0,0,PortScan
46745,6,5,290,5,5,0,0,SSH-Bruteforce
36520,17,20,27980,0,0,0,0,BENIGN
80,17,20,1200,0,0,0,0,DoS-UDP
80,6,20,1200,20,0,0,0,DoS-SYN-Flood
22,6,20,1200,20,0,0,0,SSH-Bruteforce
40614,6,2,120,2,0,0,0,PortScan
13330,6,6,360,6,0,0,0,PortScan
0,1,20,840,0,0,0,0,DoS-ICMP
80,17,20,1200,0,0,0,0,DoS-UDP
47343,17,2,210,0,0,0,0,BENIGN
22,6,20,1200,5,0,15,0,SSH-Bruteforce
80,6,20,1480,20,0,0,0,DoS-HTTP
0,1,20,1200,0,0,0,0,DoS-ICMP
22,6,20,1200,0,0,20,0,SSH-Bruteforce
80,17,20,1200,0,0,0,0,DoS-UDP
80,6,20,1480,20,0,0,0,DoS-HTTP
80,6,20,1200,20,0,0,0,DoS-SYN-Flood
80,6,20,1480,20,0,0,0,DoS-HTTP
80,17,20,1200,0,0,0,0,DoS-UDP
80,6,20,1480,20,0,0,0,DoS-HTTP
80,17,20,1200,0,0,0,0,DoS-UDP
59804,6,20,17174,0,20,0,0,BENIGN
22,6,20,1200,20,0,0,0,SSH-Bruteforce
80,6,20,1200,20,0,0,0,DoS-SYN-Flood
80,17,20,1200,0,0,0,0,DoS-UDP
0,1,20,1200,0,0,0,0,DoS-ICMP
38859,6,2,120,2,0,0,0,PortScan
80,6,20,1480,20,0,0,0,DoS-HTTP
80,6,20,1200,20,0,0,0,DoS-SYN-Flood
22,6,20,1200,20,0,0,0,SSH-Bruteforce
80,17,20,1200,0,0,0,0,DoS-UDP
22,6,20,1200,13,0,7,0,SSH-Bruteforce
80,17,20,1200,0,0,0,0,DoS-UDP
80,6,20,1200,20,0,0,0,DoS-SYN-Flood
40207,6,4,240,4,0,0,0,PortScan
80,6,20,1200,20,0,0,0,DoS-SYN-Flood
80,6,20,1200,20,0,0,0,DoS-SYN-Flood
45996,6,4,240,4,0,0,0,PortScan
0,1,20,840,0,0,0,0,DoS-ICMP
80,6,20,1200,20,0,0,0,DoS-SYN-Flood
22,6,20,1200,19,0,1,0,SSH-Bruteforce
80,17,20,1200,0,0,0,0,DoS-UDP
80,6,20,1200,20,0,0,0,DoS-SYN-Flood
80,6,20,1480,20,0,0,0,DoS-HTTP
32816,6,2,120,2,0,0,0,PortScan
0,1,20,840,0,0,0,0,DoS-ICMP
2278,6,7,406,7,7,0,0,SSH-Bruteforce
33675,6,4,240,4,0,0,0,PortScan
0,1,20,1200,0,0,0,0,DoS-ICMP
0,1,20,1200,0,0,0,0,DoS-ICMP
0,1,20,1200,0,0,0,0,DoS-ICMP
22,6,20,1200,20,0,0,0,SSH-Bruteforce
80,6,20,1480,20,0,0,0,DoS-HTTP
80,6,20,1200,20,0,0,0,DoS-SYN-Flood
22,6,20,1200,20,0,0,0,SSH-Bruteforce
22,6,20,1200,20,0,0,0,SSH-Bruteforce
60363,6,4,240,4,0,0,0,PortScan
9546,6,4,240,4,0,0,0,PortScan
80,6,20,1480,20,0,0,0,DoS-HTTP
80,6,20,1200,20,0,0,0,DoS-SYN-Flood
22,6,20,1200,20,0,0,0,SSH-Bruteforce
80,17,20,1200,0,0,0,0,DoS-UDP
36736,6,10,580,10,10,0,0,SSH-Bruteforce
80,6,20,1480,20,0,0,0,DoS-HTTP
4706,6,6,360,6,0,0,0,PortScan
80,6,20,1200,20,0,0,0,DoS-SYN-Flood
30040,6,2,120,2,0,0,0,PortScan
53272,6,20,28960,0,20,0,0,BENIGN
80,6,20,1200,20,0,0,0,DoS-SYN-Flood
443,17,20,1513,0,0,0,0,BENIGN
2272,6,5,290,5,5,0,0,SSH-Bruteforce
80,17,20,1200,0,0,0,0,DoS-UDP
80,6,20,1480,20,0,0,0,DoS-HTTP
80,17,20,1200,0,0,0,0,DoS-UDP
0,1,20,1200,0,0,0,0,DoS-ICMP
0,1,20,1200,0,0,0,0,DoS-ICMP
0,1,20,1200,0,0,0,0,DoS-ICMP
0,1,20,1200,0,0,0,0,DoS-ICMP
80,6,20,1480,20,0,0,0,DoS-HTTP
80,6,20,1480,20,0,0,0,DoS-HTTP
80,17,20,1200,0,0,0,0,DoS-UDP
0,1,20,840,0,0,0,0,DoS-ICMP
22,6,20,1200,0,0,20,0,SSH-Bruteforce
0,1,20,1200,0,0,0,0,DoS-ICMP
80,6,20,1200,20,0,0,0,DoS-SYN-Flood
80,6,20,1200,20,0,0,0,DoS-SYN-Flood
22,6,20,1200,0,0,20,0,SSH-Bruteforce
80,17,20,1200,0,0,0,0,DoS-UDP
22,6,20,1200,0,0,20,0,SSH-Bruteforce
22,6,20,1200,20,0,0,0,SSH-Bruteforce
80,17,20,1200,0,0,0,0,DoS-UDP
50982,6,6,348,6,6,0,0,SSH-Bruteforce
80,17,20,1200,0,0,0,0,DoS-UDP
80,17,20,1200,0,0,0,0,DoS-UDP
22,6,20,1200,4,0,16,0,SSH-Bruteforce
80,17,20,1200,0,0,0,0,DoS-UDP
80,17,20,1200,0,0,0,0,DoS-UDP
0,1,20,840,0,0,0,0,DoS-ICMP
443,6,20,2676,0,20,0,0,BENIGN
0,1,20,1200,0,0,0,0,DoS-ICMP
80,17,20,1200,0,0,0,0,DoS-UDP
45198,6,11,638,11,11,0,0,SSH-Bruteforce
22,6,20,1200,20,0,0,0,SSH-Bruteforce
80,6,20,1200,20,0,0,0,DoS-SYN-Flood
80,6,20,1480,20,0,0,0,DoS-HTTP
80,17,20,1200,0,0,0,0,DoS-UDP
65009,6,5,290,5,5,0,0,SSH-Bruteforce
18137,6,2,120,2,0,0,0,PortScan
80,6,20,1480,20,0,0,0,DoS-HTTP
80,6,20,1200,20,0,0,0,DoS-SYN-Flood
33240,6,20,28960,0,20,0,0,BENIGN
0,1,20,840,0,0,0,0,DoS-ICMP
45019,6,8,464,8,8,0,0,SSH-Bruteforce
9800,6,8,464,8,8,0,0,SSH-Bruteforce
80,6,20,1480,20,0,0,0,DoS-HTTP
30540,6,2,120,2,0,0,0,PortScan
22,6,20,1200,20,0,0,0,SSH-Bruteforce
59646,6,20,30280,0,20,0,0,BENIGN
80,6,20,1200,20,0,0,0,DoS-SYN-Flood
59295,17,2,344,0,0,0,0,BENIGN
59804,6,20,18334,0,20,0,0,BENIGN
35485,6,2,120,2,0,0,0,PortScan
80,6,20,1200,20,0,0,0,DoS-SYN-Flood
45865,6,2,120,2,0,0,0,PortScan
0,1,20,1200,0,0,0,0,DoS-ICMP
80,17,20,1200,0,0,0,0,DoS-UDP
80,17,20,1200,0,0,0,0,DoS-UDP
80,6,20,1200,20,0,0,0,DoS-SYN-Flood
80,17,20,1200,0,0,0,0,DoS-UDP
80,6,20,1200,20,0,0,0,DoS-SYN-Flood
80,6,20,1480,20,0,0,0,DoS-HTTP
80,6,20,1200,20,0,0,0,DoS-SYN-Flood
443,6,20,2917,0,20,0,0,BENIGN
36520,17,20,27980,0,0,0,0,BENIGN
16682,6,2,120,2,0,0,0,PortScan
80,6,20,1200,20,0,0,0,DoS-SYN-Flood
58892,6,2,120,2,0,0,0,PortScan
22,6,20,1200,20,0,0,0,SSH-Bruteforce
52760,6,2,120,2,0,0,0,PortScan
54098,6,6,348,6,6,0,0,SSH-Bruteforce
80,6,20,1200,20,0,0,0,DoS-SYN-Flood
54829,17,20,27980,0,0,0,0,BENIGN
80,6,20,1200,20,0,0,0,DoS-SYN-Flood
80,6,20,1480,20,0,0,0,DoS-HTTP
80,6,20,1480,20,0,0,0,DoS-HTTP
80,17,20,1200,0,0,0,0,DoS-UDP
80,6,20,1480,20,0,0,0,DoS-HTTP
80,6,20,1480,20,0,0,0,DoS-HTTP
0,1,20,1200,0,0,0,0,DoS-ICMP
22,6,20,1200,0,0,20,0,SSH-Bruteforce
0,1,20,1200,0,0,0,0,DoS-ICMP
80,17,20,1200,0,0,0,0,DoS-UDP
80,6,20,1480,20,0,0,0,DoS-HTTP
80,17,20,1200,0,0,0,0,DoS-UDP
22,6,20,1200,20,0,0,0,SSH-Bruteforce
3312,6,6,360,6,0,0,0,PortScan
9701,6,10,580,10,10,0,0,SSH-Bruteforce
80,6,20,1200,20,0,0,0,DoS-SYN-Flood
80,17,20,1200,0,0,0,0,DoS-UDP
0,1,20,840,0,0,0,0,DoS-ICMP
0,1,20,1200,0,0,0,0,DoS-ICMP
20443,6,2,120,2,0,0,0,PortScan
0,1,20,1200,0,0,0,0,DoS-ICMP
80,6,20,1480,20,0,0,0,DoS-HTTP
0,1,20,1200,0,0,0,0,DoS-ICMP
80,6,20,1480,20,0,0,0,DoS-HTTP
80,6,20,1480,20,0,0,0,DoS-HTTP
80,17,20,1200,0,0,0,0,DoS-UDP
38311,6,4,240,4,0,0,0,PortScan
80,17,20,1200,0,0,0,0,DoS-UDP
39902,17,20,22716,0,0,0,0,BENIGN
80,6,20,1480,20,0,0,0,DoS-HTTP
80,6,20,1480,20,0,0,0,DoS-HTTP
0,1,20,840,0,0,0,0,DoS-ICMP
54151,6,2,120,2,0,0,0,PortScan
80,6,20,1200,20,0,0,0,DoS-SYN-Flood
22,6,20,1200,0,0,20,0,SSH-Bruteforce
80,17,20,1200,0,0,0,0,DoS-UDP
23652,6,2,120,2,0,0,0,PortScan
80,6,20,1480,20,0,0,0,DoS-HTTP
80,6,20,1200,20,0,0,0,DoS-SYN-Flood
45166,6,8,464,8,8,0,0,SSH-Bruteforce
80,6,20,1200,20,0,0,0,DoS-SYN-Flood
80,6,20,1200,20,0,0,0,DoS-SYN-Flood
80,6,20,1480,20,0,0,0,DoS-HTTP
41119,6,4,240,4,0,0,0,PortScan
22,6,20,1200,0,0,20,0,SSH-Bruteforce
31287,6,4,240,4,0,0,0,PortScan
80,6,20,1480,20,0,0,0,DoS-HTTP
80,6,20,1200,20,0,0,0,DoS-SYN-Flood
22,6,20,1200,13,0,7,0,SSH-Bruteforce
18008,6,8,464,8,8,0,0,SSH-Bruteforce
7249,6,6,360,6,0,0,0,PortScan
0,1,20,1200,0,0,0,0,DoS-ICMP
17321,6,8,464,8,8,0,0,SSH-Bruteforce
80,17,20,1200,0,0,0,0,DoS-UDP
46875,6,2,120,2,0,0,0,PortScan
80,17,20,1200,0,0,0,0,DoS-UDP
22,6,20,1200,0,0,20,0,SSH-Bruteforce
31412,6,4,240,4,0,0,0,PortScan
80,17,20,1200,0,0,0,0,DoS-UDP
80,6,20,1480,20,0,0,0,DoS-HTTP
3995,6,6,348,6,6,0,0,SSH-Bruteforce
80,6,20,1200,20,0,0,0,DoS-SYN-Flood
80,6,20,1200,20,0,0,0,DoS-SYN-Flood
80,17,20,1200,0,0,0,0,DoS-UDP
80,6,20,1200,20,0,0,0,DoS-SYN-Flood
80,6,20,1200,20,0,0,0,DoS-SYN-Flood
80,6,20,1200,20,0,0,0,DoS-SYN-Flood
80,6,20,1480,20,0,0,0,DoS-HTTP
80,6,20,1480,20,0,0,0,DoS-HTTP
80,6,20,1480,20,0,0,0,DoS-HTTP
63367,6,7,406,7,7,0,0,SSH-Bruteforce
80,6,20,1200,20,0,0,0,DoS-SYN-Flood
36520,17,20,27980,0,0,0,0,BENIGN
16726,6,6,348,6,6,0,0,SSH-Bruteforce
2449,6,4,240,4,0,0,0,PortScan
50551,6,2,120,2,0,0,0,PortScan
80,6,20,1480,20,0,0,0,DoS-HTTP
27535,6,2,120,2,0,0,0,PortScan
80,17,20,1200,0,0,0,0,DoS-UDP
80,6,20,1200,20,0,0,0,DoS-SYN-Flood
80,17,20,1200,0,0,0,0,DoS-UDP
0,1,20,840,0,0,0,0,DoS-ICMP
0,1,20,1200,0,0,0,0,DoS-ICMP
39713,6,2,120,2,0,0,0,PortScan
60416,6,4,240,4,0,0,0,PortScan
80,6,20,1480,20,0,0,0,DoS-HTTP
0,1,20,1200,0,0,0,0,DoS-ICMP
80,17,20,1200,0,0,0,0,DoS-UDP
27980,6,2,120,2,0,0,0,PortScan
80,17,20,1200,0,0,0,0,DoS-UDP
37760,6,2,120,2,0,0,0,PortScan
80,6,20,1200,20,0,0,0,DoS-SYN-Flood
80,17,20,1200,0,0,0,0,DoS-UDP
0,1,20,840,0,0,0,0,DoS-ICMP
22,6,20,1200,0,0,20,0,SSH-Bruteforce
80,6,20,1200,20,0,0,0,DoS-SYN-Flood
80,6,20,1200,20,0,0,0,DoS-SYN-Flood
80,6,20,1480,20,0,0,0,DoS-HTTP
80,6,20,1480,20,0,0,0,DoS-HTTP
22,6,20,1200,9,0,11,0,SSH-Bruteforce
80,17,20,1200,0,0,0,0,DoS-UDP
80,17,20,1200,0,0,0,0,DoS-UDP
80,6,20,1200,20,0,0,0,DoS-SYN-Flood
51737,6,6,348,6,6,0,0,SSH-Bruteforce
80,17,20,1200,0,0,0,0,DoS-UDP
80,6,20,1480,20,0,0,0,DoS-HTTP
0,1,20,1200,0,0,0,0,DoS-ICMP
80,17,20,1200,0,0,0,0,DoS-UDP
80,6,20,1480,20,0,0,0,DoS-HTTP
80,6,20,1200,20,0,0,0,DoS-SYN-Flood
80,6,20,1480,20,0,0,0,DoS-HTTP
80,6,20,1480,20,0,0,0,DoS-HTTP
80,17,20,1200,0,0,0,0,DoS-UDP
22,6,20,1200,19,0,1,0,SSH-Bruteforce
22279,6,4,240,4,0,0,0,PortScan
22,6,20,1200,20,0,0,0,SSH-Bruteforce
59919,6,2,120,2,0,0,0,PortScan
80,6,20,1480,20,0,0,0,DoS-HTTP
80,6,20,1200,20,0,0,0,DoS-SYN-Flood
80,6,20,1200,20,0,0,0,DoS-SYN-Flood
80,17,20,1200,0,0,0,0,DoS-UDP
25700,6,10,580,10,10,0,0,SSH-Bruteforce
39287,6,2,120,2,0,0,0,PortScan
80,17,20,1200,0,0,0,0,DoS-UDP
80,6,20,1200,20,0,0,0,DoS-SYN-Flood
0,1,20,1200,0,0,0,0,DoS-ICMP
22,6,20,1200,20,0,0,0,SSH-Bruteforce
80,17,20,1200,0,0,0,0,DoS-UDP
0,1,20,1200,0,0,0,0,DoS-ICMP
65296,6,6,348,6,6,0,0,SSH-Bruteforce
41006,6,5,290,5,5,0,0,SSH-Bruteforce
80,17,20,1200,0,0,0,0,DoS-UDP
22,6,20,1200,13,0,7,0,SSH-Bruteforce
80,6,20,1200,20,0,0,0,DoS-SYN-Flood
43513,6,7,406,7,7,0,0,SSH-Bruteforce
0,1,20,840,0,0,0,0,DoS-ICMP
80,6,20,1200,20,0,0,0,DoS-SYN-Flood
80,6,20,1200,20,0,0,0,DoS-SYN-Flood
80,17,20,1200,0,0,0,0,DoS-UDP
80,6,20,1200,20,0,0,0,DoS-SYN-Flood
80,17,20,1200,0,0,0,0,DoS-UDP
2747,6,4,240,4,0,0,0,PortScan
80,17,20,1200,0,0,0,0,DoS-UDP
22,6,20,1200,20,0,0,0,SSH-Bruteforce
80,6,20,1480,20,0,0,0,DoS-HTTP
80,6,20,1200,20,0,0,0,DoS-SYN-Flood
11496,6,6,348,6,6,0,0,SSH-Bruteforce
34008,6,4,240,4,0,0,0,PortScan
0,1,20,1200,0,0,0,0,DoS-ICMP
80,6,20,1480,20,0,0,0,DoS-HTTP
22,6,20,1200,0,0,20,0,SSH-Bruteforce
80,6,20,1200,20,0,0,0,DoS-SYN-Flood
80,6,20,1480,20,0,0,0,DoS-HTTP
36520,17,20,27980,0,0,0,0,BENIGN
80,6,20,1480,20,0,0,0,DoS-HTTP
22,6,20,1200,0,0,20,0,SSH-Bruteforce
0,1,20,840,0,0,0,0,DoS-ICMP
24668,6,2,120,2,0,0,0,PortScan
7998,6,10,580,10,10,0,0,SSH-Bruteforce
80,6,20,1200,20,0,0,0,DoS-SYN-Flood
80,6,20,1200,20,0,0,0,DoS-SYN-Flood
80,17,20,1200,0,0,0,0,DoS-UDP
27317,6,5,290,5,5,0,0,SSH-Bruteforce
443,17,20,2594,0,0,0,0,BENIGN
32894,6,2,120,2,0,0,0,PortScan
80,6,20,1200,20,0,0,0,DoS-SYN-Flood
80,6,20,1480,20,0,0,0,DoS-HTTP
63890,6,2,120,2,0,0,0,PortScan
7374,6,7,406,7,7,0,0,SSH-Bruteforce
34055,6,4,240,4,0,0,0,PortScan
80,6,20,1200,20,0,0,0,DoS-SYN-Flood
21945,6,2,120,2,0,0,0,PortScan
80,6,20,1200,20,0,0,0,DoS-SYN-Flood
59917,6,2,120,2,0,0,0,PortScan
80,6,20,1480,20,0,0,0,DoS-HTTP
0,1,20,840,0,0,0,0,DoS-ICMP
53258,6,20,28900,0,20,0,0,BENIGN
46987,6,7,406,7,7,0,0,SSH-Bruteforce
80,6,20,1200,20,0,0,0,DoS-SYN-Flood
80,17,20,1200,0,0,0,0,DoS-UDP
26441,6,8,464,8,8,0,0,SSH-Bruteforce
80,6,20,1480,20,0,0,0,DoS-HTTP
80,17,20,1200,0,0,0,0,DoS-UDP
47822,6,20,29500,0,20,0,0,BENIGN
60886,6,20,28660,0,20,0,0,BENIGN
80,17,20,1200,0,0,0,0,DoS-UDP
80,17,20,1200,0,0,0,0,DoS-UDP
53094,6,2,120,2,0,0,0,PortScan
80,17,20,1200,0,0,0,0,DoS-UDP
80,6,20,1480,20,0,0,0,DoS-HTTP
42774,6,2,120,2,0,0,0,PortScan
22,6,20,1200,10,0,10,0,SSH-Bruteforce
80,17,20,1200,0,0,0,0,DoS-UDP
4297,6,4,240,4,0,0,0,PortScan
0,1,20,840,0,0,0,0,DoS-ICMP
80,6,20,1480,20,0,0,0,DoS-HTTP
80,6,20,1480,20,0,0,0,DoS-HTTP
80,6,20,1480,20,0,0,0,DoS-HTTP
80,6,20,1480,20,0,0,0,DoS-HTTP
80,6,20,1200,20,0,0,0,DoS-SYN-Flood
0,1,20,1200,0,0,0,0,DoS-ICMP
62490,6,2,120,2,0,0,0,PortScan
80,6,20,1480,20,0,0,0,DoS-HTTP
80,6,20,1200,20,0,0,0,DoS-SYN-Flood
22,6,20,1200,20,0,0,0,SSH-Bruteforce
24881,6,4,240,4,0,0,0,PortScan
35860,6,7,406,7,7,0,0,SSH-Bruteforce
11704,6,6,360,6,0,0,0,PortScan
0,1,20,840,0,0,0,0,DoS-ICMP
33240,6,20,29140,0,20,0,0,BENIGN
0,1,20,1200,0,0,0,0,DoS-ICMP
80,6,20,1480,20,0,0,0,DoS-HTTP
11869,6,4,240,4,0,0,0,PortScan
80,6,20,1480,20,0,0,0,DoS-HTTP
80,6,20,1200,20,0,0,0,DoS-SYN-Flood
80,6,20,1480,20,0,0,0,DoS-HTTP
0,1,20,1200,0,0,0,0,DoS-ICMP
80,6,20,1480,20,0,0,0,DoS-HTTP
80,6,20,1200,20,0,0,0,DoS-SYN-Flood
80,17,20,1200,0,0,0,0,DoS-UDP
80,6,20,1200,20,0,0,0,DoS-SYN-Flood
49287,6,2,120,2,0,0,0,PortScan
80,6,20,1480,20,0,0,0,DoS-HTTP
40772,6,9,522,9,9,0,0,SSH-Bruteforce
80,17,20,1200,0,0,0,0,DoS-UDP
80,6,20,1200,20,0,0,0,DoS-SYN-Flood
80,6,20,1480,20,0,0,0,DoS-HTTP
80,17,20,1200,0,0,0,0,DoS-UDP
0,1,20,840,0,0,0,0,DoS-ICMP
39864,6,4,240,4,0,0,0,PortScan
34654,6,8,464,8,8,0,0,SSH-Bruteforce
51983,6,4,240,4,0,0,0,PortScan
0,1,20,840,0,0,0,0,DoS-ICMP
60628,6,2,120,2,0,0,0,PortScan
80,6,20,1480,20,0,0,0,DoS-HTTP
80,17,20,1200,0,0,0,0,DoS-UDP
9914,6,9,522,9,9,0,0,SSH-Bruteforce
37724,6,11,638,11,11,0,0,SSH-Bruteforce
43192,6,2,120,2,0,0,0,PortScan
0,1,20,1200,0,0,0,0,DoS-ICMP
58733,6,2,120,2,0,0,0,PortScan
80,6,20,1200,20,0,0,0,DoS-SYN-Flood
60886,6,20,26280,0,20,0,0,BENIGN
25678,6,4,240,4,0,0,0,PortScan
0,1,20,840,0,0,0,0,DoS-ICMP
80,6,20,1480,20,0,0,0,DoS-HTTP
6838,6,4,240,4,0,0,0,PortScan
22,6,20,1200,0,0,20,0,SSH-Bruteforce
0,1,20,840,0,0,0,0,DoS-ICMP
80,6,20,1200,20,0,0,0,DoS-SYN-Flood
63735,6,5,290,5,5,0,0,SSH-Bruteforce
9147,6,6,360,6,0,0,0,PortScan
22,6,20,1200,6,0,14,0,SSH-Bruteforce
443,6,20,1769,0,20,0,0,BENIGN
37790,6,5,290,5,5,0,0,SSH-Bruteforce
80,17,20,1200,0,0,0,0,DoS-UDP
0,1,20,840,0,0,0,0,DoS-ICMP
80,6,20,1480,20,0,0,0,DoS-HTTP
80,6,20,1200,20,0,0,0,DoS-SYN-Flood
0,1,20,840,0,0,0,0,DoS-ICMP
22,6,20,1200,4,0,16,0,SSH-Bruteforce
22,6,20,1200,0,0,20,0,SSH-Bruteforce
35106,6,2,120,2,0,0,0,PortScan
22,6,20,1200,0,0,20,0,SSH-Bruteforce
80,6,20,1200,20,0,0,0,DoS-SYN-Flood
80,17,20,1200,0,0,0,0,DoS-UDP
80,6,20,1200,20,0,0,0,DoS-SYN-Flood
45424,6,20,1415,0,20,0,0,BENIGN
0,1,20,1200,0,0,0,0,DoS-ICMP
0,1,20,840,0,0,0,0,DoS-ICMP
40357,6,2,120,2,0,0,0,PortScan
22,6,20,1200,0,0,20,0,SSH-Bruteforce
0,1,20,1200,0,0,0,0,DoS-ICMP
54807,6,2,120,2,0,0,0,PortScan
80,17,20,1200,0,0,0,0,DoS-UDP
309,6,4,240,4,0,0,0,PortScan
80,17,20,1200,0,0,0,0,DoS-UDP
21555,6,4,240,4,0,0,0,PortScan
80,6,20,1200,20,0,0,0,DoS-SYN-Flood
80,17,20,1200,0,0,0,0,DoS-UDP
5622,6,8,464,8,8,0,0,SSH-Bruteforce
80,17,20,1200,0,0,0,0,DoS-UDP
80,17,20,1200,0,0,0,0,DoS-UDP
22,6,20,1200,0,0,20,0,SSH-Bruteforce
80,6,12,1157,1,11,0,1,BENIGN
80,6,20,1200,20,0,0,0,DoS-SYN-Flood
10479,6,4,240,4,0,0,0,PortScan
22,6,20,1200,0,0,20,0,SSH-Bruteforce
19631,6,6,348,6,6,0,0,SSH-Bruteforce
80,17,20,1200,0,0,0,0,DoS-UDP
80,6,20,1480,20,0,0,0,DoS-HTTP
29480,6,7,406,7,7,0,0,SSH-Bruteforce
0,1,20,840,0,0,0,0,DoS-ICMP
80,6,20,1200,20,0,0,0,DoS-SYN-Flood
0,1,20,1200,0,0,0,0,DoS-ICMP
24862,6,6,348,6,6,0,0,SSH-Bruteforce
1771,6,4,240,4,0,0,0,PortScan
47999,6,4,240,4,0,0,0,PortScan
36142,6,4,240,4,0,0,0,PortScan
0,1,20,1200,0,0,0,0,DoS-ICMP
80,6,20,1200,20,0,0,0,DoS-SYN-Flood
80,6,20,1200,20,0,0,0,DoS-SYN-Flood
80,17,20,1200,0,0,0,0,DoS-UDP
80,6,20,1200,20,0,0,0,DoS-SYN-Flood
33513,17,2,218,0,0,0,0,BENIGN
80,6,20,1480,20,0,0,0,DoS-HTTP
80,6,20,1200,20,0,0,0,DoS-SYN-Flood
25887,6,2,120,2,0,0,0,PortScan
80,17,20,1200,0,0,0,0,DoS-UDP
0,1,20,840,0,0,0,0,DoS-ICMP
29804,6,7,406,7,7,0,0,SSH-Bruteforce
17439,6,2,120,2,0,0,0,PortScan
61289,6,2,120,2,0,0,0,PortScan
2524,6,9,522,9,9,0,0,SSH-Bruteforce
0,1,20,1200,0,0,0,0,DoS-ICMP
55954,6,4,240,4,0,0,0,PortScan
25184,6,6,348,6,6,0,0,SSH-Bruteforce
80,6,20,1480,20,0,0,0,DoS-HTTP
9900,6,4,240,4,0,0,0,PortScan
80,6,20,1200,20,0,0,0,DoS-SYN-Flood
9118,6,9,522,9,9,0,0,SSH-Bruteforce
12107,6,6,348,6,6,0,0,SSH-Bruteforce
80,17,20,1200,0,0,0,0,DoS-UDP
63441,6,2,120,2,0,0,0,PortScan
9281,6,7,406,7,7,0,0,SSH-Bruteforce
80,6,20,1200,20,0,0,0,DoS-SYN-Flood
80,17,20,1200,0,0,0,0,DoS-UDP
42320,6,11,638,11,11,0,0,SSH-Bruteforce
80,6,20,1200,20,0,0,0,DoS-SYN-Flood
34027,6,7,406,7,7,0,0,SSH-Bruteforce
43474,6,2,120,2,0,0,0,PortScan
80,6,20,1480,20,0,0,0,DoS-HTTP
0,1,20,1200,0,0,0,0,DoS-ICMP
32741,6,4,240,4,0,0,0,PortScan
33240,6,20,29200,0,20,0,0,BENIGN
22,6,20,1200,20,0,0,0,SSH-Bruteforce
80,17,20,1200,0,0,0,0,DoS-UDP
0,1,20,1200,0,0,0,0,DoS-ICMP
80,6,20,1200,20,0,0,0,DoS-SYN-Flood
519,6,6,348,6,6,0,0,SSH-Bruteforce
33240,6,20,29080,0,20,0,0,BENIGN
443,17,20,2721,0,0,0,0,BENIGN
0,1,20,1200,0,0,0,0,DoS-ICMP
80,6,20,1200,20,0,0,0,DoS-SYN-Flood
80,6,20,1200,20,0,0,0,DoS-SYN-Flood
35854,6,20,11821,0,20,0,0,BENIGN
32755,6,2,120,2,0,0,0,PortScan
39473,6,2,120,2,0,0,0,PortScan
62442,6,4,240,4,0,0,0,PortScan
80,17,20,1200,0,0,0,0,DoS-UDP
0,1,20,1200,0,0,0,0,DoS-ICMP
37332,6,11,638,11,11,0,0,SSH-Bruteforce
443,6,20,3420,2,18,0,1,BENIGN
80,6,20,1480,20,0,0,0,DoS-HTTP
80,6,20,1480,20,0,0,0,DoS-HTTP
80,17,20,1200,0,0,0,0,DoS-UDP
36618,6,2,120,2,0,0,0,PortScan
31669,6,6,348,6,6,0,0,SSH-Bruteforce
27027,6,2,120,2,0,0,0,PortScan
22,6,20,1200,20,0,0,0,SSH-Bruteforce
0,1,20,840,0,0,0,0,DoS-ICMP
443,6,20,7399,0,20,0,0,BENIGN
36520,17,20,26751,0,0,0,0,BENIGN
54746,6,20,29140,0,20,0,0,BENIGN
48560,6,2,120,2,0,0,0,PortScan
54927,6,7,406,7,7,0,0,SSH-Bruteforce
80,17,20,1200,0,0,0,0,DoS-UDP
80,17,20,1200,0,0,0,0,DoS-UDP
22,6,20,1200,20,0,0,0,SSH-Bruteforce
80,6,20,1480,20,0,0,0,DoS-HTTP
80,17,20,1200,0,0,0,0,DoS-UDP
80,6,20,1200,20,0,0,0,DoS-SYN-Flood
51294,17,11,9571,0,0,0,0,BENIGN
4748,6,4,240,4,0,0,0,PortScan
80,6,20,1200,20,0,0,0,DoS-SYN-Flood
6072,6,7,406,7,7,0,0,SSH-Bruteforce
80,6,20,1200,20,0,0,0,DoS-SYN-Flood
80,17,20,1200,0,0,0,0,DoS-UDP
16121,6,2,120,2,0,0,0,PortScan
80,6,20,1480,20,0,0,0,DoS-HTTP
80,6,20,1200,20,0,0,0,DoS-SYN-Flood
80,17,20,1200,0,0,0,0,DoS-UDP
43510,6,8,464,8,8,0,0,SSH-Bruteforce
80,17,20,1200,0,0,0,0,DoS-UDP
80,6,20,1480,20,0,0,0,DoS-HTTP
0,1,20,840,0,0,0,0,DoS-ICMP
17108,6,11,638,11,11,0,0,SSH-Bruteforce
33595,17,20,11730,0,0,0,0,BENIGN
80,6,20,1200,20,0,0,0,DoS-SYN-Flood
54829,17,20,27980,0,0,0,0,BENIGN
22,6,20,1200,17,0,3,0,SSH-Bruteforce
45476,6,8,464,8,8,0,0,SSH-Bruteforce
36903,6,2,120,2,0,0,0,PortScan
0,1,20,840,0,0,0,0,DoS-ICMP
59433,6,4,240,4,0,0,0,PortScan
33390,6,4,232,4,4,0,0,SSH-Bruteforce
0,1,20,840,0,0,0,0,DoS-ICMP
80,6,20,1480,20,0,0,0,DoS-HTTP
20023,6,2,120,2,0,0,0,PortScan
80,6,20,1200,20,0,0,0,DoS-SYN-Flood
80,6,20,1200,20,0,0,0,DoS-SYN-Flood
22510,6,2,120,2,0,0,0,PortScan
0,1,20,840,0,0,0,0,DoS-ICMP
28902,6,6,348,6,6,0,0,SSH-Bruteforce
80,17,20,1200,0,0,0,0,DoS-UDP
80,6,20,1480,20,0,0,0,DoS-HTTP
80,6,20,1200,20,0,0,0,DoS-SYN-Flood
786,6,5,290,5,5,0,0,SSH-Bruteforce
0,1,20,840,0,0,0,0,DoS-ICMP
138,17,2,486,0,0,0,0,BENIGN
80,17,20,1200,0,0,0,0,DoS-UDP
80,6,20,1480,20,0,0,0,DoS-HTTP
80,6,20,1200,20,0,0,0,DoS-SYN-Flood
0,1,20,840,0,0,0,0,DoS-ICMP
7396,6,8,464,8,8,0,0,SSH-Bruteforce
80,6,20,1200,20,0,0,0,DoS-SYN-Flood
11957,6,6,348,6,6,0,0,SSH-Bruteforce
80,6,20,1200,20,0,0,0,DoS-SYN-Flood
58132,6,4,240,4,0,0,0,PortScan
62478,6,4,232,4,4,0,0,SSH-Bruteforce
8275,6,4,240,4,0,0,0,PortScan
0,1,20,1200,0,0,0,0,DoS-ICMP
0,1,20,840,0,0,0,0,DoS-ICMP
80,17,20,1200,0,0,0,0,DoS-UDP
0,1,20,840,0,0,0,0,DoS-ICMP
80,17,20,1200,0,0,0,0,DoS-UDP
0,1,20,840,0,0,0,0,DoS-ICMP
80,6,20,1480,20,0,0,0,DoS-HTTP
48713,6,4,240,4,0,0,0,PortScan
0,1,20,1200,0,0,0,0,DoS-ICMP
80,6,20,1480,20,0,0,0,DoS-HTTP
0,1,20,840,0,0,0,0,DoS-ICMP
58274,6,2,120,2,0,0,0,PortScan
59843,6,6,348,6,6,0,0,SSH-Bruteforce
22,6,20,1200,17,0,3,0,SSH-Bruteforce
80,17,20,1200,0,0,0,0,DoS-UDP
80,6,20,1200,20,0,0,0,DoS-SYN-Flood
80,6,20,1200,20,0,0,0,DoS-SYN-Flood
22,6,20,1200,20,0,0,0,SSH-Bruteforce
80,17,20,1200,0,0,0,0,DoS-UDP
22,6,20,1200,20,0,0,0,SSH-Bruteforce
80,17,20,1200,0,0,0,0,DoS-UDP
53258,6,20,28356,0,20,0,0,BENIGN
80,6,20,1200,20,0,0,0,DoS-SYN-Flood
25294,6,2,120,2,0,0,0,PortScan
62983,6,2,120,2,0,0,0,PortScan
80,17,20,1200,0,0,0,0,DoS-UDP
17019,6,10,580,10,10,0,0,SSH-Bruteforce
0,1,20,840,0,0,0,0,DoS-ICMP
80,6,20,1480,20,0,0,0,DoS-HTTP
0,1,20,840,0,0,0,0,DoS-ICMP
0,1,20,840,0,0,0,0,DoS-ICMP
0,1,20,840,0,0,0,0,DoS-ICMP
42440,17,20,27980,0,0,0,0,BENIGN
80,6,20,1200,20,0,0,0,DoS-SYN-Flood
0,1,20,840,0,0,0,0,DoS-ICMP
38361,6,10,580,10,10,0,0,SSH-Bruteforce
80,6,20,1480,20,0,0,0,DoS-HTTP
22,6,20,1200,1,0,19,0,SSH-Bruteforce
62450,6,5,290,5,5,0,0,SSH-Bruteforce
80,6,20,1200,20,0,0,0,DoS-SYN-Flood
80,6,20,1200,20,0,0,0,DoS-SYN-Flood
80,17,20,1200,0,0,0,0,DoS-UDP
80,6,20,1200,20,0,0,0,DoS-SYN-Flood
80,6,20,1200,20,0,0,0,DoS-SYN-Flood
58228,6,4,240,4,0,0,0,PortScan
80,6,20,1480,20,0,0,0,DoS-HTTP
80,17,20,1200,0,0,0,0,DoS-UDP
12221,6,6,360,6,0,0,0,PortScan
80,6,20,1480,20,0,0,0,DoS-HTTP
80,6,20,1200,20,0,0,0,DoS-SYN-Flood
80,6,20,1480,20,0,0,0,DoS-HTTP
27154,6,5,290,5,5,0,0,SSH-Bruteforce
22,6,20,1200,20,0,0,0,SSH-Bruteforce
80,6,20,1200,20,0,0,0,DoS-SYN-Flood
36520,17,20,27980,0,0,0,0,BENIGN
36520,17,20,27980,0,0,0,0,BENIGN
33057,6,7,406,7,7,0,0,SSH-Bruteforce
0,1,20,1200,0,0,0,0,DoS-ICMP
43497,6,2,120,2,0,0,0,PortScan
52181,6,4,240,4,0,0,0,PortScan
35769,6,11,638,11,11,0,0,SSH-Bruteforce
50963,6,4,240,4,0,0,0,PortScan
0,1,20,840,0,0,0,0,DoS-ICMP
80,6,20,1200,20,0,0,0,DoS-SYN-Flood
27001,6,4,240,4,0,0,0,PortScan
80,6,20,1200,20,0,0,0,DoS-SYN-Flood
80,17,20,1200,0,0,0,0,DoS-UDP
0,1,20,1200,0,0,0,0,DoS-ICMP
62034,6,2,120,2,0,0,0,PortScan
31996,6,7,406,7,7,0,0,SSH-Bruteforce
51921,6,2,120,2,0,0,0,PortScan
0,1,20,1200,0,0,0,0,DoS-ICMP
80,6,20,1200,20,0,0,0,DoS-SYN-Flood
80,6,20,1200,20,0,0,0,DoS-SYN-Flood
80,6,20,1480,20,0,0,0,DoS-HTTP
0,1,20,1200,0,0,0,0,DoS-ICMP
80,6,20,1480,20,0,0,0,DoS-HTTP
80,17,20,1200,0,0,0,0,DoS-UDP
62764,6,7,406,7,7,0,0,SSH-Bruteforce
64394,6,2,120,2,0,0,0,PortScan
60886,6,20,30279,0,20,0,0,BENIGN
50013,6,11,638,11,11,0,0,SSH-Bruteforce
80,17,20,1200,0,0,0,0,DoS-UDP
80,6,20,1200,20,0,0,0,DoS-SYN-Flood
33387,6,5,290,5,5,0,0,SSH-Bruteforce
80,6,20,1480,20,0,0,0,DoS-HTTP
80,6,20,1200,20,0,0,0,DoS-SYN-Flood
80,6,20,1200,20,0,0,0,DoS-SYN-Flood
0,1,20,1200,0,0,0,0,DoS-ICMP
80,6,20,1480,20,0,0,0,DoS-HTTP
62954,6,4,240,4,0,0,0,PortScan
80,17,20,1200,0,0,0,0,DoS-UDP
24716,6,2,120,2,0,0,0,PortScan
57340,6,4,240,4,0,0,0,PortScan
80,17,20,1200,0,0,0,0,DoS-UDP
80,6,20,1200,20,0,0,0,DoS-SYN-Flood
35759,6,2,120,2,0,0,0,PortScan
80,6,20,1200,20,0,0,0,DoS-SYN-Flood
22,6,20,1200,0,0,20,0,SSH-Bruteforce
80,6,20,1200,20,0,0,0,DoS-SYN-Flood
44332,6,2,120,2,0,0,0,PortScan
7284,6,5,290,5,5,0,0,SSH-Bruteforce
28093,6,2,120,2,0,0,0,PortScan
0,1,20,840,0,0,0,0,DoS-ICMP
80,6,20,1200,20,0,0,0,DoS-SYN-Flood
80,17,20,1200,0,0,0,0,DoS-UDP
0,1,20,1200,0,0,0,0,DoS-ICMP
24502,6,4,240,4,0,0,0,PortScan
4641,6,4,240,4,0,0,0,PortScan
80,17,20,1200,0,0,0,0,DoS-UDP
0,1,20,1200,0,0,0,0,DoS-ICMP
6230,6,6,360,6,0,0,0,PortScan
63230,6,4,240,4,0,0,0,PortScan
8950,6,4,240,4,0,0,0,PortScan
0,1,20,840,0,0,0,0,DoS-ICMP
17310,6,8,464,8,8,0,0,SSH-Bruteforce
80,6,20,1200,20,0,0,0,DoS-SYN-Flood
9562,6,9,522,9,9,0,0,SSH-Bruteforce
0,1,20,1200,0,0,0,0,DoS-ICMP
49711,6,2,120,2,0,0,0,PortScan
80,6,20,1480,20,0,0,0,DoS-HTTP
80,6,20,1200,20,0,0,0,DoS-SYN-Flood
0,1,20,840,0,0,0,0,DoS-ICMP
44298,6,2,120,2,0,0,0,PortScan
80,17,20,1200,0,0,0,0,DoS-UDP
24740,6,2,120,2,0,0,0,PortScan
443,17,20,1686,0,0,0,0,BENIGN
41702,6,2,120,2,0,0,0,PortScan
80,6,20,1200,20,0,0,0,DoS-SYN-Flood
80,17,20,1200,0,0,0,0,DoS-UDP
80,6,20,1200,20,0,0,0,DoS-SYN-Flood
80,6,20,1480,20,0,0,0,DoS-HTTP
80,17,20,1200,0,0,0,0,DoS-UDP
80,6,20,1200,20,0,0,0,DoS-SYN-Flood
80,6,20,1480,20,0,0,0,DoS-HTTP
80,17,20,1200,0,0,0,0,DoS-UDP
0,1,20,1200,0,0,0,0,DoS-ICMP
39628,6,8,464,8,8,0,0,SSH-Bruteforce
0,1,20,840,0,0,0,0,DoS-ICMP
80,17,20,1200,0,0,0,0,DoS-UDP
22,6,20,1200,20,0,0,0,SSH-Bruteforce
80,17,20,1200,0,0,0,0,DoS-UDP
80,6,20,1200,20,0,0,0,DoS-SYN-Flood
80,17,20,1200,0,0,0,0,DoS-UDP
80,17,20,1200,0,0,0,0,DoS-UDP
0,1,20,1200,0,0,0,0,DoS-ICMP
50122,6,4,240,4,0,0,0,PortScan
33040,6,2,120,2,0,0,0,PortScan
36520,17,20,27980,0,0,0,0,BENIGN
0,1,20,1200,0,0,0,0,DoS-ICMP
80,17,20,1200,0,0,0,0,DoS-UDP
56496,6,7,406,7,7,0,0,SSH-Bruteforce
80,17,20,1200,0,0,0,0,DoS-UDP
49675,6,9,522,9,9,0,0,SSH-Bruteforce
41081,6,13,754,13,13,0,0,SSH-Bruteforce
36520,17,20,27980,0,0,0,0,BENIGN
30026,6,2,120,2,0,0,0,PortScan
80,6,20,1480,20,0,0,0,DoS-HTTP
80,17,20,1200,0,0,0,0,DoS-UDP
22,6,20,1200,0,0,20,0,SSH-Bruteforce
10091,6,6,360,6,0,0,0,PortScan
58991,6,10,580,10,10,0,0,SSH-Bruteforce
80,17,20,1200,0,0,0,0,DoS-UDP
80,6,20,1200,20,0,0,0,DoS-SYN-Flood
35235,6,9,522,9,9,0,0,SSH-Bruteforce
0,1,20,1200,0,0,0,0,DoS-ICMP
59755,6,2,120,2,0,0,0,PortScan
80,6,20,1480,20,0,0,0,DoS-HTTP
49743,6,10,580,10,10,0,0,SSH-Bruteforce
80,6,20,1200,20,0,0,0,DoS-SYN-Flood
0,1,20,840,0,0,0,0,DoS-ICMP
22,6,20,1200,20,0,0,0,SSH-Bruteforce
80,17,20,1200,0,0,0,0,DoS-UDP
0,1,20,840,0,0,0,0,DoS-ICMP
9826,6,6,348,6,6,0,0,SSH-Bruteforce
80,17,20,1200,0,0,0,0,DoS-UDP
80,6,20,1200,20,0,0,0,DoS-SYN-Flood
80,6,20,1200,20,0,0,0,DoS-SYN-Flood
80,6,20,1480,20,0,0,0,DoS-HTTP
80,6,20,1200,20,0,0,0,DoS-SYN-Flood
34899,6,7,406,7,7,0,0,SSH-Bruteforce
0,1,20,840,0,0,0,0,DoS-ICMP
3693,6,4,240,4,0,0,0,PortScan
3156,6,4,240,4,0,0,0,PortScan
80,17,20,1200,0,0,0,0,DoS-UDP
80,17,20,1200,0,0,0,0,DoS-UDP
80,6,20,1480,20,0,0,0,DoS-HTTP
0,1,20,1200,0,0,0,0,DoS-ICMP
9831,6,4,240,4,0,0,0,PortScan
80,6,20,1480,20,0,0,0,DoS-HTTP
80,17,20,1200,0,0,0,0,DoS-UDP
80,6,20,1200,20,0,0,0,DoS-SYN-Flood
46308,6,2,120,2,0,0,0,PortScan
80,17,20,1200,0,0,0,0,DoS-UDP
80,17,20,1200,0,0,0,0,DoS-UDP
80,6,20,1200,20,0,0,0,DoS-SYN-Flood
80,17,20,1200,0,0,0,0,DoS-UDP
80,17,20,1200,0,0,0,0,DoS-UDP
39046,6,7,406,7,7,0,0,SSH-Bruteforce
22,6,20,1200,19,0,1,0,SSH-Bruteforce
80,6,20,1480,20,0,0,0,DoS-HTTP
8969,6,8,464,8,8,0,0,SSH-Bruteforce
9820,6,6,360,6,0,0,0,PortScan
80,6,20,1200,20,0,0,0,DoS-SYN-Flood
80,6,20,1200,20,0,0,0,DoS-SYN-Flood
80,17,20,1200,0,0,0,0,DoS-UDP
80,6,20,1200,20,0,0,0,DoS-SYN-Flood
0,1,20,1200,0,0,0,0,DoS-ICMP
80,6,20,1200,20,0,0,0,DoS-SYN-Flood
80,17,20,1200,0,0,0,0,DoS-UDP
80,17,20,1200,0,0,0,0,DoS-UDP
0,1,20,840,0,0,0,0,DoS-ICMP
45604,6,6,348,6,6,0,0,SSH-Bruteforce
53466,6,2,120,2,0,0,0,PortScan
80,6,20,1200,20,0,0,0,DoS-SYN-Flood
54660,6,5,290,5,5,0,0,SSH-Bruteforce
38818,6,2,120,2,0,0,0,PortScan
80,6,20,1200,20,0,0,0,DoS-SYN-Flood
80,17,20,1200,0,0,0,0,DoS-UDP
80,6,20,1200,20,0,0,0,DoS-SYN-Flood
22,6,20,1200,19,0,1,0,SSH-Bruteforce
0,1,20,840,0,0,0,0,DoS-ICMP
55397,6,4,240,4,0,0,0,PortScan
0,1,20,1200,0,0,0,0,DoS-ICMP
80,6,20,1480,20,0,0,0,DoS-HTTP
60886,6,20,29080,0,20,0,0,BENIGN
0,1,20,840,0,0,0,0,DoS-ICMP
80,6,20,1200,20,0,0,0,DoS-SYN-Flood
63222,6,2,120,2,0,0,0,PortScan
2988,6,4,240,4,0,0,0,PortScan
80,6,20,1200,20,0,0,0,DoS-SYN-Flood
40689,6,4,240,4,0,0,0,PortScan
80,6,20,1480,20,0,0,0,DoS-HTTP
26464,6,2,120,2,0,0,0,PortScan
80,17,20,1200,0,0,0,0,DoS-UDP
80,6,20,1200,20,0,0,0,DoS-SYN-Flood
40255,6,7,406,7,7,0,0,SSH-Bruteforce
44944,6,9,522,9,9,0,0,SSH-Bruteforce
80,6,20,1200,20,0,0,0,DoS-SYN-Flood
80,17,20,1200,0,0,0,0,DoS-UDP
59769,17,20,27976,0,0,0,0,BENIGN
80,17,20,1200,0,0,0,0,DoS-UDP
80,6,20,1480,20,0,0,0,DoS-HTTP
36520,17,20,27980,0,0,0,0,BENIGN
53818,6,4,240,4,0,0,0,PortScan
80,6,20,1200,20,0,0,0,DoS-SYN-Flood
80,6,20,1200,20,0,0,0,DoS-SYN-Flood
11216,6,4,240,4,0,0,0,PortScan
36520,17,20,27980,0,0,0,0,BENIGN
80,6,20,1200,20,0,0,0,DoS-SYN-Flood
80,6,20,1200,20,0,0,0,DoS-SYN-Flood
22,6,20,1200,20,0,0,0,SSH-Bruteforce
80,17,20,1200,0,0,0,0,DoS-UDP
80,6,20,1480,20,0,0,0,DoS-HTTP
80,6,20,1480,20,0,0,0,DoS-HTTP
80,6,20,1200,20,0,0,0,DoS-SYN-Flood
22,6,20,1200,20,0,0,0,SSH-Bruteforce
80,17,20,1200,0,0,0,0,DoS-UDP
12025,6,4,240,4,0,0,0,PortScan
0,1,20,840,0,0,0,0,DoS-ICMP
22,6,20,1200,17,0,3,0,SSH-Bruteforce
80,6,20,1200,20,0,0,0,DoS-SYN-Flood
25722,6,7,406,7,7,0,0,SSH-Bruteforce
80,6,20,1480,20,0,0,0,DoS-HTTP
36140,6,2,120,2,0,0,0,PortScan
80,6,20,1480,20,0,0,0,DoS-HTTP
80,17,20,1200,0,0,0,0,DoS-UDP
36520,17,20,27980,0,0,0,0,BENIGN
43341,6,2,120,2,0,0,0,PortScan
0,1,20,840,0,0,0,0,DoS-ICMP
50404,6,2,120,2,0,0,0,PortScan
80,6,20,1200,20,0,0,0,DoS-SYN-Flood
80,6,20,1200,20,0,0,0,DoS-SYN-Flood
80,6,20,1480,20,0,0,0,DoS-HTTP
31267,6,4,240,4,0,0,0,PortScan
80,6,20,1200,20,0,0,0,DoS-SYN-Flood
80,6,20,1480,20,0,0,0,DoS-HTTP
80,6,20,1480,20,0,0,0,DoS-HTTP
80,6,20,1480,20,0,0,0,DoS-HTTP
80,17,20,1200,0,0,0,0,DoS-UDP
26854,6,2,120,2,0,0,0,PortScan
80,6,20,1200,20,0,0,0,DoS-SYN-Flood
20778,6,7,406,7,7,0,0,SSH-Bruteforce
80,6,20,1480,20,0,0,0,DoS-HTTP
54829,17,20,27980,0,0,0,0,BENIGN
80,17,20,1200,0,0,0,0,DoS-UDP
80,6,20,1200,20,0,0,0,DoS-SYN-Flood
21927,6,2,120,2,0,0,0,PortScan
443,17,20,10919,0,0,0,0,BENIGN
0,1,20,1200,0,0,0,0,DoS-ICMP
58423,6,6,348,6,6,0,0,SSH-Bruteforce
63896,6,2,120,2,0,0,0,PortScan
80,17,20,1200,0,0,0,0,DoS-UDP
80,6,20,1200,20,0,0,0,DoS-SYN-Flood
59265,6,6,348,6,6,0,0,SSH-Bruteforce
0,1,20,840,0,0,0,0,DoS-ICMP
80,6,20,1200,20,0,0,0,DoS-SYN-Flood
57531,6,2,120,2,0,0,0,PortScan
0,1,20,840,0,0,0,0,DoS-ICMP
80,17,20,1200,0,0,0,0,DoS-UDP
50499,6,4,240,4,0,0,0,PortScan
52334,6,3,180,3,0,0,0,PortScan
80,17,20,1200,0,0,0,0,DoS-UDP
47013,6,2,120,2,0,0,0,PortScan
58369,6,2,120,2,0,0,0,PortScan
80,6,20,1480,20,0,0,0,DoS-HTTP
80,6,20,1480,20,0,0,0,DoS-HTTP
80,6,20,1200,20,0,0,0,DoS-SYN-Flood
80,6,20,1480,20,0,0,0,DoS-HTTP
80,6,20,1200,20,0,0,0,DoS-SYN-Flood
80,17,20,1200,0,0,0,0,DoS-UDP
16349,6,2,120,2,0,0,0,PortScan
53296,6,20,30280,0,20,0,0,BENIGN
80,17,20,1200,0,0,0,0,DoS-UDP
46398,17,20,27980,0,0,0,0,BENIGN
80,6,20,1480,20,0,0,0,DoS-HTTP
443,6,20,3404,2,18,0,1,BENIGN
22,6,20,1200,0,0,20,0,SSH-Bruteforce
46400,6,2,120,2,0,0,0,PortScan
80,17,20,1200,0,0,0,0,DoS-UDP
0,1,20,840,0,0,0,0,DoS-ICMP
53,17,7,540,0,0,0,0,BENIGN
80,17,20,1200,0,0,0,0,DoS-UDP
55528,6,8,464,8,8,0,0,SSH-Bruteforce
80,17,20,1200,0,0,0,0,DoS-UDP
80,17,20,1200,0,0,0,0,DoS-UDP
80,6,20,1200,20,0,0,0,DoS-SYN-Flood
44760,6,9,522,9,9,0,0,SSH-Bruteforce
80,6,20,1480,20,0,0,0,DoS-HTTP
49753,6,2,120,2,0,0,0,PortScan
20167,6,8,464,8,8,0,0,SSH-Bruteforce
80,6,20,1480,20,0,0,0,DoS-HTTP
80,6,20,1480,20,0,0,0,DoS-HTTP
80,6,20,1200,20,0,0,0,DoS-SYN-Flood
0,1,20,1200,0,0,0,0,DoS-ICMP
60318,6,4,240,4,0,0,0,PortScan
0,2,11,594,0,0,0,0,DoS-HTTP
80,6,20,1480,20,0,0,0,DoS-HTTP
80,17,20,1200,0,0,0,0,DoS-UDP
11361,6,4,240,4,0,0,0,PortScan
22,6,20,1200,0,0,20,0,SSH-Bruteforce
52757,6,13,754,13,13,0,0,SSH-Bruteforce
80,17,20,1200,0,0,0,0,DoS-UDP
53308,6,20,29260,0,20,0,0,BENIGN
80,17,20,1200,0,0,0,0,DoS-UDP
6267,6,4,240,4,0,0,0,PortScan
0,1,20,1200,0,0,0,0,DoS-ICMP
80,17,20,1200,0,0,0,0,DoS-UDP
23083,6,2,120,2,0,0,0,PortScan
80,17,20,1200,0,0,0,0,DoS-UDP
80,17,20,1200,0,0,0,0,DoS-UDP
32557,6,5,290,5,5,0,0,SSH-Bruteforce
23454,6,2,120,2,0,0,0,PortScan
23821,6,4,240,4,0,0,0,PortScan
26060,6,2,120,2,0,0,0,PortScan
80,6,20,1480,20,0,0,0,DoS-HTTP
15551,6,8,464,8,8,0,0,SSH-Bruteforce
80,6,20,1480,20,0,0,0,DoS-HTTP
80,6,20,1200,20,0,0,0,DoS-SYN-Flood
80,6,20,1480,20,0,0,0,DoS-HTTP
0,1,20,840,0,0,0,0,DoS-ICMP
63649,6,6,348,6,6,0,0,SSH-Bruteforce
80,6,20,1480,20,0,0,0,DoS-HTTP
53984,6,4,240,4,0,0,0,PortScan
45133,6,10,580,10,10,0,0,SSH-Bruteforce
0,1,20,840,0,0,0,0,DoS-ICMP
33240,6,20,29020,0,20,0,0,BENIGN
39902,17,20,27980,0,0,0,0,BENIGN
64973,6,6,348,6,6,0,0,SSH-Bruteforce
36520,17,20,27980,0,0,0,0,BENIGN
80,6,20,1480,20,0,0,0,DoS-HTTP
29115,6,5,290,5,5,0,0,SSH-Bruteforce
22,6,20,1200,0,0,20,0,SSH-Bruteforce
80,6,20,1200,20,0,0,0,DoS-SYN-Flood
80,6,20,1200,20,0,0,0,DoS-SYN-Flood
60886,6,20,27721,0,20,0,0,BENIGN
80,6,20,1200,20,0,0,0,DoS-SYN-Flood
80,6,20,1200,20,0,0,0,DoS-SYN-Flood
80,6,20,1480,20,0,0,0,DoS-HTTP
80,17,20,1200,0,0,0,0,DoS-UDP
80,17,20,1200,0,0,0,0,DoS-UDP
80,6,20,1480,20,0,0,0,DoS-HTTP
3874,6,7,406,7,7,0,0,SSH-Bruteforce
0,1,20,840,0,0,0,0,DoS-ICMP
80,6,20,1200,20,0,0,0,DoS-SYN-Flood
80,6,20,1480,20,0,0,0,DoS-HTTP
10539,6,6,360,6,0,0,0,PortScan
0,1,20,1200,0,0,0,0,DoS-ICMP
80,17,20,1200,0,0,0,0,DoS-UDP
80,6,20,1200,20,0,0,0,DoS-SYN-Flood
0,1,20,1200,0,0,0,0,DoS-ICMP
443,6,12,1708,1,11,0,1,BENIGN
58669,6,5,290,5,5,0,0,SSH-Bruteforce
80,6,20,1480,20,0,0,0,DoS-HTTP
80,17,20,1200,0,0,0,0,DoS-UDP
65258,6,6,348,6,6,0,0,SSH-Bruteforce
80,17,20,1200,0,0,0,0,DoS-UDP
80,6,20,1480,20,0,0,0,DoS-HTTP
19853,6,2,120,2,0,0,0,PortScan
54051,6,7,406,7,7,0,0,SSH-Bruteforce
0,1,20,840,0,0,0,0,DoS-ICMP
80,17,20,1200,0,0,0,0,DoS-UDP
80,6,20,1200,20,0,0,0,DoS-SYN-Flood
80,6,20,1480,20,0,0,0,DoS-HTTP
80,6,20,1200,20,0,0,0,DoS-SYN-Flood
80,6,20,1480,20,0,0,0,DoS-HTTP
80,6,20,1480,20,0,0,0,DoS-HTTP
30670,6,8,464,8,8,0,0,SSH-Bruteforce
80,17,20,1200,0,0,0,0,DoS-UDP
30368,6,4,240,4,0,0,0,PortScan
0,1,20,840,0,0,0,0,DoS-ICMP
49273,6,4,240,4,0,0,0,PortScan
43595,6,9,522,9,9,0,0,SSH-Bruteforce
22,6,20,1200,0,0,20,0,SSH-Bruteforce
80,6,20,1480,20,0,0,0,DoS-HTTP
10872,6,9,522,9,9,0,0,SSH-Bruteforce
22,6,20,1200,0,0,20,0,SSH-Bruteforce
19178,6,7,406,7,7,0,0,SSH-Bruteforce
51932,6,4,240,4,0,0,0,PortScan
80,6,20,1200,20,0,0,0,DoS-SYN-Flood
80,6,20,1200,20,0,0,0,DoS-SYN-Flood
0,1,20,840,0,0,0,0,DoS-ICMP
28665,6,4,240,4,0,0,0,PortScan
19514,6,7,406,7,7,0,0,SSH-Bruteforce
12148,6,6,348,6,6,0,0,SSH-Bruteforce
80,6,20,1480,20,0,0,0,DoS-HTTP
54687,6,2,120,2,0,0,0,PortScan
0,1,20,1200,0,0,0,0,DoS-ICMP
42970,17,2,192,0,0,0,0,BENIGN
80,17,20,1200,0,0,0,0,DoS-UDP
0,1,20,1200,0,0,0,0,DoS-ICMP
0,1,20,1200,0,0,0,0,DoS-ICMP
33658,6,10,580,10,10,0,0,SSH-Bruteforce
17814,6,2,120,2,0,0,0,PortScan
80,6,20,1200,20,0,0,0,DoS-SYN-Flood
40335,6,2,120,2,0,0,0,PortScan
80,6,20,1200,20,0,0,0,DoS-SYN-Flood
3917,6,7,406,7,7,0,0,SSH-Bruteforce
36520,17,20,27980,0,0,0,0,BENIGN
60886,6,20,20503,0,20,0,0,BENIGN
27266,6,2,120,2,0,0,0,PortScan
80,6,20,1200,20,0,0,0,DoS-SYN-Flood
54253,6,4,240,4,0,0,0,PortScan
80,6,20,1480,20,0,0,0,DoS-HTTP
46398,17,20,25402,0,0,0,0,BENIGN
22,6,20,1200,19,0,1,0,SSH-Bruteforce
80,6,20,1200,20,0,0,0,DoS-SYN-Flood
26586,6,5,290,5,5,0,0,SSH-Bruteforce
80,6,20,1200,20,0,0,0,DoS-SYN-Flood
80,17,20,1200,0,0,0,0,DoS-UDP
42212,6,6,348,6,6,0,0,SSH-Bruteforce
80,6,20,1200,20,0,0,0,DoS-SYN-Flood
36520,17,20,27980,0,0,0,0,BENIGN
80,6,20,1200,20,0,0,0,DoS-SYN-Flood
80,6,20,1200,20,0,0,0,DoS-SYN-Flood
80,6,20,1480,20,0,0,0,DoS-HTTP
45590,6,4,240,4,0,0,0,PortScan
80,6,20,1200,20,0,0,0,DoS-SYN-Flood
80,6,20,1200,20,0,0,0,DoS-SYN-Flood
80,6,20,1200,20,0,0,0,DoS-SYN-Flood
36520,17,20,27980,0,0,0,0,BENIGN
22,6,20,1200,20,0,0,0,SSH-Bruteforce
80,17,20,1200,0,0,0,0,DoS-UDP
48229,6,2,120,2,0,0,0,PortScan
80,6,20,1200,20,0,0,0,DoS-SYN-Flood
80,6,20,1480,20,0,0,0,DoS-HTTP
60516,6,20,28092,0,20,0,0,BENIGN
32839,6,6,348,6,6,0,0,SSH-Bruteforce
80,17,20,1200,0,0,0,0,DoS-UDP
53914,6,4,220,1,4,1,0,BENIGN
80,6,20,1200,20,0,0,0,DoS-SYN-Flood
29268,6,2,120,2,0,0,0,PortScan
80,6,20,1480,20,0,0,0,DoS-HTTP
80,17,20,1200,0,0,0,0,DoS-UDP
80,17,20,1200,0,0,0,0,DoS-UDP
55672,6,6,348,6,6,0,0,SSH-Bruteforce
28005,6,2,120,2,0,0,0,PortScan
0,1,20,1200,0,0,0,0,DoS-ICMP
15442,6,2,120,2,0,0,0,PortScan
8169,6,6,360,6,0,0,0,PortScan
80,6,20,1480,20,0,0,0,DoS-HTTP
80,17,20,1200,0,0,0,0,DoS-UDP
42418,6,16,1971,1,16,0,1,BENIGN
80,17,20,1200,0,0,0,0,DoS-UDP
80,6,20,1480,20,0,0,0,DoS-HTTP
80,6,20,1200,20,0,0,0,DoS-SYN-Flood
80,6,20,1200,20,0,0,0,DoS-SYN-Flood
80,17,20,1200,0,0,0,0,DoS-UDP
80,17,20,1200,0,0,0,0,DoS-UDP
22,6,20,1200,0,0,20,0,SSH-Bruteforce
62970,6,2,120,2,0,0,0,PortScan
80,6,20,1200,20,0,0,0,DoS-SYN-Flood
0,1,20,1200,0,0,0,0,DoS-ICMP
80,17,20,1200,0,0,0,0,DoS-UDP
80,17,20,1200,0,0,0,0,DoS-UDP
80,6,20,1200,20,0,0,0,DoS-SYN-Flood
46597,6,4,240,4,0,0,0,PortScan
10041,6,4,240,4,0,0,0,PortScan
0,1,20,840,0,0,0,0,DoS-ICMP
0,1,20,1200,0,0,0,0,DoS-ICMP
22,6,20,1200,0,0,20,0,SSH-Bruteforce
22937,6,2,120,2,0,0,0,PortScan
80,6,20,1200,20,0,0,0,DoS-SYN-Flood
80,6,20,1480,20,0,0,0,DoS-HTTP
28643,6,4,240,4,0,0,0,PortScan
42016,6,4,240,4,0,0,0,PortScan
13157,6,4,240,4,0,0,0,PortScan
0,1,20,1200,0,0,0,0,DoS-ICMP
80,17,20,1200,0,0,0,0,DoS-UDP
0,1,20,1200,0,0,0,0,DoS-ICMP
9880,6,6,360,6,0,0,0,PortScan
40600,6,2,120,2,0,0,0,PortScan
30469,6,8,464,8,8,0,0,SSH-Bruteforce
1356,6,4,240,4,0,0,0,PortScan
64288,6,2,120,2,0,0,0,PortScan
80,17,20,1200,0,0,0,0,DoS-UDP
80,6,20,1200,20,0,0,0,DoS-SYN-Flood
29592,6,4,240,4,0,0,0,PortScan
55191,6,9,522,9,9,0,0,SSH-Bruteforce
80,6,20,1200,20,0,0,0,DoS-SYN-Flood
80,17,20,1200,0,0,0,0,DoS-UDP
80,17,20,1200,0,0,0,0,DoS-UDP
80,17,20,1200,0,0,0,0,DoS-UDP
22,6,20,1200,0,0,20,0,SSH-Bruteforce
80,17,20,1200,0,0,0,0,DoS-UDP
80,6,20,1480,20,0,0,0,DoS-HTTP
36520,17,20,11083,0,0,0,0,BENIGN
47774,17,14,18254,0,0,0,0,BENIGN
35513,6,4,240,4,0,0,0,PortScan
22,6,20,1200,6,0,14,0,SSH-Bruteforce
36520,17,20,27980,0,0,0,0,BENIGN
0,1,20,840,0,0,0,0,DoS-ICMP
80,6,20,1200,20,0,0,0,DoS-SYN-Flood
80,6,20,1480,20,0,0,0,DoS-HTTP
80,6,20,1200,20,0,0,0,DoS-SYN-Flood
36745,6,2,120,2,0,0,0,PortScan
42904,17,20,27068,0,0,0,0,BENIGN
24034,6,6,348,6,6,0,0,SSH-Bruteforce
51866,6,5,290,5,5,0,0,SSH-Bruteforce
80,17,20,1200,0,0,0,0,DoS-UDP
80,6,20,1200,20,0,0,0,DoS-SYN-Flood
9866,6,6,348,6,6,0,0,SSH-Bruteforce
44834,6,2,120,2,0,0,0,PortScan
80,17,20,1200,0,0,0,0,DoS-UDP
47784,6,2,120,2,0,0,0,PortScan
80,17,20,1200,0,0,0,0,DoS-UDP
80,17,20,1200,0,0,0,0,DoS-UDP
0,1,20,840,0,0,0,0,DoS-ICMP
80,6,20,1480,20,0,0,0,DoS-HTTP
0,1,20,840,0,0,0,0,DoS-ICMP
80,17,20,1200,0,0,0,0,DoS-UDP
80,6,20,1200,20,0,0,0,DoS-SYN-Flood
80,17,20,1200,0,0,0,0,DoS-UDP
80,17,20,1200,0,0,0,0,DoS-UDP
0,1,20,840,0,0,0,0,DoS-ICMP
0,1,20,1200,0,0,0,0,DoS-ICMP
36520,17,20,27980,0,0,0,0,BENIGN
80,6,20,1480,20,0,0,0,DoS-HTTP
80,6,20,1480,20,0,0,0,DoS-HTTP
33240,6,20,29200,0,20,0,0,BENIGN
80,6,20,1200,20,0,0,0,DoS-SYN-Flood
53272,6,20,28540,0,20,0,0,BENIGN
80,6,20,1480,20,0,0,0,DoS-HTTP
15333,6,7,406,7,7,0,0,SSH-Bruteforce
80,6,20,1200,20,0,0,0,DoS-SYN-Flood
80,6,20,1200,20,0,0,0,DoS-SYN-Flood
14001,6,4,240,4,0,0,0,PortScan
80,6,20,1480,20,0,0,0,DoS-HTTP
22231,6,6,348,6,6,0,0,SSH-Bruteforce
80,6,20,1480,20,0,0,0,DoS-HTTP
0,1,20,840,0,0,0,0,DoS-ICMP
2368,6,7,406,7,7,0,0,SSH-Bruteforce
80,17,20,1200,0,0,0,0,DoS-UDP
6370,6,9,522,9,9,0,0,SSH-Bruteforce
80,17,20,1200,0,0,0,0,DoS-UDP
22,6,20,1200,20,0,0,0,SSH-Bruteforce
80,6,20,1480,20,0,0,0,DoS-HTTP
80,6,20,1480,20,0,0,0,DoS-HTTP
80,17,20,1200,0,0,0,0,DoS-UDP
80,6,20,1480,20,0,0,0,DoS-HTTP
80,17,20,1200,0,0,0,0,DoS-UDP
0,1,20,840,0,0,0,0,DoS-ICMP
36520,17,20,27980,0,0,0,0,BENIGN
0,1,20,1200,0,0,0,0,DoS-ICMP
35540,6,2,120,2,0,0,0,PortScan
80,6,20,1200,20,0,0,0,DoS-SYN-Flood
946,6,4,240,4,0,0,0,PortScan
6696,6,4,240,4,0,0,0,PortScan
61415,6,4,240,4,0,0,0,PortScan
0,1,20,840,0,0,0,0,DoS-ICMP
22,6,20,1200,16,0,4,0,SSH-Bruteforce
80,6,20,1200,20,0,0,0,DoS-SYN-Flood
0,1,20,1200,0,0,0,0,DoS-ICMP
0,1,20,1200,0,0,0,0,DoS-ICMP
80,6,20,1200,20,0,0,0,DoS-SYN-Flood
15284,6,6,348,6,6,0,0,SSH-Bruteforce
80,6,20,1200,20,0,0,0,DoS-SYN-Flood
33681,6,2,120,2,0,0,0,PortScan
0,1,20,840,0,0,0,0,DoS-ICMP
12516,6,6,360,6,0,0,0,PortScan
28478,6,4,240,4,0,0,0,PortScan
80,17,20,1200,0,0,0,0,DoS-UDP
80,17,20,1200,0,0,0,0,DoS-UDP
80,6,20,1200,20,0,0,0,DoS-SYN-Flood
32924,6,7,406,7,7,0,0,SSH-Bruteforce
80,17,20,1200,0,0,0,0,DoS-UDP
80,17,20,1200,0,0,0,0,DoS-UDP
0,1,20,1200,0,0,0,0,DoS-ICMP
80,6,20,1480,20,0,0,0,DoS-HTTP
80,6,20,1480,20,0,0,0,DoS-HTTP
80,6,20,1480,20,0,0,0,DoS-HTTP
80,6,20,1480,20,0,0,0,DoS-HTTP
36520,17,20,27980,0,0,0,0,BENIGN
31749,6,4,240,4,0,0,0,PortScan
60886,6,20,29020,0,20,0,0,BENIGN
80,6,20,1200,20,0,0,0,DoS-SYN-Flood
80,6,20,1480,20,0,0,0,DoS-HTTP
39758,6,2,120,2,0,0,0,PortScan
80,6,20,1200,20,0,0,0,DoS-SYN-Flood
80,6,20,1480,20,0,0,0,DoS-HTTP
42402,17,2,198,0,0,0,0,BENIGN
34780,6,2,120,2,0,0,0,PortScan
22,6,20,1200,12,0,8,0,SSH-Bruteforce
43792,6,2,120,2,0,0,0,PortScan
80,6,20,1200,20,0,0,0,DoS-SYN-Flood
25810,6,4,240,4,0,0,0,PortScan
0,1,20,1200,0,0,0,0,DoS-ICMP
967,6,4,240,4,0,0,0,PortScan
80,17,20,1200,0,0,0,0,DoS-UDP
80,6,20,1200,20,0,0,0,DoS-SYN-Flood
80,6,20,1200,20,0,0,0,DoS-SYN-Flood
80,6,20,1200,20,0,0,0,DoS-SYN-Flood
80,17,20,1200,0,0,0,0,DoS-UDP
80,6,20,1480,20,0,0,0,DoS-HTTP
80,6,20,1200,20,0,0,0,DoS-SYN-Flood
0,1,20,1200,0,0,0,0,DoS-ICMP
80,17,20,1200,0,0,0,0,DoS-UDP
44574,6,11,5372,1,11,0,0,BENIGN
22,6,20,1200,20,0,0,0,SSH-Bruteforce
52349,6,2,120,2,0,0,0,PortScan
56487,6,2,120,2,0,0,0,PortScan
80,17,20,1200,0,0,0,0,DoS-UDP
36520,17,20,27980,0,0,0,0,BENIGN
60567,6,8,464,8,8,0,0,SSH-Bruteforce
22,6,20,1200,20,0,0,0,SSH-Bruteforce
6091,6,4,232,4,4,0,0,SSH-Bruteforce
62342,6,7,406,7,7,0,0,SSH-Bruteforce
14638,6,4,240,4,0,0,0,PortScan
22,6,20,1200,18,0,2,0,SSH-Bruteforce
80,6,20,1480,20,0,0,0,DoS-HTTP
80,6,20,1480,20,0,0,0,DoS-HTTP
48788,6,2,120,2,0,0,0,PortScan
43992,17,20,27980,0,0,0,0,BENIGN
80,17,20,1200,0,0,0,0,DoS-UDP
0,1,20,1200,0,0,0,0,DoS-ICMP
0,1,20,840,0,0,0,0,DoS-ICMP
54928,6,2,120,2,0,0,0,PortScan
1750,6,6,348,6,6,0,0,SSH-Bruteforce
16062,6,2,120,2,0,0,0,PortScan
36520,17,20,27980,0,0,0,0,BENIGN
0,1,20,840,0,0,0,0,DoS-ICMP
36520,17,20,27980,0,0,0,0,BENIGN
22,6,20,1200,20,0,0,0,SSH-Bruteforce
58154,6,2,120,2,0,0,0,PortScan
39902,17,20,27980,0,0,0,0,BENIGN
80,17,20,1200,0,0,0,0,DoS-UDP
80,17,20,1200,0,0,0,0,DoS-UDP
28547,6,7,406,7,7,0,0,SSH-Bruteforce
52151,6,2,120,2,0,0,0,PortScan
54829,17,20,27980,0,0,0,0,BENIGN
80,6,20,1480,20,0,0,0,DoS-HTTP
0,1,20,840,0,0,0,0,DoS-ICMP
30172,6,8,464,8,8,0,0,SSH-Bruteforce
0,1,20,840,0,0,0,0,DoS-ICMP
36241,6,2,120,2,0,0,0,PortScan
0,1,20,1200,0,0,0,0,DoS-ICMP
80,6,20,1200,20,0,0,0,DoS-SYN-Flood
56656,6,1,54,0,1,1,0,BENIGN
80,6,20,1200,20,0,0,0,DoS-SYN-Flood
80,6,20,1200,20,0,0,0,DoS-SYN-Flood
80,6,20,1200,20,0,0,0,DoS-SYN-Flood
80,6,20,1480,20,0,0,0,DoS-HTTP
80,6,20,1480,20,0,0,0,DoS-HTTP
54829,17,20,27980,0,0,0,0,BENIGN
0,1,20,1200,0,0,0,0,DoS-ICMP
46511,6,2,120,2,0,0,0,PortScan
36520,17,20,27980,0,0,0,0,BENIGN
0,1,20,1200,0,0,0,0,DoS-ICMP
80,17,20,1200,0,0,0,0,DoS-UDP
53272,6,20,29316,0,20,0,0,BENIGN
0,1,20,840,0,0,0,0,DoS-ICMP
80,17,20,1200,0,0,0,0,DoS-UDP
39902,17,20,21806,0,0,0,0,BENIGN
443,6,12,2290,1,11,0,0,BENIGN
80,6,20,1480,20,0,0,0,DoS-HTTP
80,17,20,1200,0,0,0,0,DoS-UDP
80,17,20,1200,0,0,0,0,DoS-UDP
0,1,20,840,0,0,0,0,DoS-ICMP
80,17,20,1200,0,0,0,0,DoS-UDP
939,6,4,240,4,0,0,0,PortScan
13132,6,4,240,4,0,0,0,PortScan
60103,6,8,464,8,8,0,0,SSH-Bruteforce
46398,17,20,27980,0,0,0,0,BENIGN
0,1,20,1200,0,0,0,0,DoS-ICMP
0,1,20,1200,0,0,0,0,DoS-ICMP
80,6,20,1200,20,0,0,0,DoS-SYN-Flood
80,6,20,1200,20,0,0,0,DoS-SYN-Flood
443,6,20,1200,0,20,0,0,BENIGN
80,6,20,1480,20,0,0,0,DoS-HTTP
0,1,20,840,0,0,0,0,DoS-ICMP
80,6,20,1480,20,0,0,0,DoS-HTTP
80,17,20,1200,0,0,0,0,DoS-UDP
27271,6,2,120,2,0,0,0,PortScan
80,17,20,1200,0,0,0,0,DoS-UDP
50577,6,11,638,11,11,0,0,SSH-Bruteforce
16656,6,8,464,8,8,0,0,SSH-Bruteforce
36679,6,10,580,10,10,0,0,SSH-Bruteforce
80,17,20,1200,0,0,0,0,DoS-UDP
80,6,20,1480,20,0,0,0,DoS-HTTP
80,6,20,1200,20,0,0,0,DoS-SYN-Flood
0,1,20,1200,0,0,0,0,DoS-ICMP
80,6,20,1200,20,0,0,0,DoS-SYN-Flood
0,1,20,1200,0,0,0,0,DoS-ICMP
0,1,20,1200,0,0,0,0,DoS-ICMP
0,1,20,1200,0,0,0,0,DoS-ICMP
0,1,20,1200,0,0,0,0,DoS-ICMP
80,17,20,1200,0,0,0,0,DoS-UDP
0,1,20,840,0,0,0,0,DoS-ICMP
22,6,20,1200,12,0,8,0,SSH-Bruteforce
22,6,20,1200,2,0,18,0,SSH-Bruteforce
36520,17,20,27980,0,0,0,0,BENIGN
0,1,20,1200,0,0,0,0,DoS-ICMP
53308,6,20,28540,0,20,0,0,BENIGN
80,6,20,1480,20,0,0,0,DoS-HTTP
0,1,20,1200,0,0,0,0,DoS-ICMP
80,6,20,1200,20,0,0,0,DoS-SYN-Flood
80,6,20,1200,20,0,0,0,DoS-SYN-Flood
80,17,20,1200,0,0,0,0,DoS-UDP
21241,6,2,120,2,0,0,0,PortScan
29812,6,4,240,4,0,0,0,PortScan
22,6,20,1200,0,0,20,0,SSH-Bruteforce
80,6,20,1480,20,0,0,0,DoS-HTTP
22,6,20,1200,20,0,0,0,SSH-Bruteforce
80,17,20,1200,0,0,0,0,DoS-UDP
80,6,20,1200,20,0,0,0,DoS-SYN-Flood
22,6,20,1200,4,0,16,0,SSH-Bruteforce
18237,6,9,522,9,9,0,0,SSH-Bruteforce
80,6,20,1200,20,0,0,0,DoS-SYN-Flood
0,1,20,840,0,0,0,0,DoS-ICMP
0,1,20,840,0,0,0,0,DoS-ICMP
22,6,20,1200,20,0,0,0,SSH-Bruteforce
51169,6,4,240,4,0,0,0,PortScan
0,1,20,840,0,0,0,0,DoS-ICMP
80,6,20,1200,20,0,0,0,DoS-SYN-Flood
80,6,20,1480,20,0,0,0,DoS-HTTP
80,17,20,1200,0,0,0,0,DoS-UDP
80,6,20,1200,20,0,0,0,DoS-SYN-Flood
80,6,20,1200,20,0,0,0,DoS-SYN-Flood
80,17,20,1200,0,0,0,0,DoS-UDP
0,1,20,1200,0,0,0,0,DoS-ICMP
80,6,20,1480,20,0,0,0,DoS-HTTP
0,1,20,840,0,0,0,0,DoS-ICMP
0,1,20,840,0,0,0,0,DoS-ICMP
45369,6,2,120,2,0,0,0,PortScan
80,6,20,1200,20,0,0,0,DoS-SYN-Flood
0,1,20,840,0,0,0,0,DoS-ICMP
0,1,20,840,0,0,0,0,DoS-ICMP
0,1,20,840,0,0,0,0,DoS-ICMP
80,6,20,1200,20,0,0,0,DoS-SYN-Flood
0,1,20,1200,0,0,0,0,DoS-ICMP
80,6,20,1200,20,0,0,0,DoS-SYN-Flood
59120,6,2,120,2,0,0,0,PortScan
80,17,20,1200,0,0,0,0,DoS-UDP
0,1,20,840,0,0,0,0,DoS-ICMP
80,17,20,1200,0,0,0,0,DoS-UDP
40155,6,4,240,4,0,0,0,PortScan
61716,6,4,240,4,0,0,0,PortScan
80,6,20,1480,20,0,0,0,DoS-HTTP
22,6,20,1200,0,0,20,0,SSH-Bruteforce
80,17,20,1200,0,0,0,0,DoS-UDP
46256,6,2,120,2,0,0,0,PortScan
80,6,20,1480,20,0,0,0,DoS-HTTP
80,6,20,1480,20,0,0,0,DoS-HTTP
53092,17,20,27980,0,0,0,0,BENIGN
80,6,20,1480,20,0,0,0,DoS-HTTP
24660,6,2,120,2,0,0,0,PortScan
80,6,20,1200,20,0,0,0,DoS-SYN-Flood
162,6,4,240,4,0,0,0,PortScan
0,1,20,1200,0,0,0,0,DoS-ICMP
41695,6,2,120,2,0,0,0,PortScan
0,1,20,1200,0,0,0,0,DoS-ICMP
80,17,20,1200,0,0,0,0,DoS-UDP
80,6,20,1200,20,0,0,0,DoS-SYN-Flood
80,17,20,1200,0,0,0,0,DoS-UDP
11805,6,6,348,6,6,0,0,SSH-Bruteforce
80,17,20,1200,0,0,0,0,DoS-UDP
80,17,20,1200,0,0,0,0,DoS-UDP
36520,17,20,27980,0,0,0,0,BENIGN
80,6,20,1480,20,0,0,0,DoS-HTTP
80,6,20,1480,20,0,0,0,DoS-HTTP
80,6,20,1480,20,0,0,0,DoS-HTTP
80,6,20,1200,20,0,0,0,DoS-SYN-Flood
0,1,20,1200,0,0,0,0,DoS-ICMP
0,1,20,840,0,0,0,0,DoS-ICMP
0,1,20,1200,0,0,0,0,DoS-ICMP
22,6,20,1200,0,0,20,0,SSH-Bruteforce
80,6,20,1480,20,0,0,0,DoS-HTTP
80,17,20,1200,0,0,0,0,DoS-UDP
36520,17,20,27980,0,0,0,0,BENIGN
80,17,20,1200,0,0,0,0,DoS-UDP
20745,6,4,240,4,0,0,0,PortScan
22,6,20,1200,20,0,0,0,SSH-Bruteforce
80,6,20,1480,20,0,0,0,DoS-HTTP
27720,6,2,120,2,0,0,0,PortScan
80,6,20,1480,20,0,0,0,DoS-HTTP
80,6,20,1200,20,0,0,0,DoS-SYN-Flood
22,6,20,1200,20,0,0,0,SSH-Bruteforce
42008,6,2,120,2,0,0,0,PortScan
80,6,20,1200,20,0,0,0,DoS-SYN-Flood
0,1,20,1200,0,0,0,0,DoS-ICMP
22,6,20,1200,19,0,1,0,SSH-Bruteforce
80,6,20,1480,20,0,0,0,DoS-HTTP
80,17,20,1200,0,0,0,0,DoS-UDP
0,1,20,1200,0,0,0,0,DoS-ICMP
80,6,20,1480,20,0,0,0,DoS-HTTP
46190,6,2,120,2,0,0,0,PortScan
80,6,20,1200,20,0,0,0,DoS-SYN-Flood
80,6,20,1480,20,0,0,0,DoS-HTTP
29183,6,6,348,6,6,0,0,SSH-Bruteforce
80,6,20,1480,20,0,0,0,DoS-HTTP
80,17,20,1200,0,0,0,0,DoS-UDP
0,1,20,840,0,0,0,0,DoS-ICMP
0,1,20,1200,0,0,0,0,DoS-ICMP
40057,6,2,120,2,0,0,0,PortScan
0,1,20,1200,0,0,0,0,DoS-ICMP
80,6,20,1480,20,0,0,0,DoS-HTTP
80,6,20,1480,20,0,0,0,DoS-HTTP
62175,6,10,580,10,10,0,0,SSH-Bruteforce
80,6,20,1200,20,0,0,0,DoS-SYN-Flood
80,17,20,1200,0,0,0,0,DoS-UDP
80,6,20,1480,20,0,0,0,DoS-HTTP
80,6,20,1200,20,0,0,0,DoS-SYN-Flood
80,6,20,1200,20,0,0,0,DoS-SYN-Flood
54582,6,2,120,2,0,0,0,PortScan
48609,6,2,120,2,0,0,0,PortScan
36520,17,20,27980,0,0,0,0,BENIGN
13460,6,11,638,11,11,0,0,SSH-Bruteforce
80,17,20,1200,0,0,0,0,DoS-UDP
0,1,20,840,0,0,0,0,DoS-ICMP
46083,6,9,518,8,8,1,0,SSH-Bruteforce
15311,6,4,240,4,0,0,0,PortScan
80,17,20,1200,0,0,0,0,DoS-UDP
22,6,20,1200,20,0,0,0,SSH-Bruteforce
80,6,20,1480,20,0,0,0,DoS-HTTP
80,6,20,1480,20,0,0,0,DoS-HTTP
22,6,20,1200,1,0,19,0,SSH-Bruteforce
59380,6,2,120,2,0,0,0,PortScan
80,17,20,1200,0,0,0,0,DoS-UDP
22,6,20,1200,20,0,0,0,SSH-Bruteforce
80,6,20,1200,20,0,0,0,DoS-SYN-Flood
17078,6,12,696,12,12,0,0,SSH-Bruteforce
443,17,20,21647,0,0,0,0,BENIGN
80,6,20,1200,20,0,0,0,DoS-SYN-Flood
80,6,20,1200,20,0,0,0,DoS-SYN-Flood
80,17,20,1200,0,0,0,0,DoS-UDP
80,6,20,1480,20,0,0,0,DoS-HTTP
0,1,20,1200,0,0,0,0,DoS-ICMP
80,6,20,1480,20,0,0,0,DoS-HTTP
8887,6,8,464,8,8,0,0,SSH-Bruteforce
80,17,20,1200,0,0,0,0,DoS-UDP
80,6,20,1480,20,0,0,0,DoS-HTTP
0,1,20,840,0,0,0,0,DoS-ICMP
80,6,20,1480,20,0,0,0,DoS-HTTP
0,1,20,1200,0,0,0,0,DoS-ICMP
80,6,20,1480,20,0,0,0,DoS-HTTP
0,1,20,840,0,0,0,0,DoS-ICMP
80,6,20,1200,20,0,0,0,DoS-SYN-Flood
80,6,20,1200,20,0,0,0,DoS-SYN-Flood
80,17,20,1200,0,0,0,0,DoS-UDP
80,6,20,1480,20,0,0,0,DoS-HTTP
63017,6,6,348,6,6,0,0,SSH-Bruteforce
80,6,20,1200,20,0,0,0,DoS-SYN-Flood
80,6,20,1480,20,0,0,0,DoS-HTTP
0,1,20,1200,0,0,0,0,DoS-ICMP
80,6,20,1200,20,0,0,0,DoS-SYN-Flood
80,6,20,1480,20,0,0,0,DoS-HTTP
80,6,20,1480,20,0,0,0,DoS-HTTP
80,6,20,1200,20,0,0,0,DoS-SYN-Flood
53092,17,20,27528,0,0,0,0,BENIGN
80,17,20,1200,0,0,0,0,DoS-UDP
80,6,20,1480,20,0,0,0,DoS-HTTP
80,6,20,1200,20,0,0,0,DoS-SYN-Flood
0,1,20,840,0,0,0,0,DoS-ICMP
80,6,20,1480,20,0,0,0,DoS-HTTP
80,6,20,1480,20,0,0,0,DoS-HTTP
64611,6,8,464,8,8,0,0,SSH-Bruteforce
0,1,20,840,0,0,0,0,DoS-ICMP
80,6,20,1200,20,0,0,0,DoS-SYN-Flood
702,6,4,232,4,4,0,0,SSH-Bruteforce
80,17,20,1200,0,0,0,0,DoS-UDP
22,6,20,1200,1,0,19,0,SSH-Bruteforce
27998,6,2,120,2,0,0,0,PortScan
80,6,20,1200,20,0,0,0,DoS-SYN-Flood
51862,6,4,232,4,4,0,0,SSH-Bruteforce
57408,6,2,120,2,0,0,0,PortScan
13322,6,6,360,6,0,0,0,PortScan
80,6,20,1200,20,0,0,0,DoS-SYN-Flood
54829,17,20,27980,0,0,0,0,BENIGN
80,17,20,1200,0,0,0,0,DoS-UDP
59635,6,2,120,2,0,0,0,PortScan
80,6,20,1480,20,0,0,0,DoS-HTTP
36687,6,13,754,13,13,0,0,SSH-Bruteforce
80,17,20,1200,0,0,0,0,DoS-UDP
22,6,20,1200,15,0,5,0,SSH-Bruteforce
80,17,20,1200,0,0,0,0,DoS-UDP
36520,17,20,27980,0,0,0,0,BENIGN
27622,6,2,120,2,0,0,0,PortScan
80,6,20,1200,20,0,0,0,DoS-SYN-Flood
80,6,20,1200,20,0,0,0,DoS-SYN-Flood
80,6,20,1480,20,0,0,0,DoS-HTTP
4521,6,6,360,6,0,0,0,PortScan
0,1,20,1200,0,0,0,0,DoS-ICMP
80,17,20,1200,0,0,0,0,DoS-UDP
0,1,20,1200,0,0,0,0,DoS-ICMP
80,6,20,1480,20,0,0,0,DoS-HTTP
80,6,20,1480,20,0,0,0,DoS-HTTP
22805,6,7,406,7,7,0,0,SSH-Bruteforce
443,6,20,1200,0,20,0,0,BENIGN
80,6,20,1200,20,0,0,0,DoS-SYN-Flood
80,17,20,1200,0,0,0,0,DoS-UDP
26190,6,4,240,4,0,0,0,PortScan
80,6,20,1200,20,0,0,0,DoS-SYN-Flood
22,6,20,1200,5,0,15,0,SSH-Bruteforce
80,6,20,1200,20,0,0,0,DoS-SYN-Flood
80,6,20,1200,20,0,0,0,DoS-SYN-Flood
80,6,20,1480,20,0,0,0,DoS-HTTP
80,17,20,1200,0,0,0,0,DoS-UDP
80,17,20,1200,0,0,0,0,DoS-UDP
22,6,20,1200,5,0,15,0,SSH-Bruteforce
34259,6,7,406,7,7,0,0,SSH-Bruteforce
80,6,20,1200,20,0,0,0,DoS-SYN-Flood
0,1,20,1200,0,0,0,0,DoS-ICMP
0,1,20,1200,0,0,0,0,DoS-ICMP
1217,6,4,232,4,4,0,0,SSH-Bruteforce
80,6,20,1200,20,0,0,0,DoS-SYN-Flood
61029,6,4,232,4,4,0,0,SSH-Bruteforce
80,6,20,1200,20,0,0,0,DoS-SYN-Flood
80,6,20,1200,20,0,0,0,DoS-SYN-Flood
10099,6,4,240,4,0,0,0,PortScan
80,6,20,1480,20,0,0,0,DoS-HTTP
0,1,20,1200,0,0,0,0,DoS-ICMP
13906,6,4,240,4,0,0,0,PortScan
80,6,20,1480,20,0,0,0,DoS-HTTP
80,17,20,1200,0,0,0,0,DoS-UDP
80,6,20,1200,20,0,0,0,DoS-SYN-Flood
80,17,20,1200,0,0,0,0,DoS-UDP
80,17,20,1200,0,0,0,0,DoS-UDP
54066,6,20,21150,0,20,0,1,BENIGN
38722,6,2,120,2,0,0,0,PortScan
80,6,20,1480,20,0,0,0,DoS-HTTP
0,1,20,840,0,0,0,0,DoS-ICMP
22,6,20,1200,0,0,20,0,SSH-Bruteforce
32445,6,6,348,6,6,0,0,SSH-Bruteforce
80,6,20,1480,20,0,0,0,DoS-HTTP
80,6,20,1480,20,0,0,0,DoS-HTTP
0,1,20,840,0,0,0,0,DoS-ICMP
80,17,20,1200,0,0,0,0,DoS-UDP
12765,6,4,240,4,0,0,0,PortScan
80,6,20,1200,20,0,0,0,DoS-SYN-Flood
57194,6,2,120,2,0,0,0,PortScan
80,6,20,1480,20,0,0,0,DoS-HTTP
0,1,20,1200,0,0,0,0,DoS-ICMP
0,1,20,1200,0,0,0,0,DoS-ICMP
80,6,20,1200,20,0,0,0,DoS-SYN-Flood
80,6,20,1200,20,0,0,0,DoS-SYN-Flood
0,1,20,840,0,0,0,0,DoS-ICMP
80,17,20,1200,0,0,0,0,DoS-UDP
37750,6,12,696,12,12,0,0,SSH-Bruteforce
80,17,20,1200,0,0,0,0,DoS-UDP
27837,6,6,348,6,6,0,0,SSH-Bruteforce
80,6,20,1200,20,0,0,0,DoS-SYN-Flood
80,17,20,1200,0,0,0,0,DoS-UDP
80,6,20,1200,20,0,0,0,DoS-SYN-Flood
80,6,20,1480,20,0,0,0,DoS-HTTP
80,17,20,1200,0,0,0,0,DoS-UDP
0,1,20,1200,0,0,0,0,DoS-ICMP
80,17,20,1200,0,0,0,0,DoS-UDP
80,6,20,1200,20,0,0,0,DoS-SYN-Flood
23401,6,2,120,2,0,0,0,PortScan
80,6,20,1480,20,0,0,0,DoS-HTTP
80,6,20,1200,20,0,0,0,DoS-SYN-Flood
80,17,20,1200,0,0,0,0,DoS-UDP
0,1,20,1200,0,0,0,0,DoS-ICMP
0,1,20,840,0,0,0,0,DoS-ICMP
80,6,20,1200,20,0,0,0,DoS-SYN-Flood
3992,6,6,360,6,0,0,0,PortScan
80,6,20,1200,20,0,0,0,DoS-SYN-Flood
80,6,20,1200,20,0,0,0,DoS-SYN-Flood
80,17,20,1200,0,0,0,0,DoS-UDP
54829,17,20,27980,0,0,0,0,BENIGN
27230,6,4,240,4,0,0,0,PortScan
80,6,20,1200,20,0,0,0,DoS-SYN-Flood
33988,6,2,120,2,0,0,0,PortScan
80,17,20,1200,0,0,0,0,DoS-UDP
0,1,20,840,0,0,0,0,DoS-ICMP
80,17,20,1200,0,0,0,0,DoS-UDP
22,6,20,1200,19,0,1,0,SSH-Bruteforce
80,6,20,1200,20,0,0,0,DoS-SYN-Flood
80,17,20,1200,0,0,0,0,DoS-UDP
80,17,20,1200,0,0,0,0,DoS-UDP
80,6,20,1200,20,0,0,0,DoS-SYN-Flood
0,1,20,1200,0,0,0,0,DoS-ICMP
80,17,20,1200,0,0,0,0,DoS-UDP
22,6,20,1200,20,0,0,0,SSH-Bruteforce
80,6,20,1200,20,0,0,0,DoS-SYN-Flood
80,17,20,1200,0,0,0,0,DoS-UDP
80,17,20,1200,0,0,0,0,DoS-UDP
0,1,20,1200,0,0,0,0,DoS-ICMP
55769,6,2,120,2,0,0,0,PortScan
46974,6,8,464,8,8,0,0,SSH-Bruteforce
80,17,20,1200,0,0,0,0,DoS-UDP
80,17,20,1200,0,0,0,0,DoS-UDP
54347,6,4,240,4,0,0,0,PortScan
0,1,20,840,0,0,0,0,DoS-ICMP
33840,6,2,120,2,0,0,0,PortScan
80,17,20,1200,0,0,0,0,DoS-UDP
80,17,20,1200,0,0,0,0,DoS-UDP
80,6,20,1200,20,0,0,0,DoS-SYN-Flood
80,6,20,1480,20,0,0,0,DoS-HTTP
1764,6,4,232,4,4,0,0,SSH-Bruteforce
80,6,20,1200,20,0,0,0,DoS-SYN-Flood
80,6,20,1480,20,0,0,0,DoS-HTTP
26258,6,4,240,4,0,0,0,PortScan
443,17,20,17225,0,0,0,0,BENIGN
31363,6,2,120,2,0,0,0,PortScan
31848,6,9,522,9,9,0,0,SSH-Bruteforce
22,6,20,1200,20,0,0,0,SSH-Bruteforce
22,6,20,1200,0,0,20,0,SSH-Bruteforce
80,6,20,1480,20,0,0,0,DoS-HTTP
45433,6,2,120,2,0,0,0,PortScan
80,17,20,1200,0,0,0,0,DoS-UDP
80,6,20,1480,20,0,0,0,DoS-HTTP
80,6,20,1200,20,0,0,0,DoS-SYN-Flood
80,6,20,1480,20,0,0,0,DoS-HTTP
40606,6,5,290,5,5,0,0,SSH-Bruteforce
80,6,20,1200,20,0,0,0,DoS-SYN-Flood
0,1,20,1200,0,0,0,0,DoS-ICMP
80,6,20,1480,20,0,0,0,DoS-HTTP
80,6,20,1200,20,0,0,0,DoS-SYN-Flood
80,6,20,1200,20,0,0,0,DoS-SYN-Flood
80,6,20,1480,20,0,0,0,DoS-HTTP
80,17,20,1200,0,0,0,0,DoS-UDP
80,6,20,1200,20,0,0,0,DoS-SYN-Flood
0,1,20,840,0,0,0,0,DoS-ICMP
0,1,20,1200,0,0,0,0,DoS-ICMP
22,6,20,1200,0,0,20,0,SSH-Bruteforce
29364,6,4,240,4,0,0,0,PortScan
42440,17,20,26084,0,0,0,0,BENIGN
80,6,20,1480,20,0,0,0,DoS-HTTP
18777,6,4,240,4,0,0,0,PortScan
46398,17,20,27980,0,0,0,0,BENIGN
0,1,20,1200,0,0,0,0,DoS-ICMP
22,6,20,1200,0,0,20,0,SSH-Bruteforce
80,17,20,1200,0,0,0,0,DoS-UDP
46525,17,2,198,0,0,0,0,BENIGN
80,6,20,1480,20,0,0,0,DoS-HTTP
33800,6,2,120,2,0,0,0,PortScan
80,6,20,1480,20,0,0,0,DoS-HTTP
0,1,20,1200,0,0,0,0,DoS-ICMP
0,1,20,1200,0,0,0,0,DoS-ICMP
80,6,20,1480,20,0,0,0,DoS-HTTP
80,6,20,1480,20,0,0,0,DoS-HTTP
25449,6,8,464,8,8,0,0,SSH-Bruteforce
0,1,20,840,0,0,0,0,DoS-ICMP
0,1,20,840,0,0,0,0,DoS-ICMP
80,6,20,1200,20,0,0,0,DoS-SYN-Flood
22,6,20,1200,20,0,0,0,SSH-Bruteforce
22,6,20,1200,10,0,10,0,SSH-Bruteforce
80,17,20,1200,0,0,0,0,DoS-UDP
22,6,20,1200,20,0,0,0,SSH-Bruteforce
59025,6,2,120,2,0,0,0,PortScan
29973,6,4,240,4,0,0,0,PortScan
59048,6,9,522,9,9,0,0,SSH-Bruteforce
41308,17,20,27980,0,0,0,0,BENIGN
80,17,20,1200,0,0,0,0,DoS-UDP
80,6,20,1200,20,0,0,0,DoS-SYN-Flood
16469,6,2,120,2,0,0,0,PortScan
80,6,20,1200,20,0,0,0,DoS-SYN-Flood
0,1,20,1200,0,0,0,0,DoS-ICMP
80,6,20,1200,20,0,0,0,DoS-SYN-Flood
3533,6,4,240,4,0,0,0,PortScan
38139,6,8,464,8,8,0,0,SSH-Bruteforce
0,1,20,840,0,0,0,0,DoS-ICMP
80,17,20,1200,0,0,0,0,DoS-UDP
0,1,20,1200,0,0,0,0,DoS-ICMP
8848,6,4,240,4,0,0,0,PortScan
56271,6,2,120,2,0,0,0,PortScan
22,6,20,1200,0,0,20,0,SSH-Bruteforce
30553,6,6,348,6,6,0,0,SSH-Bruteforce
80,6,20,1200,20,0,0,0,DoS-SYN-Flood
47694,6,4,240,4,0,0,0,PortScan
80,6,20,1200,20,0,0,0,DoS-SYN-Flood
22,6,20,1200,3,0,17,0,SSH-Bruteforce
22,6,20,1200,0,0,20,0,SSH-Bruteforce
0,1,20,1200,0,0,0,0,DoS-ICMP
49764,6,9,522,9,9,0,0,SSH-Bruteforce
43678,17,20,27980,0,0,0,0,BENIGN
80,6,20,1200,20,0,0,0,DoS-SYN-Flood
80,17,20,1200,0,0,0,0,DoS-UDP
80,6,20,1480,20,0,0,0,DoS-HTTP
80,6,20,1480,20,0,0,0,DoS-HTTP
0,1,20,1200,0,0,0,0,DoS-ICMP
80,6,20,1200,20,0,0,0,DoS-SYN-Flood
39565,6,2,120,2,0,0,0,PortScan
80,17,20,1200,0,0,0,0,DoS-UDP
0,1,20,1200,0,0,0,0,DoS-ICMP
0,1,20,840,0,0,0,0,DoS-ICMP
1772,6,6,360,6,0,0,0,PortScan
0,1,20,840,0,0,0,0,DoS-ICMP
80,17,20,1200,0,0,0,0,DoS-UDP
32758,6,4,240,4,0,0,0,PortScan
2904,6,7,406,7,7,0,0,SSH-Bruteforce
80,6,20,1480,20,0,0,0,DoS-HTTP
53258,6,20,28584,0,20,0,0,BENIGN
32571,6,3,174,3,3,0,0,SSH-Bruteforce
0,1,20,1200,0,0,0,0,DoS-ICMP
80,6,20,1480,20,0,0,0,DoS-HTTP
80,17,20,1200,0,0,0,0,DoS-UDP
14980,6,9,522,9,9,0,0,SSH-Bruteforce
42393,6,2,120,2,0,0,0,PortScan
80,6,20,1480,20,0,0,0,DoS-HTTP
13151,6,4,240,4,0,0,0,PortScan
0,1,20,840,0,0,0,0,DoS-ICMP
22278,6,6,348,6,6,0,0,SSH-Bruteforce
55822,6,2,120,2,0,0,0,PortScan
80,6,20,1480,20,0,0,0,DoS-HTTP
0,1,20,1200,0,0,0,0,DoS-ICMP
80,17,20,1200,0,0,0,0,DoS-UDP
80,17,20,1200,0,0,0,0,DoS-UDP
46590,6,2,120,2,0,0,0,PortScan
20949,6,8,464,8,8,0,0,SSH-Bruteforce
80,6,20,1200,20,0,0,0,DoS-SYN-Flood
80,6,20,1480,20,0,0,0,DoS-HTTP
55660,6,8,464,8,8,0,0,SSH-Bruteforce
20379,6,4,240,4,0,0,0,PortScan
80,6,20,1200,20,0,0,0,DoS-SYN-Flood
0,1,20,840,0,0,0,0,DoS-ICMP
54043,6,4,232,4,4,0,0,SSH-Bruteforce
46398,17,20,27980,0,0,0,0,BENIGN
80,6,20,1480,20,0,0,0,DoS-HTTP
80,6,20,1480,20,0,0,0,DoS-HTTP
53319,6,4,240,4,0,0,0,PortScan
59064,6,2,120,2,0,0,0,PortScan
80,17,20,1200,0,0,0,0,DoS-UDP
22,6,20,1200,3,0,17,0,SSH-Bruteforce
48820,6,6,348,6,6,0,0,SSH-Bruteforce
80,6,20,1200,20,0,0,0,DoS-SYN-Flood
80,6,20,1480,20,0,0,0,DoS-HTTP
80,6,20,1480,20,0,0,0,DoS-HTTP
50233,17,2,389,0,0,0,0,BENIGN
22,6,20,1200,6,0,14,0,SSH-Bruteforce
80,6,20,1200,20,0,0,0,DoS-SYN-Flood
7625,6,6,348,6,6,0,0,SSH-Bruteforce
80,17,20,1200,0,0,0,0,DoS-UDP
42904,17,20,27980,0,0,0,0,BENIGN
80,17,20,1200,0,0,0,0,DoS-UDP
27330,6,2,120,2,0,0,0,PortScan
22,6,20,1200,0,0,20,0,SSH-Bruteforce
0,1,20,840,0,0,0,0,DoS-ICMP
80,6,20,1480,20,0,0,0,DoS-HTTP
80,17,20,1200,0,0,0,0,DoS-UDP
0,1,20,840,0,0,0,0,DoS-ICMP
80,17,20,1200,0,0,0,0,DoS-UDP
0,1,20,840,0,0,0,0,DoS-ICMP
80,6,20,1200,20,0,0,0,DoS-SYN-Flood
36520,17,20,27980,0,0,0,0,BENIGN
80,6,20,1480,20,0,0,0,DoS-HTTP
31311,6,4,240,4,0,0,0,PortScan
38165,6,2,120,2,0,0,0,PortScan
80,6,20,1480,20,0,0,0,DoS-HTTP
59597,6,5,290,5,5,0,0,SSH-Bruteforce
80,17,20,1200,0,0,0,0,DoS-UDP
22,6,20,1200,20,0,0,0,SSH-Bruteforce
36520,17,20,27980,0,0,0,0,BENIGN
80,17,20,1200,0,0,0,0,DoS-UDP
80,6,20,1480,20,0,0,0,DoS-HTTP
80,6,20,1480,20,0,0,0,DoS-HTTP
80,17,20,1200,0,0,0,0,DoS-UDP
2357,6,4,240,4,0,0,0,PortScan
41287,6,2,120,2,0,0,0,PortScan
80,6,20,1200,20,0,0,0,DoS-SYN-Flood
80,17,20,1200,0,0,0,0,DoS-UDP
80,17,20,1200,0,0,0,0,DoS-UDP
9302,6,4,240,4,0,0,0,PortScan
80,17,20,1200,0,0,0,0,DoS-UDP
80,17,20,1200,0,0,0,0,DoS-UDP
0,1,20,1200,0,0,0,0,DoS-ICMP
80,17,20,1200,0,0,0,0,DoS-UDP
22,6,20,1200,20,0,0,0,SSH-Bruteforce
54126,6,7,406,7,7,0,0,SSH-Bruteforce
22,6,20,1200,9,0,11,0,SSH-Bruteforce
80,6,20,1200,20,0,0,0,DoS-SYN-Flood
80,17,20,1200,0,0,0,0,DoS-UDP
36520,17,20,27980,0,0,0,0,BENIGN
80,6,20,1200,20,0,0,0,DoS-SYN-Flood
443,6,20,3500,2,18,0,2,BENIGN
14791,6,4,240,4,0,0,0,PortScan
0,1,20,840,0,0,0,0,DoS-ICMP
80,6,20,1480,20,0,0,0,DoS-HTTP
0,1,20,840,0,0,0,0,DoS-ICMP
41061,6,2,120,2,0,0,0,PortScan
80,6,20,1480,20,0,0,0,DoS-HTTP
80,6,20,1200,20,0,0,0,DoS-SYN-Flood
63708,6,2,120,2,0,0,0,PortScan
80,6,20,1480,20,0,0,0,DoS-HTTP
54829,17,20,27980,0,0,0,0,BENIGN
80,6,20,1200,20,0,0,0,DoS-SYN-Flood
80,6,20,1480,20,0,0,0,DoS-HTTP
80,6,20,1200,20,0,0,0,DoS-SYN-Flood
33240,6,20,29320,0,20,0,0,BENIGN
80,6,20,1200,20,0,0,0,DoS-SYN-Flood
80,17,20,1200,0,0,0,0,DoS-UDP
46005,6,8,464,8,8,0,0,SSH-Bruteforce
80,6,20,1480,20,0,0,0,DoS-HTTP
33240,6,20,29140,0,20,0,0,BENIGN
80,6,20,1480,20,0,0,0,DoS-HTTP
25454,6,4,240,4,0,0,0,PortScan
6474,6,4,240,4,0,0,0,PortScan
80,17,20,1200,0,0,0,0,DoS-UDP
53272,6,20,29020,0,20,0,0,BENIGN
0,1,20,1200,0,0,0,0,DoS-ICMP
17892,6,2,120,2,0,0,0,PortScan
64542,6,5,290,5,5,0,0,SSH-Bruteforce
41308,17,20,27980,0,0,0,0,BENIGN
80,6,20,1200,20,0,0,0,DoS-SYN-Flood
33932,6,9,522,9,9,0,0,SSH-Bruteforce
80,6,20,1480,20,0,0,0,DoS-HTTP
0,1,20,840,0,0,0,0,DoS-ICMP
0,1,20,1200,0,0,0,0,DoS-ICMP
0,1,20,1200,0,0,0,0,DoS-ICMP
80,17,20,1200,0,0,0,0,DoS-UDP
1869,6,4,240,4,0,0,0,PortScan
57791,6,10,580,10,10,0,0,SSH-Bruteforce
51198,6,2,120,2,0,0,0,PortScan
35548,6,2,120,2,0,0,0,PortScan
80,6,20,1480,20,0,0,0,DoS-HTTP
41765,6,4,240,4,0,0,0,PortScan
16460,6,2,120,2,0,0,0,PortScan
80,17,20,1200,0,0,0,0,DoS-UDP
80,6,20,1480,20,0,0,0,DoS-HTTP
80,6,20,1480,20,0,0,0,DoS-HTTP
80,6,20,1200,20,0,0,0,DoS-SYN-Flood
80,17,20,1200,0,0,0,0,DoS-UDP
22,6,20,1200,0,0,20,0,SSH-Bruteforce
80,6,20,1480,20,0,0,0,DoS-HTTP
0,1,20,1200,0,0,0,0,DoS-ICMP
80,6,20,1480,20,0,0,0,DoS-HTTP
13417,6,10,580,10,10,0,0,SSH-Bruteforce
80,6,20,1200,20,0,0,0,DoS-SYN-Flood
0,1,20,1200,0,0,0,0,DoS-ICMP
80,17,20,1200,0,0,0,0,DoS-UDP
80,6,20,1480,20,0,0,0,DoS-HTTP
80,6,20,1480,20,0,0,0,DoS-HTTP
50622,6,4,232,4,4,0,0,SSH-Bruteforce
0,1,20,1200,0,0,0,0,DoS-ICMP
36520,17,20,27980,0,0,0,0,BENIGN
80,6,20,1200,20,0,0,0,DoS-SYN-Flood
80,6,20,1200,20,0,0,0,DoS-SYN-Flood
80,6,20,1480,20,0,0,0,DoS-HTTP
0,1,20,840,0,0,0,0,DoS-ICMP
36773,6,10,580,10,10,0,0,SSH-Bruteforce
0,1,20,840,0,0,0,0,DoS-ICMP
80,6,20,1200,20,0,0,0,DoS-SYN-Flood
80,6,20,1480,20,0,0,0,DoS-HTTP
33240,6,20,29080,0,20,0,0,BENIGN
80,6,20,1200,20,0,0,0,DoS-SYN-Flood
0,1,20,1200,0,0,0,0,DoS-ICMP
80,6,20,1200,20,0,0,0,DoS-SYN-Flood
53282,6,20,20668,1,20,0,0,BENIGN
0,1,20,840,0,0,0,0,DoS-ICMP
46606,6,12,696,12,12,0,0,SSH-Bruteforce
80,17,20,1200,0,0,0,0,DoS-UDP
80,6,20,1200,20,0,0,0,DoS-SYN-Flood
31188,6,2,120,2,0,0,0,PortScan
80,17,20,1200,0,0,0,0,DoS-UDP
21984,6,2,120,2,0,0,0,PortScan
80,6,20,1480,20,0,0,0,DoS-HTTP
43565,6,8,464,8,8,0,0,SSH-Bruteforce
80,6,20,1480,20,0,0,0,DoS-HTTP
80,17,20,1200,0,0,0,0,DoS-UDP
80,6,20,1480,20,0,0,0,DoS-HTTP
43536,6,2,120,2,0,0,0,PortScan
0,1,20,1200,0,0,0,0,DoS-ICMP
22,6,20,1200,0,0,20,0,SSH-Bruteforce
29944,6,2,120,2,0,0,0,PortScan
80,17,20,1200,0,0,0,0,DoS-UDP
80,6,20,1200,20,0,0,0,DoS-SYN-Flood
22,6,20,1200,20,0,0,0,SSH-Bruteforce
29733,6,8,464,8,8,0,0,SSH-Bruteforce
80,6,20,1200,20,0,0,0,DoS-SYN-Flood
35563,6,2,120,2,0,0,0,PortScan
80,6,20,1480,20,0,0,0,DoS-HTTP
22,6,20,1200,0,0,20,0,SSH-Bruteforce
22,6,20,1200,20,0,0,0,SSH-Bruteforce
80,6,20,1200,20,0,0,0,DoS-SYN-Flood
24014,6,6,348,6,6,0,0,SSH-Bruteforce
22,6,20,1200,20,0,0,0,SSH-Bruteforce
24052,6,6,348,6,6,0,0,SSH-Bruteforce
80,6,20,1200,20,0,0,0,DoS-SYN-Flood
0,1,20,1200,0,0,0,0,DoS-ICMP
80,6,20,1200,20,0,0,0,DoS-SYN-Flood
80,17,20,1200,0,0,0,0,DoS-UDP
80,17,20,1200,0,0,0,0,DoS-UDP
37846,6,4,240,4,0,0,0,PortScan
80,17,20,1200,0,0,0,0,DoS-UDP
80,17,20,1200,0,0,0,0,DoS-UDP
0,1,20,1200,0,0,0,0,DoS-ICMP
22,6,20,1200,19,0,1,0,SSH-Bruteforce
0,1,20,1200,0,0,0,0,DoS-ICMP
80,6,20,1480,20,0,0,0,DoS-HTTP
59769,17,20,23511,0,0,0,0,BENIGN
0,1,20,840,0,0,0,0,DoS-ICMP
80,6,20,1200,20,0,0,0,DoS-SYN-Flood
80,6,20,1200,20,0,0,0,DoS-SYN-Flood
20483,6,7,406,7,7,0,0,SSH-Bruteforce
80,6,20,1480,20,0,0,0,DoS-HTTP
80,6,20,1480,20,0,0,0,DoS-HTTP
80,6,20,1480,20,0,0,0,DoS-HTTP
80,6,20,1480,20,0,0,0,DoS-HTTP
0,1,20,1200,0,0,0,0,DoS-ICMP
0,1,20,1200,0,0,0,0,DoS-ICMP
0,1,20,840,0,0,0,0,DoS-ICMP
80,6,20,1200,20,0,0,0,DoS-SYN-Flood
80,6,20,1200,20,0,0,0,DoS-SYN-Flood
49992,6,9,522,9,9,0,0,SSH-Bruteforce
0,1,20,1200,0,0,0,0,DoS-ICMP
80,17,20,1200,0,0,0,0,DoS-UDP
80,6,20,1480,20,0,0,0,DoS-HTTP
0,1,20,1200,0,0,0,0,DoS-ICMP
80,6,20,1200,20,0,0,0,DoS-SYN-Flood
22,6,20,1200,0,0,20,0,SSH-Bruteforce
80,6,20,1480,20,0,0,0,DoS-HTTP
80,6,20,1480,20,0,0,0,DoS-HTTP
0,1,20,840,0,0,0,0,DoS-ICMP
61195,6,2,120,2,0,0,0,PortScan
80,17,20,1200,0,0,0,0,DoS-UDP
80,6,20,1480,20,0,0,0,DoS-HTTP
0,1,20,840,0,0,0,0,DoS-ICMP
80,17,20,1200,0,0,0,0,DoS-UDP
80,17,20,1200,0,0,0,0,DoS-UDP
65007,6,7,406,7,7,0,0,SSH-Bruteforce
80,17,20,1200,0,0,0,0,DoS-UDP
10248,6,5,290,5,5,0,0,SSH-Bruteforce
80,6,20,1200,20,0,0,0,DoS-SYN-Flood
0,1,20,1200,0,0,0,0,DoS-ICMP
22,6,20,1200,20,0,0,0,SSH-Bruteforce
53362,6,2,120,2,0,0,0,PortScan
61475,6,2,120,2,0,0,0,PortScan
80,6,20,1200,20,0,0,0,DoS-SYN-Flood
80,6,20,1480,20,0,0,0,DoS-HTTP
80,6,20,1200,20,0,0,0,DoS-SYN-Flood
5523,6,9,522,9,9,0,0,SSH-Bruteforce
80,6,20,1200,20,0,0,0,DoS-SYN-Flood
9464,6,4,240,4,0,0,0,PortScan
80,17,20,1200,0,0,0,0,DoS-UDP
47094,17,20,27980,0,0,0,0,BENIGN
80,6,20,1200,20,0,0,0,DoS-SYN-Flood
80,17,20,1200,0,0,0,0,DoS-UDP
0,1,20,1200,0,0,0,0,DoS-ICMP
80,6,20,1480,20,0,0,0,DoS-HTTP
80,6,20,1480,20,0,0,0,DoS-HTTP
80,6,20,1480,20,0,0,0,DoS-HTTP
40453,6,2,120,2,0,0,0,PortScan
80,6,20,1200,20,0,0,0,DoS-SYN-Flood
0,1,20,840,0,0,0,0,DoS-ICMP
15615,6,8,464,8,8,0,0,SSH-Bruteforce
80,6,20,1200,20,0,0,0,DoS-SYN-Flood
80,6,20,1480,20,0,0,0,DoS-HTTP
22,6,20,1200,19,0,1,0,SSH-Bruteforce
80,17,20,1200,0,0,0,0,DoS-UDP
5340,6,6,360,6,0,0,0,PortScan
16278,6,8,464,8,8,0,0,SSH-Bruteforce
80,6,20,1480,20,0,0,0,DoS-HTTP
9991,6,8,464,8,8,0,0,SSH-Bruteforce
0,1,20,1200,0,0,0,0,DoS-ICMP
0,1,20,840,0,0,0,0,DoS-ICMP
61717,6,2,120,2,0,0,0,PortScan
9785,6,10,580,10,10,0,0,SSH-Bruteforce
52414,6,4,232,4,4,0,0,SSH-Bruteforce
19025,6,4,240,4,0,0,0,PortScan
80,17,20,1200,0,0,0,0,DoS-UDP
60886,6,20,29080,0,20,0,0,BENIGN
80,6,20,1200,20,0,0,0,DoS-SYN-Flood
0,1,20,1200,0,0,0,0,DoS-ICMP
22,6,20,1200,0,0,20,0,SSH-Bruteforce
50430,6,6,348,6,6,0,0,SSH-Bruteforce
0,1,20,840,0,0,0,0,DoS-ICMP
53055,6,2,120,2,0,0,0,PortScan
80,6,20,1200,20,0,0,0,DoS-SYN-Flood
0,1,20,1200,0,0,0,0,DoS-ICMP
22,6,20,1200,0,0,20,0,SSH-Bruteforce
80,17,20,1200,0,0,0,0,DoS-UDP
80,6,20,1480,20,0,0,0,DoS-HTTP
80,6,20,1480,20,0,0,0,DoS-HTTP
60886,6,20,28900,0,20,0,0,BENIGN
80,6,20,1480,20,0,0,0,DoS-HTTP
0,1,20,1200,0,0,0,0,DoS-ICMP
0,1,20,840,0,0,0,0,DoS-ICMP
30998,6,4,240,4,0,0,0,PortScan
80,17,20,1200,0,0,0,0,DoS-UDP
80,6,20,1200,20,0,0,0,DoS-SYN-Flood
80,6,20,1480,20,0,0,0,DoS-HTTP
60210,6,4,240,4,0,0,0,PortScan
80,6,20,1480,20,0,0,0,DoS-HTTP
41844,6,9,522,9,9,0,0,SSH-Bruteforce
80,17,20,1200,0,0,0,0,DoS-UDP
55486,6,2,120,2,0,0,0,PortScan
0,1,20,1200,0,0,0,0,DoS-ICMP
80,6,20,1200,20,0,0,0,DoS-SYN-Flood
22,6,20,1200,1,0,19,0,SSH-Bruteforce
4158,6,4,240,4,0,0,0,PortScan
80,6,20,1200,20,0,0,0,DoS-SYN-Flood
36520,17,20,27980,0,0,0,0,BENIGN
80,6,20,1480,20,0,0,0,DoS-HTTP
80,17,20,1200,0,0,0,0,DoS-UDP
80,6,20,1200,20,0,0,0,DoS-SYN-Flood
35854,6,20,25000,0,20,0,0,BENIGN
65388,6,6,348,6,6,0,0,SSH-Bruteforce
443,6,20,4847,0,20,0,0,BENIGN
80,6,20,1480,20,0,0,0,DoS-HTTP
80,17,20,1200,0,0,0,0,DoS-UDP
80,17,20,1200,0,0,0,0,DoS-UDP
0,1,20,1200,0,0,0,0,DoS-ICMP
0,1,20,1200,0,0,0,0,DoS-ICMP
80,6,20,1200,20,0,0,0,DoS-SYN-Flood
80,17,20,1200,0,0,0,0,DoS-UDP
0,1,20,840,0,0,0,0,DoS-ICMP
80,17,20,1200,0,0,0,0,DoS-UDP
80,6,20,1480,20,0,0,0,BENIGN
80,6,20,1480,20,0,0,0,DoS-HTTP
22745,6,6,348,6,6,0,0,SSH-Bruteforce
0,1,20,840,0,0,0,0,DoS-ICMP
80,17,20,1200,0,0,0,0,DoS-UDP
0,1,20,1200,0,0,0,0,DoS-ICMP
80,6,20,1200,20,0,0,0,DoS-SYN-Flood
80,17,20,1200,0,0,0,0,DoS-UDP
80,6,20,1200,20,0,0,0,DoS-SYN-Flood
80,6,20,1200,20,0,0,0,DoS-SYN-Flood
55941,6,5,290,5,5,0,0,SSH-Bruteforce
52780,6,10,580,10,10,0,0,SSH-Bruteforce
64030,6,7,406,7,7,0,0,SSH-Bruteforce
80,6,20,1200,20,0,0,0,DoS-SYN-Flood
80,17,20,1200,0,0,0,0,DoS-UDP
11092,6,4,240,4,0,0,0,PortScan
80,17,20,1200,0,0,0,0,DoS-UDP
33211,6,2,120,2,0,0,0,PortScan
13120,6,10,580,10,10,0,0,SSH-Bruteforce
61011,6,2,120,2,0,0,0,PortScan
16991,6,2,120,2,0,0,0,PortScan
0,1,20,840,0,0,0,0,DoS-ICMP
0,1,20,1200,0,0,0,0,DoS-ICMP
80,6,20,1480,20,0,0,0,DoS-HTTP
80,6,20,1200,20,0,0,0,DoS-SYN-Flood
36439,6,6,348,6,6,0,0,SSH-Bruteforce
80,17,20,1200,0,0,0,0,DoS-UDP
80,17,20,1200,0,0,0,0,DoS-UDP
0,1,20,840,0,0,0,0,DoS-ICMP
60886,6,20,28900,0,20,0,0,BENIGN
443,17,20,10920,0,0,0,0,BENIGN
0,1,20,840,0,0,0,0,DoS-ICMP
59953,6,8,464,8,8,0,0,SSH-Bruteforce
80,17,20,1200,0,0,0,0,DoS-UDP
80,6,20,1200,20,0,0,0,DoS-SYN-Flood
80,17,20,1200,0,0,0,0,DoS-UDP
48155,6,2,120,2,0,0,0,PortScan
22,6,20,1200,12,0,8,0,SSH-Bruteforce
36520,17,20,27980,0,0,0,0,BENIGN
80,6,20,1480,20,0,0,0,DoS-HTTP
80,6,20,1480,20,0,0,0,DoS-HTTP
0,1,20,840,0,0,0,0,DoS-ICMP
80,6,20,1480,20,0,0,0,DoS-HTTP
22,6,20,1200,0,0,20,0,SSH-Bruteforce
22,6,20,1200,12,0,8,0,SSH-Bruteforce
0,1,20,1200,0,0,0,0,DoS-ICMP
39902,17,20,27133,0,0,0,0,BENIGN
80,6,20,1200,20,0,0,0,DoS-SYN-Flood
17638,6,2,120,2,0,0,0,PortScan
80,17,20,1200,0,0,0,0,DoS-UDP
80,17,20,1200,0,0,0,0,DoS-UDP
0,1,20,1200,0,0,0,0,DoS-ICMP
30362,6,2,120,2,0,0,0,PortScan
80,6,20,1480,20,0,0,0,DoS-HTTP
47009,6,4,240,4,0,0,0,PortScan
80,17,20,1200,0,0,0,0,DoS-UDP
80,17,20,1200,0,0,0,0,DoS-UDP
36520,17,20,27980,0,0,0,0,BENIGN
22,6,20,1200,20,0,0,0,SSH-Bruteforce
80,6,20,1200,20,0,0,0,DoS-SYN-Flood
80,6,20,1480,20,0,0,0,DoS-HTTP
33498,6,2,120,2,0,0,0,PortScan
23778,6,4,240,4,0,0,0,PortScan
18459,6,4,232,4,4,0,0,SSH-Bruteforce
80,6,20,1200,20,0,0,0,DoS-SYN-Flood
32159,6,9,522,9,9,0,0,SSH-Bruteforce
22,6,20,1200,20,0,0,0,SSH-Bruteforce
80,6,20,1480,20,0,0,0,DoS-HTTP
80,6,20,1200,20,0,0,0,DoS-SYN-Flood
0,1,20,840,0,0,0,0,DoS-ICMP
61099,6,4,240,4,0,0,0,PortScan
80,17,20,1200,0,0,0,0,DoS-UDP
80,6,20,1480,20,0,0,0,DoS-HTTP
42602,6,2,120,2,0,0,0,PortScan
80,17,20,1200,0,0,0,0,DoS-UDP
22,6,20,1200,10,0,10,0,SSH-Bruteforce
128,6,4,240,4,0,0,0,PortScan
80,6,20,1480,20,0,0,0,DoS-HTTP
80,6,20,1480,20,0,0,0,DoS-HTTP
34325,6,2,120,2,0,0,0,PortScan
80,17,20,1200,0,0,0,0,DoS-UDP
80,17,20,1200,0,0,0,0,DoS-UDP
80,6,20,1200,20,0,0,0,DoS-SYN-Flood
0,1,20,840,0,0,0,0,DoS-ICMP
80,17,20,1200,0,0,0,0,DoS-UDP
0,1,20,840,0,0,0,0,DoS-ICMP
80,6,20,1200,20,0,0,0,DoS-SYN-Flood
0,1,20,1200,0,0,0,0,DoS-ICMP
0,1,20,1200,0,0,0,0,DoS-ICMP
0,1,20,1200,0,0,0,0,DoS-ICMP
2515,6,4,240,4,0,0,0,PortScan
80,17,20,1200,0,0,0,0,DoS-UDP
64096,6,4,240,4,0,0,0,PortScan
10007,6,4,240,4,0,0,0,PortScan
80,17,20,1200,0,0,0,0,DoS-UDP
80,6,20,1200,20,0,0,0,DoS-SYN-Flood
7094,6,4,240,4,0,0,0,PortScan
64247,6,2,120,2,0,0,0,PortScan
0,1,20,1200,0,0,0,0,DoS-ICMP
44398,6,2,120,2,0,0,0,PortScan
80,17,20,1200,0,0,0,0,DoS-UDP
28785,6,4,240,4,0,0,0,PortScan
43992,17,20,27980,0,0,0,0,BENIGN
80,6,20,1200,20,0,0,0,DoS-SYN-Flood
0,1,20,1200,0,0,0,0,DoS-ICMP
80,6,20,1480,20,0,0,0,DoS-HTTP
0,1,20,1200,0,0,0,0,DoS-ICMP
54829,17,20,27980,0,0,0,0,BENIGN
47717,6,4,240,4,0,0,0,PortScan
53308,6,20,29200,0,20,0,0,BENIGN
80,6,20,1480,20,0,0,0,DoS-HTTP
37176,6,18,4793,1,18,0,1,BENIGN
36520,17,20,27980,0,0,0,0,BENIGN
0,1,20,1200,0,0,0,0,DoS-ICMP
35938,6,4,240,4,0,0,0,PortScan
80,17,20,1200,0,0,0,0,DoS-UDP
80,6,20,1200,20,0,0,0,DoS-SYN-Flood
0,1,20,840,0,0,0,0,DoS-ICMP
80,6,20,1480,20,0,0,0,DoS-HTTP
4574,6,6,360,6,0,0,0,PortScan
80,17,20,1200,0,0,0,0,DoS-UDP
0,1,20,840,0,0,0,0,DoS-ICMP
38244,6,2,120,2,0,0,0,PortScan
26399,6,4,240,4,0,0,0,PortScan
0,1,20,840,0,0,0,0,DoS-ICMP
64991,6,2,120,2,0,0,0,PortScan
0,1,20,1200,0,0,0,0,DoS-ICMP
80,6,20,1480,20,0,0,0,DoS-HTTP
80,17,20,1200,0,0,0,0,DoS-UDP
80,6,20,1200,20,0,0,0,DoS-SYN-Flood
33814,6,2,120,2,0,0,0,PortScan
80,6,20,1200,20,0,0,0,DoS-SYN-Flood
0,1,20,840,0,0,0,0,DoS-ICMP
80,17,20,1200,0,0,0,0,DoS-UDP
31261,6,5,290,5,5,0,0,SSH-Bruteforce
52677,6,2,120,2,0,0,0,PortScan
80,6,20,1480,20,0,0,0,DoS-HTTP
58908,6,4,240,4,0,0,0,PortScan
53258,6,20,28446,0,20,0,0,BENIGN
0,1,20,1200,0,0,0,0,DoS-ICMP
18269,6,4,240,4,0,0,0,PortScan
80,17,20,1200,0,0,0,0,DoS-UDP
33472,6,4,240,4,0,0,0,PortScan
80,17,20,1200,0,0,0,0,DoS-UDP
53258,6,20,29020,0,20,0,0,BENIGN
40757,6,8,464,8,8,0,0,SSH-Bruteforce
31144,6,4,240,4,0,0,0,PortScan
80,6,20,1480,20,0,0,0,DoS-HTTP
80,17,20,1200,0,0,0,0,DoS-UDP
36520,17,20,27980,0,0,0,0,BENIGN
0,1,20,840,0,0,0,0,DoS-ICMP
80,6,20,1200,20,0,0,0,DoS-SYN-Flood
19404,6,11,638,11,11,0,0,SSH-Bruteforce
80,17,20,1200,0,0,0,0,DoS-UDP
80,6,20,1200,20,0,0,0,DoS-SYN-Flood
80,6,20,1200,20,0,0,0,DoS-SYN-Flood
22,6,20,1200,20,0,0,0,SSH-Bruteforce
80,17,20,1200,0,0,0,0,DoS-UDP
54829,17,20,27980,0,0,0,0,BENIGN
80,6,20,1480,20,0,0,0,DoS-HTTP
80,6,20,1200,20,0,0,0,DoS-SYN-Flood
80,17,20,1200,0,0,0,0,DoS-UDP
10522,6,4,240,4,0,0,0,PortScan
0,1,20,840,0,0,0,0,DoS-ICMP
0,1,20,840,0,0,0,0,DoS-ICMP
48840,6,4,240,4,0,0,0,PortScan
36520,17,20,27980,0,0,0,0,BENIGN
80,6,20,1480,20,0,0,0,DoS-HTTP
37183,6,2,120,2,0,0,0,PortScan
80,6,20,1480,20,0,0,0,DoS-HTTP
80,17,20,1200,0,0,0,0,DoS-UDP
80,17,20,1200,0,0,0,0,DoS-UDP
31593,6,8,464,8,8,0,0,SSH-Bruteforce
80,6,20,1200,20,0,0,0,DoS-SYN-Flood
80,17,20,1200,0,0,0,0,DoS-UDP
53272,6,20,28840,0,20,0,0,BENIGN
39346,6,6,348,6,6,0,0,SSH-Bruteforce
80,6,20,1200,20,0,0,0,DoS-SYN-Flood
80,6,20,1480,20,0,0,0,DoS-HTTP
80,6,20,1480,20,0,0,0,DoS-HTTP
60886,6,20,23480,0,20,0,0,BENIGN
80,17,20,1200,0,0,0,0,DoS-UDP
0,1,20,1200,0,0,0,0,DoS-ICMP
0,1,20,840,0,0,0,0,DoS-ICMP
0,1,20,840,0,0,0,0,DoS-ICMP
0,1,20,1200,0,0,0,0,DoS-ICMP
80,6,20,1200,20,0,0,0,DoS-SYN-Flood
30358,6,2,120,2,0,0,0,PortScan
24483,6,2,120,2,0,0,0,PortScan
0,1,20,1200,0,0,0,0,DoS-ICMP
80,6,20,1200,20,0,0,0,DoS-SYN-Flood
80,17,20,1200,0,0,0,0,DoS-UDP
80,6,20,1200,20,0,0,0,DoS-SYN-Flood
80,6,20,1480,20,0,0,0,DoS-HTTP
47854,6,2,120,2,0,0,0,PortScan
80,17,20,1200,0,0,0,0,DoS-UDP
80,6,20,1200,20,0,0,0,DoS-SYN-Flood
80,6,20,1480,20,0,0,0,DoS-HTTP
80,6,20,1200,20,0,0,0,DoS-SYN-Flood
80,6,20,1200,20,0,0,0,DoS-SYN-Flood
80,6,20,1480,20,0,0,0,DoS-HTTP
20909,6,7,406,7,7,0,0,SSH-Bruteforce
80,6,20,1480,20,0,0,0,DoS-HTTP
0,1,20,1200,0,0,0,0,DoS-ICMP
80,17,20,1200,0,0,0,0,DoS-UDP
60886,6,20,24940,0,20,0,0,BENIGN
80,6,20,1480,20,0,0,0,DoS-HTTP
47310,6,7,406,7,7,0,0,SSH-Bruteforce
578,6,4,240,4,0,0,0,PortScan
80,6,20,1200,20,0,0,0,DoS-SYN-Flood
80,6,20,1480,20,0,0,0,DoS-HTTP
62763,6,4,240,4,0,0,0,PortScan
53835,6,2,120,2,0,0,0,PortScan
16276,6,2,120,2,0,0,0,PortScan
80,17,20,1200,0,0,0,0,DoS-UDP
80,6,20,1480,20,0,0,0,DoS-HTTP
46709,6,2,120,2,0,0,0,PortScan
80,6,20,1200,20,0,0,0,DoS-SYN-Flood
80,6,20,1480,20,0,0,0,DoS-HTTP
29430,6,9,522,9,9,0,0,SSH-Bruteforce
48347,6,8,464,8,8,0,0,SSH-Bruteforce
80,6,20,1200,20,0,0,0,DoS-SYN-Flood
80,17,20,1200,0,0,0,0,DoS-UDP
80,6,20,1480,20,0,0,0,DoS-HTTP
0,1,20,1200,0,0,0,0,DoS-ICMP
60347,6,2,120,2,0,0,0,PortScan
27918,6,2,120,2,0,0,0,PortScan
80,6,20,1200,20,0,0,0,DoS-SYN-Flood
57255,6,5,290,5,5,0,0,SSH-Bruteforce
80,6,20,1200,20,0,0,0,DoS-SYN-Flood
33758,6,2,120,2,0,0,0,PortScan
80,17,20,1200,0,0,0,0,DoS-UDP
80,6,20,1200,20,0,0,0,DoS-SYN-Flood
80,6,20,1200,20,0,0,0,DoS-SYN-Flood
60313,6,2,120,2,0,0,0,PortScan
23640,6,6,348,6,6,0,0,SSH-Bruteforce
0,1,20,840,0,0,0,0,DoS-ICMP
80,6,20,1200,20,0,0,0,DoS-SYN-Flood
0,1,20,1200,0,0,0,0,DoS-ICMP
80,17,20,1200,0,0,0,0,DoS-UDP
45856,6,10,580,10,10,0,0,SSH-Bruteforce
0,1,20,840,0,0,0,0,DoS-ICMP
54194,6,4,240,4,0,0,0,PortScan
50980,6,8,464,8,8,0,0,SSH-Bruteforce
46026,6,10,580,10,10,0,0,SSH-Bruteforce
80,6,20,1200,20,0,0,0,DoS-SYN-Flood
80,6,20,1200,20,0,0,0,DoS-SYN-Flood
80,17,20,1200,0,0,0,0,DoS-UDP
16006,6,9,522,9,9,0,0,SSH-Bruteforce
0,1,20,1200,0,0,0,0,DoS-ICMP
22,6,20,1200,0,0,20,0,SSH-Bruteforce
80,6,20,1480,20,0,0,0,DoS-HTTP
80,6,20,1200,20,0,0,0,DoS-SYN-Flood
80,17,20,1200,0,0,0,0,DoS-UDP
33240,6,20,28900,0,20,0,0,BENIGN
0,1,20,840,0,0,0,0,DoS-ICMP
80,17,20,1200,0,0,0,0,DoS-UDP
80,6,20,1480,20,0,0,0,DoS-HTTP
80,6,20,1480,20,0,0,0,DoS-HTTP
8490,6,4,240,4,0,0,0,PortScan
30462,6,8,464,8,8,0,0,SSH-Bruteforce
54735,6,2,120,2,0,0,0,PortScan
0,1,20,1200,0,0,0,0,DoS-ICMP
0,1,20,1200,0,0,0,0,DoS-ICMP
80,6,20,1480,20,0,0,0,DoS-HTTP
80,6,20,1200,20,0,0,0,DoS-SYN-Flood
80,6,20,1200,20,0,0,0,DoS-SYN-Flood
80,17,20,1200,0,0,0,0,DoS-UDP
80,17,20,1200,0,0,0,0,DoS-UDP
80,17,20,1200,0,0,0,0,DoS-UDP
0,1,20,1200,0,0,0,0,DoS-ICMP
80,6,20,1200,20,0,0,0,DoS-SYN-Flood
80,6,20,1480,20,0,0,0,DoS-HTTP
80,17,20,1200,0,0,0,0,DoS-UDP
0,1,20,840,0,0,0,0,DoS-ICMP
35309,6,9,522,9,9,0,0,SSH-Bruteforce
54829,17,20,27980,0,0,0,0,BENIGN
80,6,20,1480,20,0,0,0,DoS-HTTP
80,17,20,1200,0,0,0,0,DoS-UDP
0,1,20,840,0,0,0,0,DoS-ICMP
80,6,20,1480,20,0,0,0,DoS-HTTP
80,6,20,1480,20,0,0,0,DoS-HTTP
22,6,20,1200,2,0,18,0,SSH-Bruteforce
46136,6,3,174,3,3,0,0,SSH-Bruteforce
80,6,20,1480,20,0,0,0,DoS-HTTP
80,6,20,1200,20,0,0,0,DoS-SYN-Flood
80,6,20,1200,20,0,0,0,DoS-SYN-Flood
80,17,20,1200,0,0,0,0,DoS-UDP
80,6,20,1200,20,0,0,0,DoS-SYN-Flood
47619,6,10,580,10,10,0,0,SSH-Bruteforce
63006,6,5,290,5,5,0,0,SSH-Bruteforce
0,1,20,1200,0,0,0,0,DoS-ICMP
80,6,20,1200,20,0,0,0,DoS-SYN-Flood
33595,17,20,5030,0,0,0,0,BENIGN
22872,6,2,120,2,0,0,0,PortScan
22,6,20,1200,16,0,4,0,SSH-Bruteforce
11488,6,4,240,4,0,0,0,PortScan
80,6,20,1480,20,0,0,0,DoS-HTTP
0,1,20,1200,0,0,0,0,DoS-ICMP
80,6,20,1480,20,0,0,0,DoS-HTTP
24023,6,2,120,2,0,0,0,PortScan
25582,6,2,120,2,0,0,0,PortScan
80,6,20,1200,20,0,0,0,DoS-SYN-Flood
443,6,20,2639,0,20,0,0,BENIGN
80,6,20,1480,20,0,0,0,DoS-HTTP
43189,17,2,514,0,0,0,0,BENIGN
0,1,20,840,0,0,0,0,DoS-ICMP
80,6,20,1200,20,0,0,0,DoS-SYN-Flood
64037,6,6,348,6,6,0,0,SSH-Bruteforce
0,1,20,1200,0,0,0,0,DoS-ICMP
80,6,20,1200,20,0,0,0,DoS-SYN-Flood
12411,6,4,240,4,0,0,0,PortScan
80,17,20,1200,0,0,0,0,DoS-UDP
80,6,20,1480,20,0,0,0,DoS-HTTP
80,6,20,1200,20,0,0,0,DoS-SYN-Flood
0,1,20,1200,0,0,0,0,DoS-ICMP
80,17,20,1200,0,0,0,0,DoS-UDP
4705,6,6,348,6,6,0,0,SSH-Bruteforce
80,6,20,1480,20,0,0,0,DoS-HTTP
80,6,20,1480,20,0,0,0,DoS-HTTP
7039,6,5,290,5,5,0,0,SSH-Bruteforce
80,6,20,1200,20,0,0,0,DoS-SYN-Flood
80,17,20,1200,0,0,0,0,DoS-UDP
57405,6,2,120,2,0,0,0,PortScan
39688,6,14,812,14,14,0,0,SSH-Bruteforce
47177,6,2,120,2,0,0,0,PortScan
0,1,20,840,0,0,0,0,DoS-ICMP
80,17,20,1200,0,0,0,0,DoS-UDP
22,6,20,1200,0,0,20,0,SSH-Bruteforce
63774,6,2,120,2,0,0,0,PortScan
80,17,20,1200,0,0,0,0,DoS-UDP
25510,6,2,120,2,0,0,0,PortScan
80,17,20,1200,0,0,0,0,DoS-UDP
1609,6,6,348,6,6,0,0,SSH-Bruteforce
80,6,20,1480,20,0,0,0,DoS-HTTP
80,6,20,1200,20,0,0,0,DoS-SYN-Flood
36520,17,20,27980,0,0,0,0,BENIGN
26512,6,4,240,4,0,0,0,PortScan
33240,6,20,29160,0,20,0,0,BENIGN
80,17,20,1200,0,0,0,0,DoS-UDP
80,6,20,1480,20,0,0,0,DoS-HTTP
80,17,20,1200,0,0,0,0,DoS-UDP
6391,6,4,240,4,0,0,0,PortScan
0,1,20,1200,0,0,0,0,DoS-ICMP
80,6,20,1480,20,0,0,0,DoS-HTTP
2923,6,4,240,4,0,0,0,PortScan
53419,6,4,240,4,0,0,0,PortScan
80,6,20,1480,20,0,0,0,DoS-HTTP
0,1,20,1200,0,0,0,0,DoS-ICMP
32658,6,10,580,10,10,0,0,SSH-Bruteforce
32158,6,9,522,9,9,0,0,SSH-Bruteforce
46398,17,20,27980,0,0,0,0,BENIGN
80,6,20,1480,20,0,0,0,DoS-HTTP
80,6,20,1200,20,0,0,0,DoS-SYN-Flood
0,1,20,840,0,0,0,0,DoS-ICMP
80,6,20,1200,20,0,0,0,DoS-SYN-Flood
80,17,20,1200,0,0,0,0,DoS-UDP
43992,17,20,27980,0,0,0,0,BENIGN
80,6,20,1200,20,0,0,0,DoS-SYN-Flood
0,1,20,840,0,0,0,0,DoS-ICMP
80,6,20,1480,20,0,0,0,DoS-HTTP
44376,6,4,240,4,0,0,0,PortScan
0,1,20,1200,0,0,0,0,DoS-ICMP
80,6,20,1480,20,0,0,0,DoS-HTTP
42041,6,2,120,2,0,0,0,PortScan
0,1,20,840,0,0,0,0,DoS-ICMP
52061,6,4,240,4,0,0,0,PortScan
7540,6,9,522,9,9,0,0,SSH-Bruteforce
80,6,20,1480,20,0,0,0,DoS-HTTP
0,1,20,840,0,0,0,0,DoS-ICMP
55111,6,2,120,2,0,0,0,PortScan
0,1,20,1200,0,0,0,0,DoS-ICMP
80,6,20,1480,20,0,0,0,DoS-HTTP
80,6,20,1200,20,0,0,0,DoS-SYN-Flood
0,1,20,1200,0,0,0,0,DoS-ICMP
80,6,20,1200,20,0,0,0,DoS-SYN-Flood
80,17,20,1200,0,0,0,0,DoS-UDP
80,17,20,1200,0,0,0,0,DoS-UDP
21676,6,8,464,8,8,0,0,SSH-Bruteforce
47,6,4,240,4,0,0,0,PortScan
80,17,20,1200,0,0,0,0,DoS-UDP
0,1,20,840,0,0,0,0,DoS-ICMP
53294,6,4,240,4,0,0,0,PortScan
30117,6,7,406,7,7,0,0,SSH-Bruteforce
57114,6,2,120,2,0,0,0,PortScan
80,17,20,1200,0,0,0,0,DoS-UDP
35740,6,2,120,2,0,0,0,PortScan
80,6,20,1200,20,0,0,0,DoS-SYN-Flood
80,17,20,1200,0,0,0,0,DoS-UDP
39739,6,2,120,2,0,0,0,PortScan
80,6,20,1200,20,0,0,0,DoS-SYN-Flood
12713,6,4,240,4,0,0,0,PortScan
12456,6,4,240,4,0,0,0,PortScan
0,1,20,1200,0,0,0,0,DoS-ICMP
0,1,20,840,0,0,0,0,DoS-ICMP
80,6,20,1480,20,0,0,0,DoS-HTTP
80,6,20,1480,20,0,0,0,DoS-HTTP
80,17,20,1200,0,0,0,0,DoS-UDP
43992,17,20,27980,0,0,0,0,BENIGN
0,1,20,1200,0,0,0,0,DoS-ICMP
33741,6,2,120,2,0,0,0,PortScan
0,1,20,1200,0,0,0,0,DoS-ICMP
80,6,20,1200,20,0,0,0,DoS-SYN-Flood
80,17,20,1200,0,0,0,0,DoS-UDP
0,1,20,1200,0,0,0,0,DoS-ICMP
40697,6,2,120,2,0,0,0,PortScan
46084,6,7,406,7,7,0,0,SSH-Bruteforce
0,1,20,1200,0,0,0,0,DoS-ICMP
2854,6,4,240,4,0,0,0,PortScan
80,6,20,1480,20,0,0,0,DoS-HTTP
0,1,20,840,0,0,0,0,DoS-ICMP
28301,6,9,522,9,9,0,0,SSH-Bruteforce
14589,6,4,240,4,0,0,0,PortScan
37435,6,8,464,8,8,0,0,SSH-Bruteforce
80,6,20,1480,20,0,0,0,DoS-HTTP
57087,6,4,240,4,0,0,0,PortScan
1197,6,6,348,6,6,0,0,SSH-Bruteforce
0,1,20,840,0,0,0,0,DoS-ICMP
62975,6,7,406,7,7,0,0,SSH-Bruteforce
80,17,20,1200,0,0,0,0,DoS-UDP
36520,17,20,27980,0,0,0,0,BENIGN
53557,6,9,522,9,9,0,0,SSH-Bruteforce
22,6,20,1200,8,0,12,0,SSH-Bruteforce
80,6,20,1200,20,0,0,0,DoS-SYN-Flood
80,6,20,1200,20,0,0,0,DoS-SYN-Flood
1472,6,6,360,6,0,0,0,PortScan
8272,6,4,240,4,0,0,0,PortScan
80,17,20,1200,0,0,0,0,DoS-UDP
80,17,20,1200,0,0,0,0,DoS-UDP
80,6,20,1200,20,0,0,0,DoS-SYN-Flood
37020,6,4,240,4,0,0,0,PortScan
80,6,20,1480,20,0,0,0,DoS-HTTP
80,6,20,1480,20,0,0,0,DoS-HTTP
0,1,20,1200,0,0,0,0,DoS-ICMP
80,6,20,1200,20,0,0,0,DoS-SYN-Flood
11166,6,7,406,7,7,0,0,SSH-Bruteforce
80,6,20,1200,20,0,0,0,DoS-SYN-Flood
80,17,20,1200,0,0,0,0,DoS-UDP
42904,17,20,21650,0,0,0,0,BENIGN
0,1,20,1200,0,0,0,0,DoS-ICMP
0,1,20,1200,0,0,0,0,DoS-ICMP
15555,6,5,290,5,5,0,0,SSH-Bruteforce
80,17,20,1200,0,0,0,0,DoS-UDP
80,6,20,1200,20,0,0,0,DoS-SYN-Flood
80,17,20,1200,0,0,0,0,DoS-UDP
32981,6,2,120,2,0,0,0,PortScan
36231,6,2,120,2,0,0,0,PortScan
80,6,20,1200,20,0,0,0,DoS-SYN-Flood
37988,6,10,580,10,10,0,0,SSH-Bruteforce
0,1,20,840,0,0,0,0,DoS-ICMP
80,17,20,1200,0,0,0,0,DoS-UDP
37139,6,11,638,11,11,0,0,SSH-Bruteforce
80,6,20,1200,20,0,0,0,DoS-SYN-Flood
30570,6,7,406,7,7,0,0,SSH-Bruteforce
80,17,20,1200,0,0,0,0,DoS-UDP
21030,6,2,120,2,0,0,0,PortScan
80,17,20,1200,0,0,0,0,DoS-UDP
27411,6,6,348,6,6,0,0,SSH-Bruteforce
44856,17,2,670,0,0,0,0,BENIGN
22,6,20,1200,12,0,8,0,SSH-Bruteforce
80,6,20,1200,20,0,0,0,DoS-SYN-Flood
80,6,20,1480,20,0,0,0,DoS-HTTP
58403,17,2,344,0,0,0,0,BENIGN
49755,6,4,240,4,0,0,0,PortScan
80,17,20,1200,0,0,0,0,DoS-UDP
80,6,20,1200,20,0,0,0,DoS-SYN-Flood
80,6,20,1200,20,0,0,0,DoS-SYN-Flood
59260,6,15,1753,1,15,0,1,BENIGN
80,6,20,1200,20,0,0,0,DoS-SYN-Flood
80,6,20,1480,20,0,0,0,DoS-HTTP
17765,6,7,406,7,7,0,0,SSH-Bruteforce
48289,6,9,522,9,9,0,0,SSH-Bruteforce
56696,6,1,54,0,1,1,0,BENIGN
80,6,20,1480,20,0,0,0,DoS-HTTP
36520,17,20,27980,0,0,0,0,BENIGN
80,6,20,1200,20,0,0,0,DoS-SYN-Flood
80,6,20,1480,20,0,0,0,DoS-HTTP
45858,6,4,240,4,0,0,0,PortScan
0,1,20,840,0,0,0,0,DoS-ICMP
0,1,20,840,0,0,0,0,DoS-ICMP
22,6,20,1200,12,0,8,0,SSH-Bruteforce
80,17,20,1200,0,0,0,0,DoS-UDP
2032,6,5,290,5,5,0,0,SSH-Bruteforce
14217,6,6,360,6,0,0,0,PortScan
46398,17,20,27980,0,0,0,0,BENIGN
80,17,20,1200,0,0,0,0,DoS-UDP
22,6,20,1200,0,0,20,0,SSH-Bruteforce
80,6,20,1480,20,0,0,0,DoS-HTTP
80,17,20,1200,0,0,0,0,DoS-UDP
45447,17,20,27980,0,0,0,0,BENIGN
22,6,20,1200,0,0,20,0,SSH-Bruteforce
80,17,20,1200,0,0,0,0,DoS-UDP
0,1,20,840,0,0,0,0,DoS-ICMP
0,1,20,840,0,0,0,0,DoS-ICMP
57293,6,4,240,4,0,0,0,PortScan
443,6,20,2574,0,20,0,0,BENIGN
80,17,20,1200,0,0,0,0,DoS-UDP
37893,6,4,240,4,0,0,0,PortScan
443,17,20,20590,0,0,0,0,BENIGN
22,6,20,1200,0,0,20,0,SSH-Bruteforce
31399,6,7,406,7,7,0,0,SSH-Bruteforce
80,17,20,1200,0,0,0,0,DoS-UDP
80,6,20,1200,20,0,0,0,DoS-SYN-Flood
80,6,20,1200,20,0,0,0,DoS-SYN-Flood
0,1,20,840,0,0,0,0,DoS-ICMP
48247,6,2,120,2,0,0,0,PortScan
52965,6,9,522,9,9,0,0,SSH-Bruteforce
60366,6,2,120,2,0,0,0,PortScan
80,6,20,1480,20,0,0,0,DoS-HTTP
80,6,20,1480,20,0,0,0,DoS-HTTP
16452,6,5,290,5,5,0,0,SSH-Bruteforce
0,1,20,840,0,0,0,0,DoS-ICMP
38086,6,9,522,9,9,0,0,SSH-Bruteforce
48119,6,9,522,9,9,0,0,SSH-Bruteforce
80,6,20,1200,20,0,0,0,DoS-SYN-Flood
80,6,20,1480,20,0,0,0,DoS-HTTP
80,6,20,1480,20,0,0,0,DoS-HTTP
0,1,20,840,0,0,0,0,DoS-ICMP
22,6,20,1200,18,0,2,0,SSH-Bruteforce
35879,6,2,120,2,0,0,0,PortScan
26523,6,2,120,2,0,0,0,PortScan
80,6,20,1480,20,0,0,0,DoS-HTTP
7354,6,4,240,4,0,0,0,PortScan
80,17,20,1200,0,0,0,0,DoS-UDP
80,6,20,1480,20,0,0,0,DoS-HTTP
0,1,20,840,0,0,0,0,DoS-ICMP
80,6,20,1480,20,0,0,0,DoS-HTTP
80,17,20,1200,0,0,0,0,DoS-UDP
24093,6,6,348,6,6,0,0,SSH-Bruteforce
80,6,20,1480,20,0,0,0,DoS-HTTP
33240,6,20,29020,0,20,0,0,BENIGN
0,1,20,840,0,0,0,0,DoS-ICMP
80,6,20,1200,20,0,0,0,DoS-SYN-Flood
23964,6,2,120,2,0,0,0,PortScan
80,6,20,1480,20,0,0,0,DoS-HTTP
80,6,20,1480,20,0,0,0,DoS-HTTP
0,1,20,840,0,0,0,0,DoS-ICMP
80,17,20,1200,0,0,0,0,DoS-UDP
80,17,20,1200,0,0,0,0,DoS-UDP
80,6,20,1480,20,0,0,0,DoS-HTTP
55023,6,2,120,2,0,0,0,PortScan
26816,6,4,240,4,0,0,0,PortScan
50248,6,2,120,2,0,0,0,PortScan
80,6,20,1480,20,0,0,0,DoS-HTTP
0,1,20,840,0,0,0,0,DoS-ICMP
80,6,20,1200,20,0,0,0,DoS-SYN-Flood
30967,6,9,522,9,9,0,0,SSH-Bruteforce
80,17,20,1200,0,0,0,0,DoS-UDP
80,17,20,1200,0,0,0,0,DoS-UDP
47458,6,8,464,8,8,0,0,SSH-Bruteforce
80,17,20,1200,0,0,0,0,DoS-UDP
39432,6,8,464,8,8,0,0,SSH-Bruteforce
80,6,20,1480,20,0,0,0,DoS-HTTP
42542,6,7,406,7,7,0,0,SSH-Bruteforce
80,6,20,1480,20,0,0,0,DoS-HTTP
80,17,20,1200,0,0,0,0,DoS-UDP
0,1,20,1200,0,0,0,0,DoS-ICMP
80,6,20,1480,20,0,0,0,DoS-HTTP
80,6,20,1480,20,0,0,0,DoS-HTTP
14418,6,5,290,5,5,0,0,SSH-Bruteforce
59984,6,7,406,7,7,0,0,SSH-Bruteforce
18675,6,7,406,7,7,0,0,SSH-Bruteforce
80,6,20,1480,20,0,0,0,DoS-HTTP
80,6,20,1200,20,0,0,0,DoS-SYN-Flood
80,6,20,1200,20,0,0,0,DoS-SYN-Flood
80,6,20,1200,20,0,0,0,DoS-SYN-Flood
63332,6,4,240,4,0,0,0,PortScan
80,6,20,1200,20,0,0,0,DoS-SYN-Flood
22,6,20,1200,17,0,3,0,SSH-Bruteforce
80,17,20,1200,0,0,0,0,DoS-UDP
19070,6,2,120,2,0,0,0,PortScan
80,6,20,1480,20,0,0,0,DoS-HTTP
22,6,20,1200,16,0,4,0,SSH-Bruteforce
80,6,20,1200,20,0,0,0,DoS-SYN-Flood
48806,17,20,27980,0,0,0,0,BENIGN
51789,6,2,120,2,0,0,0,PortScan
0,1,20,840,0,0,0,0,DoS-ICMP
14430,6,4,240,4,0,0,0,PortScan
62814,6,7,406,7,7,0,0,SSH-Bruteforce
80,17,20,1200,0,0,0,0,DoS-UDP
80,17,20,1200,0,0,0,0,DoS-UDP
80,17,20,1200,0,0,0,0,DoS-UDP
11077,6,6,360,6,0,0,0,PortScan
54829,17,20,27980,0,0,0,0,BENIGN
53296,6,20,29020,0,20,0,0,BENIGN
80,17,20,1200,0,0,0,0,DoS-UDP
0,1,20,840,0,0,0,0,DoS-ICMP
0,1,20,1200,0,0,0,0,DoS-ICMP
40295,6,4,240,4,0,0,0,PortScan
0,1,20,1200,0,0,0,0,DoS-ICMP
80,17,20,1200,0,0,0,0,DoS-UDP
0,1,20,1200,0,0,0,0,DoS-ICMP
80,17,20,1200,0,0,0,0,DoS-UDP
80,17,20,1200,0,0,0,0,DoS-UDP
80,17,20,1200,0,0,0,0,DoS-UDP
80,6,20,1200,20,0,0,0,DoS-SYN-Flood
80,6,20,1200,20,0,0,0,DoS-SYN-Flood
80,6,20,1480,20,0,0,0,DoS-HTTP
80,17,20,1200,0,0,0,0,DoS-UDP
0,1,20,1200,0,0,0,0,DoS-ICMP
61295,6,2,120,2,0,0,0,PortScan
80,6,20,1480,20,0,0,0,DoS-HTTP
17686,6,8,464,8,8,0,0,SSH-Bruteforce
80,17,20,1200,0,0,0,0,DoS-UDP
33174,6,2,120,2,0,0,0,PortScan
0,1,20,840,0,0,0,0,DoS-ICMP
22,6,20,1200,20,0,0,0,SSH-Bruteforce
80,17,20,1200,0,0,0,0,DoS-UDP
56169,6,7,406,7,7,0,0,SSH-Bruteforce
80,6,20,1200,20,0,0,0,DoS-SYN-Flood
20448,6,3,174,3,3,0,0,SSH-Bruteforce
29119,6,2,120,2,0,0,0,PortScan
0,1,20,840,0,0,0,0,DoS-ICMP
80,6,20,1480,20,0,0,0,DoS-HTTP
0,1,20,1200,0,0,0,0,DoS-ICMP
23300,6,5,290,5,5,0,0,SSH-Bruteforce
62283,6,2,120,2,0,0,0,PortScan
54829,17,20,27980,0,0,0,0,BENIGN
2033,6,4,240,4,0,0,0,PortScan
80,6,20,1200,20,0,0,0,DoS-SYN-Flood
80,6,20,1200,20,0,0,0,DoS-SYN-Flood
80,6,20,1480,20,0,0,0,DoS-HTTP
0,1,20,1200,0,0,0,0,DoS-ICMP
80,17,20,1200,0,0,0,0,DoS-UDP
0,1,20,1200,0,0,0,0,DoS-ICMP
51202,6,2,120,2,0,0,0,PortScan
0,1,20,1200,0,0,0,0,DoS-ICMP
36520,17,20,27980,0,0,0,0,BENIGN
0,1,20,1200,0,0,0,0,DoS-ICMP
80,6,20,1200,20,0,0,0,DoS-SYN-Flood
11596,6,6,360,6,0,0,0,PortScan
80,6,20,1200,20,0,0,0,DoS-SYN-Flood
80,6,20,1200,20,0,0,0,DoS-SYN-Flood
80,6,20,1200,20,0,0,0,DoS-SYN-Flood
29829,6,4,240,4,0,0,0,PortScan
0,1,20,1200,0,0,0,0,DoS-ICMP
80,17,20,1200,0,0,0,0,DoS-UDP
80,6,20,1480,20,0,0,0,DoS-HTTP
0,1,20,840,0,0,0,0,DoS-ICMP
80,17,20,1200,0,0,0,0,DoS-UDP
3852,6,6,360,6,0,0,0,PortScan
80,6,20,1200,20,0,0,0,DoS-SYN-Flood
80,6,20,1200,20,0,0,0,DoS-SYN-Flood
22,6,20,1200,20,0,0,0,SSH-Bruteforce
80,17,20,1200,0,0,0,0,DoS-UDP
80,6,20,1480,20,0,0,0,DoS-HTTP
0,1,20,840,0,0,0,0,DoS-ICMP
80,17,20,1200,0,0,0,0,DoS-UDP
46914,6,2,120,2,0,0,0,PortScan
49706,6,2,120,2,0,0,0,PortScan
0,1,20,840,0,0,0,0,DoS-ICMP
0,1,20,840,0,0,0,0,DoS-ICMP
44202,6,6,348,6,6,0,0,SSH-Bruteforce
60232,6,6,348,6,6,0,0,SSH-Bruteforce
1990,6,4,240,4,0,0,0,PortScan
80,6,20,1200,20,0,0,0,DoS-SYN-Flood
25829,6,5,290,5,5,0,0,SSH-Bruteforce
49938,6,2,120,2,0,0,0,PortScan
80,6,20,1200,20,0,0,0,DoS-SYN-Flood
80,6,20,1200,20,0,0,0,DoS-SYN-Flood
80,17,20,1200,0,0,0,0,DoS-UDP
0,1,20,840,0,0,0,0,DoS-ICMP
80,6,20,1200,20,0,0,0,DoS-SYN-Flood
20354,6,9,522,9,9,0,0,SSH-Bruteforce
80,17,20,1200,0,0,0,0,DoS-UDP
0,1,20,840,0,0,0,0,DoS-ICMP
0,1,20,1200,0,0,0,0,DoS-ICMP
40178,6,10,580,10,10,0,0,SSH-Bruteforce
36861,6,2,120,2,0,0,0,PortScan
80,17,20,1200,0,0,0,0,DoS-UDP
80,6,20,1200,20,0,0,0,DoS-SYN-Flood
22,6,20,1200,20,0,0,0,SSH-Bruteforce
34357,6,8,464,8,8,0,0,SSH-Bruteforce
36520,17,20,27980,0,0,0,0,BENIGN
10195,6,4,240,4,0,0,0,PortScan
80,17,20,1200,0,0,0,0,DoS-UDP
80,6,20,1200,20,0,0,0,DoS-SYN-Flood
80,6,20,1480,20,0,0,0,DoS-HTTP
80,6,20,1480,20,0,0,0,DoS-HTTP
80,6,20,1200,20,0,0,0,DoS-SYN-Flood
22,6,20,1200,2,0,18,0,SSH-Bruteforce
37123,6,13,754,13,13,0,0,SSH-Bruteforce
80,6,20,1200,20,0,0,0,DoS-SYN-Flood
80,17,20,1200,0,0,0,0,DoS-UDP
80,6,20,1480,20,0,0,0,DoS-HTTP
36520,17,20,27980,0,0,0,0,BENIGN
80,17,20,1200,0,0,0,0,DoS-UDP
0,1,20,1200,0,0,0,0,DoS-ICMP
62836,6,4,240,4,0,0,0,PortScan
80,17,20,1200,0,0,0,0,DoS-UDP
0,1,20,840,0,0,0,0,DoS-ICMP
33275,6,8,464,8,8,0,0,SSH-Bruteforce
80,17,20,1200,0,0,0,0,DoS-UDP
80,17,20,1200,0,0,0,0,DoS-UDP
0,1,20,840,0,0,0,0,DoS-ICMP
0,1,20,840,0,0,0,0,DoS-ICMP
36520,17,20,27980,0,0,0,0,BENIGN
80,17,20,1200,0,0,0,0,DoS-UDP
22732,6,4,240,4,0,0,0,PortScan
80,6,20,1480,20,0,0,0,DoS-HTTP
0,1,20,840,0,0,0,0,DoS-ICMP
7173,6,4,240,4,0,0,0,PortScan
80,6,20,1480,20,0,0,0,DoS-HTTP
0,1,20,840,0,0,0,0,DoS-ICMP
54251,6,4,240,4,0,0,0,PortScan
0,1,20,840,0,0,0,0,DoS-ICMP
0,1,20,1200,0,0,0,0,DoS-ICMP
22,6,20,1200,19,0,1,0,SSH-Bruteforce
60519,6,9,522,9,9,0,0,SSH-Bruteforce
0,1,20,1200,0,0,0,0,DoS-ICMP
80,6,20,1200,20,0,0,0,DoS-SYN-Flood
0,1,20,1200,0,0,0,0,DoS-ICMP
0,1,20,840,0,0,0,0,DoS-ICMP
80,6,20,1200,20,0,0,0,DoS-SYN-Flood
11264,6,10,580,10,10,0,0,SSH-Bruteforce
55867,6,2,120,2,0,0,0,PortScan
80,6,20,1480,20,0,0,0,DoS-HTTP
0,1,20,840,0,0,0,0,DoS-ICMP
0,1,20,1200,0,0,0,0,DoS-ICMP
80,6,20,1200,20,0,0,0,DoS-SYN-Flood
16990,6,2,120,2,0,0,0,PortScan
53206,6,2,120,2,0,0,0,PortScan
80,6,20,1480,20,0,0,0,DoS-HTTP
80,17,20,1200,0,0,0,0,DoS-UDP
0,1,20,1200,0,0,0,0,DoS-ICMP
80,17,20,1200,0,0,0,0,DoS-UDP
0,1,20,840,0,0,0,0,DoS-ICMP
0,1,20,840,0,0,0,0,DoS-ICMP
34380,6,4,232,4,4,0,0,SSH-Bruteforce
6848,6,4,240,4,0,0,0,PortScan
0,1,20,840,0,0,0,0,DoS-ICMP
36520,17,20,27980,0,0,0,0,BENIGN
47822,6,20,29820,0,20,0,0,BENIGN
80,17,20,1200,0,0,0,0,DoS-UDP
22185,6,2,120,2,0,0,0,PortScan
0,1,20,840,0,0,0,0,DoS-ICMP
5652,6,8,464,8,8,0,0,SSH-Bruteforce
2643,6,7,406,7,7,0,0,SSH-Bruteforce
24271,6,2,120,2,0,0,0,PortScan
22,6,20,1200,20,0,0,0,SSH-Bruteforce
22,6,20,1200,0,0,20,0,SSH-Bruteforce
20821,6,2,120,2,0,0,0,PortScan
80,6,20,1200,20,0,0,0,DoS-SYN-Flood
80,17,20,1200,0,0,0,0,DoS-UDP
80,6,20,1480,20,0,0,0,DoS-HTTP
80,6,20,1480,20,0,0,0,DoS-HTTP
80,17,20,1200,0,0,0,0,DoS-UDP
80,17,20,1200,0,0,0,0,DoS-UDP
0,1,20,840,0,0,0,0,DoS-ICMP
22,6,20,1200,0,0,20,0,SSH-Bruteforce
80,6,20,1200,20,0,0,0,DoS-SYN-Flood
80,17,20,1200,0,0,0,0,DoS-UDP
0,1,20,1200,0,0,0,0,DoS-ICMP
0,1,20,1200,0,0,0,0,DoS-ICMP
0,1,20,1200,0,0,0,0,DoS-ICMP
80,6,20,1480,20,0,0,0,DoS-HTTP
80,6,20,1200,20,0,0,0,DoS-SYN-Flood
42221,6,2,120,2,0,0,0,PortScan
80,6,20,1480,20,0,0,0,DoS-HTTP
46070,6,2,120,2,0,0,0,PortScan
22,6,20,1200,0,0,20,0,SSH-Bruteforce
0,1,20,1200,0,0,0,0,DoS-ICMP
34003,6,4,240,4,0,0,0,PortScan
10338,6,8,464,8,8,0,0,SSH-Bruteforce
80,17,20,1200,0,0,0,0,DoS-UDP
80,17,20,1200,0,0,0,0,DoS-UDP
80,6,20,1480,20,0,0,0,DoS-HTTP
80,17,20,1200,0,0,0,0,DoS-UDP
22,6,20,1200,0,0,20,0,SSH-Bruteforce
80,17,20,1200,0,0,0,0,DoS-UDP
40187,6,8,464,8,8,0,0,SSH-Bruteforce
19166,6,2,120,2,0,0,0,PortScan
80,6,20,1480,20,0,0,0,DoS-HTTP
80,6,20,1480,20,0,0,0,DoS-HTTP
15988,6,4,240,4,0,0,0,PortScan
80,17,20,1200,0,0,0,0,DoS-UDP
53721,6,8,464,8,8,0,0,SSH-Bruteforce
55346,6,6,348,6,6,0,0,SSH-Bruteforce
64539,6,5,290,5,5,0,0,SSH-Bruteforce
63751,6,4,240,4,0,0,0,PortScan
11478,6,4,240,4,0,0,0,PortScan
80,6,20,1200,20,0,0,0,DoS-SYN-Flood
56233,6,4,240,4,0,0,0,PortScan
80,6,20,1480,20,0,0,0,DoS-HTTP
80,6,20,1480,20,0,0,0,DoS-HTTP
0,1,20,840,0,0,0,0,DoS-ICMP
0,1,20,840,0,0,0,0,DoS-ICMP
80,6,20,1480,20,0,0,0,DoS-HTTP
62519,6,4,240,4,0,0,0,PortScan
36520,17,20,27980,0,0,0,0,BENIGN
80,6,20,1200,20,0,0,0,DoS-SYN-Flood
80,6,20,1200,20,0,0,0,DoS-SYN-Flood
80,17,20,1200,0,0,0,0,DoS-UDP
32025,6,4,240,4,0,0,0,PortScan
48311,6,2,120,2,0,0,0,PortScan
80,17,20,1200,0,0,0,0,DoS-UDP
45447,17,20,24088,0,0,0,0,BENIGN
80,6,20,1480,20,0,0,0,DoS-HTTP
46756,6,2,120,2,0,0,0,PortScan
80,17,20,1200,0,0,0,0,DoS-UDP
80,17,20,1200,0,0,0,0,DoS-UDP
80,17,20,1200,0,0,0,0,DoS-UDP
80,17,20,1200,0,0,0,0,DoS-UDP
80,6,20,1480,20,0,0,0,DoS-HTTP
45887,6,4,240,4,0,0,0,PortScan
80,6,20,1480,20,0,0,0,DoS-HTTP
0,1,20,1200,0,0,0,0,DoS-ICMP
7358,6,7,406,7,7,0,0,SSH-Bruteforce
0,1,20,840,0,0,0,0,DoS-ICMP
80,6,20,1480,20,0,0,0,DoS-HTTP
80,6,20,1480,20,0,0,0,DoS-HTTP
64976,6,6,348,6,6,0,0,SSH-Bruteforce
22,6,20,1200,0,0,20,0,SSH-Bruteforce
0,1,20,840,0,0,0,0,DoS-ICMP
33240,6,20,29020,0,20,0,0,BENIGN
80,6,20,1200,20,0,0,0,DoS-SYN-Flood
443,17,11,4338,0,0,0,0,BENIGN
80,17,20,1200,0,0,0,0,DoS-UDP
22,6,20,1200,0,0,20,0,SSH-Bruteforce
80,17,20,1200,0,0,0,0,DoS-UDP
0,1,20,1200,0,0,0,0,DoS-ICMP
0,1,20,840,0,0,0,0,DoS-ICMP
820,6,4,240,4,0,0,0,PortScan
0,1,20,840,0,0,0,0,DoS-ICMP
2888,6,10,580,10,10,0,0,SSH-Bruteforce
0,1,20,840,0,0,0,0,DoS-ICMP
80,17,20,1200,0,0,0,0,DoS-UDP
60886,6,20,30280,0,20,0,0,BENIGN
11513,6,8,464,8,8,0,0,SSH-Bruteforce
80,6,20,1480,20,0,0,0,DoS-HTTP
0,1,20,840,0,0,0,0,DoS-ICMP
48500,6,8,464,8,8,0,0,SSH-Bruteforce
80,6,20,1200,20,0,0,0,DoS-SYN-Flood
27278,6,5,290,5,5,0,0,SSH-Bruteforce
21209,6,10,580,10,10,0,0,SSH-Bruteforce
41038,6,9,522,9,9,0,0,SSH-Bruteforce
80,6,20,1200,20,0,0,0,DoS-SYN-Flood
80,17,20,1200,0,0,0,0,DoS-UDP
15704,6,2,120,2,0,0,0,PortScan
80,17,20,1200,0,0,0,0,DoS-UDP
80,6,20,1200,20,0,0,0,DoS-SYN-Flood
0,1,20,1200,0,0,0,0,DoS-ICMP
26122,6,4,240,4,0,0,0,PortScan
80,6,20,1480,20,0,0,0,DoS-HTTP
36520,17,20,27980,0,0,0,0,BENIGN
14218,6,4,240,4,0,0,0,PortScan
0,1,20,1200,0,0,0,0,DoS-ICMP
11713,6,8,464,8,8,0,0,SSH-Bruteforce
22,6,20,1200,0,0,20,0,SSH-Bruteforce
22271,6,5,290,5,5,0,0,SSH-Bruteforce
0,1,20,840,0,0,0,0,DoS-ICMP
0,1,20,1200,0,0,0,0,DoS-ICMP
16964,6,2,120,2,0,0,0,PortScan
80,6,20,1480,20,0,0,0,DoS-HTTP
80,6,20,1200,20,0,0,0,DoS-SYN-Flood
24973,6,2,120,2,0,0,0,PortScan
0,1,20,1200,0,0,0,0,DoS-ICMP
80,6,20,1200,20,0,0,0,DoS-SYN-Flood
80,6,20,1480,20,0,0,0,DoS-HTTP
0,1,20,1200,0,0,0,0,DoS-ICMP
22,6,20,1200,15,0,5,0,SSH-Bruteforce
80,6,20,1480,20,0,0,0,DoS-HTTP
48992,6,2,120,2,0,0,0,PortScan
80,6,20,1200,20,0,0,0,DoS-SYN-Flood
0,1,20,1200,0,0,0,0,DoS-ICMP
0,1,20,1200,0,0,0,0,DoS-ICMP
80,17,20,1200,0,0,0,0,DoS-UDP
0,1,20,1200,0,0,0,0,DoS-ICMP
28900,6,5,290,5,5,0,0,SSH-Bruteforce
80,6,20,1200,20,0,0,0,DoS-SYN-Flood
14337,6,4,240,4,0,0,0,PortScan
80,6,20,1480,20,0,0,0,DoS-HTTP
36520,17,20,27980,0,0,0,0,BENIGN
80,17,20,1200,0,0,0,0,DoS-UDP
80,6,20,1480,20,0,0,0,DoS-HTTP
0,1,20,840,0,0,0,0,DoS-ICMP
22,6,20,1200,1,0,19,0,SSH-Bruteforce
80,6,20,1480,20,0,0,0,DoS-HTTP
80,17,20,1200,0,0,0,0,DoS-UDP
80,6,20,1480,20,0,0,0,DoS-HTTP
0,1,20,1200,0,0,0,0,DoS-ICMP
443,6,20,3692,2,18,0,0,BENIGN
80,6,20,1480,20,0,0,0,DoS-HTTP
80,17,20,1200,0,0,0,0,DoS-UDP
80,6,20,1200,20,0,0,0,DoS-SYN-Flood
80,6,20,1200,20,0,0,0,DoS-SYN-Flood
0,1,20,1200,0,0,0,0,DoS-ICMP
80,17,20,1200,0,0,0,0,DoS-UDP
0,1,20,1200,0,0,0,0,DoS-ICMP
60886,6,20,29080,0,20,0,0,BENIGN
80,6,20,1480,20,0,0,0,DoS-HTTP
80,6,20,1200,20,0,0,0,DoS-SYN-Flood
0,1,20,1200,0,0,0,0,DoS-ICMP
3237,6,4,240,4,0,0,0,PortScan
0,1,20,1200,0,0,0,0,DoS-ICMP
80,6,20,1480,20,0,0,0,DoS-HTTP
22,6,20,1200,20,0,0,0,SSH-Bruteforce
80,6,20,1480,20,0,0,0,DoS-HTTP
22112,6,4,240,4,0,0,0,PortScan
80,6,20,1200,20,0,0,0,DoS-SYN-Flood
80,17,20,1200,0,0,0,0,DoS-UDP
0,1,20,840,0,0,0,0,DoS-ICMP
22,6,20,1200,20,0,0,0,SSH-Bruteforce
80,17,20,1200,0,0,0,0,DoS-UDP
22,6,20,1200,15,0,5,0,SSH-Bruteforce
26741,6,9,522,9,9,0,0,SSH-Bruteforce
80,17,20,1200,0,0,0,0,DoS-UDP
80,6,20,1480,20,0,0,0,DoS-HTTP
80,6,20,1480,20,0,0,0,DoS-HTTP
60886,6,20,29140,0,20,0,0,BENIGN
4506,6,8,464,8,8,0,0,SSH-Bruteforce
0,1,20,840,0,0,0,0,DoS-ICMP
0,1,20,1200,0,0,0,0,DoS-ICMP
0,1,20,840,0,0,0,0,DoS-ICMP
53278,6,20,29860,0,20,0,0,BENIGN
0,1,20,840,0,0,0,0,DoS-ICMP
80,17,20,1200,0,0,0,0,DoS-UDP
80,6,20,1200,20,0,0,0,DoS-SYN-Flood
80,17,20,1200,0,0,0,0,DoS-UDP
26873,6,4,232,4,4,0,0,SSH-Bruteforce
80,17,20,1200,0,0,0,0,DoS-UDP
0,1,20,840,0,0,0,0,DoS-ICMP
80,6,20,1480,20,0,0,0,DoS-HTTP
43625,6,2,120,2,0,0,0,PortScan
12713,6,9,522,9,9,0,0,SSH-Bruteforce
17058,6,11,638,11,11,0,0,SSH-Bruteforce
80,6,20,1200,20,0,0,0,DoS-SYN-Flood
52667,6,2,120,2,0,0,0,PortScan
0,1,20,1200,0,0,0,0,DoS-ICMP
80,17,20,1200,0,0,0,0,DoS-UDP
0,1,20,1200,0,0,0,0,DoS-ICMP
15094,6,6,348,6,6,0,0,SSH-Bruteforce
80,6,20,1480,20,0,0,0,DoS-HTTP
80,17,20,1200,0,0,0,0,DoS-UDP
0,1,20,1200,0,0,0,0,DoS-ICMP
80,6,20,1480,20,0,0,0,DoS-HTTP
80,6,20,1200,20,0,0,0,DoS-SYN-Flood
443,6,20,1200,0,20,0,0,BENIGN
32494,6,4,240,4,0,0,0,PortScan
33220,6,5,290,5,5,0,0,SSH-Bruteforce
22,6,20,1200,7,0,13,0,SSH-Bruteforce
22749,6,2,120,2,0,0,0,PortScan
22,6,20,1200,0,0,20,0,SSH-Bruteforce
0,1,20,840,0,0,0,0,DoS-ICMP
80,17,20,1200,0,0,0,0,DoS-UDP
80,6,20,1480,20,0,0,0,DoS-HTTP
80,6,20,1200,20,0,0,0,DoS-SYN-Flood
22081,6,6,348,6,6,0,0,SSH-Bruteforce
31233,6,2,120,2,0,0,0,PortScan
0,1,20,840,0,0,0,0,DoS-ICMP
80,17,20,1200,0,0,0,0,DoS-UDP
80,6,20,1480,20,0,0,0,DoS-HTTP
14940,6,6,360,6,0,0,0,PortScan
80,17,20,1200,0,0,0,0,DoS-UDP
80,17,20,1200,0,0,0,0,DoS-UDP
0,1,20,840,0,0,0,0,DoS-ICMP
80,6,20,1480,20,0,0,0,DoS-HTTP
80,6,20,1480,20,0,0,0,DoS-HTTP
0,1,20,840,0,0,0,0,DoS-ICMP
80,6,20,1200,20,0,0,0,DoS-SYN-Flood
0,1,20,1200,0,0,0,0,DoS-ICMP
5199,6,4,240,4,0,0,0,PortScan
58407,6,4,240,4,0,0,0,PortScan
0,1,20,840,0,0,0,0,DoS-ICMP
238,6,4,240,4,0,0,0,PortScan
43536,6,7,406,7,7,0,0,SSH-Bruteforce
52721,6,11,638,11,11,0,0,SSH-Bruteforce
54829,17,20,27980,0,0,0,0,BENIGN
4596,6,4,240,4,0,0,0,PortScan
36520,17,20,27980,0,0,0,0,BENIGN
80,17,20,1200,0,0,0,0,DoS-UDP
18272,6,4,240,4,0,0,0,PortScan
59646,6,20,28821,0,20,0,0,BENIGN
80,6,20,1480,20,0,0,0,DoS-HTTP
80,6,20,1200,20,0,0,0,DoS-SYN-Flood
33223,6,6,348,6,6,0,0,SSH-Bruteforce
80,6,20,1480,20,0,0,0,DoS-HTTP
0,1,20,840,0,0,0,0,DoS-ICMP
0,1,20,1200,0,0,0,0,DoS-ICMP
0,1,20,1200,0,0,0,0,DoS-ICMP
36092,6,4,240,4,0,0,0,PortScan
42814,6,4,240,4,0,0,0,PortScan
80,17,20,1200,0,0,0,0,DoS-UDP
22,6,20,1200,0,0,20,0,SSH-Bruteforce
50640,6,2,120,2,0,0,0,PortScan
33240,6,20,29020,0,20,0,0,BENIGN
80,17,20,1200,0,0,0,0,DoS-UDP
80,6,20,1200,20,0,0,0,DoS-SYN-Flood
0,1,20,1200,0,0,0,0,DoS-ICMP
37512,6,4,240,4,0,0,0,PortScan
29337,6,2,120,2,0,0,0,PortScan
33240,6,20,29140,0,20,0,0,BENIGN
12999,6,4,240,4,0,0,0,PortScan
0,1,20,840,0,0,0,0,DoS-ICMP
0,1,20,840,0,0,0,0,DoS-ICMP
80,17,20,1200,0,0,0,0,DoS-UDP
0,1,20,840,0,0,0,0,DoS-ICMP
22,6,20,1200,20,0,0,0,SSH-Bruteforce
45668,6,2,120,2,0,0,0,PortScan
53308,6,20,28720,0,20,0,0,BENIGN
80,6,20,1200,20,0,0,0,DoS-SYN-Flood
80,6,20,1200,20,0,0,0,DoS-SYN-Flood
80,6,20,1480,20,0,0,0,DoS-HTTP
80,6,20,1480,20,0,0,0,DoS-HTTP
80,17,20,1200,0,0,0,0,DoS-UDP
80,17,20,1200,0,0,0,0,DoS-UDP
22,6,20,1200,0,0,20,0,SSH-Bruteforce
80,6,20,1200,20,0,0,0,DoS-SYN-Flood
80,17,20,1200,0,0,0,0,DoS-UDP
59217,6,9,522,9,9,0,0,SSH-Bruteforce
36520,17,20,27980,0,0,0,0,BENIGN
80,17,20,1200,0,0,0,0,DoS-UDP
23813,6,2,120,2,0,0,0,PortScan
8442,6,4,240,4,0,0,0,PortScan
80,17,20,1200,0,0,0,0,DoS-UDP
14964,6,4,240,4,0,0,0,PortScan
80,6,20,1480,20,0,0,0,DoS-HTTP
80,6,20,1480,20,0,0,0,DoS-HTTP
63845,6,2,120,2,0,0,0,PortScan
53308,6,20,29860,0,20,0,0,BENIGN
80,6,20,1480,20,0,0,0,DoS-HTTP
80,6,20,1480,20,0,0,0,DoS-HTTP
35228,6,5,290,5,5,0,0,SSH-Bruteforce
54802,6,2,120,2,0,0,0,PortScan
40507,6,2,120,2,0,0,0,PortScan
0,1,20,840,0,0,0,0,DoS-ICMP
80,6,20,1200,20,0,0,0,DoS-SYN-Flood
234,6,4,240,4,0,0,0,PortScan
33550,6,8,464,8,8,0,0,SSH-Bruteforce
80,6,20,1480,20,0,0,0,DoS-HTTP
0,1,20,1200,0,0,0,0,DoS-ICMP
0,1,20,1200,0,0,0,0,DoS-ICMP
80,6,20,1200,20,0,0,0,DoS-SYN-Flood
31131,6,2,120,2,0,0,0,PortScan
41574,6,10,580,10,10,0,0,SSH-Bruteforce
80,6,20,1480,20,0,0,0,DoS-HTTP
80,17,20,1200,0,0,0,0,DoS-UDP
80,6,20,1480,20,0,0,0,DoS-HTTP
35286,6,8,464,8,8,0,0,SSH-Bruteforce
80,6,20,1200,20,0,0,0,DoS-SYN-Flood
80,6,20,1200,20,0,0,0,DoS-SYN-Flood
59804,6,20,16320,0,20,0,0,BENIGN
48481,6,6,348,6,6,0,0,SSH-Bruteforce
22,6,20,1200,20,0,0,0,SSH-Bruteforce
29217,6,4,240,4,0,0,0,PortScan
80,6,20,1480,20,0,0,0,DoS-HTTP
0,1,20,1200,0,0,0,0,DoS-ICMP
80,6,20,1200,20,0,0,0,DoS-SYN-Flood
80,17,20,1200,0,0,0,0,DoS-UDP
47472,6,2,120,2,0,0,0,PortScan
22,6,20,1200,20,0,0,0,SSH-Bruteforce
80,6,20,1480,20,0,0,0,DoS-HTTP
80,6,20,1480,20,0,0,0,DoS-HTTP
80,17,20,1200,0,0,0,0,DoS-UDP
45975,6,9,522,9,9,0,0,SSH-Bruteforce
80,6,20,1480,20,0,0,0,DoS-HTTP
80,6,20,1480,20,0,0,0,DoS-HTTP
80,6,20,1480,20,0,0,0,DoS-HTTP
0,1,20,840,0,0,0,0,DoS-ICMP
22,6,20,1200,0,0,20,0,SSH-Bruteforce
41824,6,4,240,4,0,0,0,PortScan
0,1,20,1200,0,0,0,0,DoS-ICMP
80,6,20,1200,20,0,0,0,DoS-SYN-Flood
0,1,20,840,0,0,0,0,DoS-ICMP
23448,6,7,406,7,7,0,0,SSH-Bruteforce
10924,6,6,360,6,0,0,0,PortScan
80,6,20,1480,20,0,0,0,DoS-HTTP
62766,6,4,240,4,0,0,0,PortScan
80,6,20,1480,20,0,0,0,DoS-HTTP
80,6,20,1480,20,0,0,0,DoS-HTTP
33393,6,4,240,4,0,0,0,PortScan
80,17,20,1200,0,0,0,0,DoS-UDP
80,6,20,1200,20,0,0,0,DoS-SYN-Flood
80,6,20,1480,20,0,0,0,DoS-HTTP
80,17,20,1200,0,0,0,0,DoS-UDP
80,6,20,1480,20,0,0,0,DoS-HTTP
0,1,20,1200,0,0,0,0,DoS-ICMP
0,1,20,840,0,0,0,0,DoS-ICMP
80,17,20,1200,0,0,0,0,DoS-UDP
0,1,20,1200,0,0,0,0,DoS-ICMP
0,1,20,840,0,0,0,0,DoS-ICMP
34339,6,10,580,10,10,0,0,SSH-Bruteforce
0,1,20,1200,0,0,0,0,DoS-ICMP
53485,6,2,120,2,0,0,0,PortScan
80,6,20,1480,20,0,0,0,DoS-HTTP
80,17,20,1200,0,0,0,0,DoS-UDP
0,1,20,1200,0,0,0,0,DoS-ICMP
9657,6,6,348,6,6,0,0,SSH-Bruteforce
0,1,20,1200,0,0,0,0,DoS-ICMP
80,17,20,1200,0,0,0,0,DoS-UDP
443,6,20,1200,0,20,0,0,BENIGN
80,17,20,1200,0,0,0,0,DoS-UDP
0,1,20,840,0,0,0,0,DoS-ICMP
52224,6,10,580,10,10,0,0,SSH-Bruteforce
443,6,20,18383,0,20,0,0,BENIGN
30985,6,6,348,6,6,0,0,SSH-Bruteforce
0,1,20,1200,0,0,0,0,DoS-ICMP
0,1,20,840,0,0,0,0,DoS-ICMP
0,1,20,1200,0,0,0,0,DoS-ICMP
80,6,20,1200,20,0,0,0,DoS-SYN-Flood
56678,6,2,120,2,0,0,0,PortScan
80,17,20,1200,0,0,0,0,DoS-UDP
80,6,20,1480,20,0,0,0,DoS-HTTP
47731,6,10,580,10,10,0,0,SSH-Bruteforce
80,17,20,1200,0,0,0,0,DoS-UDP
22,6,20,1200,20,0,0,0,SSH-Bruteforce
9976,6,10,580,10,10,0,0,SSH-Bruteforce
23924,6,2,120,2,0,0,0,PortScan
80,17,20,1200,0,0,0,0,DoS-UDP
3293,6,6,360,6,0,0,0,PortScan
80,6,20,1200,20,0,0,0,DoS-SYN-Flood
22,6,20,1200,0,0,20,0,SSH-Bruteforce
32453,6,6,348,6,6,0,0,SSH-Bruteforce
80,6,20,1480,20,0,0,0,DoS-HTTP
80,6,20,1480,20,0,0,0,DoS-HTTP
0,1,20,1200,0,0,0,0,DoS-ICMP
0,1,20,1200,0,0,0,0,DoS-ICMP
80,6,20,1480,20,0,0,0,DoS-HTTP
80,6,20,1200,20,0,0,0,DoS-SYN-Flood
0,1,20,1200,0,0,0,0,DoS-ICMP
22,6,20,1200,20,0,0,0,SSH-Bruteforce
63837,6,3,174,3,3,0,0,SSH-Bruteforce
54829,17,20,27980,0,0,0,0,BENIGN
0,1,20,840,0,0,0,0,DoS-ICMP
80,6,20,1200,20,0,0,0,DoS-SYN-Flood
80,17,20,1200,0,0,0,0,DoS-UDP
36268,17,20,27980,0,0,0,0,BENIGN
0,1,20,840,0,0,0,0,DoS-ICMP
80,6,20,1200,20,0,0,0,DoS-SYN-Flood
80,17,20,1200,0,0,0,0,DoS-UDP
80,6,20,1480,20,0,0,0,DoS-HTTP
50656,6,2,120,2,0,0,0,PortScan
0,1,20,840,0,0,0,0,DoS-ICMP
22,6,20,1200,20,0,0,0,SSH-Bruteforce
80,17,20,1200,0,0,0,0,DoS-UDP
80,17,20,1200,0,0,0,0,DoS-UDP
0,1,20,1200,0,0,0,0,DoS-ICMP
80,17,20,1200,0,0,0,0,DoS-UDP
0,1,20,840,0,0,0,0,DoS-ICMP
80,6,20,1480,20,0,0,0,DoS-HTTP
10146,6,8,464,8,8,0,0,SSH-Bruteforce
19747,6,6,348,6,6,0,0,SSH-Bruteforce
80,6,20,1200,20,0,0,0,DoS-SYN-Flood
80,6,20,1200,20,0,0,0,DoS-SYN-Flood
80,17,20,1200,0,0,0,0,DoS-UDP
80,6,20,1200,20,0,0,0,DoS-SYN-Flood
36520,17,20,27980,0,0,0,0,BENIGN
48356,6,8,464,8,8,0,0,SSH-Bruteforce
80,17,20,1200,0,0,0,0,DoS-UDP
47713,6,9,522,9,9,0,0,SSH-Bruteforce
80,17,20,1200,0,0,0,0,DoS-UDP
0,1,20,840,0,0,0,0,DoS-ICMP
80,6,20,1480,20,0,0,0,DoS-HTTP
80,17,20,1200,0,0,0,0,DoS-UDP
0,1,20,840,0,0,0,0,DoS-ICMP
18618,6,6,348,6,6,0,0,SSH-Bruteforce
80,6,20,1480,20,0,0,0,DoS-HTTP
80,6,20,1200,20,0,0,0,DoS-SYN-Flood
80,17,20,1200,0,0,0,0,DoS-UDP
24481,6,6,348,6,6,0,0,SSH-Bruteforce
0,1,20,840,0,0,0,0,DoS-ICMP
443,17,20,1490,0,0,0,0,BENIGN
80,6,20,1200,20,0,0,0,DoS-SYN-Flood
80,6,20,1480,20,0,0,0,DoS-HTTP
34275,6,4,240,4,0,0,0,PortScan
22,6,20,1200,0,0,20,0,SSH-Bruteforce
80,6,20,1200,20,0,0,0,DoS-SYN-Flood
80,6,20,1200,20,0,0,0,DoS-SYN-Flood
36520,17,20,27980,0,0,0,0,BENIGN
0,1,20,840,0,0,0,0,DoS-ICMP
80,17,20,1200,0,0,0,0,DoS-UDP
63590,6,2,120,2,0,0,0,PortScan
80,6,20,1480,20,0,0,0,DoS-HTTP
80,6,20,1200,20,0,0,0,DoS-SYN-Flood
48225,6,2,120,2,0,0,0,PortScan
60921,6,6,348,6,6,0,0,SSH-Bruteforce
80,6,20,1200,20,0,0,0,DoS-SYN-Flood
80,6,20,1200,20,0,0,0,DoS-SYN-Flood
80,6,20,1200,20,0,0,0,DoS-SYN-Flood
80,6,20,1480,20,0,0,0,DoS-HTTP
80,17,20,1200,0,0,0,0,DoS-UDP
24569,6,2,120,2,0,0,0,PortScan
17330,6,2,120,2,0,0,0,PortScan
80,6,20,1200,20,0,0,0,DoS-SYN-Flood
21877,6,8,464,8,8,0,0,SSH-Bruteforce
80,17,20,1200,0,0,0,0,DoS-UDP
80,6,20,1200,20,0,0,0,DoS-SYN-Flood
80,17,20,1200,0,0,0,0,DoS-UDP
42074,6,4,240,4,0,0,0,PortScan
0,1,20,1200,0,0,0,0,DoS-ICMP
0,1,20,840,0,0,0,0,DoS-ICMP
0,1,20,840,0,0,0,0,DoS-ICMP
9803,6,4,232,4,4,0,0,SSH-Bruteforce
0,1,20,840,0,0,0,0,DoS-ICMP
80,17,20,1200,0,0,0,0,DoS-UDP
0,1,20,840,0,0,0,0,DoS-ICMP
0,1,20,840,0,0,0,0,DoS-ICMP
80,6,20,1480,20,0,0,0,DoS-HTTP
22,6,20,1200,0,0,20,0,SSH-Bruteforce
0,1,20,1200,0,0,0,0,DoS-ICMP
54925,6,5,290,5,5,0,0,SSH-Bruteforce
0,1,20,840,0,0,0,0,DoS-ICMP
0,1,20,840,0,0,0,0,DoS-ICMP
2860,6,4,240,4,0,0,0,PortScan
22,6,20,1200,20,0,0,0,SSH-Bruteforce
80,6,20,1200,20,0,0,0,DoS-SYN-Flood
0,1,20,840,0,0,0,0,DoS-ICMP
80,17,20,1200,0,0,0,0,DoS-UDP
63267,6,7,406,7,7,0,0,SSH-Bruteforce
0,1,20,840,0,0,0,0,DoS-ICMP
80,6,20,1480,20,0,0,0,DoS-HTTP
80,6,20,1200,20,0,0,0,DoS-SYN-Flood
0,1,20,1200,0,0,0,0,DoS-ICMP
80,6,20,1200,20,0,0,0,DoS-SYN-Flood
0,1,20,840,0,0,0,0,DoS-ICMP
80,6,20,1480,20,0,0,0,DoS-HTTP
41308,17,20,17957,0,0,0,0,BENIGN
0,1,20,840,0,0,0,0,DoS-ICMP
80,6,20,1480,20,0,0,0,DoS-HTTP
24399,6,2,120,2,0,0,0,PortScan
80,6,20,1480,20,0,0,0,DoS-HTTP
64702,6,2,120,2,0,0,0,PortScan
0,1,20,1200,0,0,0,0,DoS-ICMP
80,17,20,1200,0,0,0,0,DoS-UDP
80,6,20,1480,20,0,0,0,DoS-HTTP
80,6,20,1480,20,0,0,0,DoS-HTTP
50432,6,7,406,7,7,0,0,SSH-Bruteforce
64738,6,2,120,2,0,0,0,PortScan
80,17,20,1200,0,0,0,0,DoS-UDP
80,6,20,1480,20,0,0,0,DoS-HTTP
0,1,20,840,0,0,0,0,DoS-ICMP
80,6,20,1200,20,0,0,0,DoS-SYN-Flood
80,6,20,1480,20,0,0,0,DoS-HTTP
49744,6,9,522,9,9,0,0,SSH-Bruteforce
29388,6,8,464,8,8,0,0,SSH-Bruteforce
0,1,20,840,0,0,0,0,DoS-ICMP
80,6,20,1480,20,0,0,0,DoS-HTTP
60886,6,20,29560,0,20,0,0,BENIGN
49766,6,4,240,4,0,0,0,PortScan
80,6,20,1200,20,0,0,0,DoS-SYN-Flood
16935,6,2,120,2,0,0,0,PortScan
24858,6,5,290,5,5,0,0,SSH-Bruteforce
80,6,20,1480,20,0,0,0,DoS-HTTP
36520,17,20,27980,0,0,0,0,BENIGN
80,6,20,1480,20,0,0,0,DoS-HTTP
80,17,20,1200,0,0,0,0,DoS-UDP
80,6,20,1200,20,0,0,0,DoS-SYN-Flood
54462,6,4,240,4,0,0,0,PortScan
20217,6,6,348,6,6,0,0,SSH-Bruteforce
80,6,20,1200,20,0,0,0,DoS-SYN-Flood
80,6,20,1200,20,0,0,0,DoS-SYN-Flood
80,6,20,1480,20,0,0,0,DoS-HTTP
35103,6,2,120,2,0,0,0,PortScan
80,6,20,1200,20,0,0,0,DoS-SYN-Flood
80,6,20,1200,20,0,0,0,DoS-SYN-Flood
59714,6,2,120,2,0,0,0,PortScan
22048,6,2,120,2,0,0,0,PortScan
80,17,20,1200,0,0,0,0,DoS-UDP
80,17,20,1200,0,0,0,0,DoS-UDP
80,17,20,1200,0,0,0,0,DoS-UDP
80,17,20,1200,0,0,0,0,DoS-UDP
45141,6,2,120,2,0,0,0,PortScan
0,1,20,1200,0,0,0,0,DoS-ICMP
80,6,20,1200,20,0,0,0,DoS-SYN-Flood
0,1,20,840,0,0,0,0,DoS-ICMP
80,6,20,1200,20,0,0,0,DoS-SYN-Flood
47932,6,2,120,2,0,0,0,PortScan
49005,6,4,240,4,0,0,0,PortScan
80,6,20,1200,20,0,0,0,DoS-SYN-Flood
80,6,20,1200,20,0,0,0,DoS-SYN-Flood
80,17,20,1200,0,0,0,0,DoS-UDP
80,6,20,1480,20,0,0,0,DoS-HTTP
0,1,20,840,0,0,0,0,DoS-ICMP
80,17,20,1200,0,0,0,0,DoS-UDP
40016,6,4,240,4,0,0,0,PortScan
0,1,20,1200,0,0,0,0,DoS-ICMP
22,6,20,1200,20,0,0,0,SSH-Bruteforce
53308,6,20,28222,0,20,0,0,BENIGN
8257,6,4,240,4,0,0,0,PortScan
15938,6,6,348,6,6,0,0,SSH-Bruteforce
80,17,20,1200,0,0,0,0,DoS-UDP
80,17,20,1200,0,0,0,0,DoS-UDP
0,1,20,1200,0,0,0,0,DoS-ICMP
80,6,20,1480,20,0,0,0,DoS-HTTP
80,6,20,1200,20,0,0,0,DoS-SYN-Flood
49160,6,20,7906,1,20,0,1,BENIGN
53278,6,20,29140,0,20,0,0,BENIGN
80,6,20,1200,20,0,0,0,DoS-SYN-Flood
80,17,20,1200,0,0,0,0,DoS-UDP
80,17,20,1200,0,0,0,0,DoS-UDP
5292,6,4,240,4,0,0,0,PortScan
80,6,20,1200,20,0,0,0,DoS-SYN-Flood
22,6,20,1200,0,0,20,0,SSH-Bruteforce
22,6,20,1200,20,0,0,0,SSH-Bruteforce
2165,6,4,240,4,0,0,0,PortScan
24138,6,2,120,2,0,0,0,PortScan
80,6,20,1480,20,0,0,0,DoS-HTTP
0,1,20,840,0,0,0,0,DoS-ICMP
80,6,20,1480,20,0,0,0,DoS-HTTP
0,1,20,1200,0,0,0,0,DoS-ICMP
36578,6,11,638,11,11,0,0,SSH-Bruteforce
18252,6,2,120,2,0,0,0,PortScan
80,6,20,1200,20,0,0,0,DoS-SYN-Flood
0,1,20,1200,0,0,0,0,DoS-ICMP
80,6,20,1200,20,0,0,0,DoS-SYN-Flood
80,6,20,1480,20,0,0,0,DoS-HTTP
80,6,20,1200,20,0,0,0,DoS-SYN-Flood
80,6,20,1480,20,0,0,0,DoS-HTTP
80,6,20,1480,20,0,0,0,DoS-HTTP
8209,6,10,580,10,10,0,0,SSH-Bruteforce
0,1,20,840,0,0,0,0,DoS-ICMP
37445,6,2,120,2,0,0,0,PortScan
0,1,20,1200,0,0,0,0,DoS-ICMP
80,6,20,1200,20,0,0,0,DoS-SYN-Flood
0,1,20,840,0,0,0,0,DoS-ICMP
54829,17,20,27980,0,0,0,0,BENIGN
80,17,20,1200,0,0,0,0,DoS-UDP
80,6,20,1200,20,0,0,0,DoS-SYN-Flood
80,6,20,1480,20,0,0,0,DoS-HTTP
80,6,20,1200,20,0,0,0,DoS-SYN-Flood
2461,6,4,240,4,0,0,0,PortScan
80,6,20,1200,20,0,0,0,DoS-SYN-Flood
80,17,20,1200,0,0,0,0,DoS-UDP
80,6,20,1200,20,0,0,0,DoS-SYN-Flood
22082,6,6,348,6,6,0,0,SSH-Bruteforce
0,1,20,840,0,0,0,0,DoS-ICMP
23082,6,2,120,2,0,0,0,PortScan
80,6,20,1200,20,0,0,0,DoS-SYN-Flood
80,6,20,1480,20,0,0,0,DoS-HTTP
80,6,20,1480,20,0,0,0,DoS-HTTP
80,17,20,1200,0,0,0,0,DoS-UDP
0,1,20,840,0,0,0,0,DoS-ICMP
60557,6,4,240,4,0,0,0,PortScan
27395,6,2,120,2,0,0,0,PortScan
80,6,20,1480,20,0,0,0,DoS-HTTP
0,1,20,840,0,0,0,0,DoS-ICMP
80,17,20,1200,0,0,0,0,DoS-UDP
80,6,20,1480,20,0,0,0,DoS-HTTP
80,6,20,1480,20,0,0,0,DoS-HTTP
80,6,20,1480,20,0,0,0,DoS-HTTP
57801,6,2,120,2,0,0,0,PortScan
80,6,20,1200,20,0,0,0,DoS-SYN-Flood
80,6,20,1480,20,0,0,0,DoS-HTTP
31544,6,7,406,7,7,0,0,SSH-Bruteforce
36520,17,20,27980,0,0,0,0,BENIGN
80,6,20,1480,20,0,0,0,DoS-HTTP
50669,6,8,464,8,8,0,0,SSH-Bruteforce
0,1,20,840,0,0,0,0,DoS-ICMP
3361,6,7,406,7,7,0,0,SSH-Bruteforce
80,6,20,1480,20,0,0,0,DoS-HTTP
55072,6,2,120,2,0,0,0,PortScan
80,6,20,1480,20,0,0,0,DoS-HTTP
45880,6,4,240,4,0,0,0,PortScan
80,17,20,1200,0,0,0,0,DoS-UDP
443,17,20,12382,0,0,0,0,BENIGN
45039,6,2,120,2,0,0,0,PortScan
80,17,20,1200,0,0,0,0,DoS-UDP
80,6,20,1480,20,0,0,0,DoS-HTTP
53149,6,11,638,11,11,0,0,SSH-Bruteforce
0,1,20,1200,0,0,0,0,DoS-ICMP
80,6,20,1480,20,0,0,0,DoS-HTTP
80,17,20,1200,0,0,0,0,DoS-UDP
80,17,20,1200,0,0,0,0,DoS-UDP
27251,6,2,120,2,0,0,0,PortScan
443,17,20,2220,0,0,0,0,BENIGN
80,6,20,1480,20,0,0,0,DoS-HTTP
22,6,20,1200,0,0,20,0,SSH-Bruteforce
40703,6,2,120,2,0,0,0,PortScan
23679,6,2,120,2,0,0,0,PortScan
0,1,20,1200,0,0,0,0,DoS-ICMP
80,17,20,1200,0,0,0,0,DoS-UDP
22,6,20,1200,20,0,0,0,SSH-Bruteforce
22,6,20,1200,20,0,0,0,SSH-Bruteforce
80,17,20,1200,0,0,0,0,DoS-UDP
80,6,20,1480,20,0,0,0,DoS-HTTP
80,17,20,1200,0,0,0,0,DoS-UDP
443,6,20,1200,0,20,0,0,BENIGN
0,1,20,1200,0,0,0,0,DoS-ICMP
256,6,6,360,6,0,0,0,PortScan
80,6,20,1480,20,0,0,0,DoS-HTTP
12363,6,6,360,6,0,0,0,PortScan
65273,6,6,348,6,6,0,0,SSH-Bruteforce
0,1,20,840,0,0,0,0,DoS-ICMP
80,17,20,1200,0,0,0,0,DoS-UDP
80,6,20,1480,20,0,0,0,DoS-HTTP
48806,17,20,27980,0,0,0,0,BENIGN
80,6,20,1200,20,0,0,0,DoS-SYN-Flood
80,6,20,1200,20,0,0,0,DoS-SYN-Flood
80,17,20,1200,0,0,0,0,DoS-UDP
80,6,20,1200,20,0,0,0,DoS-SYN-Flood
80,17,20,1200,0,0,0,0,DoS-UDP
80,17,20,1200,0,0,0,0,DoS-UDP
32545,6,2,120,2,0,0,0,PortScan
26349,6,2,120,2,0,0,0,PortScan
0,1,20,840,0,0,0,0,DoS-ICMP
80,17,20,1200,0,0,0,0,DoS-UDP
48866,6,5,290,5,5,0,0,SSH-Bruteforce
22688,6,7,406,7,7,0,0,SSH-Bruteforce
53316,6,2,120,2,0,0,0,PortScan
22542,6,2,120,2,0,0,0,PortScan
44923,6,8,464,8,8,0,0,SSH-Bruteforce
27342,6,2,120,2,0,0,0,PortScan
80,6,20,1480,20,0,0,0,DoS-HTTP
0,1,20,1200,0,0,0,0,DoS-ICMP
36520,17,20,27980,0,0,0,0,BENIGN
80,17,20,1200,0,0,0,0,DoS-UDP
80,6,20,1200,20,0,0,0,DoS-SYN-Flood
12941,6,4,240,4,0,0,0,PortScan
80,6,20,1480,20,0,0,0,DoS-HTTP
80,6,20,1200,20,0,0,0,DoS-SYN-Flood
36520,17,20,27980,0,0,0,0,BENIGN
80,6,20,1200,20,0,0,0,DoS-SYN-Flood
0,1,20,840,0,0,0,0,DoS-ICMP
80,6,20,1480,20,0,0,0,DoS-HTTP
49897,6,9,522,9,9,0,0,SSH-Bruteforce
80,6,20,1200,20,0,0,0,DoS-SYN-Flood
80,6,20,1200,20,0,0,0,DoS-SYN-Flood
80,6,20,1480,20,0,0,0,DoS-HTTP
80,6,20,1480,20,0,0,0,DoS-HTTP
39832,6,2,120,2,0,0,0,PortScan
49100,6,8,464,8,8,0,0,SSH-Bruteforce
47545,6,4,240,4,0,0,0,PortScan
0,1,20,1200,0,0,0,0,DoS-ICMP
80,6,20,1200,20,0,0,0,DoS-SYN-Flood
80,17,20,1200,0,0,0,0,DoS-UDP
0,1,20,840,0,0,0,0,DoS-ICMP
80,17,20,1200,0,0,0,0,DoS-UDP
51573,6,2,120,2,0,0,0,PortScan
80,6,20,1200,20,0,0,0,DoS-SYN-Flood
80,6,20,1200,20,0,0,0,DoS-SYN-Flood
80,6,20,1200,20,0,0,0,DoS-SYN-Flood
0,1,20,840,0,0,0,0,DoS-ICMP
80,6,20,1200,20,0,0,0,DoS-SYN-Flood
15136,6,4,240,4,0,0,0,PortScan
20012,6,6,348,6,6,0,0,SSH-Bruteforce
80,6,20,1200,20,0,0,0,DoS-SYN-Flood
80,17,20,1200,0,0,0,0,DoS-UDP
80,6,20,1200,20,0,0,0,DoS-SYN-Flood
32573,6,4,240,4,0,0,0,PortScan
80,6,20,1480,20,0,0,0,DoS-HTTP
80,17,20,1200,0,0,0,0,DoS-UDP
41695,6,12,696,12,12,0,0,SSH-Bruteforce
0,1,20,1200,0,0,0,0,DoS-ICMP
80,6,20,1480,20,0,0,0,DoS-HTTP
4425,6,4,240,4,0,0,0,PortScan
0,1,20,840,0,0,0,0,DoS-ICMP
80,17,20,1200,0,0,0,0,DoS-UDP
80,6,20,1480,20,0,0,0,DoS-HTTP
32762,6,2,120,2,0,0,0,PortScan
54688,6,4,240,4,0,0,0,PortScan
22,6,20,1200,0,0,20,0,SSH-Bruteforce
38418,6,4,240,4,0,0,0,PortScan
80,6,20,1200,20,0,0,0,DoS-SYN-Flood
80,6,20,1200,20,0,0,0,DoS-SYN-Flood
0,1,20,1200,0,0,0,0,DoS-ICMP
0,1,20,1200,0,0,0,0,DoS-ICMP
23084,6,10,580,10,10,0,0,SSH-Bruteforce
80,17,20,1200,0,0,0,0,DoS-UDP
80,17,20,1200,0,0,0,0,DoS-UDP
80,6,20,1480,20,0,0,0,DoS-HTTP
80,6,20,1200,20,0,0,0,DoS-SYN-Flood
36520,17,20,27980,0,0,0,0,BENIGN
80,6,20,1200,20,0,0,0,DoS-SYN-Flood
12400,6,4,240,4,0,0,0,PortScan
0,1,20,1200,0,0,0,0,DoS-ICMP
27605,6,6,348,6,6,0,0,SSH-Bruteforce
80,17,20,1200,0,0,0,0,DoS-UDP
44177,6,6,348,6,6,0,0,SSH-Bruteforce
29719,6,2,120,2,0,0,0,PortScan
443,6,20,12033,0,20,0,0,BENIGN
0,1,20,1200,0,0,0,0,DoS-ICMP
28987,6,7,406,7,7,0,0,SSH-Bruteforce
40962,6,2,120,2,0,0,0,PortScan
80,17,20,1200,0,0,0,0,DoS-UDP
80,17,20,1200,0,0,0,0,DoS-UDP
6774,6,4,240,4,0,0,0,PortScan
80,17,20,1200,0,0,0,0,DoS-UDP
0,1,20,1200,0,0,0,0,DoS-ICMP
80,6,20,1200,20,0,0,0,DoS-SYN-Flood
6012,6,4,240,4,0,0,0,PortScan
80,6,20,1200,20,0,0,0,DoS-SYN-Flood
13293,6,4,240,4,0,0,0,PortScan
46398,17,20,27980,0,0,0,0,BENIGN
35735,6,4,240,4,0,0,0,PortScan
80,17,20,1200,0,0,0,0,DoS-UDP
48123,6,9,522,9,9,0,0,SSH-Bruteforce
80,6,20,1200,20,0,0,0,DoS-SYN-Flood
80,17,20,1200,0,0,0,0,DoS-UDP
11870,6,6,348,6,6,0,0,SSH-Bruteforce
0,1,20,840,0,0,0,0,DoS-ICMP
51295,6,2,120,2,0,0,0,PortScan
28390,6,9,522,9,9,0,0,SSH-Bruteforce
58612,6,6,348,6,6,0,0,SSH-Bruteforce
18496,6,6,348,6,6,0,0,SSH-Bruteforce
61869,6,6,348,6,6,0,0,SSH-Bruteforce
11131,6,7,406,7,7,0,0,SSH-Bruteforce
42596,6,6,348,6,6,0,0,SSH-Bruteforce
0,1,20,1200,0,0,0,0,DoS-ICMP
30824,6,4,240,4,0,0,0,PortScan
20460,6,6,348,6,6,0,0,SSH-Bruteforce
13332,6,11,638,11,11,0,0,SSH-Bruteforce
80,17,20,1200,0,0,0,0,DoS-UDP
22,6,20,1200,7,0,13,0,SSH-Bruteforce
4941,6,4,240,4,0,0,0,PortScan
80,6,20,1480,20,0,0,0,DoS-HTTP
80,6,20,1200,20,0,0,0,DoS-SYN-Flood
80,17,20,1200,0,0,0,0,DoS-UDP
48571,6,2,120,2,0,0,0,PortScan
80,6,20,1480,20,0,0,0,DoS-HTTP
80,6,20,1480,20,0,0,0,DoS-HTTP
80,17,20,1200,0,0,0,0,DoS-UDP
80,17,20,1200,0,0,0,0,DoS-UDP
80,6,20,1480,20,0,0,0,DoS-HTTP
80,6,20,1480,20,0,0,0,DoS-HTTP
36520,17,20,27980,0,0,0,0,BENIGN
80,6,20,1480,20,0,0,0,DoS-HTTP
0,1,20,840,0,0,0,0,DoS-ICMP
80,6,20,1480,20,0,0,0,DoS-HTTP
23626,6,4,240,4,0,0,0,PortScan
36520,17,20,20109,0,0,0,0,BENIGN
80,6,20,1480,20,0,0,0,DoS-HTTP
10063,6,8,464,8,8,0,0,SSH-Bruteforce
10573,6,6,348,6,6,0,0,SSH-Bruteforce
0,1,20,840,0,0,0,0,DoS-ICMP
0,1,20,840,0,0,0,0,DoS-ICMP
38915,6,2,120,2,0,0,0,PortScan
80,6,20,1480,20,0,0,0,DoS-HTTP
80,6,20,1200,20,0,0,0,DoS-SYN-Flood
0,1,20,840,0,0,0,0,DoS-ICMP
80,6,20,1200,20,0,0,0,DoS-SYN-Flood
80,17,20,1200,0,0,0,0,DoS-UDP
57199,6,4,240,4,0,0,0,PortScan
80,17,20,1200,0,0,0,0,DoS-UDP
80,17,20,1200,0,0,0,0,DoS-UDP
22,6,20,1200,20,0,0,0,SSH-Bruteforce
80,6,20,1480,20,0,0,0,DoS-HTTP
32129,6,4,240,4,0,0,0,PortScan
80,6,20,1200,20,0,0,0,DoS-SYN-Flood
80,17,20,1200,0,0,0,0,DoS-UDP
0,1,20,840,0,0,0,0,DoS-ICMP
41148,6,2,120,2,0,0,0,PortScan
80,6,20,1480,20,0,0,0,DoS-HTTP
80,6,20,1200,20,0,0,0,DoS-SYN-Flood
0,1,20,840,0,0,0,0,DoS-ICMP
80,6,20,1200,20,0,0,0,DoS-SYN-Flood
0,1,20,840,0,0,0,0,DoS-ICMP
22,6,20,1200,20,0,0,0,SSH-Bruteforce
53272,6,20,30000,0,20,0,0,BENIGN
80,6,20,1480,20,0,0,0,DoS-HTTP
22,6,20,1200,20,0,0,0,SSH-Bruteforce
36520,17,20,27980,0,0,0,0,BENIGN
80,17,20,1200,0,0,0,0,DoS-UDP
80,6,20,1200,20,0,0,0,DoS-SYN-Flood
80,6,20,1480,20,0,0,0,DoS-HTTP
60886,6,20,29080,0,20,0,0,BENIGN
0,1,20,840,0,0,0,0,DoS-ICMP
54817,6,9,522,9,9,0,0,SSH-Bruteforce
0,1,20,840,0,0,0,0,DoS-ICMP
13255,6,11,638,11,11,0,0,SSH-Bruteforce
80,17,20,1200,0,0,0,0,DoS-UDP
80,6,20,1480,20,0,0,0,DoS-HTTP
80,17,20,1200,0,0,0,0,DoS-UDP
0,1,20,840,0,0,0,0,DoS-ICMP
80,6,20,1200,20,0,0,0,DoS-SYN-Flood
37410,6,2,120,2,0,0,0,PortScan
13461,6,4,240,4,0,0,0,PortScan
80,6,20,1480,20,0,0,0,DoS-HTTP
80,6,20,1480,20,0,0,0,DoS-HTTP
0,1,20,840,0,0,0,0,DoS-ICMP
47822,6,20,29080,0,20,0,0,BENIGN
33242,6,5,290,5,5,0,0,SSH-Bruteforce
54829,17,20,27980,0,0,0,0,BENIGN
11243,6,4,240,4,0,0,0,PortScan
80,17,20,1200,0,0,0,0,DoS-UDP
51244,6,9,522,9,9,0,0,SSH-Bruteforce
22,6,20,1200,20,0,0,0,SSH-Bruteforce
80,6,20,1480,20,0,0,0,DoS-HTTP
22,6,20,1200,16,0,4,0,SSH-Bruteforce
31145,6,4,240,4,0,0,0,PortScan
102,6,9,522,9,9,0,0,SSH-Bruteforce
80,17,20,1200,0,0,0,0,DoS-UDP
80,17,20,1200,0,0,0,0,DoS-UDP
36520,17,20,27980,0,0,0,0,BENIGN
80,6,20,1480,20,0,0,0,DoS-HTTP
56471,6,8,464,8,8,0,0,SSH-Bruteforce
80,6,20,1480,20,0,0,0,DoS-HTTP
80,6,20,1480,20,0,0,0,DoS-HTTP
36268,17,20,27980,0,0,0,0,BENIGN
47216,6,8,464,8,8,0,0,SSH-Bruteforce
0,1,20,840,0,0,0,0,DoS-ICMP
39902,17,20,27980,0,0,0,0,BENIGN
80,17,20,1200,0,0,0,0,DoS-UDP
80,6,20,1200,20,0,0,0,DoS-SYN-Flood
80,17,20,1200,0,0,0,0,DoS-UDP
4012,6,8,464,8,8,0,0,SSH-Bruteforce
80,6,20,1480,20,0,0,0,DoS-HTTP
60886,6,20,28040,0,20,0,0,BENIGN
17106,6,4,240,4,0,0,0,PortScan
80,17,20,1200,0,0,0,0,DoS-UDP
46140,6,8,464,8,8,0,0,SSH-Bruteforce
80,17,20,1200,0,0,0,0,DoS-UDP
33830,6,2,120,2,0,0,0,PortScan
80,6,20,1480,20,0,0,0,DoS-HTTP
80,6,20,1480,20,0,0,0,DoS-HTTP
80,6,20,1200,20,0,0,0,DoS-SYN-Flood
42790,6,10,580,10,10,0,0,SSH-Bruteforce
22,6,20,1200,12,0,8,0,SSH-Bruteforce
0,1,20,1200,0,0,0,0,DoS-ICMP
0,1,20,1200,0,0,0,0,DoS-ICMP
36520,17,20,27980,0,0,0,0,BENIGN
80,6,20,1200,20,0,0,0,DoS-SYN-Flood
80,17,20,1200,0,0,0,0,DoS-UDP
0,1,20,840,0,0,0,0,DoS-ICMP
0,1,20,1200,0,0,0,0,DoS-ICMP
0,1,20,1200,0,0,0,0,DoS-ICMP
80,6,20,1480,20,0,0,0,DoS-HTTP
80,6,20,1480,20,0,0,0,DoS-HTTP
80,17,20,1200,0,0,0,0,DoS-UDP
13156,6,6,360,6,0,0,0,PortScan
0,1,20,840,0,0,0,0,DoS-ICMP
0,1,20,1200,0,0,0,0,DoS-ICMP
33240,6,20,28960,0,20,0,0,BENIGN
80,17,20,1200,0,0,0,0,DoS-UDP
0,1,20,1200,0,0,0,0,DoS-ICMP
22,6,20,1200,7,0,13,0,SSH-Bruteforce
43992,17,20,27980,0,0,0,0,BENIGN
22,6,20,1200,0,0,20,0,SSH-Bruteforce
37622,6,4,240,4,0,0,0,PortScan
0,1,20,840,0,0,0,0,DoS-ICMP
80,6,20,1480,20,0,0,0,DoS-HTTP
80,6,20,1480,20,0,0,0,DoS-HTTP
80,6,20,1200,20,0,0,0,DoS-SYN-Flood
80,17,20,1200,0,0,0,0,DoS-UDP
21978,6,4,240,4,0,0,0,PortScan
60886,6,20,29080,0,20,0,0,BENIGN
80,6,20,1480,20,0,0,0,DoS-HTTP
80,6,20,1480,20,0,0,0,DoS-HTTP
80,17,20,1200,0,0,0,0,DoS-UDP
0,1,20,1200,0,0,0,0,DoS-ICMP
45544,6,2,120,2,0,0,0,PortScan
80,17,20,1200,0,0,0,0,DoS-UDP
0,1,20,1200,0,0,0,0,DoS-ICMP
22,6,20,1200,20,0,0,0,SSH-Bruteforce
0,1,20,1200,0,0,0,0,DoS-ICMP
80,6,20,1480,20,0,0,0,DoS-HTTP
50249,6,2,120,2,0,0,0,PortScan
80,17,20,1200,0,0,0,0,DoS-UDP
0,1,20,1200,0,0,0,0,DoS-ICMP
53308,6,20,28960,0,20,0,0,BENIGN
22,6,20,1200,20,0,0,0,SSH-Bruteforce
49848,6,8,464,8,8,0,0,SSH-Bruteforce
36520,17,20,27980,0,0,0,0,BENIGN
58776,6,7,406,7,7,0,0,SSH-Bruteforce
80,6,20,1480,20,0,0,0,DoS-HTTP
80,6,20,1480,20,0,0,0,DoS-HTTP
0,1,20,840,0,0,0,0,DoS-ICMP
80,6,20,1480,20,0,0,0,DoS-HTTP
80,6,20,1480,20,0,0,0,DoS-HTTP
53272,6,20,29380,0,20,0,0,BENIGN
60094,6,2,120,2,0,0,0,PortScan
11752,6,6,348,6,6,0,0,SSH-Bruteforce
80,6,20,1480,20,0,0,0,DoS-HTTP
80,17,20,1200,0,0,0,0,DoS-UDP
80,6,20,1200,20,0,0,0,DoS-SYN-Flood
54829,17,20,27980,0,0,0,0,BENIGN
80,6,20,1200,20,0,0,0,DoS-SYN-Flood
0,1,20,1200,0,0,0,0,DoS-ICMP
80,17,20,1200,0,0,0,0,DoS-UDP
792,6,6,348,6,6,0,0,SSH-Bruteforce
24552,6,2,120,2,0,0,0,PortScan
59538,6,2,120,2,0,0,0,PortScan
80,6,20,1480,20,0,0,0,DoS-HTTP
44661,6,6,348,6,6,0,0,SSH-Bruteforce
22,6,20,1200,1,0,19,0,SSH-Bruteforce
80,6,20,1200,20,0,0,0,DoS-SYN-Flood
0,1,20,1200,0,0,0,0,DoS-ICMP
22,6,20,1200,20,0,0,0,SSH-Bruteforce
80,6,20,1480,20,0,0,0,DoS-HTTP
80,17,20,1200,0,0,0,0,DoS-UDP
80,6,20,1200,20,0,0,0,DoS-SYN-Flood
80,17,20,1200,0,0,0,0,DoS-UDP
8391,6,6,348,6,6,0,0,SSH-Bruteforce
80,6,20,1480,20,0,0,0,DoS-HTTP
45516,6,2,120,2,0,0,0,PortScan
80,6,20,1480,20,0,0,0,DoS-HTTP
45547,6,2,120,2,0,0,0,PortScan
0,1,20,840,0,0,0,0,DoS-ICMP
80,17,20,1200,0,0,0,0,DoS-UDP
0,1,20,840,0,0,0,0,DoS-ICMP
80,6,20,1480,20,0,0,0,DoS-HTTP
80,6,20,1200,20,0,0,0,DoS-SYN-Flood
41302,6,2,120,2,0,0,0,PortScan
80,17,20,1200,0,0,0,0,DoS-UDP
36520,17,20,16545,0,0,0,0,BENIGN
38298,6,4,240,4,0,0,0,PortScan
80,17,20,1200,0,0,0,0,DoS-UDP
80,6,20,1200,20,0,0,0,DoS-SYN-Flood
22,6,20,1200,1,0,19,0,SSH-Bruteforce
80,6,20,1200,20,0,0,0,DoS-SYN-Flood
80,6,20,1200,20,0,0,0,DoS-SYN-Flood
80,17,20,1200,0,0,0,0,DoS-UDP
22,6,20,1200,0,0,20,0,SSH-Bruteforce
443,6,20,1200,0,20,0,0,BENIGN
0,1,20,840,0,0,0,0,DoS-ICMP
859,6,5,290,5,5,0,0,SSH-Bruteforce
0,1,20,1200,0,0,0,0,DoS-ICMP
80,6,20,1200,20,0,0,0,DoS-SYN-Flood
62571,6,4,232,4,4,0,0,SSH-Bruteforce
80,6,20,1480,20,0,0,0,DoS-HTTP
80,6,20,1480,20,0,0,0,DoS-HTTP
80,17,20,1200,0,0,0,0,DoS-UDP
59133,6,2,120,2,0,0,0,PortScan
80,17,20,1200,0,0,0,0,DoS-UDP
80,6,20,1200,20,0,0,0,DoS-SYN-Flood
20662,6,4,240,4,0,0,0,PortScan
80,6,20,1200,20,0,0,0,DoS-SYN-Flood
22,6,20,1200,20,0,0,0,SSH-Bruteforce
0,1,20,840,0,0,0,0,DoS-ICMP
0,1,20,840,0,0,0,0,DoS-ICMP
80,6,20,1480,20,0,0,0,DoS-HTTP
14569,6,10,580,10,10,0,0,SSH-Bruteforce
0,1,20,840,0,0,0,0,DoS-ICMP
36797,6,4,240,4,0,0,0,PortScan
443,6,20,7006,1,19,0,1,BENIGN
0,1,20,1200,0,0,0,0,DoS-ICMP
80,17,20,1200,0,0,0,0,DoS-UDP
80,6,20,1200,20,0,0,0,DoS-SYN-Flood
22,6,20,1200,0,0,20,0,SSH-Bruteforce
80,17,20,1200,0,0,0,0,DoS-UDP
0,1,20,840,0,0,0,0,DoS-ICMP
80,17,20,1200,0,0,0,0,DoS-UDP
0,1,20,840,0,0,0,0,DoS-ICMP
6606,6,10,580,10,10,0,0,SSH-Bruteforce
80,6,20,1480,20,0,0,0,DoS-HTTP
80,6,20,1200,20,0,0,0,DoS-SYN-Flood
80,6,20,1200,20,0,0,0,DoS-SYN-Flood
80,6,20,1480,20,0,0,0,DoS-HTTP
80,6,20,1480,20,0,0,0,DoS-HTTP
80,17,20,1200,0,0,0,0,DoS-UDP
80,6,20,1200,20,0,0,0,DoS-SYN-Flood
80,17,20,1200,0,0,0,0,DoS-UDP
28250,6,2,120,2,0,0,0,PortScan
80,17,20,1200,0,0,0,0,DoS-UDP
80,6,20,1200,20,0,0,0,DoS-SYN-Flood
23293,6,6,348,6,6,0,0,SSH-Bruteforce
0,1,20,840,0,0,0,0,DoS-ICMP
52972,6,9,522,9,9,0,0,SSH-Bruteforce
80,17,20,1200,0,0,0,0,DoS-UDP
0,1,20,1200,0,0,0,0,DoS-ICMP
80,6,20,1200,20,0,0,0,DoS-SYN-Flood
0,1,20,840,0,0,0,0,DoS-ICMP
80,6,20,1480,20,0,0,0,DoS-HTTP
0,1,20,840,0,0,0,0,DoS-ICMP
22,6,20,1200,4,0,16,0,SSH-Bruteforce
34391,6,2,120,2,0,0,0,PortScan
22,6,20,1200,17,0,3,0,SSH-Bruteforce
80,17,20,1200,0,0,0,0,DoS-UDP
13350,6,12,696,12,12,0,0,SSH-Bruteforce
80,17,20,1200,0,0,0,0,DoS-UDP
80,6,20,1200,20,0,0,0,DoS-SYN-Flood
80,6,20,1480,20,0,0,0,DoS-HTTP
80,6,20,1480,20,0,0,0,DoS-HTTP
80,6,20,1480,20,0,0,0,DoS-HTTP
80,6,20,1480,20,0,0,0,DoS-HTTP
0,1,20,840,0,0,0,0,DoS-ICMP
0,1,20,840,0,0,0,0,DoS-ICMP
80,6,20,1480,20,0,0,0,DoS-HTTP
54842,6,8,464,8,8,0,0,SSH-Bruteforce
55792,6,2,120,2,0,0,0,PortScan
41308,17,20,27980,0,0,0,0,BENIGN
80,17,20,1200,0,0,0,0,DoS-UDP
80,6,20,1200,20,0,0,0,DoS-SYN-Flood
80,6,20,1480,20,0,0,0,DoS-HTTP
49964,6,8,464,8,8,0,0,SSH-Bruteforce
32333,6,8,464,8,8,0,0,SSH-Bruteforce
28513,6,8,464,8,8,0,0,SSH-Bruteforce
22,6,20,1200,1,0,19,0,SSH-Bruteforce
80,6,20,1480,20,0,0,0,DoS-HTTP
0,1,20,840,0,0,0,0,DoS-ICMP
80,6,20,1480,20,0,0,0,DoS-HTTP
46920,6,4,240,4,0,0,0,PortScan
40156,6,2,120,2,0,0,0,PortScan
80,6,20,1200,20,0,0,0,DoS-SYN-Flood
80,6,20,1480,20,0,0,0,DoS-HTTP
0,1,20,1200,0,0,0,0,DoS-ICMP
80,6,20,1200,20,0,0,0,DoS-SYN-Flood
0,1,20,840,0,0,0,0,DoS-ICMP
80,6,20,1480,20,0,0,0,DoS-HTTP
0,1,20,1200,0,0,0,0,DoS-ICMP
80,6,20,1480,20,0,0,0,DoS-HTTP
80,17,20,1200,0,0,0,0,DoS-UDP
0,1,20,1200,0,0,0,0,DoS-ICMP
22,6,20,1200,19,0,1,0,SSH-Bruteforce
0,1,20,1200,0,0,0,0,DoS-ICMP
80,17,20,1200,0,0,0,0,DoS-UDP
45424,6,6,348,6,6,0,0,SSH-Bruteforce
80,6,20,1480,20,0,0,0,DoS-HTTP
60254,6,7,406,7,7,0,0,SSH-Bruteforce
80,6,20,1200,20,0,0,0,DoS-SYN-Flood
0,1,20,1200,0,0,0,0,DoS-ICMP
80,17,20,1200,0,0,0,0,DoS-UDP
0,1,20,840,0,0,0,0,DoS-ICMP
47544,6,9,522,9,9,0,0,SSH-Bruteforce
36520,17,20,27980,0,0,0,0,BENIGN
22,6,20,1200,0,0,20,0,SSH-Bruteforce
60601,6,6,348,6,6,0,0,SSH-Bruteforce
63622,6,4,240,4,0,0,0,PortScan
80,6,20,1200,20,0,0,0,DoS-SYN-Flood
42666,6,2,120,2,0,0,0,PortScan
55897,6,4,240,4,0,0,0,PortScan
3816,6,7,406,7,7,0,0,SSH-Bruteforce
80,17,20,1200,0,0,0,0,DoS-UDP
6619,6,4,240,4,0,0,0,PortScan
0,1,20,1200,0,0,0,0,DoS-ICMP
80,6,20,1480,20,0,0,0,DoS-HTTP
0,1,20,840,0,0,0,0,DoS-ICMP
80,6,20,1480,20,0,0,0,DoS-HTTP
37034,6,9,522,9,9,0,0,SSH-Bruteforce
80,6,20,1200,20,0,0,0,DoS-SYN-Flood
80,6,20,1200,20,0,0,0,DoS-SYN-Flood
80,17,20,1200,0,0,0,0,DoS-UDP
43091,6,9,522,9,9,0,0,SSH-Bruteforce
63758,6,4,232,4,4,0,0,SSH-Bruteforce
80,6,20,1480,20,0,0,0,DoS-HTTP
80,17,20,1200,0,0,0,0,DoS-UDP
80,17,20,1200,0,0,0,0,DoS-UDP
38437,6,2,120,2,0,0,0,PortScan
80,6,20,1200,20,0,0,0,DoS-SYN-Flood
0,1,20,1200,0,0,0,0,DoS-ICMP
80,17,20,1200,0,0,0,0,DoS-UDP
3945,6,5,290,5,5,0,0,SSH-Bruteforce
42440,17,20,27980,0,0,0,0,BENIGN
80,6,20,1480,20,0,0,0,DoS-HTTP
0,1,20,840,0,0,0,0,DoS-ICMP
80,6,20,1200,20,0,0,0,DoS-SYN-Flood
62569,6,2,120,2,0,0,0,PortScan
0,1,20,840,0,0,0,0,DoS-ICMP
0,1,20,1200,0,0,0,0,DoS-ICMP
80,6,20,1480,20,0,0,0,DoS-HTTP
80,17,20,1200,0,0,0,0,DoS-UDP
80,17,20,1200,0,0,0,0,DoS-UDP
53234,6,11,638,11,11,0,0,SSH-Bruteforce
80,6,20,1200,20,0,0,0,DoS-SYN-Flood
47094,17,20,27980,0,0,0,0,BENIGN
80,6,20,1480,20,0,0,0,DoS-HTTP
80,6,20,1480,20,0,0,0,DoS-HTTP
80,17,20,1200,0,0,0,0,DoS-UDP
80,6,20,1480,20,0,0,0,DoS-HTTP
80,6,20,1200,20,0,0,0,DoS-SYN-Flood
29131,6,4,240,4,0,0,0,PortScan
15168,6,4,240,4,0,0,0,PortScan
0,1,20,1200,0,0,0,0,DoS-ICMP
80,17,20,1200,0,0,0,0,DoS-UDP
22,6,20,1200,20,0,0,0,SSH-Bruteforce
80,6,20,1200,20,0,0,0,DoS-SYN-Flood
0,1,20,840,0,0,0,0,DoS-ICMP
80,6,20,1480,20,0,0,0,DoS-HTTP
36520,17,20,27980,0,0,0,0,BENIGN
80,6,20,1480,20,0,0,0,DoS-HTTP
22,6,20,1200,0,0,20,0,SSH-Bruteforce
80,17,20,1200,0,0,0,0,DoS-UDP
80,6,20,1480,20,0,0,0,DoS-HTTP
59405,6,8,464,8,8,0,0,SSH-Bruteforce
59892,6,2,120,2,0,0,0,PortScan
80,6,20,1200,20,0,0,0,DoS-SYN-Flood
80,6,20,1480,20,0,0,0,DoS-HTTP
0,1,20,1200,0,0,0,0,DoS-ICMP
80,6,20,1200,20,0,0,0,DoS-SYN-Flood
80,6,20,1480,20,0,0,0,DoS-HTTP
0,1,20,840,0,0,0,0,DoS-ICMP
80,6,20,1200,20,0,0,0,DoS-SYN-Flood
0,1,20,840,0,0,0,0,DoS-ICMP
80,6,20,1200,20,0,0,0,DoS-SYN-Flood
47333,6,5,290,5,5,0,0,SSH-Bruteforce
36520,17,20,27980,0,0,0,0,BENIGN
80,6,20,1480,20,0,0,0,DoS-HTTP
43364,6,7,406,7,7,0,0,SSH-Bruteforce
80,17,20,1200,0,0,0,0,DoS-UDP
58207,6,4,240,4,0,0,0,PortScan
80,6,20,1200,20,0,0,0,DoS-SYN-Flood
80,6,20,1200,20,0,0,0,DoS-SYN-Flood
0,1,20,840,0,0,0,0,DoS-ICMP
443,17,20,19001,0,0,0,0,BENIGN
0,1,20,840,0,0,0,0,DoS-ICMP
80,17,20,1200,0,0,0,0,DoS-UDP
80,6,20,1200,20,0,0,0,DoS-SYN-Flood
44462,6,7,406,7,7,0,0,SSH-Bruteforce
0,1,20,1200,0,0,0,0,DoS-ICMP
80,6,20,1200,20,0,0,0,DoS-SYN-Flood
15094,6,2,120,2,0,0,0,PortScan
0,1,20,840,0,0,0,0,DoS-ICMP
0,1,20,840,0,0,0,0,DoS-ICMP
22,6,20,1200,9,0,11,0,SSH-Bruteforce
0,1,20,1200,0,0,0,0,DoS-ICMP
80,17,20,1200,0,0,0,0,DoS-UDP
0,1,20,1200,0,0,0,0,DoS-ICMP
80,17,20,1200,0,0,0,0,DoS-UDP
0,1,20,1200,0,0,0,0,DoS-ICMP
22,6,20,1200,20,0,0,0,SSH-Bruteforce
80,6,20,1480,20,0,0,0,DoS-HTTP
9356,6,9,522,9,9,0,0,SSH-Bruteforce
22,6,20,1200,6,0,14,0,SSH-Bruteforce
16112,6,4,240,4,0,0,0,PortScan
43678,17,20,27980,0,0,0,0,BENIGN
80,17,20,1200,0,0,0,0,DoS-UDP
80,6,20,1480,20,0,0,0,DoS-HTTP
36520,17,20,27980,0,0,0,0,BENIGN
443,17,20,6759,0,0,0,0,BENIGN
0,1,20,840,0,0,0,0,DoS-ICMP
80,6,20,1200,20,0,0,0,DoS-SYN-Flood
80,6,20,1480,20,0,0,0,DoS-HTTP
6860,6,6,360,6,0,0,0,PortScan
15396,6,4,232,4,4,0,0,SSH-Bruteforce
80,6,20,1480,20,0,0,0,DoS-HTTP
80,6,20,1480,20,0,0,0,DoS-HTTP
8060,6,4,240,4,0,0,0,PortScan
80,6,20,1200,20,0,0,0,DoS-SYN-Flood
38429,6,2,120,2,0,0,0,PortScan
80,6,20,1200,20,0,0,0,DoS-SYN-Flood
45829,6,2,120,2,0,0,0,PortScan
53394,6,8,464,8,8,0,0,SSH-Bruteforce
80,6,20,1480,20,0,0,0,DoS-HTTP
80,6,20,1480,20,0,0,0,DoS-HTTP
63189,6,6,348,6,6,0,0,SSH-Bruteforce
0,1,20,1200,0,0,0,0,DoS-ICMP
39964,6,2,120,2,0,0,0,PortScan
22,6,20,1200,2,0,18,0,SSH-Bruteforce
80,17,20,1200,0,0,0,0,DoS-UDP
80,6,20,1200,20,0,0,0,DoS-SYN-Flood
80,6,20,1200,20,0,0,0,DoS-SYN-Flood
9876,6,4,240,4,0,0,0,PortScan
291,6,4,240,4,0,0,0,PortScan
80,17,20,1200,0,0,0,0,DoS-UDP
8665,6,6,360,6,0,0,0,PortScan
80,6,20,1480,20,0,0,0,DoS-HTTP
30669,6,8,464,8,8,0,0,SSH-Bruteforce
9528,6,4,240,4,0,0,0,PortScan
80,6,20,1480,20,0,0,0,DoS-HTTP
31609,6,4,240,4,0,0,0,PortScan
80,6,20,1480,20,0,0,0,DoS-HTTP
80,17,20,1200,0,0,0,0,DoS-UDP
80,17,20,1200,0,0,0,0,DoS-UDP
22,6,20,1200,0,0,20,0,SSH-Bruteforce
22,6,20,1200,0,0,20,0,SSH-Bruteforce
47409,6,2,120,2,0,0,0,PortScan
0,1,20,1200,0,0,0,0,DoS-ICMP
22,6,20,1200,0,0,20,0,SSH-Bruteforce
80,17,20,1200,0,0,0,0,DoS-UDP
61138,6,2,120,2,0,0,0,PortScan
80,17,20,1200,0,0,0,0,DoS-UDP
80,17,20,1200,0,0,0,0,DoS-UDP
0,1,20,1200,0,0,0,0,DoS-ICMP
0,1,20,1200,0,0,0,0,DoS-ICMP
80,6,20,1480,20,0,0,0,DoS-HTTP
0,1,20,840,0,0,0,0,DoS-ICMP
0,1,20,840,0,0,0,0,DoS-ICMP
30944,6,2,120,2,0,0,0,PortScan
33811,6,2,120,2,0,0,0,PortScan
80,6,20,1200,20,0,0,0,DoS-SYN-Flood
80,6,20,1480,20,0,0,0,DoS-HTTP
80,6,20,1480,20,0,0,0,DoS-HTTP
80,6,20,1200,20,0,0,0,DoS-SYN-Flood
80,6,20,1480,20,0,0,0,DoS-HTTP
35714,6,2,120,2,0,0,0,PortScan
80,6,20,1480,20,0,0,0,DoS-HTTP
80,17,20,1200,0,0,0,0,DoS-UDP
80,6,20,1480,20,0,0,0,DoS-HTTP
80,6,20,1200,20,0,0,0,DoS-SYN-Flood
80,17,20,1200,0,0,0,0,DoS-UDP
80,17,20,1200,0,0,0,0,DoS-UDP
80,6,20,1200,20,0,0,0,DoS-SYN-Flood
62132,6,9,522,9,9,0,0,SSH-Bruteforce
80,6,20,1200,20,0,0,0,DoS-SYN-Flood
80,6,20,1200,20,0,0,0,DoS-SYN-Flood
40536,6,2,120,2,0,0,0,PortScan
58827,6,7,406,7,7,0,0,SSH-Bruteforce
32975,6,4,240,4,0,0,0,PortScan
80,17,20,1200,0,0,0,0,DoS-UDP
80,17,20,1200,0,0,0,0,DoS-UDP
0,1,20,840,0,0,0,0,DoS-ICMP
40195,6,2,120,2,0,0,0,PortScan
0,1,20,840,0,0,0,0,DoS-ICMP
80,17,20,1200,0,0,0,0,DoS-UDP
0,1,20,840,0,0,0,0,DoS-ICMP
80,6,20,1480,20,0,0,0,DoS-HTTP
80,6,20,1480,20,0,0,0,DoS-HTTP
80,17,20,1200,0,0,0,0,DoS-UDP
80,17,20,1200,0,0,0,0,DoS-UDP
80,6,20,1480,20,0,0,0,DoS-HTTP
80,6,20,1480,20,0,0,0,DoS-HTTP
0,1,20,1200,0,0,0,0,DoS-ICMP
80,6,20,1480,20,0,0,0,DoS-HTTP
80,6,20,1200,20,0,0,0,DoS-SYN-Flood
39505,6,7,406,7,7,0,0,SSH-Bruteforce
80,6,20,1200,20,0,0,0,DoS-SYN-Flood
22,6,20,1200,3,0,17,0,SSH-Bruteforce
0,1,20,1200,0,0,0,0,DoS-ICMP
80,6,20,1480,20,0,0,0,DoS-HTTP
18604,6,7,406,7,7,0,0,SSH-Bruteforce
0,1,20,840,0,0,0,0,DoS-ICMP
80,6,20,1480,20,0,0,0,DoS-HTTP
6220,6,4,240,4,0,0,0,PortScan
80,17,20,1200,0,0,0,0,DoS-UDP
22,6,20,1200,11,0,9,0,SSH-Bruteforce
40114,6,2,120,2,0,0,0,PortScan
80,6,20,1480,20,0,0,0,DoS-HTTP
80,6,20,1200,20,0,0,0,DoS-SYN-Flood
80,17,20,1200,0,0,0,0,DoS-UDP
80,17,20,1200,0,0,0,0,DoS-UDP
9972,6,6,360,6,0,0,0,PortScan
54829,17,20,27980,0,0,0,0,BENIGN
23755,6,7,406,7,7,0,0,SSH-Bruteforce
0,1,20,840,0,0,0,0,DoS-ICMP
50716,6,2,120,2,0,0,0,PortScan
35348,6,2,120,2,0,0,0,PortScan
80,6,20,1480,20,0,0,0,DoS-HTTP
39329,6,8,464,8,8,0,0,SSH-Bruteforce
54995,6,7,406,7,7,0,0,SSH-Bruteforce
80,6,20,1200,20,0,0,0,DoS-SYN-Flood
36413,6,2,120,2,0,0,0,PortScan
22,6,20,1200,0,0,20,0,SSH-Bruteforce
53372,17,2,314,0,0,0,0,BENIGN
80,6,20,1200,20,0,0,0,DoS-SYN-Flood
64149,6,5,290,5,5,0,0,SSH-Bruteforce
80,6,20,1200,20,0,0,0,DoS-SYN-Flood
18606,6,2,120,2,0,0,0,PortScan
19420,6,2,120,2,0,0,0,PortScan
0,1,20,840,0,0,0,0,DoS-ICMP
48209,6,1,58,1,1,0,0,PortScan
80,6,20,1480,20,0,0,0,DoS-HTTP
0,1,20,1200,0,0,0,0,DoS-ICMP
80,17,20,1200,0,0,0,0,DoS-UDP
0,1,20,840,0,0,0,0,DoS-ICMP
80,6,20,1200,20,0,0,0,DoS-SYN-Flood
80,6,20,1200,20,0,0,0,DoS-SYN-Flood
80,17,20,1200,0,0,0,0,DoS-UDP
80,6,20,1200,20,0,0,0,DoS-SYN-Flood
80,6,20,1480,20,0,0,0,DoS-HTTP
80,6,20,1200,20,0,0,0,DoS-SYN-Flood
80,6,20,1480,20,0,0,0,DoS-HTTP
80,6,20,1480,20,0,0,0,DoS-HTTP
80,6,20,1200,20,0,0,0,DoS-SYN-Flood
2941,6,8,464,8,8,0,0,SSH-Bruteforce
80,17,20,1200,0,0,0,0,DoS-UDP
0,1,20,840,0,0,0,0,DoS-ICMP
48090,6,2,120,2,0,0,0,PortScan
33240,6,20,29140,0,20,0,0,BENIGN
36908,6,2,120,2,0,0,0,PortScan
56619,6,4,240,4,0,0,0,PortScan
80,6,20,1480,20,0,0,0,DoS-HTTP
80,6,20,1200,20,0,0,0,DoS-SYN-Flood
80,17,20,1200,0,0,0,0,DoS-UDP
80,6,20,1480,20,0,0,0,DoS-HTTP
22,6,20,1200,0,0,20,0,SSH-Bruteforce
53485,6,9,522,9,9,0,0,SSH-Bruteforce
0,1,20,1200,0,0,0,0,DoS-ICMP
80,6,20,1200,20,0,0,0,DoS-SYN-Flood
80,17,20,1200,0,0,0,0,DoS-UDP
22,6,20,1200,10,0,10,0,SSH-Bruteforce
36520,17,20,27980,0,0,0,0,BENIGN
80,17,20,1200,0,0,0,0,DoS-UDP
0,1,20,1200,0,0,0,0,DoS-ICMP
80,6,20,1200,20,0,0,0,DoS-SYN-Flood
48932,6,2,120,2,0,0,0,PortScan
0,1,20,1200,0,0,0,0,DoS-ICMP
60510,6,9,522,9,9,0,0,SSH-Bruteforce
34800,6,8,464,8,8,0,0,SSH-Bruteforce
0,1,20,1200,0,0,0,0,DoS-ICMP
80,6,20,1200,20,0,0,0,DoS-SYN-Flood
80,6,20,1480,20,0,0,0,DoS-HTTP
0,1,20,840,0,0,0,0,DoS-ICMP
20686,6,2,120,2,0,0,0,PortScan
40170,6,4,240,4,0,0,0,PortScan
0,1,20,1200,0,0,0,0,DoS-ICMP
80,6,20,1480,20,0,0,0,DoS-HTTP
80,17,20,1200,0,0,0,0,DoS-UDP
80,6,20,1480,20,0,0,0,DoS-HTTP
0,1,20,840,0,0,0,0,DoS-ICMP
80,6,20,1480,20,0,0,0,DoS-HTTP
26658,6,2,120,2,0,0,0,PortScan
0,1,20,1200,0,0,0,0,DoS-ICMP
80,6,20,1200,20,0,0,0,DoS-SYN-Flood
80,6,20,1200,20,0,0,0,DoS-SYN-Flood
33240,6,20,29320,0,20,0,0,BENIGN
80,6,20,1200,20,0,0,0,DoS-SYN-Flood
80,6,20,1200,20,0,0,0,DoS-SYN-Flood
36520,17,20,27980,0,0,0,0,BENIGN
58133,6,10,580,10,10,0,0,SSH-Bruteforce
80,6,20,1480,20,0,0,0,DoS-HTTP
33228,6,4,240,4,0,0,0,PortScan
0,1,20,1200,0,0,0,0,DoS-ICMP
35080,6,6,348,6,6,0,0,SSH-Bruteforce
80,17,20,1200,0,0,0,0,DoS-UDP
0,1,20,1200,0,0,0,0,DoS-ICMP
80,6,20,1480,20,0,0,0,DoS-HTTP
25090,6,8,464,8,8,0,0,SSH-Bruteforce
0,1,20,1200,0,0,0,0,DoS-ICMP
80,6,20,1200,20,0,0,0,DoS-SYN-Flood
80,6,20,1200,20,0,0,0,DoS-SYN-Flood
80,6,20,1480,20,0,0,0,DoS-HTTP
56023,6,6,348,6,6,0,0,SSH-Bruteforce
80,6,20,1480,20,0,0,0,DoS-HTTP
38554,6,2,120,2,0,0,0,PortScan
22,6,20,1200,0,0,20,0,SSH-Bruteforce
80,17,20,1200,0,0,0,0,DoS-UDP
22,6,20,1200,20,0,0,0,SSH-Bruteforce
10821,6,7,406,7,7,0,0,SSH-Bruteforce
0,1,20,840,0,0,0,0,DoS-ICMP
80,6,20,1480,20,0,0,0,DoS-HTTP
4462,6,6,360,6,0,0,0,PortScan
0,1,20,1200,0,0,0,0,DoS-ICMP
0,1,20,1200,0,0,0,0,DoS-ICMP
80,6,20,1480,20,0,0,0,DoS-HTTP
64977,6,9,522,9,9,0,0,SSH-Bruteforce
7772,6,6,348,6,6,0,0,SSH-Bruteforce
3358,6,4,240,4,0,0,0,PortScan
42635,6,10,580,10,10,0,0,SSH-Bruteforce
80,17,20,1200,0,0,0,0,DoS-UDP
80,17,20,1200,0,0,0,0,DoS-UDP
80,6,20,1200,20,0,0,0,DoS-SYN-Flood
53963,6,2,120,2,0,0,0,PortScan
80,6,20,1480,20,0,0,0,DoS-HTTP
22,6,20,1200,0,0,20,0,SSH-Bruteforce
80,17,20,1200,0,0,0,0,DoS-UDP
80,6,20,1480,20,0,0,0,DoS-HTTP
80,6,20,1480,20,0,0,0,DoS-HTTP
0,1,20,840,0,0,0,0,DoS-ICMP
50257,6,6,348,6,6,0,0,SSH-Bruteforce
80,6,20,1480,20,0,0,0,DoS-HTTP
80,6,20,1200,20,0,0,0,DoS-SYN-Flood
80,17,20,1200,0,0,0,0,DoS-UDP
0,1,20,1200,0,0,0,0,DoS-ICMP
80,6,20,1200,20,0,0,0,DoS-SYN-Flood
22,6,20,1200,16,0,4,0,SSH-Bruteforce
0,1,20,840,0,0,0,0,DoS-ICMP
54405,6,4,232,4,4,0,0,SSH-Bruteforce
80,6,20,1480,20,0,0,0,DoS-HTTP
80,6,20,1480,20,0,0,0,DoS-HTTP
36520,17,20,27980,0,0,0,0,BENIGN
42596,6,4,240,4,0,0,0,PortScan
35982,6,2,120,2,0,0,0,PortScan
52815,6,2,120,2,0,0,0,PortScan
80,6,20,1200,20,0,0,0,DoS-SYN-Flood
62865,6,6,348,6,6,0,0,SSH-Bruteforce
80,17,20,1200,0,0,0,0,DoS-UDP
80,6,20,1480,20,0,0,0,DoS-HTTP
53308,6,20,29080,0,20,0,0,BENIGN
22671,6,4,240,4,0,0,0,PortScan
22,6,20,1200,0,0,20,0,SSH-Bruteforce
54829,17,20,27980,0,0,0,0,BENIGN
80,6,20,1480,20,0,0,0,DoS-HTTP
80,17,20,1200,0,0,0,0,DoS-UDP
42613,6,7,406,7,7,0,0,SSH-Bruteforce
1718,6,6,348,6,6,0,0,SSH-Bruteforce
4983,6,4,240,4,0,0,0,PortScan
59769,17,20,26065,0,0,0,0,BENIGN
35330,6,10,580,10,10,0,0,SSH-Bruteforce
0,1,20,840,0,0,0,0,DoS-ICMP
59476,6,2,120,2,0,0,0,PortScan
46398,17,20,27980,0,0,0,0,BENIGN
47469,6,4,240,4,0,0,0,PortScan
0,1,20,1200,0,0,0,0,DoS-ICMP
80,17,20,1200,0,0,0,0,DoS-UDP
80,6,20,1480,20,0,0,0,DoS-HTTP
80,17,20,1200,0,0,0,0,DoS-UDP
0,1,20,840,0,0,0,0,DoS-ICMP
80,6,20,1200,20,0,0,0,DoS-SYN-Flood
80,17,20,1200,0,0,0,0,DoS-UDP
0,1,20,1200,0,0,0,0,DoS-ICMP
80,17,20,1200,0,0,0,0,DoS-UDP
22,6,20,1200,0,0,20,0,SSH-Bruteforce
80,17,20,1200,0,0,0,0,DoS-UDP
22,6,20,1200,20,0,0,0,SSH-Bruteforce
80,17,20,1200,0,0,0,0,DoS-UDP
80,17,20,1200,0,0,0,0,DoS-UDP
46742,6,6,348,6,6,0,0,SSH-Bruteforce
1694,6,4,240,4,0,0,0,PortScan
33240,6,20,29140,0,20,0,0,BENIGN
80,6,20,1200,20,0,0,0,DoS-SYN-Flood
14274,6,4,240,4,0,0,0,PortScan
80,6,20,1200,20,0,0,0,DoS-SYN-Flood
32439,6,4,240,4,0,0,0,PortScan
0,1,20,840,0,0,0,0,DoS-ICMP
22,6,20,1200,20,0,0,0,SSH-Bruteforce
0,1,20,1200,0,0,0,0,DoS-ICMP
59521,6,2,120,2,0,0,0,PortScan
5339,6,4,240,4,0,0,0,PortScan
54015,6,9,522,9,9,0,0,SSH-Bruteforce
36520,17,20,27980,0,0,0,0,BENIGN
60050,6,2,120,2,0,0,0,PortScan
80,6,20,1480,20,0,0,0,DoS-HTTP
80,17,20,1200,0,0,0,0,DoS-UDP
52893,6,2,120,2,0,0,0,PortScan
80,6,20,1200,20,0,0,0,DoS-SYN-Flood
0,1,20,1200,0,0,0,0,DoS-ICMP
10735,6,8,464,8,8,0,0,SSH-Bruteforce
0,1,20,840,0,0,0,0,DoS-ICMP
14792,6,4,240,4,0,0,0,PortScan
13200,6,9,522,9,9,0,0,SSH-Bruteforce
0,1,20,840,0,0,0,0,DoS-ICMP
0,1,20,840,0,0,0,0,DoS-ICMP
80,6,20,1480,20,0,0,0,DoS-HTTP
40753,6,2,120,2,0,0,0,PortScan
80,6,20,1480,20,0,0,0,DoS-HTTP
80,6,20,1480,20,0,0,0,DoS-HTTP
80,6,20,1200,20,0,0,0,DoS-SYN-Flood
0,1,20,840,0,0,0,0,DoS-ICMP
80,17,20,1200,0,0,0,0,DoS-UDP
40985,6,4,240,4,0,0,0,PortScan
0,1,20,840,0,0,0,0,DoS-ICMP
36204,6,4,240,4,0,0,0,PortScan
0,1,20,1200,0,0,0,0,DoS-ICMP
5380,6,8,464,8,8,0,0,SSH-Bruteforce
19793,6,4,240,4,0,0,0,PortScan
46421,6,8,464,8,8,0,0,SSH-Bruteforce
32583,6,7,406,7,7,0,0,SSH-Bruteforce
0,1,20,1200,0,0,0,0,DoS-ICMP
41709,6,12,696,12,12,0,0,SSH-Bruteforce
80,6,20,1200,20,0,0,0,DoS-SYN-Flood
80,6,20,1200,20,0,0,0,DoS-SYN-Flood
0,1,20,840,0,0,0,0,DoS-ICMP
0,1,20,840,0,0,0,0,DoS-ICMP
22,6,20,1200,0,0,20,0,SSH-Bruteforce
80,17,20,1200,0,0,0,0,DoS-UDP
80,17,20,1200,0,0,0,0,DoS-UDP
80,17,20,1200,0,0,0,0,DoS-UDP
60516,6,20,28131,0,20,0,0,BENIGN
19385,6,9,522,9,9,0,0,SSH-Bruteforce
60516,6,20,29200,0,20,0,0,BENIGN
6037,6,4,240,4,0,0,0,PortScan
56024,6,6,348,6,6,0,0,SSH-Bruteforce
51966,6,6,348,6,6,0,0,SSH-Bruteforce
0,1,20,840,0,0,0,0,DoS-ICMP
0,1,20,840,0,0,0,0,DoS-ICMP
80,6,20,1200,20,0,0,0,DoS-SYN-Flood
80,6,20,1200,20,0,0,0,DoS-SYN-Flood
80,17,20,1200,0,0,0,0,DoS-UDP
80,6,20,1480,20,0,0,0,DoS-HTTP
80,17,20,1200,0,0,0,0,DoS-UDP
0,1,20,1200,0,0,0,0,DoS-ICMP
80,17,20,1200,0,0,0,0,DoS-UDP
21867,6,4,240,4,0,0,0,PortScan
80,6,20,1480,20,0,0,0,DoS-HTTP
62123,6,9,522,9,9,0,0,SSH-Bruteforce
0,1,20,840,0,0,0,0,DoS-ICMP
0,1,20,840,0,0,0,0,DoS-ICMP
16899,6,10,580,10,10,0,0,SSH-Bruteforce
80,6,20,1480,20,0,0,0,DoS-HTTP
0,1,20,1200,0,0,0,0,DoS-ICMP
9650,6,4,240,4,0,0,0,PortScan
22,6,20,1200,20,0,0,0,SSH-Bruteforce
0,1,20,840,0,0,0,0,DoS-ICMP
45447,17,20,27980,0,0,0,0,BENIGN
56907,6,2,120,2,0,0,0,PortScan
0,1,20,840,0,0,0,0,DoS-ICMP
80,6,20,1480,20,0,0,0,DoS-HTTP
18685,6,4,240,4,0,0,0,PortScan
80,6,20,1480,20,0,0,0,DoS-HTTP
80,17,20,1200,0,0,0,0,DoS-UDP
22,6,20,1200,0,0,20,0,SSH-Bruteforce
80,6,20,1480,20,0,0,0,DoS-HTTP
80,17,20,1200,0,0,0,0,DoS-UDP
31078,6,6,348,6,6,0,0,SSH-Bruteforce
14258,6,6,360,6,0,0,0,PortScan
58221,6,2,120,2,0,0,0,PortScan
80,17,20,1200,0,0,0,0,DoS-UDP
0,1,20,840,0,0,0,0,DoS-ICMP
27663,6,7,406,7,7,0,0,SSH-Bruteforce
80,6,20,1480,20,0,0,0,DoS-HTTP
22,6,20,1200,0,0,20,0,SSH-Bruteforce
80,6,20,1200,20,0,0,0,DoS-SYN-Flood
0,1,20,840,0,0,0,0,DoS-ICMP
80,6,20,1200,20,0,0,0,DoS-SYN-Flood
80,6,20,1200,20,0,0,0,DoS-SYN-Flood
36554,6,4,240,4,0,0,0,PortScan
80,6,20,1480,20,0,0,0,DoS-HTTP
80,17,20,1200,0,0,0,0,DoS-UDP
0,1,20,840,0,0,0,0,DoS-ICMP
80,6,20,1480,20,0,0,0,DoS-HTTP
80,6,20,1200,20,0,0,0,DoS-SYN-Flood
0,1,20,1200,0,0,0,0,DoS-ICMP
80,6,20,1480,20,0,0,0,DoS-HTTP
80,17,20,1200,0,0,0,0,DoS-UDP
80,17,20,1200,0,0,0,0,DoS-UDP
80,6,20,1200,20,0,0,0,DoS-SYN-Flood
41308,17,20,27980,0,0,0,0,BENIGN
80,6,20,1200,20,0,0,0,DoS-SYN-Flood
80,6,20,1480,20,0,0,0,DoS-HTTP
80,6,20,1480,20,0,0,0,DoS-HTTP
0,1,20,840,0,0,0,0,DoS-ICMP
80,6,20,1480,20,0,0,0,DoS-HTTP
0,1,20,1200,0,0,0,0,DoS-ICMP
80,6,20,1480,20,0,0,0,DoS-HTTP
30279,6,2,120,2,0,0,0,PortScan
80,6,20,1200,20,0,0,0,DoS-SYN-Flood
46185,6,7,406,7,7,0,0,SSH-Bruteforce
21980,6,2,120,2,0,0,0,PortScan
0,1,20,1200,0,0,0,0,DoS-ICMP
80,6,20,1200,20,0,0,0,DoS-SYN-Flood
0,1,20,840,0,0,0,0,DoS-ICMP
7742,6,4,240,4,0,0,0,PortScan
0,1,20,840,0,0,0,0,DoS-ICMP
80,6,20,1480,20,0,0,0,DoS-HTTP
0,1,20,1200,0,0,0,0,DoS-ICMP
80,17,20,1200,0,0,0,0,DoS-UDP
80,6,20,1480,20,0,0,0,DoS-HTTP
0,1,20,1200,0,0,0,0,DoS-ICMP
80,6,20,1200,20,0,0,0,DoS-SYN-Flood
80,6,20,1200,20,0,0,0,DoS-SYN-Flood
443,17,20,18998,0,0,0,0,BENIGN
80,6,20,1200,20,0,0,0,DoS-SYN-Flood
80,6,20,1480,20,0,0,0,DoS-HTTP
80,17,20,1200,0,0,0,0,DoS-UDP
80,6,20,1480,20,0,0,0,DoS-HTTP
80,6,20,1480,20,0,0,0,DoS-HTTP
0,1,20,1200,0,0,0,0,DoS-ICMP
80,17,20,1200,0,0,0,0,DoS-UDP
32800,6,4,240,4,0,0,0,PortScan
80,17,20,1200,0,0,0,0,DoS-UDP
80,17,20,1200,0,0,0,0,DoS-UDP
22,6,20,1200,20,0,0,0,SSH-Bruteforce
43125,6,4,240,4,0,0,0,PortScan
50633,6,8,464,8,8,0,0,SSH-Bruteforce
80,17,20,1200,0,0,0,0,DoS-UDP
0,1,20,840,0,0,0,0,DoS-ICMP
27797,6,2,120,2,0,0,0,PortScan
22,6,20,1200,16,0,4,0,SSH-Bruteforce
1831,6,5,290,5,5,0,0,SSH-Bruteforce
80,6,20,1200,20,0,0,0,DoS-SYN-Flood
25322,6,6,348,6,6,0,0,SSH-Bruteforce
80,6,20,1200,20,0,0,0,DoS-SYN-Flood
80,17,20,1200,0,0,0,0,DoS-UDP
80,6,20,1480,20,0,0,0,DoS-HTTP
80,17,20,1200,0,0,0,0,DoS-UDP
80,6,20,1480,20,0,0,0,DoS-HTTP
80,6,20,1200,20,0,0,0,DoS-SYN-Flood
80,6,20,1480,20,0,0,0,DoS-HTTP
80,17,20,1200,0,0,0,0,DoS-UDP
46888,6,4,240,4,0,0,0,PortScan
0,1,20,840,0,0,0,0,DoS-ICMP
80,6,20,1200,20,0,0,0,DoS-SYN-Flood
80,6,20,1480,20,0,0,0,DoS-HTTP
38452,6,2,120,2,0,0,0,PortScan
22,6,20,1200,20,0,0,0,SSH-Bruteforce
80,17,20,1200,0,0,0,0,DoS-UDP
0,1,20,1200,0,0,0,0,DoS-ICMP
43678,17,20,27980,0,0,0,0,BENIGN
80,17,20,1200,0,0,0,0,DoS-UDP
4098,6,4,240,4,0,0,0,PortScan
80,6,20,1200,20,0,0,0,DoS-SYN-Flood
0,1,20,1200,0,0,0,0,DoS-ICMP
2287,6,4,240,4,0,0,0,PortScan
80,6,20,1480,20,0,0,0,DoS-HTTP
80,6,20,1200,20,0,0,0,DoS-SYN-Flood
9999,6,4,240,4,0,0,0,PortScan
35783,6,10,580,10,10,0,0,SSH-Bruteforce
37998,6,2,120,2,0,0,0,PortScan
80,6,20,1200,20,0,0,0,DoS-SYN-Flood
80,6,20,1200,20,0,0,0,DoS-SYN-Flood
28054,6,4,240,4,0,0,0,PortScan
0,1,20,840,0,0,0,0,DoS-ICMP
35854,6,20,28206,0,20,0,0,BENIGN
42334,6,2,120,2,0,0,0,PortScan
80,6,20,1200,20,0,0,0,DoS-SYN-Flood
0,1,20,1200,0,0,0,0,DoS-ICMP
80,17,20,1200,0,0,0,0,DoS-UDP
15126,6,2,120,2,0,0,0,PortScan
2372,6,4,240,4,0,0,0,PortScan
80,17,20,1200,0,0,0,0,DoS-UDP
41555,6,9,522,9,9,0,0,SSH-Bruteforce
80,6,20,1480,20,0,0,0,DoS-HTTP
9965,6,10,580,10,10,0,0,SSH-Bruteforce
36126,6,15,5961,1,15,0,1,BENIGN
80,6,20,1200,20,0,0,0,DoS-SYN-Flood
28253,6,2,120,2,0,0,0,PortScan
80,6,20,1480,20,0,0,0,DoS-HTTP
13992,6,4,240,4,0,0,0,PortScan
0,1,20,1200,0,0,0,0,DoS-ICMP
80,6,20,1200,20,0,0,0,DoS-SYN-Flood
0,1,20,1200,0,0,0,0,DoS-ICMP
22,6,20,1200,0,0,20,0,SSH-Bruteforce
54829,17,20,27980,0,0,0,0,BENIGN
80,6,20,1200,20,0,0,0,DoS-SYN-Flood
30610,6,4,240,4,0,0,0,PortScan
80,6,20,1480,20,0,0,0,DoS-HTTP
80,6,20,1200,20,0,0,0,DoS-SYN-Flood
80,17,20,1200,0,0,0,0,DoS-UDP
22,6,20,1200,19,0,1,0,SSH-Bruteforce
80,6,20,1480,20,0,0,0,DoS-HTTP
22,6,20,1200,20,0,0,0,SSH-Bruteforce
4675,6,4,240,4,0,0,0,PortScan
80,6,20,1200,20,0,0,0,DoS-SYN-Flood
0,1,20,840,0,0,0,0,DoS-ICMP
80,6,20,1480,20,0,0,0,DoS-HTTP
80,6,20,1480,20,0,0,0,DoS-HTTP
22,6,20,1200,6,0,14,0,SSH-Bruteforce
16913,6,9,522,9,9,0,0,SSH-Bruteforce
80,6,20,1480,20,0,0,0,DoS-HTTP
17610,6,2,120,2,0,0,0,PortScan
0,1,20,1200,0,0,0,0,DoS-ICMP
17132,6,8,464,8,8,0,0,SSH-Bruteforce
80,6,20,1200,20,0,0,0,DoS-SYN-Flood
80,6,20,1480,20,0,0,0,DoS-HTTP
80,6,20,1480,20,0,0,0,DoS-HTTP
80,17,20,1200,0,0,0,0,DoS-UDP
48865,6,7,406,7,7,0,0,SSH-Bruteforce
80,6,20,1200,20,0,0,0,DoS-SYN-Flood
80,6,20,1200,20,0,0,0,DoS-SYN-Flood
80,6,20,1200,20,0,0,0,DoS-SYN-Flood
11237,6,10,580,10,10,0,0,SSH-Bruteforce
48527,6,5,290,5,5,0,0,SSH-Bruteforce
2360,6,4,240,4,0,0,0,PortScan
0,1,20,840,0,0,0,0,DoS-ICMP
80,6,20,1480,20,0,0,0,DoS-HTTP
80,17,20,1200,0,0,0,0,DoS-UDP
59646,6,20,29200,0,20,0,0,BENIGN
0,1,20,840,0,0,0,0,DoS-ICMP
80,17,20,1200,0,0,0,0,DoS-UDP
80,6,20,1480,20,0,0,0,DoS-HTTP
80,17,20,1200,0,0,0,0,DoS-UDP
80,6,20,1200,20,0,0,0,DoS-SYN-Flood
18219,6,5,290,5,5,0,0,SSH-Bruteforce
0,1,20,1200,0,0,0,0,DoS-ICMP
80,17,20,1200,0,0,0,0,DoS-UDP
0,1,20,1200,0,0,0,0,DoS-ICMP
80,17,20,1200,0,0,0,0,DoS-UDP
0,1,20,840,0,0,0,0,DoS-ICMP
60825,6,2,116,2,2,0,0,SSH-Bruteforce
0,1,20,840,0,0,0,0,DoS-ICMP
48009,6,11,638,11,11,0,0,SSH-Bruteforce
22,6,20,1200,0,0,20,0,SSH-Bruteforce
80,6,20,1200,20,0,0,0,DoS-SYN-Flood
80,6,20,1200,20,0,0,0,DoS-SYN-Flood
60886,6,20,29680,0,20,0,0,BENIGN
36520,17,20,25103,0,0,0,0,BENIGN
32002,6,4,240,4,0,0,0,PortScan
80,6,20,1480,20,0,0,0,DoS-HTTP
80,17,20,1200,0,0,0,0,DoS-UDP
18526,6,2,120,2,0,0,0,PortScan
22,6,20,1200,20,0,0,0,SSH-Bruteforce
80,17,20,1200,0,0,0,0,DoS-UDP
80,6,20,1200,20,0,0,0,DoS-SYN-Flood
80,17,20,1200,0,0,0,0,DoS-UDP
80,17,20,1200,0,0,0,0,DoS-UDP
235,6,8,464,8,8,0,0,SSH-Bruteforce
48682,6,4,240,4,0,0,0,PortScan
80,6,20,1200,20,0,0,0,DoS-SYN-Flood
80,6,20,1480,20,0,0,0,DoS-HTTP
0,1,20,1200,0,0,0,0,DoS-ICMP
80,6,20,1480,20,0,0,0,DoS-HTTP
0,1,20,1200,0,0,0,0,DoS-ICMP
0,1,20,1200,0,0,0,0,DoS-ICMP
36520,17,20,27980,0,0,0,0,BENIGN
0,1,20,1200,0,0,0,0,DoS-ICMP
80,6,20,1480,20,0,0,0,DoS-HTTP
63461,6,2,120,2,0,0,0,PortScan
0,1,20,840,0,0,0,0,DoS-ICMP
0,1,20,1200,0,0,0,0,DoS-ICMP
80,6,20,1200,20,0,0,0,DoS-SYN-Flood
80,6,20,1200,20,0,0,0,DoS-SYN-Flood
80,6,20,1480,20,0,0,0,DoS-HTTP
80,17,20,1200,0,0,0,0,DoS-UDP
7971,6,4,240,4,0,0,0,PortScan
0,1,20,840,0,0,0,0,DoS-ICMP
80,6,20,1480,20,0,0,0,DoS-HTTP
34402,6,8,464,8,8,0,0,SSH-Bruteforce
22,6,20,1200,0,0,20,0,SSH-Bruteforce
32856,6,6,348,6,6,0,0,SSH-Bruteforce
22,6,20,1200,20,0,0,0,SSH-Bruteforce
80,17,20,1200,0,0,0,0,DoS-UDP
80,17,20,1200,0,0,0,0,DoS-UDP
80,6,20,1200,20,0,0,0,DoS-SYN-Flood
22,6,20,1200,0,0,20,0,SSH-Bruteforce
80,6,20,1480,20,0,0,0,DoS-HTTP
80,6,20,1200,20,0,0,0,DoS-SYN-Flood
29809,6,4,240,4,0,0,0,PortScan
0,1,20,1200,0,0,0,0,DoS-ICMP
443,6,20,1200,0,20,0,0,BENIGN
0,1,20,840,0,0,0,0,DoS-ICMP
80,17,20,1200,0,0,0,0,DoS-UDP
0,1,20,1200,0,0,0,0,DoS-ICMP
47583,6,2,120,2,0,0,0,PortScan
25262,6,2,120,2,0,0,0,PortScan
80,6,20,1480,20,0,0,0,DoS-HTTP
22,6,20,1200,20,0,0,0,SSH-Bruteforce
4899,6,4,240,4,0,0,0,PortScan
0,1,20,1200,0,0,0,0,DoS-ICMP
10997,6,5,290,5,5,0,0,SSH-Bruteforce
80,17,20,1200,0,0,0,0,DoS-UDP
80,17,20,1200,0,0,0,0,DoS-UDP
0,1,20,840,0,0,0,0,DoS-ICMP
4404,6,9,522,9,9,0,0,SSH-Bruteforce
80,6,20,1480,20,0,0,0,DoS-HTTP
0,1,20,840,0,0,0,0,DoS-ICMP
36520,17,20,27980,0,0,0,0,BENIGN
22,6,20,1200,0,0,20,0,SSH-Bruteforce
80,6,20,1200,20,0,0,0,DoS-SYN-Flood
80,6,20,1480,20,0,0,0,DoS-HTTP
80,17,20,1200,0,0,0,0,DoS-UDP
22,6,20,1200,0,0,20,0,SSH-Bruteforce
29901,6,2,120,2,0,0,0,PortScan
48733,6,2,120,2,0,0,0,PortScan
80,17,20,1200,0,0,0,0,DoS-UDP
80,6,20,1480,20,0,0,0,DoS-HTTP
80,6,20,1200,20,0,0,0,DoS-SYN-Flood
0,1,20,840,0,0,0,0,DoS-ICMP
30357,6,4,240,4,0,0,0,PortScan
80,17,20,1200,0,0,0,0,DoS-UDP
80,17,20,1200,0,0,0,0,DoS-UDP
80,17,20,1200,0,0,0,0,DoS-UDP
80,6,20,1480,20,0,0,0,DoS-HTTP
0,1,20,840,0,0,0,0,DoS-ICMP
33240,6,20,29080,0,20,0,0,BENIGN
0,1,20,840,0,0,0,0,DoS-ICMP
22,6,20,1200,18,0,2,0,SSH-Bruteforce
22,6,20,1200,6,0,14,0,SSH-Bruteforce
80,6,20,1200,20,0,0,0,DoS-SYN-Flood
80,6,20,1200,20,0,0,0,DoS-SYN-Flood
22,6,20,1200,20,0,0,0,SSH-Bruteforce
80,6,20,1200,20,0,0,0,DoS-SYN-Flood
80,6,20,1200,20,0,0,0,DoS-SYN-Flood
80,6,20,1200,20,0,0,0,DoS-SYN-Flood
51203,6,9,522,9,9,0,0,SSH-Bruteforce
80,6,20,1200,20,0,0,0,DoS-SYN-Flood
22,6,20,1200,2,0,18,0,SSH-Bruteforce
80,6,20,1200,20,0,0,0,DoS-SYN-Flood
0,1,20,840,0,0,0,0,DoS-ICMP
0,1,20,840,0,0,0,0,DoS-ICMP
80,6,20,1200,20,0,0,0,DoS-SYN-Flood
40137,6,6,348,6,6,0,0,SSH-Bruteforce
80,6,20,1200,20,0,0,0,DoS-SYN-Flood
80,6,20,1200,20,0,0,0,DoS-SYN-Flood
80,6,20,1480,20,0,0,0,DoS-HTTP
0,1,20,1200,0,0,0,0,DoS-ICMP
53296,6,20,29260,0,20,0,0,BENIGN
80,6,20,1200,20,0,0,0,DoS-SYN-Flood
33240,6,20,28827,0,20,0,0,BENIGN
14581,6,7,406,7,7,0,0,SSH-Bruteforce
80,17,20,1200,0,0,0,0,DoS-UDP
80,6,20,1480,20,0,0,0,DoS-HTTP
80,6,20,1200,20,0,0,0,DoS-SYN-Flood
0,1,20,840,0,0,0,0,DoS-ICMP
80,6,20,1200,20,0,0,0,DoS-SYN-Flood
0,1,20,840,0,0,0,0,DoS-ICMP
80,6,20,1200,20,0,0,0,DoS-SYN-Flood
80,17,20,1200,0,0,0,0,DoS-UDP
43202,6,7,406,7,7,0,0,SSH-Bruteforce
80,6,20,1200,20,0,0,0,DoS-SYN-Flood
80,17,20,1200,0,0,0,0,DoS-UDP
0,1,20,1200,0,0,0,0,DoS-ICMP
80,17,20,1200,0,0,0,0,DoS-UDP
31533,6,7,406,7,7,0,0,SSH-Bruteforce
12058,6,6,360,6,0,0,0,PortScan
0,1,20,1200,0,0,0,0,DoS-ICMP
22345,6,4,240,4,0,0,0,PortScan
80,6,20,1480,20,0,0,0,DoS-HTTP
0,1,20,840,0,0,0,0,DoS-ICMP
80,6,20,1480,20,0,0,0,DoS-HTTP
44103,6,4,240,4,0,0,0,PortScan
22,6,20,1200,20,0,0,0,SSH-Bruteforce
58324,6,6,348,6,6,0,0,SSH-Bruteforce
80,17,20,1200,0,0,0,0,DoS-UDP
80,6,20,1480,20,0,0,0,DoS-HTTP
36520,17,20,27980,0,0,0,0,BENIGN
80,6,20,1200,20,0,0,0,DoS-SYN-Flood
80,6,20,1200,20,0,0,0,DoS-SYN-Flood
80,17,20,1200,0,0,0,0,DoS-UDP
0,1,20,840,0,0,0,0,DoS-ICMP
80,17,20,1200,0,0,0,0,DoS-UDP
46051,6,10,580,10,10,0,0,SSH-Bruteforce
80,6,20,1480,20,0,0,0,DoS-HTTP
80,6,20,1200,20,0,0,0,DoS-SYN-Flood
56904,6,8,464,8,8,0,0,SSH-Bruteforce
0,1,20,840,0,0,0,0,DoS-ICMP
22,6,20,1200,0,0,20,0,SSH-Bruteforce
25478,6,2,120,2,0,0,0,PortScan
27437,6,2,120,2,0,0,0,PortScan
80,6,20,1200,20,0,0,0,DoS-SYN-Flood
80,6,20,1200,20,0,0,0,DoS-SYN-Flood
80,17,20,1200,0,0,0,0,DoS-UDP
27767,6,4,240,4,0,0,0,PortScan
39212,6,2,120,2,0,0,0,PortScan
61695,6,5,290,5,5,0,0,SSH-Bruteforce
80,6,20,1200,20,0,0,0,DoS-SYN-Flood
80,6,20,1200,20,0,0,0,DoS-SYN-Flood
80,6,20,1480,20,0,0,0,DoS-HTTP
65430,6,7,406,7,7,0,0,SSH-Bruteforce
80,17,20,1200,0,0,0,0,DoS-UDP
13724,6,11,638,11,11,0,0,SSH-Bruteforce
80,6,20,1200,20,0,0,0,DoS-SYN-Flood
80,17,20,1200,0,0,0,0,DoS-UDP
80,6,20,1480,20,0,0,0,DoS-HTTP
0,1,20,840,0,0,0,0,DoS-ICMP
80,6,20,1480,20,0,0,0,DoS-HTTP
443,6,20,20101,0,20,0,0,BENIGN
80,17,20,1200,0,0,0,0,DoS-UDP
34625,6,4,240,4,0,0,0,PortScan
80,6,20,1480,20,0,0,0,DoS-HTTP
62554,6,6,348,6,6,0,0,SSH-Bruteforce
80,6,20,1200,20,0,0,0,DoS-SYN-Flood
80,6,20,1200,20,0,0,0,DoS-SYN-Flood
4925,6,4,240,4,0,0,0,PortScan
63558,6,5,290,5,5,0,0,SSH-Bruteforce
2604,6,6,360,6,0,0,0,PortScan
80,6,20,1200,20,0,0,0,DoS-SYN-Flood
65528,6,8,464,8,8,0,0,SSH-Bruteforce
80,6,20,1200,20,0,0,0,DoS-SYN-Flood
13101,6,9,522,9,9,0,0,SSH-Bruteforce
44832,6,2,120,2,0,0,0,PortScan
36520,17,20,27980,0,0,0,0,BENIGN
80,6,20,1480,20,0,0,0,DoS-HTTP
0,1,20,1200,0,0,0,0,DoS-ICMP
28648,6,9,522,9,9,0,0,SSH-Bruteforce
2942,6,4,240,4,0,0,0,PortScan
80,6,20,1480,20,0,0,0,DoS-HTTP
42237,6,2,120,2,0,0,0,PortScan
0,1,20,840,0,0,0,0,DoS-ICMP
80,6,20,1200,20,0,0,0,DoS-SYN-Flood
53278,6,20,29080,0,20,0,0,BENIGN
80,17,20,1200,0,0,0,0,DoS-UDP
80,6,20,1480,20,0,0,0,DoS-HTTP
80,6,20,1200,20,0,0,0,DoS-SYN-Flood
80,17,20,1200,0,0,0,0,DoS-UDP
60886,6,20,27794,0,20,0,0,BENIGN
80,17,20,1200,0,0,0,0,DoS-UDP
22,6,20,1200,20,0,0,0,SSH-Bruteforce
80,17,20,1200,0,0,0,0,DoS-UDP
0,1,20,840,0,0,0,0,DoS-ICMP
48806,17,20,27980,0,0,0,0,BENIGN
0,1,20,840,0,0,0,0,DoS-ICMP
28627,6,4,240,4,0,0,0,PortScan
50948,6,4,240,4,0,0,0,PortScan
4626,6,7,406,7,7,0,0,SSH-Bruteforce
36520,17,20,22760,0,0,0,0,BENIGN
56208,6,2,120,2,0,0,0,PortScan
0,1,20,840,0,0,0,0,DoS-ICMP
0,1,20,840,0,0,0,0,DoS-ICMP
80,6,20,1480,20,0,0,0,DoS-HTTP
33286,6,20,29080,0,20,0,0,BENIGN
34842,6,2,120,2,0,0,0,PortScan
80,17,20,1200,0,0,0,0,DoS-UDP
80,6,20,1480,20,0,0,0,DoS-HTTP
80,6,20,1200,20,0,0,0,DoS-SYN-Flood
33240,6,20,29080,0,20,0,0,BENIGN
80,17,20,1200,0,0,0,0,DoS-UDP
33240,6,9,486,0,9,0,1,BENIGN
80,17,20,1200,0,0,0,0,DoS-UDP
80,6,20,1480,20,0,0,0,DoS-HTTP
37238,6,10,4283,1,10,0,1,BENIGN
22,6,20,1200,20,0,0,0,SSH-Bruteforce
80,17,20,1200,0,0,0,0,DoS-UDP
80,6,20,1200,20,0,0,0,DoS-SYN-Flood
22,6,20,1200,20,0,0,0,SSH-Bruteforce
80,6,20,1480,20,0,0,0,DoS-HTTP
17469,6,7,406,7,7,0,0,SSH-Bruteforce
80,17,20,1200,0,0,0,0,DoS-UDP
80,6,20,1480,20,0,0,0,DoS-HTTP
0,1,20,1200,0,0,0,0,DoS-ICMP
52392,6,4,240,4,0,0,0,PortScan
0,1,20,1200,0,0,0,0,DoS-ICMP
22,6,20,1200,5,0,15,0,SSH-Bruteforce
80,6,20,1480,20,0,0,0,DoS-HTTP
45424,6,20,7194,0,20,0,0,BENIGN
0,1,20,840,0,0,0,0,DoS-ICMP
80,17,20,1200,0,0,0,0,DoS-UDP
80,17,20,1200,0,0,0,0,DoS-UDP
0,1,20,1200,0,0,0,0,DoS-ICMP
31022,6,4,240,4,0,0,0,PortScan
80,17,20,1200,0,0,0,0,DoS-UDP
61446,6,2,120,2,0,0,0,PortScan
80,6,20,1480,20,0,0,0,DoS-HTTP
80,6,20,1480,20,0,0,0,DoS-HTTP
80,17,20,1200,0,0,0,0,DoS-UDP
80,6,20,1480,20,0,0,0,DoS-HTTP
80,17,20,1200,0,0,0,0,DoS-UDP
59638,6,2,120,2,0,0,0,PortScan
80,6,20,1200,20,0,0,0,DoS-SYN-Flood
80,17,20,1200,0,0,0,0,DoS-UDP
7966,6,7,406,7,7,0,0,SSH-Bruteforce
80,17,20,1200,0,0,0,0,DoS-UDP
8346,6,4,240,4,0,0,0,PortScan
4274,6,4,240,4,0,0,0,PortScan
80,6,20,1480,20,0,0,0,DoS-HTTP
43992,17,20,27980,0,0,0,0,BENIGN
27601,6,4,240,4,0,0,0,PortScan
0,1,20,840,0,0,0,0,DoS-ICMP
13887,6,4,240,4,0,0,0,PortScan
80,6,20,1200,20,0,0,0,DoS-SYN-Flood
80,17,20,1200,0,0,0,0,DoS-UDP
80,6,20,1200,20,0,0,0,DoS-SYN-Flood
63040,6,4,240,4,0,0,0,PortScan
80,6,20,1200,20,0,0,0,DoS-SYN-Flood
80,17,20,1200,0,0,0,0,DoS-UDP
80,6,20,1480,20,0,0,0,DoS-HTTP
80,17,20,1200,0,0,0,0,DoS-UDP
80,17,20,1200,0,0,0,0,DoS-UDP
59575,6,7,406,7,7,0,0,SSH-Bruteforce
80,6,20,1200,20,0,0,0,DoS-SYN-Flood
80,17,20,1200,0,0,0,0,DoS-UDP
80,6,20,1480,20,0,0,0,DoS-HTTP
22523,6,7,406,7,7,0,0,SSH-Bruteforce
4193,6,9,522,9,9,0,0,SSH-Bruteforce
47808,6,11,638,11,11,0,0,SSH-Bruteforce
80,6,20,1480,20,0,0,0,DoS-HTTP
22,6,20,1200,20,0,0,0,SSH-Bruteforce
60886,6,20,30280,0,20,0,0,BENIGN
0,1,20,1200,0,0,0,0,DoS-ICMP
50055,6,11,638,11,11,0,0,SSH-Bruteforce
0,1,20,1200,0,0,0,0,DoS-ICMP
40175,6,9,522,9,9,0,0,SSH-Bruteforce
80,6,20,1480,20,0,0,0,DoS-HTTP
31798,6,2,120,2,0,0,0,PortScan
80,6,20,1200,20,0,0,0,DoS-SYN-Flood
36520,17,20,27980,0,0,0,0,BENIGN
80,17,20,1200,0,0,0,0,DoS-UDP
60516,6,20,28228,0,20,0,0,BENIGN
80,6,20,1200,20,0,0,0,DoS-SYN-Flood
0,1,20,1200,0,0,0,0,DoS-ICMP
29534,6,10,580,10,10,0,0,SSH-Bruteforce
0,1,20,840,0,0,0,0,DoS-ICMP
80,6,20,1480,20,0,0,0,DoS-HTTP
0,1,20,1200,0,0,0,0,DoS-ICMP
80,6,20,1200,20,0,0,0,DoS-SYN-Flood
0,1,20,1200,0,0,0,0,DoS-ICMP
0,1,20,840,0,0,0,0,DoS-ICMP
33240,6,20,29080,0,20,0,0,BENIGN
33857,6,2,120,2,0,0,0,PortScan
40248,6,9,522,9,9,0,0,SSH-Bruteforce
43633,17,2,344,0,0,0,0,BENIGN
80,6,20,1200,20,0,0,0,DoS-SYN-Flood
22,6,20,1200,20,0,0,0,SSH-Bruteforce
0,1,20,1200,0,0,0,0,DoS-ICMP
49815,6,2,120,2,0,0,0,PortScan
80,17,20,1200,0,0,0,0,DoS-UDP
0,1,20,840,0,0,0,0,DoS-ICMP
80,6,20,1200,20,0,0,0,DoS-SYN-Flood
9353,6,6,360,6,0,0,0,PortScan
22,6,20,1200,13,0,7,0,SSH-Bruteforce
80,6,20,1200,20,0,0,0,DoS-SYN-Flood
0,1,20,1200,0,0,0,0,DoS-ICMP
40159,6,2,120,2,0,0,0,PortScan
80,6,20,1200,20,0,0,0,DoS-SYN-Flood
80,6,20,1480,20,0,0,0,DoS-HTTP
80,17,20,1200,0,0,0,0,DoS-UDP
80,6,20,1200,20,0,0,0,DoS-SYN-Flood
0,1,20,840,0,0,0,0,DoS-ICMP
36520,17,20,27980,0,0,0,0,BENIGN
80,6,20,1200,20,0,0,0,DoS-SYN-Flood
80,6,20,1480,20,0,0,0,DoS-HTTP
0,1,20,1200,0,0,0,0,DoS-ICMP
8035,6,7,406,7,7,0,0,SSH-Bruteforce
80,6,20,1200,20,0,0,0,DoS-SYN-Flood
36122,6,2,120,2,0,0,0,PortScan
10963,6,4,240,4,0,0,0,PortScan
0,1,20,1200,0,0,0,0,DoS-ICMP
80,6,20,1200,20,0,0,0,DoS-SYN-Flood
80,6,20,1200,20,0,0,0,DoS-SYN-Flood
80,17,20,1200,0,0,0,0,DoS-UDP
80,6,20,1200,20,0,0,0,DoS-SYN-Flood
80,17,20,1200,0,0,0,0,DoS-UDP
4413,6,4,240,4,0,0,0,PortScan
80,17,20,1200,0,0,0,0,DoS-UDP
61616,6,3,174,3,3,0,0,SSH-Bruteforce
80,6,20,1200,20,0,0,0,DoS-SYN-Flood
0,1,20,1200,0,0,0,0,DoS-ICMP
80,6,20,1200,20,0,0,0,DoS-SYN-Flood
43992,17,20,21888,0,0,0,0,BENIGN
16406,6,2,120,2,0,0,0,PortScan
0,1,20,840,0,0,0,0,DoS-ICMP
12287,6,4,240,4,0,0,0,PortScan
4742,6,4,240,4,0,0,0,PortScan
5353,17,20,3054,0,0,0,0,DoS-HTTP
36520,17,20,27980,0,0,0,0,BENIGN
80,6,20,1480,20,0,0,0,DoS-HTTP
80,17,20,1200,0,0,0,0,DoS-UDP
80,6,20,1480,20,0,0,0,DoS-HTTP
80,6,20,1200,20,0,0,0,DoS-SYN-Flood
47774,17,20,26716,0,0,0,0,BENIGN
0,1,20,1200,0,0,0,0,DoS-ICMP
22,6,20,1200,20,0,0,0,SSH-Bruteforce
443,6,20,1200,0,20,0,0,BENIGN
80,17,20,1200,0,0,0,0,DoS-UDP
80,6,20,1480,20,0,0,0,DoS-HTTP
50414,6,7,406,7,7,0,0,SSH-Bruteforce
80,6,20,1480,20,0,0,0,DoS-HTTP
50823,6,4,240,4,0,0,0,PortScan
0,1,20,1200,0,0,0,0,DoS-ICMP
80,17,20,1200,0,0,0,0,DoS-UDP
80,17,20,1200,0,0,0,0,DoS-UDP
22,6,20,1200,0,0,20,0,SSH-Bruteforce
80,6,20,1200,20,0,0,0,DoS-SYN-Flood
80,17,20,1200,0,0,0,0,DoS-UDP
80,6,20,1480,20,0,0,0,DoS-HTTP
50542,6,6,348,6,6,0,0,SSH-Bruteforce
80,6,20,1480,20,0,0,0,DoS-HTTP
22,6,20,1200,7,0,13,0,SSH-Bruteforce
80,6,20,1480,20,0,0,0,DoS-HTTP
80,17,20,1200,0,0,0,0,DoS-UDP
0,1,20,1200,0,0,0,0,DoS-ICMP
80,6,20,1480,20,0,0,0,DoS-HTTP
17323,6,4,240,4,0,0,0,PortScan
22,6,20,1200,0,0,20,0,SSH-Bruteforce
22,6,20,1200,0,0,20,0,SSH-Bruteforce
80,6,20,1480,20,0,0,0,DoS-HTTP
0,1,20,1200,0,0,0,0,DoS-ICMP
80,6,20,1480,20,0,0,0,DoS-HTTP
80,6,20,1200,20,0,0,0,DoS-SYN-Flood
80,6,20,1200,20,0,0,0,DoS-SYN-Flood
23917,6,2,120,2,0,0,0,PortScan
0,1,20,840,0,0,0,0,DoS-ICMP
36520,17,20,27980,0,0,0,0,BENIGN
0,1,20,840,0,0,0,0,DoS-ICMP
80,6,20,1480,20,0,0,0,DoS-HTTP
14336,6,6,360,6,0,0,0,PortScan
0,1,20,840,0,0,0,0,DoS-ICMP
80,6,20,1200,20,0,0,0,DoS-SYN-Flood
39493,6,4,240,4,0,0,0,PortScan
80,6,20,1480,20,0,0,0,DoS-HTTP
80,6,20,1200,20,0,0,0,DoS-SYN-Flood
80,17,20,1200,0,0,0,0,DoS-UDP
0,1,20,1200,0,0,0,0,DoS-ICMP
80,6,20,1480,20,0,0,0,DoS-HTTP
64039,6,2,120,2,0,0,0,PortScan
43992,17,20,27980,0,0,0,0,BENIGN
57140,6,4,240,4,0,0,0,PortScan
80,17,20,1200,0,0,0,0,DoS-UDP
36268,17,20,27794,0,0,0,0,BENIGN
80,17,20,1200,0,0,0,0,DoS-UDP
6334,6,8,464,8,8,0,0,SSH-Bruteforce
51288,17,8,6904,0,0,0,0,BENIGN
36520,17,20,27980,0,0,0,0,BENIGN
0,1,20,1200,0,0,0,0,DoS-ICMP
45321,6,6,348,6,6,0,0,SSH-Bruteforce
0,1,20,840,0,0,0,0,DoS-ICMP
0,1,20,1200,0,0,0,0,DoS-ICMP
31235,6,2,120,2,0,0,0,PortScan
80,6,20,1480,20,0,0,0,DoS-HTTP
64814,6,2,120,2,0,0,0,PortScan
80,6,20,1480,20,0,0,0,DoS-HTTP
0,1,20,840,0,0,0,0,DoS-ICMP
80,6,20,1480,20,0,0,0,DoS-HTTP
80,17,20,1200,0,0,0,0,DoS-UDP
80,17,20,1200,0,0,0,0,DoS-UDP
36520,17,20,27980,0,0,0,0,BENIGN
64610,6,7,406,7,7,0,0,SSH-Bruteforce
443,6,20,1200,0,20,0,0,BENIGN
80,6,20,1200,20,0,0,0,DoS-SYN-Flood
0,1,20,840,0,0,0,0,DoS-ICMP
0,1,20,840,0,0,0,0,DoS-ICMP
80,6,20,1200,20,0,0,0,DoS-SYN-Flood
53453,6,4,240,4,0,0,0,PortScan
53669,6,2,120,2,0,0,0,PortScan
0,1,20,1200,0,0,0,0,DoS-ICMP
0,1,20,1200,0,0,0,0,DoS-ICMP
0,1,20,1200,0,0,0,0,DoS-ICMP
43520,6,4,240,4,0,0,0,PortScan
19258,6,8,464,8,8,0,0,SSH-Bruteforce
63240,6,2,120,2,0,0,0,PortScan
36520,17,20,27980,0,0,0,0,BENIGN
80,6,20,1480,20,0,0,0,DoS-HTTP
22,6,20,1200,20,0,0,0,SSH-Bruteforce
80,6,20,1480,20,0,0,0,DoS-HTTP
55106,17,6,3714,0,0,0,0,BENIGN
49943,6,2,120,2,0,0,0,PortScan
80,6,20,1200,20,0,0,0,DoS-SYN-Flood
80,6,20,1200,20,0,0,0,DoS-SYN-Flood
80,17,20,1200,0,0,0,0,DoS-UDP
0,1,20,840,0,0,0,0,DoS-ICMP
43108,6,2,120,2,0,0,0,PortScan
0,1,20,1200,0,0,0,0,DoS-ICMP
44097,6,7,406,7,7,0,0,SSH-Bruteforce
80,6,20,1480,20,0,0,0,DoS-HTTP
22,6,20,1200,0,0,20,0,SSH-Bruteforce
0,1,20,840,0,0,0,0,DoS-ICMP
7167,6,4,240,4,0,0,0,PortScan
8712,6,4,240,4,0,0,0,PortScan
44076,6,2,120,2,0,0,0,PortScan
443,17,20,1503,0,0,0,0,BENIGN
80,17,20,1200,0,0,0,0,DoS-UDP
80,6,20,1480,20,0,0,0,DoS-HTTP
80,6,20,1200,20,0,0,0,DoS-SYN-Flood
1796,6,6,348,6,6,0,0,SSH-Bruteforce
0,1,20,840,0,0,0,0,DoS-ICMP
80,17,20,1200,0,0,0,0,DoS-UDP
21907,6,10,580,10,10,0,0,SSH-Bruteforce
80,17,20,1200,0,0,0,0,DoS-UDP
36520,17,20,27980,0,0,0,0,BENIGN
80,6,20,1200,20,0,0,0,DoS-SYN-Flood
23406,6,4,240,4,0,0,0,PortScan
0,1,20,1200,0,0,0,0,DoS-ICMP
22,6,20,1200,0,0,20,0,SSH-Bruteforce
80,6,20,1200,20,0,0,0,DoS-SYN-Flood
56825,6,8,464,8,8,0,0,SSH-Bruteforce
19284,6,4,240,4,0,0,0,PortScan
80,17,20,1200,0,0,0,0,DoS-UDP
0,1,20,1200,0,0,0,0,DoS-ICMP
59800,6,4,240,4,0,0,0,PortScan
5044,6,9,522,9,9,0,0,SSH-Bruteforce
44646,6,6,348,6,6,0,0,SSH-Bruteforce
80,17,20,1200,0,0,0,0,DoS-UDP
0,1,20,1200,0,0,0,0,DoS-ICMP
60886,6,20,29560,0,20,0,0,BENIGN
80,17,20,1200,0,0,0,0,DoS-UDP
80,6,20,1200,20,0,0,0,DoS-SYN-Flood
80,6,20,1480,20,0,0,0,DoS-HTTP
864,6,6,360,6,0,0,0,PortScan
0,1,20,1200,0,0,0,0,DoS-ICMP
80,6,20,1480,20,0,0,0,DoS-HTTP
80,6,20,1200,20,0,0,0,DoS-SYN-Flood
80,6,20,1200,20,0,0,0,DoS-SYN-Flood
0,1,20,1200,0,0,0,0,DoS-ICMP
24278,6,2,120,2,0,0,0,PortScan
80,6,20,1480,20,0,0,0,DoS-HTTP
36520,17,20,27980,0,0,0,0,BENIGN
0,1,20,1200,0,0,0,0,DoS-ICMP
80,17,20,1200,0,0,0,0,DoS-UDP
80,6,20,1480,20,0,0,0,DoS-HTTP
80,6,20,1480,20,0,0,0,DoS-HTTP
22,6,20,1200,5,0,15,0,SSH-Bruteforce
60886,6,20,29140,0,20,0,0,BENIGN
80,17,20,1200,0,0,0,0,DoS-UDP
80,17,20,1200,0,0,0,0,DoS-UDP
80,6,20,1200,20,0,0,0,DoS-SYN-Flood
80,6,20,1480,20,0,0,0,DoS-HTTP
0,1,20,1200,0,0,0,0,DoS-ICMP
54308,6,4,240,4,0,0,0,PortScan
80,6,20,1200,20,0,0,0,DoS-SYN-Flood
80,6,20,1200,20,0,0,0,DoS-SYN-Flood
80,6,20,1200,20,0,0,0,DoS-SYN-Flood
0,1,20,840,0,0,0,0,DoS-ICMP
47299,6,2,120,2,0,0,0,PortScan
55129,6,2,120,2,0,0,0,PortScan
80,6,20,1200,20,0,0,0,DoS-SYN-Flood
41079,6,2,120,2,0,0,0,PortScan
80,6,20,1200,20,0,0,0,DoS-SYN-Flood
22,6,20,1200,0,0,20,0,SSH-Bruteforce
0,1,20,840,0,0,0,0,DoS-ICMP
33910,17,1,86,0,0,0,0,PortScan
80,6,20,1480,20,0,0,0,DoS-HTTP
42491,6,7,406,7,7,0,0,SSH-Bruteforce
0,1,20,840,0,0,0,0,DoS-ICMP
80,6,20,1480,20,0,0,0,DoS-HTTP
10183,6,8,464,8,8,0,0,SSH-Bruteforce
0,1,20,840,0,0,0,0,DoS-ICMP
80,17,20,1200,0,0,0,0,DoS-UDP
43992,17,20,15048,0,0,0,0,BENIGN
80,6,20,1480,20,0,0,0,DoS-HTTP
47176,6,2,120,2,0,0,0,PortScan
80,6,20,1200,20,0,0,0,DoS-SYN-Flood
0,1,20,1200,0,0,0,0,DoS-ICMP
443,6,20,1200,0,20,0,0,BENIGN
80,17,20,1200,0,0,0,0,DoS-UDP
80,6,20,1480,20,0,0,0,DoS-HTTP
80,6,20,1200,20,0,0,0,DoS-SYN-Flood
0,1,20,1200,0,0,0,0,DoS-ICMP
80,6,20,1200,20,0,0,0,DoS-SYN-Flood
45447,17,20,27980,0,0,0,0,BENIGN
16198,6,8,464,8,8,0,0,SSH-Bruteforce
581,6,5,290,5,5,0,0,SSH-Bruteforce
0,1,20,1200,0,0,0,0,DoS-ICMP
80,6,20,1480,20,0,0,0,DoS-HTTP
22,6,20,1200,0,0,20,0,SSH-Bruteforce
80,6,20,1200,20,0,0,0,DoS-SYN-Flood
9706,6,6,360,6,0,0,0,PortScan
0,1,20,840,0,0,0,0,DoS-ICMP
22,6,20,1200,0,0,20,0,SSH-Bruteforce
80,17,20,1200,0,0,0,0,DoS-UDP
80,17,20,1200,0,0,0,0,DoS-UDP
80,6,20,1480,20,0,0,0,DoS-HTTP
42160,6,12,9396,0,12,0,1,BENIGN
80,6,20,1480,20,0,0,0,DoS-HTTP
1191,6,6,348,6,6,0,0,SSH-Bruteforce
560,6,4,240,4,0,0,0,PortScan
19321,6,6,348,6,6,0,0,SSH-Bruteforce
22,6,20,1200,4,0,16,0,SSH-Bruteforce
80,6,20,1200,20,0,0,0,DoS-SYN-Flood
0,1,20,840,0,0,0,0,DoS-ICMP
22,6,20,1200,20,0,0,0,SSH-Bruteforce
0,1,20,840,0,0,0,0,DoS-ICMP
53272,6,20,29020,0,20,0,0,BENIGN
14517,6,4,240,4,0,0,0,PortScan
9967,6,6,360,6,0,0,0,PortScan
80,6,20,1480,20,0,0,0,DoS-HTTP
14951,6,6,360,6,0,0,0,PortScan
51263,6,4,240,4,0,0,0,PortScan
59646,6,20,29219,0,20,0,0,BENIGN
0,1,20,840,0,0,0,0,DoS-ICMP
51021,6,4,240,4,0,0,0,PortScan
80,6,20,1200,20,0,0,0,DoS-SYN-Flood
80,6,20,1480,20,0,0,0,DoS-HTTP
49577,6,9,522,9,9,0,0,SSH-Bruteforce
80,6,20,1200,20,0,0,0,DoS-SYN-Flood
80,6,20,1480,20,0,0,0,DoS-HTTP
80,17,20,1200,0,0,0,0,DoS-UDP
31091,6,6,348,6,6,0,0,SSH-Bruteforce
59226,6,2,120,2,0,0,0,PortScan
80,17,20,1200,0,0,0,0,DoS-UDP
0,1,20,1200,0,0,0,0,DoS-ICMP
0,1,20,840,0,0,0,0,DoS-ICMP
0,1,20,1200,0,0,0,0,DoS-ICMP
11279,6,6,360,6,0,0,0,PortScan
57901,17,20,25977,0,0,0,0,BENIGN
59762,6,7,406,7,7,0,0,SSH-Bruteforce
22,6,20,1200,0,0,20,0,SSH-Bruteforce
18290,6,8,464,8,8,0,0,SSH-Bruteforce
80,6,20,1480,20,0,0,0,DoS-HTTP
36520,17,20,27980,0,0,0,0,BENIGN
0,1,20,840,0,0,0,0,DoS-ICMP
80,6,20,1200,20,0,0,0,DoS-SYN-Flood
6543,6,6,348,6,6,0,0,SSH-Bruteforce
80,6,20,1200,20,0,0,0,DoS-SYN-Flood
80,6,20,1480,20,0,0,0,DoS-HTTP
11798,6,6,360,6,0,0,0,PortScan
22,6,20,1200,0,0,20,0,SSH-Bruteforce
22,6,20,1200,0,0,20,0,SSH-Bruteforce
80,6,20,1480,20,0,0,0,DoS-HTTP
80,6,20,1480,20,0,0,0,DoS-HTTP
36520,17,20,27980,0,0,0,0,BENIGN
64102,6,4,240,4,0,0,0,PortScan
80,6,20,1480,20,0,0,0,DoS-HTTP
48023,6,4,240,4,0,0,0,PortScan
80,17,20,1200,0,0,0,0,DoS-UDP
11508,6,4,240,4,0,0,0,PortScan
58624,6,6,348,6,6,0,0,SSH-Bruteforce
80,6,20,1200,20,0,0,0,DoS-SYN-Flood
80,17,20,1200,0,0,0,0,DoS-UDP
0,1,20,840,0,0,0,0,DoS-ICMP
0,1,20,1200,0,0,0,0,DoS-ICMP
80,17,20,1200,0,0,0,0,DoS-UDP
60886,6,20,30280,0,20,0,0,BENIGN
80,6,20,1480,20,0,0,0,DoS-HTTP
80,17,20,1200,0,0,0,0,DoS-UDP
80,17,20,1200,0,0,0,0,DoS-UDP
62910,6,2,120,2,0,0,0,PortScan
80,17,20,1200,0,0,0,0,DoS-UDP
36520,17,20,27980,0,0,0,0,BENIGN
59868,6,2,120,2,0,0,0,PortScan
48081,6,2,120,2,0,0,0,PortScan
80,17,20,1200,0,0,0,0,DoS-UDP
80,6,20,1480,20,0,0,0,DoS-HTTP
36157,6,6,348,6,6,0,0,SSH-Bruteforce
80,6,20,1480,20,0,0,0,DoS-HTTP
80,17,20,1200,0,0,0,0,DoS-UDP
36520,17,20,27980,0,0,0,0,BENIGN
1396,6,4,232,4,4,0,0,SSH-Bruteforce
80,6,20,1480,20,0,0,0,DoS-HTTP
0,1,20,1200,0,0,0,0,DoS-ICMP
80,6,20,1480,20,0,0,0,DoS-HTTP
50267,6,9,522,9,9,0,0,SSH-Bruteforce
37922,6,4,240,4,0,0,0,PortScan
49345,6,4,240,4,0,0,0,PortScan
8854,6,4,240,4,0,0,0,PortScan
80,6,20,1200,20,0,0,0,DoS-SYN-Flood
0,1,20,840,0,0,0,0,DoS-ICMP
80,6,20,1480,20,0,0,0,DoS-HTTP
36520,17,20,27980,0,0,0,0,BENIGN
0,1,20,840,0,0,0,0,DoS-ICMP
0,1,20,840,0,0,0,0,DoS-ICMP
80,6,20,1480,20,0,0,0,DoS-HTTP
1972,6,9,522,9,9,0,0,SSH-Bruteforce
80,6,20,1200,20,0,0,0,DoS-SYN-Flood
45424,6,20,3180,0,20,0,0,BENIGN
0,1,20,840,0,0,0,0,DoS-ICMP
80,6,20,1200,20,0,0,0,DoS-SYN-Flood
5382,6,4,240,4,0,0,0,PortScan
0,1,20,840,0,0,0,0,DoS-ICMP
80,17,20,1200,0,0,0,0,DoS-UDP
80,6,20,1480,20,0,0,0,DoS-HTTP
80,17,20,1200,0,0,0,0,DoS-UDP
0,1,20,1200,0,0,0,0,DoS-ICMP
80,6,20,1480,20,0,0,0,DoS-HTTP
0,1,20,840,0,0,0,0,DoS-ICMP
37611,6,2,120,2,0,0,0,PortScan
80,6,20,1480,20,0,0,0,DoS-HTTP
62804,6,2,120,2,0,0,0,PortScan
80,6,20,1200,20,0,0,0,DoS-SYN-Flood
30729,6,4,240,4,0,0,0,PortScan
80,6,20,1200,20,0,0,0,DoS-SYN-Flood
80,17,20,1200,0,0,0,0,DoS-UDP
80,17,20,1200,0,0,0,0,DoS-UDP
80,6,20,1480,20,0,0,0,DoS-HTTP
80,17,20,1200,0,0,0,0,DoS-UDP
80,6,20,1480,20,0,0,0,DoS-HTTP
80,6,20,1200,20,0,0,0,DoS-SYN-Flood
80,6,20,1480,20,0,0,0,DoS-HTTP
20934,6,10,580,10,10,0,0,SSH-Bruteforce
80,6,20,1200,20,0,0,0,DoS-SYN-Flood
23329,6,2,120,2,0,0,0,PortScan
0,1,20,1200,0,0,0,0,DoS-ICMP
0,1,20,840,0,0,0,0,DoS-ICMP
4620,6,4,240,4,0,0,0,PortScan
44779,6,4,240,4,0,0,0,PortScan
55171,6,2,120,2,0,0,0,PortScan
80,6,20,1480,20,0,0,0,DoS-HTTP
80,6,20,1480,20,0,0,0,DoS-HTTP
80,6,20,1200,20,0,0,0,DoS-SYN-Flood
51349,6,9,522,9,9,0,0,SSH-Bruteforce
80,17,20,1200,0,0,0,0,DoS-UDP
50597,6,4,240,4,0,0,0,PortScan
80,6,20,1480,20,0,0,0,DoS-HTTP
0,1,20,1200,0,0,0,0,DoS-ICMP
80,17,20,1200,0,0,0,0,DoS-UDP
1504,6,4,240,4,0,0,0,PortScan
0,1,20,840,0,0,0,0,DoS-ICMP
0,1,20,840,0,0,0,0,DoS-ICMP
9987,6,6,360,6,0,0,0,PortScan
16428,6,2,120,2,0,0,0,PortScan
80,6,20,1200,20,0,0,0,DoS-SYN-Flood
80,6,20,1480,20,0,0,0,DoS-HTTP
80,17,20,1200,0,0,0,0,DoS-UDP
0,1,20,840,0,0,0,0,DoS-ICMP
80,17,20,1200,0,0,0,0,DoS-UDP
80,6,20,1200,20,0,0,0,DoS-SYN-Flood
80,17,20,1200,0,0,0,0,DoS-UDP
64706,6,2,120,2,0,0,0,PortScan
80,17,20,1200,0,0,0,0,DoS-UDP
65327,6,7,406,7,7,0,0,SSH-Bruteforce
60825,6,4,240,4,0,0,0,PortScan
28496,6,7,406,7,7,0,0,SSH-Bruteforce
0,1,20,1200,0,0,0,0,DoS-ICMP
80,6,20,1200,20,0,0,0,DoS-SYN-Flood
80,17,20,1200,0,0,0,0,DoS-UDP
0,1,20,840,0,0,0,0,DoS-ICMP
22,6,20,1200,20,0,0,0,SSH-Bruteforce
22,6,20,1200,5,0,15,0,SSH-Bruteforce
49052,6,2,120,2,0,0,0,PortScan
80,6,20,1480,20,0,0,0,DoS-HTTP
3942,6,6,360,6,0,0,0,PortScan
22,6,20,1200,20,0,0,0,SSH-Bruteforce
61865,6,2,120,2,0,0,0,PortScan
80,6,20,1200,20,0,0,0,DoS-SYN-Flood
22,6,20,1200,6,0,14,0,SSH-Bruteforce
80,6,20,1200,20,0,0,0,DoS-SYN-Flood
24051,6,4,240,4,0,0,0,PortScan
80,6,20,1200,20,0,0,0,DoS-SYN-Flood
0,1,20,1200,0,0,0,0,DoS-ICMP
33240,6,20,29200,0,20,0,0,BENIGN
80,17,20,1200,0,0,0,0,DoS-UDP
0,1,20,1200,0,0,0,0,DoS-ICMP
36520,17,20,27980,0,0,0,0,BENIGN
80,6,20,1480,20,0,0,0,DoS-HTTP
80,17,20,1200,0,0,0,0,DoS-UDP
80,6,20,1480,20,0,0,0,DoS-HTTP
80,6,20,1200,20,0,0,0,DoS-SYN-Flood
80,17,20,1200,0,0,0,0,DoS-UDP
80,17,20,1200,0,0,0,0,DoS-UDP
20248,6,2,120,2,0,0,0,PortScan
80,17,20,1200,0,0,0,0,DoS-UDP
0,1,20,1200,0,0,0,0,DoS-ICMP
2676,6,4,240,4,0,0,0,PortScan
58109,6,2,120,2,0,0,0,PortScan
80,6,20,1480,20,0,0,0,DoS-HTTP
80,6,20,1480,20,0,0,0,DoS-HTTP
80,17,20,1200,0,0,0,0,DoS-UDP
34359,6,10,580,10,10,0,0,SSH-Bruteforce
80,17,20,1200,0,0,0,0,DoS-UDP
0,1,20,840,0,0,0,0,DoS-ICMP
80,6,20,1480,20,0,0,0,DoS-HTTP
80,17,20,1200,0,0,0,0,DoS-UDP
22,6,20,1200,20,0,0,0,SSH-Bruteforce
68,17,3,1026,0,0,0,0,DoS-HTTP
22,6,20,1200,20,0,0,0,SSH-Bruteforce
0,1,20,840,0,0,0,0,DoS-ICMP
80,6,20,1480,20,0,0,0,DoS-HTTP
33910,6,4,240,4,0,0,0,PortScan
43170,6,7,406,7,7,0,0,SSH-Bruteforce
80,6,20,1200,20,0,0,0,DoS-SYN-Flood
7593,6,4,240,4,0,0,0,PortScan
54030,6,2,120,2,0,0,0,PortScan
0,1,20,840,0,0,0,0,DoS-ICMP
80,17,20,1200,0,0,0,0,DoS-UDP
26686,6,8,464,8,8,0,0,SSH-Bruteforce
53188,6,11,1537,1,11,0,0,BENIGN
80,17,20,1200,0,0,0,0,DoS-UDP
22959,6,2,120,2,0,0,0,PortScan
80,6,20,1200,20,0,0,0,DoS-SYN-Flood
80,17,20,1200,0,0,0,0,DoS-UDP
80,17,20,1200,0,0,0,0,DoS-UDP
33240,6,20,29140,0,20,0,0,BENIGN
60590,6,4,240,4,0,0,0,PortScan
30774,6,4,240,4,0,0,0,PortScan
80,6,20,1480,20,0,0,0,DoS-HTTP
0,1,20,1200,0,0,0,0,DoS-ICMP
22,6,20,1200,1,0,19,0,SSH-Bruteforce
63571,6,7,406,7,7,0,0,SSH-Bruteforce
80,6,20,1200,20,0,0,0,DoS-SYN-Flood
25396,6,4,240,4,0,0,0,PortScan
80,6,20,1200,20,0,0,0,DoS-SYN-Flood
0,1,20,1200,0,0,0,0,DoS-ICMP
0,1,20,1200,0,0,0,0,DoS-ICMP
8279,6,9,522,9,9,0,0,SSH-Bruteforce
80,17,20,1200,0,0,0,0,DoS-UDP
53258,6,20,30280,0,20,0,0,BENIGN
80,6,20,1200,20,0,0,0,DoS-SYN-Flood
80,6,20,1480,20,0,0,0,DoS-HTTP
80,17,20,1200,0,0,0,0,DoS-UDP
0,1,20,840,0,0,0,0,DoS-ICMP
80,6,20,1480,20,0,0,0,DoS-HTTP
5062,6,4,240,4,0,0,0,PortScan
80,6,20,1480,20,0,0,0,DoS-HTTP
32731,6,4,240,4,0,0,0,PortScan
80,6,20,1200,20,0,0,0,DoS-SYN-Flood
22,6,20,1200,0,0,20,0,SSH-Bruteforce
80,17,20,1200,0,0,0,0,DoS-UDP
10197,6,4,240,4,0,0,0,PortScan
80,6,20,1200,20,0,0,0,DoS-SYN-Flood
26249,6,5,290,5,5,0,0,SSH-Bruteforce
37399,6,4,240,4,0,0,0,PortScan
0,1,20,1200,0,0,0,0,DoS-ICMP
0,1,20,840,0,0,0,0,DoS-ICMP
9295,6,4,232,4,4,0,0,SSH-Bruteforce
0,1,20,1200,0,0,0,0,DoS-ICMP
22,6,20,1200,20,0,0,0,SSH-Bruteforce
0,1,20,840,0,0,0,0,DoS-ICMP
80,17,20,1200,0,0,0,0,DoS-UDP
80,17,20,1200,0,0,0,0,DoS-UDP
80,6,20,1200,20,0,0,0,DoS-SYN-Flood
80,6,20,1480,20,0,0,0,DoS-HTTP
80,6,20,1480,20,0,0,0,DoS-HTTP
13367,6,4,240,4,0,0,0,PortScan
80,6,20,1480,20,0,0,0,DoS-HTTP
80,6,20,1480,20,0,0,0,DoS-HTTP
80,6,20,1480,20,0,0,0,DoS-HTTP
0,1,20,1200,0,0,0,0,DoS-ICMP
80,6,20,1480,20,0,0,0,DoS-HTTP
80,6,20,1480,20,0,0,0,DoS-HTTP
0,1,20,1200,0,0,0,0,DoS-ICMP
80,6,20,1480,20,0,0,0,DoS-HTTP
80,6,20,1200,20,0,0,0,DoS-SYN-Flood
80,6,20,1200,20,0,0,0,DoS-SYN-Flood
80,6,20,1480,20,0,0,0,DoS-HTTP
80,17,20,1200,0,0,0,0,DoS-UDP
80,6,20,1480,20,0,0,0,DoS-HTTP
80,6,20,1480,20,0,0,0,DoS-HTTP
80,6,20,1200,20,0,0,0,DoS-SYN-Flood
80,17,20,1200,0,0,0,0,DoS-UDP
80,17,20,1200,0,0,0,0,DoS-UDP
80,6,20,1480,20,0,0,0,DoS-HTTP
80,17,20,1200,0,0,0,0,DoS-UDP
80,6,20,1480,20,0,0,0,DoS-HTTP
80,6,20,1200,20,0,0,0,DoS-SYN-Flood
80,6,20,1200,20,0,0,0,DoS-SYN-Flood
30891,6,4,240,4,0,0,0,PortScan
80,6,20,1480,20,0,0,0,DoS-HTTP
80,6,20,1200,20,0,0,0,DoS-SYN-Flood
80,17,20,1200,0,0,0,0,DoS-UDP
61026,6,2,120,2,0,0,0,PortScan
80,17,20,1200,0,0,0,0,DoS-UDP
36494,6,2,120,2,0,0,0,PortScan
80,17,20,1200,0,0,0,0,DoS-UDP
80,17,20,1200,0,0,0,0,DoS-UDP
0,1,20,840,0,0,0,0,DoS-ICMP
18533,6,2,120,2,0,0,0,PortScan
80,6,20,1200,20,0,0,0,DoS-SYN-Flood
0,1,20,1200,0,0,0,0,DoS-ICMP
4431,6,4,240,4,0,0,0,PortScan
0,1,20,840,0,0,0,0,DoS-ICMP
30340,6,7,406,7,7,0,0,SSH-Bruteforce
80,6,20,1200,20,0,0,0,DoS-SYN-Flood
0,1,20,1200,0,0,0,0,DoS-ICMP
80,6,20,1200,20,0,0,0,DoS-SYN-Flood
80,6,20,1200,20,0,0,0,DoS-SYN-Flood
80,6,20,1200,20,0,0,0,DoS-SYN-Flood
22,6,20,1200,0,0,20,0,SSH-Bruteforce
5088,6,4,240,4,0,0,0,PortScan
80,17,20,1200,0,0,0,0,DoS-UDP
53308,6,20,28960,0,20,0,0,BENIGN
0,1,20,1200,0,0,0,0,DoS-ICMP
80,17,20,1200,0,0,0,0,DoS-UDP
80,6,20,1200,20,0,0,0,DoS-SYN-Flood
0,1,20,840,0,0,0,0,DoS-ICMP
0,1,20,840,0,0,0,0,DoS-ICMP
0,1,20,840,0,0,0,0,DoS-ICMP
0,1,20,1200,0,0,0,0,DoS-ICMP
0,1,20,1200,0,0,0,0,DoS-ICMP
12417,6,8,464,8,8,0,0,SSH-Bruteforce
36268,6,4,240,4,0,0,0,PortScan
80,17,20,1200,0,0,0,0,DoS-UDP
80,6,20,1200,20,0,0,0,DoS-SYN-Flood
0,1,20,840,0,0,0,0,DoS-ICMP
0,1,20,1200,0,0,0,0,DoS-ICMP
12,6,8,464,8,8,0,0,SSH-Bruteforce
80,6,20,1200,20,0,0,0,DoS-SYN-Flood
80,6,20,1200,20,0,0,0,DoS-SYN-Flood
80,6,20,1480,20,0,0,0,DoS-HTTP
43395,6,9,522,9,9,0,0,SSH-Bruteforce
22,6,20,1200,20,0,0,0,SSH-Bruteforce
64538,6,2,120,2,0,0,0,PortScan
0,1,20,1200,0,0,0,0,DoS-ICMP
80,17,20,1200,0,0,0,0,DoS-UDP
0,1,20,840,0,0,0,0,DoS-ICMP
80,6,20,1200,20,0,0,0,DoS-SYN-Flood
0,1,20,840,0,0,0,0,DoS-ICMP
80,6,20,1480,20,0,0,0,DoS-HTTP
0,1,20,840,0,0,0,0,DoS-ICMP
80,6,20,1480,20,0,0,0,DoS-HTTP
80,6,20,1200,20,0,0,0,DoS-SYN-Flood
0,1,20,840,0,0,0,0,DoS-ICMP
80,6,20,1200,20,0,0,0,DoS-SYN-Flood
0,1,20,840,0,0,0,0,DoS-ICMP
80,6,20,1200,20,0,0,0,DoS-SYN-Flood
317,6,11,638,11,11,0,0,SSH-Bruteforce
80,17,20,1200,0,0,0,0,DoS-UDP
30656,6,4,240,4,0,0,0,PortScan
11195,6,7,406,7,7,0,0,SSH-Bruteforce
80,17,20,1200,0,0,0,0,DoS-UDP
80,6,20,1200,20,0,0,0,DoS-SYN-Flood
80,6,20,1480,20,0,0,0,DoS-HTTP
43241,6,2,120,2,0,0,0,PortScan
0,1,20,1200,0,0,0,0,DoS-ICMP
80,6,20,1200,20,0,0,0,DoS-SYN-Flood
35409,6,2,120,2,0,0,0,PortScan
80,6,20,1200,20,0,0,0,DoS-SYN-Flood
20775,6,4,240,4,0,0,0,PortScan
18822,6,9,522,9,9,0,0,SSH-Bruteforce
4662,6,7,406,7,7,0,0,SSH-Bruteforce
80,6,20,1480,20,0,0,0,DoS-HTTP
22,6,20,1200,20,0,0,0,SSH-Bruteforce
0,1,20,840,0,0,0,0,DoS-ICMP
80,6,20,1200,20,0,0,0,DoS-SYN-Flood
53104,6,10,580,10,10,0,0,SSH-Bruteforce
80,6,20,1200,20,0,0,0,DoS-SYN-Flood
80,6,20,1200,20,0,0,0,DoS-SYN-Flood
58119,6,2,120,2,0,0,0,PortScan
80,6,20,1200,20,0,0,0,DoS-SYN-Flood
80,17,20,1200,0,0,0,0,DoS-UDP
80,6,20,1200,20,0,0,0,DoS-SYN-Flood
80,6,20,1200,20,0,0,0,DoS-SYN-Flood
0,1,20,1200,0,0,0,0,DoS-ICMP
80,6,20,1200,20,0,0,0,DoS-SYN-Flood
53278,6,20,27366,0,20,0,0,BENIGN
80,6,20,1480,20,0,0,0,DoS-HTTP
29298,6,8,464,8,8,0,0,SSH-Bruteforce
80,17,20,1200,0,0,0,0,DoS-UDP
46688,6,9,1390,1,9,0,0,BENIGN
80,17,20,1200,0,0,0,0,DoS-UDP
80,17,20,1200,0,0,0,0,DoS-UDP
47533,6,2,120,2,0,0,0,PortScan
80,17,20,1200,0,0,0,0,DoS-UDP
80,6,20,1480,20,0,0,0,DoS-HTTP
80,17,20,1200,0,0,0,0,DoS-UDP
58040,6,9,522,9,9,0,0,SSH-Bruteforce
80,6,20,1200,20,0,0,0,DoS-SYN-Flood
0,1,20,840,0,0,0,0,DoS-ICMP
80,6,20,1480,20,0,0,0,DoS-HTTP
80,6,20,1480,20,0,0,0,DoS-HTTP
0,1,20,1200,0,0,0,0,DoS-ICMP
80,17,20,1200,0,0,0,0,DoS-UDP
36520,17,20,27980,0,0,0,0,BENIGN
80,6,20,1480,20,0,0,0,DoS-HTTP
59292,6,2,120,2,0,0,0,PortScan
80,6,20,1480,20,0,0,0,DoS-HTTP
80,6,20,1200,20,0,0,0,DoS-SYN-Flood
443,6,20,3200,0,20,0,0,BENIGN
2909,6,6,348,6,6,0,0,SSH-Bruteforce
0,1,20,840,0,0,0,0,DoS-ICMP
44315,6,2,120,2,0,0,0,PortScan
80,17,20,1200,0,0,0,0,DoS-UDP
0,1,20,1200,0,0,0,0,DoS-ICMP
53858,6,2,120,2,0,0,0,PortScan
0,1,20,840,0,0,0,0,DoS-ICMP
80,6,20,1200,20,0,0,0,DoS-SYN-Flood
0,1,20,840,0,0,0,0,DoS-ICMP
80,6,20,1200,20,0,0,0,DoS-SYN-Flood
80,17,20,1200,0,0,0,0,DoS-UDP
34312,6,8,464,8,8,0,0,SSH-Bruteforce
80,17,20,1200,0,0,0,0,DoS-UDP
39926,6,4,240,4,0,0,0,PortScan
80,6,20,1200,20,0,0,0,DoS-SYN-Flood
31709,6,4,240,4,0,0,0,PortScan
80,6,20,1200,20,0,0,0,DoS-SYN-Flood
80,6,20,1480,20,0,0,0,DoS-HTTP
80,6,20,1200,20,0,0,0,DoS-SYN-Flood
0,1,20,840,0,0,0,0,DoS-ICMP
80,17,20,1200,0,0,0,0,DoS-UDP
80,17,20,1200,0,0,0,0,DoS-UDP
80,17,20,1200,0,0,0,0,DoS-UDP
80,6,20,1480,20,0,0,0,DoS-HTTP
64744,6,8,464,8,8,0,0,SSH-Bruteforce
80,17,20,1200,0,0,0,0,DoS-UDP
22,6,20,1200,0,0,20,0,SSH-Bruteforce
2356,6,4,240,4,0,0,0,PortScan
0,1,20,840,0,0,0,0,DoS-ICMP
1555,6,5,290,5,5,0,0,SSH-Bruteforce
80,17,20,1200,0,0,0,0,DoS-UDP
80,6,20,1480,20,0,0,0,DoS-HTTP
80,6,20,1480,20,0,0,0,DoS-HTTP
5295,6,6,348,6,6,0,0,SSH-Bruteforce
80,6,20,1480,20,0,0,0,DoS-HTTP
80,17,20,1200,0,0,0,0,DoS-UDP
13423,6,4,240,4,0,0,0,PortScan
80,6,20,1200,20,0,0,0,DoS-SYN-Flood
22,6,20,1200,20,0,0,0,SSH-Bruteforce
42781,6,8,464,8,8,0,0,SSH-Bruteforce
22,6,20,1200,0,0,20,0,SSH-Bruteforce
0,1,20,1200,0,0,0,0,DoS-ICMP
80,6,20,1200,20,0,0,0,DoS-SYN-Flood
22,6,20,1200,20,0,0,0,SSH-Bruteforce
80,17,20,1200,0,0,0,0,DoS-UDP
80,6,20,1200,20,0,0,0,DoS-SYN-Flood
80,6,20,1480,20,0,0,0,DoS-HTTP
0,1,20,840,0,0,0,0,DoS-ICMP
36520,17,20,27980,0,0,0,0,BENIGN
80,6,20,1480,20,0,0,0,DoS-HTTP
18313,6,2,120,2,0,0,0,PortScan
33240,6,20,29560,0,20,0,0,BENIGN
55572,6,18,9695,1,18,0,1,BENIGN
80,6,20,1200,20,0,0,0,DoS-SYN-Flood
80,6,20,1200,20,0,0,0,DoS-SYN-Flood
0,1,20,840,0,0,0,0,DoS-ICMP
80,6,20,1200,20,0,0,0,DoS-SYN-Flood
80,6,20,1200,20,0,0,0,DoS-SYN-Flood
55666,6,2,120,2,0,0,0,PortScan
80,17,20,1200,0,0,0,0,DoS-UDP
0,1,20,1200,0,0,0,0,DoS-ICMP
0,1,20,1200,0,0,0,0,DoS-ICMP
80,6,20,1200,20,0,0,0,DoS-SYN-Flood
0,1,20,1200,0,0,0,0,DoS-ICMP
22,6,20,1200,20,0,0,0,SSH-Bruteforce
8155,6,6,360,6,0,0,0,PortScan
8360,6,6,360,6,0,0,0,PortScan
43992,17,20,27980,0,0,0,0,BENIGN
25703,6,4,240,4,0,0,0,PortScan
0,1,20,1200,0,0,0,0,DoS-ICMP
0,1,20,840,0,0,0,0,DoS-ICMP
17923,6,11,638,11,11,0,0,SSH-Bruteforce
80,17,20,1200,0,0,0,0,DoS-UDP
80,6,20,1200,20,0,0,0,DoS-SYN-Flood
0,1,20,840,0,0,0,0,DoS-ICMP
0,1,20,840,0,0,0,0,DoS-ICMP
22,6,20,1200,20,0,0,0,SSH-Bruteforce
80,6,20,1200,20,0,0,0,DoS-SYN-Flood
80,17,20,1200,0,0,0,0,DoS-UDP
0,1,20,840,0,0,0,0,DoS-ICMP
45542,6,9,522,9,9,0,0,SSH-Bruteforce
80,6,20,1200,20,0,0,0,DoS-SYN-Flood
80,6,20,1200,20,0,0,0,DoS-SYN-Flood
0,1,20,1200,0,0,0,0,DoS-ICMP
53105,6,2,120,2,0,0,0,PortScan
36181,6,2,120,2,0,0,0,PortScan
53888,6,8,464,8,8,0,0,SSH-Bruteforce
11754,6,6,348,6,6,0,0,SSH-Bruteforce
80,17,20,1200,0,0,0,0,DoS-UDP
80,17,20,1200,0,0,0,0,DoS-UDP
80,17,20,1200,0,0,0,0,DoS-UDP
64151,6,5,290,5,5,0,0,SSH-Bruteforce
9511,6,4,240,4,0,0,0,PortScan
80,6,20,1200,20,0,0,0,DoS-SYN-Flood
22,6,20,1200,1,0,19,0,SSH-Bruteforce
22,6,20,1200,19,0,1,0,SSH-Bruteforce
80,6,20,1480,20,0,0,0,DoS-HTTP
22,6,20,1200,19,0,1,0,SSH-Bruteforce
80,6,20,1200,20,0,0,0,DoS-SYN-Flood
80,17,20,1200,0,0,0,0,DoS-UDP
80,6,20,1200,20,0,0,0,DoS-SYN-Flood
8402,6,4,240,4,0,0,0,PortScan
80,6,20,1480,20,0,0,0,DoS-HTTP
0,1,20,840,0,0,0,0,DoS-ICMP
80,6,20,1480,20,0,0,0,DoS-HTTP
80,6,20,1200,20,0,0,0,DoS-SYN-Flood
13896,6,8,464,8,8,0,0,SSH-Bruteforce
80,17,20,1200,0,0,0,0,DoS-UDP
14825,6,7,406,7,7,0,0,SSH-Bruteforce
28652,6,2,120,2,0,0,0,PortScan
443,6,20,1200,0,20,0,0,BENIGN
0,1,20,840,0,0,0,0,DoS-ICMP
80,6,20,1480,20,0,0,0,DoS-HTTP
80,6,20,1200,20,0,0,0,DoS-SYN-Flood
80,6,20,1200,20,0,0,0,DoS-SYN-Flood
80,6,20,1480,20,0,0,0,DoS-HTTP
0,1,20,1200,0,0,0,0,DoS-ICMP
80,6,20,1480,20,0,0,0,DoS-HTTP
80,17,20,1200,0,0,0,0,DoS-UDP
22,6,20,1200,1,0,19,0,SSH-Bruteforce
47094,17,20,27973,0,0,0,0,BENIGN
16642,6,2,120,2,0,0,0,PortScan
80,6,20,1480,20,0,0,0,DoS-HTTP
80,6,20,1480,20,0,0,0,DoS-HTTP
80,17,20,1200,0,0,0,0,DoS-UDP
80,6,20,1200,20,0,0,0,DoS-SYN-Flood
80,17,20,1200,0,0,0,0,DoS-UDP
22,6,20,1200,9,0,11,0,SSH-Bruteforce
80,6,20,1200,20,0,0,0,DoS-SYN-Flood
19527,6,4,240,4,0,0,0,PortScan
2426,6,4,240,4,0,0,0,PortScan
22,6,20,1200,2,0,18,0,SSH-Bruteforce
23079,6,11,638,11,11,0,0,SSH-Bruteforce
0,1,20,840,0,0,0,0,DoS-ICMP
80,6,20,1480,20,0,0,0,DoS-HTTP
80,17,20,1200,0,0,0,0,DoS-UDP
80,17,20,1200,0,0,0,0,DoS-UDP
60886,6,20,29380,0,20,0,0,BENIGN
80,17,20,1200,0,0,0,0,DoS-UDP
80,6,20,1480,20,0,0,0,DoS-HTTP
80,6,20,1200,20,0,0,0,DoS-SYN-Flood
80,6,20,1480,20,0,0,0,DoS-HTTP
42904,17,20,26196,0,0,0,0,BENIGN
11636,6,6,348,6,6,0,0,SSH-Bruteforce
80,17,20,1200,0,0,0,0,DoS-UDP
48862,6,2,120,2,0,0,0,PortScan
80,17,20,1200,0,0,0,0,DoS-UDP
31268,6,2,120,2,0,0,0,PortScan
0,1,20,840,0,0,0,0,DoS-ICMP
0,1,20,840,0,0,0,0,DoS-ICMP
35275,6,8,464,8,8,0,0,SSH-Bruteforce
80,17,20,1200,0,0,0,0,DoS-UDP
80,17,20,1200,0,0,0,0,DoS-UDP
15100,6,5,290,5,5,0,0,SSH-Bruteforce
0,1,20,1200,0,0,0,0,DoS-ICMP
80,6,20,1200,20,0,0,0,DoS-SYN-Flood
80,6,20,1480,20,0,0,0,DoS-HTTP
0,1,20,840,0,0,0,0,DoS-ICMP
7745,6,4,232,4,4,0,0,SSH-Bruteforce
22,6,20,1200,10,0,10,0,SSH-Bruteforce
80,17,20,1200,0,0,0,0,DoS-UDP
80,6,20,1200,20,0,0,0,DoS-SYN-Flood
80,6,20,1480,20,0,0,0,DoS-HTTP
80,17,20,1200,0,0,0,0,DoS-UDP
443,6,20,1200,0,20,0,0,BENIGN
80,6,20,1200,20,0,0,0,DoS-SYN-Flood
0,1,20,1200,0,0,0,0,DoS-ICMP
80,6,20,1200,20,0,0,0,DoS-SYN-Flood
80,6,20,1200,20,0,0,0,DoS-SYN-Flood
0,1,20,1200,0,0,0,0,DoS-ICMP
80,6,20,1200,20,0,0,0,DoS-SYN-Flood
18378,6,4,240,4,0,0,0,PortScan
52922,6,2,120,2,0,0,0,PortScan
443,17,9,2700,0,0,0,0,BENIGN
80,6,20,1200,20,0,0,0,DoS-SYN-Flood
2612,6,7,406,7,7,0,0,SSH-Bruteforce
26560,6,7,406,7,7,0,0,SSH-Bruteforce
47431,6,5,290,5,5,0,0,SSH-Bruteforce
80,6,20,1200,20,0,0,0,DoS-SYN-Flood
80,6,20,1200,20,0,0,0,DoS-SYN-Flood
19376,6,2,120,2,0,0,0,PortScan
80,6,20,1480,20,0,0,0,DoS-HTTP
80,17,20,1200,0,0,0,0,DoS-UDP
9191,6,4,240,4,0,0,0,PortScan
80,6,20,1200,20,0,0,0,DoS-SYN-Flood
35951,6,14,812,14,14,0,0,SSH-Bruteforce
22,6,20,1200,20,0,0,0,SSH-Bruteforce
80,6,20,1200,20,0,0,0,DoS-SYN-Flood
22,6,20,1200,0,0,20,0,SSH-Bruteforce
33525,17,2,267,0,0,0,0,BENIGN
0,1,20,840,0,0,0,0,DoS-ICMP
36268,17,20,27980,0,0,0,0,BENIGN
80,6,20,1480,20,0,0,0,DoS-HTTP
18091,6,2,120,2,0,0,0,PortScan
80,6,20,1480,20,0,0,0,DoS-HTTP
80,6,20,1200,20,0,0,0,DoS-SYN-Flood
80,6,20,1480,20,0,0,0,DoS-HTTP
80,6,20,1200,20,0,0,0,DoS-SYN-Flood
38272,6,4,240,4,0,0,0,PortScan
80,6,20,1200,20,0,0,0,DoS-SYN-Flood
0,1,20,840,0,0,0,0,DoS-ICMP
80,6,20,1200,20,0,0,0,DoS-SYN-Flood
0,1,20,840,0,0,0,0,DoS-ICMP
80,17,20,1200,0,0,0,0,DoS-UDP
22,6,20,1200,20,0,0,0,SSH-Bruteforce
29789,6,4,240,4,0,0,0,PortScan
80,17,20,1200,0,0,0,0,DoS-UDP
80,6,20,1200,20,0,0,0,DoS-SYN-Flood
9776,6,6,360,6,0,0,0,PortScan
7824,6,7,406,7,7,0,0,SSH-Bruteforce
80,6,20,1480,20,0,0,0,DoS-HTTP
0,1,20,1200,0,0,0,0,DoS-ICMP
59804,6,20,16417,0,20,0,0,BENIGN
45447,17,20,27980,0,0,0,0,BENIGN
36263,6,4,240,4,0,0,0,PortScan
32043,6,2,120,2,0,0,0,PortScan
30010,6,4,240,4,0,0,0,PortScan
39902,17,20,27980,0,0,0,0,BENIGN
37229,6,2,120,2,0,0,0,PortScan
24844,6,2,120,2,0,0,0,PortScan
80,6,20,1480,20,0,0,0,DoS-HTTP
80,6,20,1200,20,0,0,0,DoS-SYN-Flood
22,6,20,1200,0,0,20,0,SSH-Bruteforce
80,6,20,1200,20,0,0,0,DoS-SYN-Flood
80,6,20,1200,20,0,0,0,DoS-SYN-Flood
80,6,20,1200,20,0,0,0,DoS-SYN-Flood
80,6,20,1480,20,0,0,0,DoS-HTTP
22237,6,2,120,2,0,0,0,PortScan
80,17,20,1200,0,0,0,0,DoS-UDP
80,6,20,1480,20,0,0,0,DoS-HTTP
80,6,20,1200,20,0,0,0,DoS-SYN-Flood
0,1,20,840,0,0,0,0,DoS-ICMP
80,6,20,1480,20,0,0,0,DoS-HTTP
0,1,20,840,0,0,0,0,DoS-ICMP
80,6,20,1200,20,0,0,0,DoS-SYN-Flood
80,6,20,1200,20,0,0,0,DoS-SYN-Flood
45447,17,20,27980,0,0,0,0,BENIGN
22,6,20,1200,0,0,20,0,SSH-Bruteforce
80,6,20,1480,20,0,0,0,DoS-HTTP
23822,6,4,240,4,0,0,0,PortScan
443,6,20,9913,0,20,0,0,BENIGN
35854,6,20,29500,0,20,0,0,BENIGN
0,1,20,840,0,0,0,0,DoS-ICMP
22,6,20,1200,0,0,20,0,SSH-Bruteforce
64798,6,4,240,4,0,0,0,PortScan
0,1,20,1200,0,0,0,0,DoS-ICMP
80,6,20,1480,20,0,0,0,DoS-HTTP
22,6,20,1200,20,0,0,0,SSH-Bruteforce
80,6,20,1480,20,0,0,0,DoS-HTTP
0,1,20,840,0,0,0,0,DoS-ICMP
80,17,20,1200,0,0,0,0,DoS-UDP
36520,17,20,27980,0,0,0,0,BENIGN
54404,6,2,120,2,0,0,0,PortScan
0,1,20,840,0,0,0,0,DoS-ICMP
36520,17,20,27980,0,0,0,0,BENIGN
80,6,20,1480,20,0,0,0,DoS-HTTP
80,6,20,1480,20,0,0,0,DoS-HTTP
13620,6,11,638,11,11,0,0,SSH-Bruteforce
0,1,20,840,0,0,0,0,DoS-ICMP
80,17,20,1200,0,0,0,0,DoS-UDP
80,6,20,1480,20,0,0,0,DoS-HTTP
80,6,20,1200,20,0,0,0,DoS-SYN-Flood
80,6,20,1480,20,0,0,0,DoS-HTTP
80,17,20,1200,0,0,0,0,DoS-UDP
80,17,20,1200,0,0,0,0,DoS-UDP
80,17,20,1200,0,0,0,0,DoS-UDP
49840,6,9,522,9,9,0,0,SSH-Bruteforce
14485,6,9,522,9,9,0,0,SSH-Bruteforce
80,17,20,1200,0,0,0,0,DoS-UDP
80,6,20,1200,20,0,0,0,DoS-SYN-Flood
30336,6,4,240,4,0,0,0,PortScan
80,6,20,1200,20,0,0,0,DoS-SYN-Flood
80,6,20,1200,20,0,0,0,DoS-SYN-Flood
31992,6,2,120,2,0,0,0,PortScan
9013,6,6,360,6,0,0,0,PortScan
45894,6,11,638,11,11,0,0,SSH-Bruteforce
80,6,20,1200,20,0,0,0,DoS-SYN-Flood
0,1,20,840,0,0,0,0,DoS-ICMP
80,17,20,1200,0,0,0,0,DoS-UDP
39902,17,20,27980,0,0,0,0,BENIGN
80,6,20,1200,20,0,0,0,DoS-SYN-Flood
80,6,20,1480,20,0,0,0,DoS-HTTP
22,6,20,1200,19,0,1,0,SSH-Bruteforce
45097,6,2,120,2,0,0,0,PortScan
80,6,20,1480,20,0,0,0,DoS-HTTP
80,6,20,1200,20,0,0,0,DoS-SYN-Flood
0,1,20,840,0,0,0,0,DoS-ICMP
0,1,20,1200,0,0,0,0,DoS-ICMP
0,1,20,1200,0,0,0,0,DoS-ICMP
27163,6,2,120,2,0,0,0,PortScan
80,6,20,1200,20,0,0,0,DoS-SYN-Flood
80,6,20,1200,20,0,0,0,DoS-SYN-Flood
80,6,20,1200,20,0,0,0,DoS-SYN-Flood
80,17,20,1200,0,0,0,0,DoS-UDP
80,6,20,1200,20,0,0,0,DoS-SYN-Flood
80,6,20,1200,20,0,0,0,DoS-SYN-Flood
0,1,20,1200,0,0,0,0,DoS-ICMP
80,17,20,1200,0,0,0,0,DoS-UDP
9993,6,4,240,4,0,0,0,PortScan
80,17,20,1200,0,0,0,0,DoS-UDP
80,6,20,1480,20,0,0,0,DoS-HTTP
46472,6,2,120,2,0,0,0,PortScan
443,17,20,13247,0,0,0,0,BENIGN
0,1,20,1200,0,0,0,0,DoS-ICMP
27175,6,4,240,4,0,0,0,PortScan
0,1,20,840,0,0,0,0,DoS-ICMP
80,6,20,1480,20,0,0,0,DoS-HTTP
0,1,20,1200,0,0,0,0,DoS-ICMP
80,6,20,1480,20,0,0,0,DoS-HTTP
0,1,20,1200,0,0,0,0,DoS-ICMP
34275,6,9,522,9,9,0,0,SSH-Bruteforce
80,6,20,1200,20,0,0,0,DoS-SYN-Flood
80,17,20,1200,0,0,0,0,DoS-UDP
0,1,20,1200,0,0,0,0,DoS-ICMP
80,17,20,1200,0,0,0,0,DoS-UDP
53308,6,20,29080,0,20,0,0,BENIGN
80,6,20,1200,20,0,0,0,DoS-SYN-Flood
80,6,20,1200,20,0,0,0,DoS-SYN-Flood
34534,6,11,638,11,11,0,0,SSH-Bruteforce
80,17,20,1200,0,0,0,0,DoS-UDP
22,6,20,1200,20,0,0,0,SSH-Bruteforce
10080,6,6,360,6,0,0,0,PortScan
36520,17,20,27980,0,0,0,0,BENIGN
22,6,20,1200,10,0,10,0,SSH-Bruteforce
80,6,20,1200,20,0,0,0,DoS-SYN-Flood
0,1,20,1200,0,0,0,0,DoS-ICMP
45424,6,20,5729,0,20,0,0,BENIGN
19290,6,10,580,10,10,0,0,SSH-Bruteforce
51294,6,4,240,4,0,0,0,PortScan
443,17,20,1503,0,0,0,0,BENIGN
80,6,20,1200,20,0,0,0,DoS-SYN-Flood
80,6,20,1480,20,0,0,0,DoS-HTTP
80,6,20,1480,20,0,0,0,DoS-HTTP
0,1,20,1200,0,0,0,0,DoS-ICMP
80,6,20,1480,20,0,0,0,DoS-HTTP
33240,6,20,29080,0,20,0,0,BENIGN
50859,6,2,120,2,0,0,0,PortScan
0,1,20,840,0,0,0,0,DoS-ICMP
80,6,20,1480,20,0,0,0,DoS-HTTP
80,6,20,1200,20,0,0,0,DoS-SYN-Flood
80,17,20,1200,0,0,0,0,DoS-UDP
80,6,20,1480,20,0,0,0,DoS-HTTP
0,1,20,1200,0,0,0,0,DoS-ICMP
80,6,20,1480,20,0,0,0,DoS-HTTP
0,1,20,840,0,0,0,0,DoS-ICMP
80,6,20,1200,20,0,0,0,DoS-SYN-Flood
80,17,20,1200,0,0,0,0,DoS-UDP
80,17,20,1200,0,0,0,0,DoS-UDP
48445,6,4,240,4,0,0,0,PortScan
80,6,20,1480,20,0,0,0,DoS-HTTP
58824,6,2,120,2,0,0,0,PortScan
80,6,20,1480,20,0,0,0,DoS-HTTP
80,17,20,1200,0,0,0,0,DoS-UDP
80,6,20,1480,20,0,0,0,DoS-HTTP
22,6,20,1200,15,0,5,0,SSH-Bruteforce
80,6,20,1200,20,0,0,0,DoS-SYN-Flood
80,6,20,1200,20,0,0,0,DoS-SYN-Flood
80,6,20,1200,20,0,0,0,DoS-SYN-Flood
80,6,20,1480,20,0,0,0,DoS-HTTP
0,1,20,840,0,0,0,0,DoS-ICMP
36520,17,20,27980,0,0,0,0,BENIGN
80,6,20,1200,20,0,0,0,DoS-SYN-Flood
80,6,20,1200,20,0,0,0,DoS-SYN-Flood
38217,6,4,240,4,0,0,0,PortScan
62418,6,5,290,5,5,0,0,SSH-Bruteforce
44135,6,2,120,2,0,0,0,PortScan
0,1,20,1200,0,0,0,0,DoS-ICMP
80,6,20,1480,20,0,0,0,DoS-HTTP
22,6,20,1200,20,0,0,0,SSH-Bruteforce
80,6,20,1480,20,0,0,0,DoS-HTTP
80,6,20,1480,20,0,0,0,DoS-HTTP
35641,6,4,240,4,0,0,0,PortScan
80,6,20,1200,20,0,0,0,DoS-SYN-Flood
80,6,20,1200,20,0,0,0,DoS-SYN-Flood
80,17,20,1200,0,0,0,0,DoS-UDP
80,17,20,1200,0,0,0,0,DoS-UDP
36520,17,20,27980,0,0,0,0,BENIGN
80,6,20,1200,20,0,0,0,DoS-SYN-Flood
13788,6,4,240,4,0,0,0,PortScan
80,6,20,1480,20,0,0,0,DoS-HTTP
80,17,20,1200,0,0,0,0,DoS-UDP
80,17,20,1200,0,0,0,0,DoS-UDP
443,6,20,8830,0,20,0,0,BENIGN
0,1,20,1200,0,0,0,0,DoS-ICMP
80,6,20,1200,20,0,0,0,DoS-SYN-Flood
80,6,20,1200,20,0,0,0,DoS-SYN-Flood
27585,6,2,120,2,0,0,0,PortScan
8756,6,4,240,4,0,0,0,PortScan
80,6,20,1480,20,0,0,0,DoS-HTTP
80,6,20,1480,20,0,0,0,DoS-HTTP
80,6,20,1480,20,0,0,0,DoS-HTTP
80,17,20,1200,0,0,0,0,DoS-UDP
42879,6,2,120,2,0,0,0,PortScan
23356,6,2,120,2,0,0,0,PortScan
80,6,20,1480,20,0,0,0,DoS-HTTP
0,1,20,1200,0,0,0,0,DoS-ICMP
0,1,20,1200,0,0,0,0,DoS-ICMP
80,6,20,1200,20,0,0,0,DoS-SYN-Flood
80,6,20,1480,20,0,0,0,DoS-HTTP
22,6,20,1200,0,0,20,0,SSH-Bruteforce
80,6,20,1200,20,0,0,0,DoS-SYN-Flood
54829,17,20,26648,0,0,0,0,BENIGN
80,6,20,1200,20,0,0,0,DoS-SYN-Flood
80,17,20,1200,0,0,0,0,DoS-UDP
44682,6,7,406,7,7,0,0,SSH-Bruteforce
80,6,20,1480,20,0,0,0,DoS-HTTP
64877,6,2,120,2,0,0,0,PortScan
0,1,20,1200,0,0,0,0,DoS-ICMP
80,17,20,1200,0,0,0,0,DoS-UDP
0,1,20,1200,0,0,0,0,DoS-ICMP
80,6,20,1200,20,0,0,0,DoS-SYN-Flood
0,1,20,1200,0,0,0,0,DoS-ICMP
80,17,20,1200,0,0,0,0,DoS-UDP
80,17,20,1200,0,0,0,0,DoS-UDP
80,6,20,1200,20,0,0,0,DoS-SYN-Flood
80,6,20,1480,20,0,0,0,DoS-HTTP
80,6,20,1480,20,0,0,0,DoS-HTTP
80,17,20,1200,0,0,0,0,DoS-UDP
54829,17,20,27980,0,0,0,0,BENIGN
26067,6,4,240,4,0,0,0,PortScan
0,1,20,840,0,0,0,0,DoS-ICMP
0,1,20,840,0,0,0,0,DoS-ICMP
64712,6,6,348,6,6,0,0,SSH-Bruteforce
23441,6,7,406,7,7,0,0,SSH-Bruteforce
22,6,20,1200,0,0,20,0,SSH-Bruteforce
80,6,20,1480,20,0,0,0,DoS-HTTP
36520,17,20,27980,0,0,0,0,BENIGN
0,1,20,1200,0,0,0,0,DoS-ICMP
80,6,20,1480,20,0,0,0,DoS-HTTP
7143,6,4,240,4,0,0,0,PortScan
0,1,20,1200,0,0,0,0,DoS-ICMP
5094,6,5,290,5,5,0,0,SSH-Bruteforce
80,6,20,1480,20,0,0,0,DoS-HTTP
80,6,20,1480,20,0,0,0,DoS-HTTP
13895,6,7,406,7,7,0,0,SSH-Bruteforce
6335,6,11,638,11,11,0,0,SSH-Bruteforce
443,17,9,2175,0,0,0,0,BENIGN
443,17,20,4916,0,0,0,0,BENIGN
0,1,20,1200,0,0,0,0,DoS-ICMP
80,6,20,1200,20,0,0,0,DoS-SYN-Flood
80,17,20,1200,0,0,0,0,DoS-UDP
54468,6,2,120,2,0,0,0,PortScan
19418,6,2,120,2,0,0,0,PortScan
80,6,20,1200,20,0,0,0,DoS-SYN-Flood
80,17,20,1200,0,0,0,0,DoS-UDP
80,6,20,1480,20,0,0,0,DoS-HTTP
80,17,20,1200,0,0,0,0,DoS-UDP
25954,6,4,240,4,0,0,0,PortScan
80,6,20,1200,20,0,0,0,DoS-SYN-Flood
80,17,20,1200,0,0,0,0,DoS-UDP
64753,6,2,120,2,0,0,0,PortScan
80,17,20,1200,0,0,0,0,DoS-UDP
0,1,20,840,0,0,0,0,DoS-ICMP
80,6,20,1480,20,0,0,0,DoS-HTTP
0,1,20,840,0,0,0,0,DoS-ICMP
22,6,20,1200,5,0,15,0,SSH-Bruteforce
80,6,20,1200,20,0,0,0,DoS-SYN-Flood
80,6,20,1200,20,0,0,0,DoS-SYN-Flood
0,1,20,1200,0,0,0,0,DoS-ICMP
80,6,20,1480,20,0,0,0,DoS-HTTP
80,6,20,1200,20,0,0,0,DoS-SYN-Flood
80,17,20,1200,0,0,0,0,DoS-UDP
80,6,20,1480,20,0,0,0,DoS-HTTP
80,17,20,1200,0,0,0,0,DoS-UDP
22,6,20,1200,20,0,0,0,SSH-Bruteforce
0,1,20,1200,0,0,0,0,DoS-ICMP
12641,6,4,240,4,0,0,0,PortScan
0,1,20,1200,0,0,0,0,DoS-ICMP
80,6,20,1480,20,0,0,0,DoS-HTTP
49796,6,2,120,2,0,0,0,PortScan
64055,6,4,232,4,4,0,0,SSH-Bruteforce
80,6,20,1480,20,0,0,0,DoS-HTTP
22,6,20,1200,0,0,20,0,SSH-Bruteforce
80,6,20,1480,20,0,0,0,DoS-HTTP
22,6,20,1200,20,0,0,0,SSH-Bruteforce
41657,6,2,120,2,0,0,0,PortScan
80,17,20,1200,0,0,0,0,DoS-UDP
80,6,20,1480,20,0,0,0,DoS-HTTP
80,6,20,1480,20,0,0,0,DoS-HTTP
37592,6,2,120,2,0,0,0,PortScan
22246,6,7,406,7,7,0,0,SSH-Bruteforce
80,6,20,1200,20,0,0,0,DoS-SYN-Flood
1370,6,4,232,4,4,0,0,SSH-Bruteforce
39938,6,12,696,12,12,0,0,SSH-Bruteforce
80,6,20,1200,20,0,0,0,DoS-SYN-Flood
46563,6,10,580,10,10,0,0,SSH-Bruteforce
27427,6,2,120,2,0,0,0,PortScan
80,6,20,1200,20,0,0,0,DoS-SYN-Flood
80,6,20,1200,20,0,0,0,DoS-SYN-Flood
0,1,20,840,0,0,0,0,DoS-ICMP
0,1,20,1200,0,0,0,0,DoS-ICMP
0,1,20,1200,0,0,0,0,DoS-ICMP
80,17,20,1200,0,0,0,0,DoS-UDP
14614,6,4,240,4,0,0,0,PortScan
19937,6,4,240,4,0,0,0,PortScan
22,6,20,1200,0,0,20,0,SSH-Bruteforce
63376,6,2,120,2,0,0,0,PortScan
80,17,20,1200,0,0,0,0,DoS-UDP
46213,6,6,348,6,6,0,0,SSH-Bruteforce
44436,6,2,120,2,0,0,0,PortScan
17417,6,2,120,2,0,0,0,PortScan
80,17,20,1200,0,0,0,0,DoS-UDP
0,1,20,840,0,0,0,0,DoS-ICMP
80,6,20,1480,20,0,0,0,DoS-HTTP
80,6,20,1200,20,0,0,0,DoS-SYN-Flood
80,6,20,1200,20,0,0,0,DoS-SYN-Flood
80,6,20,1480,20,0,0,0,DoS-HTTP
22,6,20,1200,1,0,19,0,SSH-Bruteforce
80,6,20,1480,20,0,0,0,DoS-HTTP
80,6,20,1200,20,0,0,0,DoS-SYN-Flood
80,17,20,1200,0,0,0,0,DoS-UDP
80,6,20,1200,20,0,0,0,DoS-SYN-Flood
7418,6,4,240,4,0,0,0,PortScan
80,6,20,1480,20,0,0,0,DoS-HTTP
41654,6,4,240,4,0,0,0,PortScan
5532,6,4,240,4,0,0,0,PortScan
80,6,20,1480,20,0,0,0,DoS-HTTP
80,6,20,1480,20,0,0,0,DoS-HTTP
80,17,20,1200,0,0,0,0,DoS-UDP
39902,17,20,27980,0,0,0,0,BENIGN
370,6,4,240,4,0,0,0,PortScan
80,6,20,1200,20,0,0,0,DoS-SYN-Flood
36520,17,20,27980,0,0,0,0,BENIGN
44759,6,2,120,2,0,0,0,PortScan
80,6,20,1200,20,0,0,0,DoS-SYN-Flood
80,6,20,1200,20,0,0,0,DoS-SYN-Flood
80,17,20,1200,0,0,0,0,DoS-UDP
37658,6,2,120,2,0,0,0,PortScan
14866,6,6,360,6,0,0,0,PortScan
80,6,20,1200,20,0,0,0,DoS-SYN-Flood
45447,17,20,27980,0,0,0,0,BENIGN
35276,6,2,120,2,0,0,0,PortScan
80,6,20,1480,20,0,0,0,DoS-HTTP
80,17,20,1200,0,0,0,0,DoS-UDP
80,6,20,1200,20,0,0,0,DoS-SYN-Flood
80,6,20,1480,20,0,0,0,DoS-HTTP
29162,6,2,120,2,0,0,0,PortScan
22,6,20,1200,20,0,0,0,SSH-Bruteforce
80,17,20,1200,0,0,0,0,DoS-UDP
0,1,20,1200,0,0,0,0,DoS-ICMP
48455,6,2,120,2,0,0,0,PortScan
0,1,20,1200,0,0,0,0,DoS-ICMP
80,6,20,1200,20,0,0,0,DoS-SYN-Flood
64371,6,2,120,2,0,0,0,PortScan
80,6,20,1480,20,0,0,0,DoS-HTTP
22,6,20,1200,0,0,20,0,SSH-Bruteforce
0,1,20,1200,0,0,0,0,DoS-ICMP
42678,6,17,1934,1,17,0,1,BENIGN
80,6,20,1200,20,0,0,0,DoS-SYN-Flood
30961,6,6,348,6,6,0,0,SSH-Bruteforce
80,6,20,1200,20,0,0,0,DoS-SYN-Flood
80,17,20,1200,0,0,0,0,DoS-UDP
80,6,20,1480,20,0,0,0,DoS-HTTP
80,6,20,1200,20,0,0,0,DoS-SYN-Flood
22792,6,2,120,2,0,0,0,PortScan
80,17,20,1200,0,0,0,0,DoS-UDP
53151,6,10,580,10,10,0,0,SSH-Bruteforce
10584,6,4,240,4,0,0,0,PortScan
80,6,20,1480,20,0,0,0,DoS-HTTP
30545,6,5,290,5,5,0,0,SSH-Bruteforce
0,1,20,840,0,0,0,0,DoS-ICMP
47379,6,2,120,2,0,0,0,PortScan
80,6,20,1200,20,0,0,0,DoS-SYN-Flood
45435,6,4,240,4,0,0,0,PortScan
45984,6,9,522,9,9,0,0,SSH-Bruteforce
35472,6,2,120,2,0,0,0,PortScan
80,17,20,1200,0,0,0,0,DoS-UDP
80,17,20,1200,0,0,0,0,DoS-UDP
42339,6,6,348,6,6,0,0,SSH-Bruteforce
80,17,20,1200,0,0,0,0,DoS-UDP
80,17,20,1200,0,0,0,0,DoS-UDP
80,6,20,1480,20,0,0,0,DoS-HTTP
80,17,20,1200,0,0,0,0,DoS-UDP
22,6,20,1200,20,0,0,0,SSH-Bruteforce
0,1,20,1200,0,0,0,0,DoS-ICMP
61684,6,5,290,5,5,0,0,SSH-Bruteforce
80,6,20,1200,20,0,0,0,DoS-SYN-Flood
80,6,20,1480,20,0,0,0,DoS-HTTP
22,6,20,1200,17,0,3,0,SSH-Bruteforce
22,6,20,1200,0,0,20,0,SSH-Bruteforce
80,6,20,1200,20,0,0,0,DoS-SYN-Flood
20026,6,4,240,4,0,0,0,PortScan
22,6,20,1200,0,0,20,0,SSH-Bruteforce
40008,6,4,240,4,0,0,0,PortScan
0,1,20,1200,0,0,0,0,DoS-ICMP
80,17,20,1200,0,0,0,0,DoS-UDP
0,1,20,840,0,0,0,0,DoS-ICMP
11411,6,4,240,4,0,0,0,PortScan
26041,6,4,240,4,0,0,0,PortScan
43678,17,20,27980,0,0,0,0,BENIGN
80,17,20,1200,0,0,0,0,DoS-UDP
52419,6,2,120,2,0,0,0,PortScan
22,6,20,1200,9,0,11,0,SSH-Bruteforce
10011,6,7,406,7,7,0,0,SSH-Bruteforce
0,1,20,840,0,0,0,0,DoS-ICMP
40188,6,10,580,10,10,0,0,SSH-Bruteforce
59741,6,7,406,7,7,0,0,SSH-Bruteforce
36520,17,20,27980,0,0,0,0,BENIGN
443,6,20,2692,0,20,0,0,BENIGN
80,6,20,1200,20,0,0,0,DoS-SYN-Flood
0,1,20,1200,0,0,0,0,DoS-ICMP
80,6,20,1480,20,0,0,0,DoS-HTTP
80,6,20,1480,20,0,0,0,DoS-HTTP
80,6,20,1480,20,0,0,0,DoS-HTTP
80,6,20,1200,20,0,0,0,DoS-SYN-Flood
80,6,20,1200,20,0,0,0,DoS-SYN-Flood
5928,6,12,696,12,12,0,0,SSH-Bruteforce
80,6,20,1480,20,0,0,0,DoS-HTTP
22648,6,2,120,2,0,0,0,PortScan
36146,6,2,120,2,0,0,0,PortScan
80,6,20,1200,20,0,0,0,DoS-SYN-Flood
32728,6,9,522,9,9,0,0,SSH-Bruteforce
80,6,20,1480,20,0,0,0,DoS-HTTP
0,1,20,1200,0,0,0,0,DoS-ICMP
80,6,20,1480,20,0,0,0,DoS-HTTP
80,17,20,1200,0,0,0,0,DoS-UDP
29013,6,4,240,4,0,0,0,PortScan
35915,6,8,464,8,8,0,0,SSH-Bruteforce
59347,6,4,240,4,0,0,0,PortScan
27187,6,2,120,2,0,0,0,PortScan
59646,6,20,28480,0,20,0,0,BENIGN
31062,6,2,120,2,0,0,0,PortScan
0,1,20,1200,0,0,0,0,DoS-ICMP
80,6,20,1480,20,0,0,0,DoS-HTTP
80,6,20,1200,20,0,0,0,DoS-SYN-Flood
80,6,20,1200,20,0,0,0,DoS-SYN-Flood
80,6,20,1200,20,0,0,0,DoS-SYN-Flood
80,6,20,1200,20,0,0,0,DoS-SYN-Flood
80,6,20,1200,20,0,0,0,DoS-SYN-Flood
80,17,20,1200,0,0,0,0,DoS-UDP
37325,6,2,120,2,0,0,0,PortScan
80,6,20,1480,20,0,0,0,DoS-HTTP
64505,6,3,180,3,0,0,0,PortScan
80,6,20,1480,20,0,0,0,DoS-HTTP
15204,6,2,120,2,0,0,0,PortScan
15874,6,2,120,2,0,0,0,PortScan
80,6,20,1200,20,0,0,0,DoS-SYN-Flood
22,6,20,1200,0,0,20,0,SSH-Bruteforce
39612,6,4,240,4,0,0,0,PortScan
7987,6,7,406,7,7,0,0,SSH-Bruteforce
80,17,20,1200,0,0,0,0,DoS-UDP
80,17,20,1200,0,0,0,0,DoS-UDP
58050,6,9,522,9,9,0,0,SSH-Bruteforce
80,17,20,1200,0,0,0,0,DoS-UDP
33240,6,20,28900,0,20,0,0,BENIGN
53639,6,2,120,2,0,0,0,PortScan
43707,6,9,522,9,9,0,0,SSH-Bruteforce
80,6,20,1200,20,0,0,0,DoS-SYN-Flood
80,6,20,1480,20,0,0,0,DoS-HTTP
50564,6,6,348,6,6,0,0,SSH-Bruteforce
80,6,20,1200,20,0,0,0,DoS-SYN-Flood
80,6,20,1200,20,0,0,0,DoS-SYN-Flood
31793,6,2,120,2,0,0,0,PortScan
80,17,20,1200,0,0,0,0,DoS-UDP
80,6,20,1200,20,0,0,0,DoS-SYN-Flood
57360,6,6,348,6,6,0,0,SSH-Bruteforce
48886,6,2,120,2,0,0,0,PortScan
80,6,20,1480,20,0,0,0,DoS-HTTP
80,6,20,1200,20,0,0,0,DoS-SYN-Flood
80,6,20,1480,20,0,0,0,DoS-HTTP
19864,6,2,120,2,0,0,0,PortScan
0,1,20,840,0,0,0,0,DoS-ICMP
51609,6,5,290,5,5,0,0,SSH-Bruteforce
80,6,20,1480,20,0,0,0,DoS-HTTP
0,1,20,1200,0,0,0,0,DoS-ICMP
80,6,20,1200,20,0,0,0,DoS-SYN-Flood
80,17,20,1200,0,0,0,0,DoS-UDP
80,17,20,1200,0,0,0,0,DoS-UDP
0,1,20,1200,0,0,0,0,DoS-ICMP
80,6,20,1480,20,0,0,0,DoS-HTTP
41818,6,4,240,4,0,0,0,PortScan
80,6,20,1200,20,0,0,0,DoS-SYN-Flood
56219,6,2,120,2,0,0,0,PortScan
80,6,20,1200,20,0,0,0,DoS-SYN-Flood
80,17,20,1200,0,0,0,0,DoS-UDP
35349,6,2,120,2,0,0,0,PortScan
0,1,20,840,0,0,0,0,DoS-ICMP
80,17,20,1200,0,0,0,0,DoS-UDP
60516,6,20,27043,0,20,0,0,BENIGN
80,6,20,1480,20,0,0,0,DoS-HTTP
80,6,20,1200,20,0,0,0,DoS-SYN-Flood
80,17,20,1200,0,0,0,0,DoS-UDP
58431,6,2,120,2,0,0,0,PortScan
0,1,20,840,0,0,0,0,DoS-ICMP
80,6,20,1200,20,0,0,0,DoS-SYN-Flood
80,6,20,1200,20,0,0,0,DoS-SYN-Flood
80,6,20,1480,20,0,0,0,DoS-HTTP
0,1,20,1200,0,0,0,0,DoS-ICMP
33240,6,20,29380,0,20,0,0,BENIGN
80,17,20,1200,0,0,0,0,DoS-UDP
80,17,20,1200,0,0,0,0,DoS-UDP
80,17,20,1200,0,0,0,0,DoS-UDP
22,6,20,1200,20,0,0,0,SSH-Bruteforce
36629,6,2,120,2,0,0,0,PortScan
10809,6,7,406,7,7,0,0,SSH-Bruteforce
0,1,20,1200,0,0,0,0,DoS-ICMP
35854,6,20,29020,0,20,0,0,BENIGN
22779,6,4,240,4,0,0,0,PortScan
0,1,20,1200,0,0,0,0,DoS-ICMP
0,1,20,840,0,0,0,0,DoS-ICMP
80,17,20,1200,0,0,0,0,DoS-UDP
36943,6,11,638,11,11,0,0,SSH-Bruteforce
34722,6,4,240,4,0,0,0,PortScan
0,1,20,1200,0,0,0,0,DoS-ICMP
6140,6,6,348,6,6,0,0,SSH-Bruteforce
36668,6,8,464,8,8,0,0,SSH-Bruteforce
21448,6,10,580,10,10,0,0,SSH-Bruteforce
80,6,20,1480,20,0,0,0,DoS-HTTP
80,17,20,1200,0,0,0,0,DoS-UDP
80,6,20,1200,20,0,0,0,DoS-SYN-Flood
80,17,20,1200,0,0,0,0,DoS-UDP
80,6,20,1200,20,0,0,0,DoS-SYN-Flood
80,6,20,1480,20,0,0,0,DoS-HTTP
80,6,20,1200,20,0,0,0,DoS-SYN-Flood
0,1,20,1200,0,0,0,0,DoS-ICMP
33240,6,20,29080,0,20,0,0,BENIGN
26770,6,2,120,2,0,0,0,PortScan
80,17,20,1200,0,0,0,0,DoS-UDP
23216,6,2,120,2,0,0,0,PortScan
9876,6,7,406,7,7,0,0,SSH-Bruteforce
80,6,20,1480,20,0,0,0,DoS-HTTP
80,6,20,1480,20,0,0,0,DoS-HTTP
44464,6,7,406,7,7,0,0,SSH-Bruteforce
443,6,20,1469,0,20,0,0,BENIGN
14422,6,8,464,8,8,0,0,SSH-Bruteforce
80,6,20,1480,20,0,0,0,DoS-HTTP
6761,6,4,240,4,0,0,0,PortScan
80,6,20,1480,20,0,0,0,DoS-HTTP
60635,6,2,120,2,0,0,0,PortScan
0,1,20,840,0,0,0,0,DoS-ICMP
0,1,20,840,0,0,0,0,DoS-ICMP
80,17,20,1200,0,0,0,0,DoS-UDP
61678,6,4,232,4,4,0,0,SSH-Bruteforce
80,17,20,1200,0,0,0,0,DoS-UDP
80,17,20,1200,0,0,0,0,DoS-UDP
80,6,20,1200,20,0,0,0,DoS-SYN-Flood
80,17,20,1200,0,0,0,0,DoS-UDP
80,6,20,1200,20,0,0,0,DoS-SYN-Flood
60122,6,2,120,2,0,0,0,PortScan
54725,6,5,290,5,5,0,0,SSH-Bruteforce
22,6,20,1200,20,0,0,0,SSH-Bruteforce
80,6,20,1200,20,0,0,0,DoS-SYN-Flood
80,6,20,1200,20,0,0,0,DoS-SYN-Flood
80,6,20,1200,20,0,0,0,DoS-SYN-Flood
80,6,20,1480,20,0,0,0,DoS-HTTP
80,6,20,1200,20,0,0,0,DoS-SYN-Flood
31207,6,2,120,2,0,0,0,PortScan
0,1,20,840,0,0,0,0,DoS-ICMP
80,6,20,1200,20,0,0,0,DoS-SYN-Flood
443,6,3,198,0,2,1,1,BENIGN
22,6,20,1200,10,0,10,0,SSH-Bruteforce
0,1,20,840,0,0,0,0,DoS-ICMP
53097,6,8,464,8,8,0,0,SSH-Bruteforce
80,6,20,1480,20,0,0,0,DoS-HTTP
80,6,20,1480,20,0,0,0,DoS-HTTP
0,1,20,840,0,0,0,0,DoS-ICMP
80,6,20,1480,20,0,0,0,DoS-HTTP
10786,6,6,360,6,0,0,0,PortScan
80,6,20,1200,20,0,0,0,DoS-SYN-Flood
80,6,20,1200,20,0,0,0,DoS-SYN-Flood
0,1,20,840,0,0,0,0,DoS-ICMP
80,6,20,1480,20,0,0,0,DoS-HTTP
57793,6,2,120,2,0,0,0,PortScan
80,6,20,1480,20,0,0,0,DoS-HTTP
80,6,20,1480,20,0,0,0,DoS-HTTP
80,6,20,1480,20,0,0,0,DoS-HTTP
17884,6,2,120,2,0,0,0,PortScan
80,6,20,1480,20,0,0,0,DoS-HTTP
80,6,20,1200,20,0,0,0,DoS-SYN-Flood
0,1,20,1200,0,0,0,0,DoS-ICMP
80,6,20,1480,20,0,0,0,DoS-HTTP
0,1,20,1200,0,0,0,0,DoS-ICMP
80,6,20,1200,20,0,0,0,DoS-SYN-Flood
34979,6,11,638,11,11,0,0,SSH-Bruteforce
80,17,20,1200,0,0,0,0,DoS-UDP
80,6,20,1200,20,0,0,0,DoS-SYN-Flood
39902,17,20,27980,0,0,0,0,BENIGN
80,6,20,1480,20,0,0,0,DoS-HTTP
22,6,20,1200,16,0,4,0,SSH-Bruteforce
80,6,20,1200,20,0,0,0,DoS-SYN-Flood
42440,17,20,27970,0,0,0,0,BENIGN
80,6,20,1480,20,0,0,0,DoS-HTTP
443,17,20,12385,0,0,0,0,BENIGN
80,6,20,1480,20,0,0,0,DoS-HTTP
80,6,20,1480,20,0,0,0,DoS-HTTP
80,17,20,1200,0,0,0,0,DoS-UDP
80,6,20,1200,20,0,0,0,DoS-SYN-Flood
36520,17,20,27980,0,0,0,0,BENIGN
80,17,20,1200,0,0,0,0,DoS-UDP
80,6,20,1200,20,0,0,0,DoS-SYN-Flood
55992,6,6,348,6,6,0,0,SSH-Bruteforce
18893,6,7,406,7,7,0,0,SSH-Bruteforce
10087,6,7,406,7,7,0,0,SSH-Bruteforce
39902,17,20,27980,0,0,0,0,BENIGN
24479,6,2,120,2,0,0,0,PortScan
80,17,20,1200,0,0,0,0,DoS-UDP
80,6,20,1200,20,0,0,0,DoS-SYN-Flood
80,17,20,1200,0,0,0,0,DoS-UDP
0,1,20,840,0,0,0,0,DoS-ICMP
0,1,20,1200,0,0,0,0,DoS-ICMP
0,1,20,840,0,0,0,0,DoS-ICMP
80,6,20,1480,20,0,0,0,DoS-HTTP
29373,6,2,120,2,0,0,0,PortScan
11171,6,4,240,4,0,0,0,PortScan
80,6,20,1200,20,0,0,0,DoS-SYN-Flood
80,6,20,1480,20,0,0,0,DoS-HTTP
80,17,20,1200,0,0,0,0,DoS-UDP
10828,6,7,406,7,7,0,0,SSH-Bruteforce
80,6,20,1480,20,0,0,0,DoS-HTTP
41308,17,20,27980,0,0,0,0,BENIGN
22,6,20,1200,20,0,0,0,SSH-Bruteforce
80,6,20,1480,20,0,0,0,DoS-HTTP
36520,17,20,27980,0,0,0,0,BENIGN
80,6,20,1480,20,0,0,0,DoS-HTTP
80,6,20,1480,20,0,0,0,DoS-HTTP
80,6,20,1200,20,0,0,0,DoS-SYN-Flood
0,1,20,840,0,0,0,0,DoS-ICMP
0,1,20,1200,0,0,0,0,DoS-ICMP
5068,6,4,240,4,0,0,0,PortScan
0,1,20,840,0,0,0,0,DoS-ICMP
34623,6,2,120,2,0,0,0,PortScan
40072,6,2,120,2,0,0,0,PortScan
80,6,20,1200,20,0,0,0,DoS-SYN-Flood
80,6,20,1480,20,0,0,0,DoS-HTTP
80,6,20,1480,20,0,0,0,DoS-HTTP
80,17,20,1200,0,0,0,0,DoS-UDP
22,6,20,1200,15,0,5,0,SSH-Bruteforce
80,6,20,1480,20,0,0,0,DoS-HTTP
80,17,20,1200,0,0,0,0,DoS-UDP
10531,6,6,360,6,0,0,0,PortScan
22,6,20,1200,0,0,20,0,SSH-Bruteforce
53258,6,20,30279,0,20,0,0,BENIGN
5224,6,8,464,8,8,0,0,SSH-Bruteforce
80,6,20,1200,20,0,0,0,DoS-SYN-Flood
80,6,20,1480,20,0,0,0,DoS-HTTP
22201,6,7,406,7,7,0,0,SSH-Bruteforce
80,6,20,1480,20,0,0,0,DoS-HTTP
80,6,20,1200,20,0,0,0,DoS-SYN-Flood
0,1,20,840,0,0,0,0,DoS-ICMP
12857,6,4,240,4,0,0,0,PortScan
0,1,20,840,0,0,0,0,DoS-ICMP
48770,6,1,54,0,1,1,0,BENIGN
40173,6,2,120,2,0,0,0,PortScan
47654,6,4,240,4,0,0,0,PortScan
80,6,20,1480,20,0,0,0,DoS-HTTP
0,1,20,1200,0,0,0,0,DoS-ICMP
80,17,20,1200,0,0,0,0,DoS-UDP
80,17,20,1200,0,0,0,0,DoS-UDP
80,17,20,1200,0,0,0,0,DoS-UDP
33240,6,20,28780,0,20,0,0,BENIGN
80,6,20,1200,20,0,0,0,DoS-SYN-Flood
13339,6,4,240,4,0,0,0,PortScan
45781,6,2,120,2,0,0,0,PortScan
80,17,20,1200,0,0,0,0,DoS-UDP
80,17,20,1200,0,0,0,0,DoS-UDP
80,6,20,1200,20,0,0,0,DoS-SYN-Flood
80,6,20,1200,20,0,0,0,DoS-SYN-Flood
80,6,20,1480,20,0,0,0,DoS-HTTP
80,17,20,1200,0,0,0,0,DoS-UDP
80,6,20,1200,20,0,0,0,DoS-SYN-Flood
80,6,20,1480,20,0,0,0,DoS-HTTP
80,17,20,1200,0,0,0,0,DoS-UDP
63357,6,7,406,7,7,0,0,SSH-Bruteforce
80,17,20,1200,0,0,0,0,DoS-UDP
80,6,20,1200,20,0,0,0,DoS-SYN-Flood
80,17,20,1200,0,0,0,0,DoS-UDP
39057,6,2,120,2,0,0,0,PortScan
42904,17,20,26835,0,0,0,0,BENIGN
80,6,20,1200,20,0,0,0,DoS-SYN-Flood
0,1,20,1200,0,0,0,0,DoS-ICMP
0,1,20,1200,0,0,0,0,DoS-ICMP
80,6,20,1480,20,0,0,0,DoS-HTTP
80,17,20,1200,0,0,0,0,DoS-UDP
80,6,20,1480,20,0,0,0,DoS-HTTP
22,6,20,1200,0,0,20,0,SSH-Bruteforce
5584,6,9,522,9,9,0,0,SSH-Bruteforce
45878,6,4,240,4,0,0,0,PortScan
80,17,20,1200,0,0,0,0,DoS-UDP
54829,17,20,27980,0,0,0,0,BENIGN
80,6,20,1480,20,0,0,0,DoS-HTTP
80,6,20,1480,20,0,0,0,DoS-HTTP
49809,6,2,120,2,0,0,0,PortScan
80,17,20,1200,0,0,0,0,DoS-UDP
80,6,20,1200,20,0,0,0,DoS-SYN-Flood
40740,6,4,240,4,0,0,0,PortScan
80,6,20,1480,20,0,0,0,DoS-HTTP
80,17,20,1200,0,0,0,0,DoS-UDP
22,6,20,1200,9,0,11,0,SSH-Bruteforce
22,6,20,1200,0,0,20,0,SSH-Bruteforce
24941,6,2,120,2,0,0,0,PortScan
35478,6,4,240,4,0,0,0,PortScan
80,17,20,1200,0,0,0,0,DoS-UDP
0,1,20,1200,0,0,0,0,DoS-ICMP
10358,6,4,240,4,0,0,0,PortScan
80,6,20,1200,20,0,0,0,DoS-SYN-Flood
20651,6,8,464,8,8,0,0,SSH-Bruteforce
22784,6,8,464,8,8,0,0,SSH-Bruteforce
40848,6,4,240,4,0,0,0,PortScan
80,17,20,1200,0,0,0,0,DoS-UDP
20907,6,4,240,4,0,0,0,PortScan
80,6,20,1480,20,0,0,0,DoS-HTTP
80,6,20,1200,20,0,0,0,DoS-SYN-Flood
4696,6,6,360,6,0,0,0,PortScan
80,17,20,1200,0,0,0,0,DoS-UDP
51037,6,6,348,6,6,0,0,SSH-Bruteforce
80,17,20,1200,0,0,0,0,DoS-UDP
80,17,20,1200,0,0,0,0,DoS-UDP
80,6,20,1200,20,0,0,0,DoS-SYN-Flood
80,6,20,1480,20,0,0,0,DoS-HTTP
80,17,20,1200,0,0,0,0,DoS-UDP
36977,6,2,120,2,0,0,0,PortScan
80,17,20,1200,0,0,0,0,DoS-UDP
80,6,20,1200,20,0,0,0,DoS-SYN-Flood
22,6,20,1200,20,0,0,0,SSH-Bruteforce
80,6,20,1480,20,0,0,0,DoS-HTTP
80,6,20,1200,20,0,0,0,DoS-SYN-Flood
80,17,20,1200,0,0,0,0,DoS-UDP
22,6,20,1200,20,0,0,0,SSH-Bruteforce
0,1,20,840,0,0,0,0,DoS-ICMP
80,17,20,1200,0,0,0,0,DoS-UDP
22,6,20,1200,4,0,16,0,SSH-Bruteforce
0,1,20,1200,0,0,0,0,DoS-ICMP
80,6,20,1480,20,0,0,0,DoS-HTTP
31781,6,10,580,10,10,0,0,SSH-Bruteforce
0,1,20,840,0,0,0,0,DoS-ICMP
43061,6,8,464,8,8,0,0,SSH-Bruteforce
0,1,20,840,0,0,0,0,DoS-ICMP
0,1,20,1200,0,0,0,0,DoS-ICMP
80,6,20,1200,20,0,0,0,DoS-SYN-Flood
21935,6,2,120,2,0,0,0,PortScan
80,6,20,1200,20,0,0,0,DoS-SYN-Flood
80,6,20,1480,20,0,0,0,DoS-HTTP
42763,6,8,464,8,8,0,0,SSH-Bruteforce
80,17,20,1200,0,0,0,0,DoS-UDP
0,1,20,840,0,0,0,0,DoS-ICMP
80,17,20,1200,0,0,0,0,DoS-UDP
80,17,20,1200,0,0,0,0,DoS-UDP
0,1,20,1200,0,0,0,0,DoS-ICMP
80,6,20,1200,20,0,0,0,DoS-SYN-Flood
22,6,20,1200,20,0,0,0,SSH-Bruteforce
80,6,20,1200,20,0,0,0,DoS-SYN-Flood
80,6,20,1200,20,0,0,0,DoS-SYN-Flood
22,6,20,1200,20,0,0,0,SSH-Bruteforce
22,6,20,1200,20,0,0,0,SSH-Bruteforce
51351,6,2,120,2,0,0,0,PortScan
23605,6,7,406,7,7,0,0,SSH-Bruteforce
0,1,20,1200,0,0,0,0,DoS-ICMP
47241,6,9,522,9,9,0,0,SSH-Bruteforce
80,6,20,1200,20,0,0,0,DoS-SYN-Flood
80,17,20,1200,0,0,0,0,DoS-UDP
31484,6,4,240,4,0,0,0,PortScan
80,6,20,1200,20,0,0,0,DoS-SYN-Flood
80,6,20,1200,20,0,0,0,DoS-SYN-Flood
80,6,20,1200,20,0,0,0,DoS-SYN-Flood
80,6,20,1200,20,0,0,0,DoS-SYN-Flood
38388,6,2,120,2,0,0,0,PortScan
80,6,20,1200,20,0,0,0,DoS-SYN-Flood
80,6,20,1480,20,0,0,0,DoS-HTTP
0,1,20,840,0,0,0,0,DoS-ICMP
80,6,20,1480,20,0,0,0,DoS-HTTP
0,1,20,1200,0,0,0,0,DoS-ICMP
80,6,20,1480,20,0,0,0,DoS-HTTP
80,6,20,1480,20,0,0,0,DoS-HTTP
6364,6,6,360,6,0,0,0,PortScan
80,17,20,1200,0,0,0,0,DoS-UDP
50371,6,2,120,2,0,0,0,PortScan
0,1,20,840,0,0,0,0,DoS-ICMP
80,6,20,1200,20,0,0,0,DoS-SYN-Flood
80,6,20,1200,20,0,0,0,DoS-SYN-Flood
80,6,20,1200,20,0,0,0,DoS-SYN-Flood
80,17,20,1200,0,0,0,0,DoS-UDP
30069,6,2,120,2,0,0,0,PortScan
39248,6,2,120,2,0,0,0,PortScan
0,1,20,1200,0,0,0,0,DoS-ICMP
0,1,20,840,0,0,0,0,DoS-ICMP
80,6,20,1480,20,0,0,0,DoS-HTTP
80,17,20,1200,0,0,0,0,DoS-UDP
80,6,20,1480,20,0,0,0,DoS-HTTP
0,1,20,1200,0,0,0,0,DoS-ICMP
0,1,20,1200,0,0,0,0,DoS-ICMP
0,1,20,1200,0,0,0,0,DoS-ICMP
6694,6,4,240,4,0,0,0,PortScan
30961,6,2,120,2,0,0,0,PortScan
80,6,20,1200,20,0,0,0,DoS-SYN-Flood
45703,6,2,120,2,0,0,0,PortScan
80,6,20,1480,20,0,0,0,DoS-HTTP
0,1,20,840,0,0,0,0,DoS-ICMP
22,6,20,1200,9,0,11,0,SSH-Bruteforce
0,1,20,1200,0,0,0,0,DoS-ICMP
22,6,20,1200,0,0,20,0,SSH-Bruteforce
32331,6,8,464,8,8,0,0,SSH-Bruteforce
80,6,20,1200,20,0,0,0,DoS-SYN-Flood
80,6,20,1200,20,0,0,0,DoS-SYN-Flood
80,17,20,1200,0,0,0,0,DoS-UDP
80,17,20,1200,0,0,0,0,DoS-UDP
48782,6,1,54,0,1,1,0,BENIGN
80,6,20,1480,20,0,0,0,DoS-HTTP
22,6,20,1200,10,0,10,0,SSH-Bruteforce
80,17,20,1200,0,0,0,0,DoS-UDP
8313,6,6,360,6,0,0,0,PortScan
80,17,20,1200,0,0,0,0,DoS-UDP
47520,17,20,19983,0,0,0,0,BENIGN
80,6,20,1480,20,0,0,0,DoS-HTTP
80,17,20,1200,0,0,0,0,DoS-UDP
33240,6,20,29200,0,20,0,0,BENIGN
0,1,20,840,0,0,0,0,DoS-ICMP
46052,6,4,240,4,0,0,0,PortScan
80,6,20,1480,20,0,0,0,DoS-HTTP
80,17,20,1200,0,0,0,0,DoS-UDP
59372,6,8,464,8,8,0,0,SSH-Bruteforce
24057,6,6,348,6,6,0,0,SSH-Bruteforce
80,17,20,1200,0,0,0,0,DoS-UDP
80,6,20,1480,20,0,0,0,DoS-HTTP
80,6,20,1480,20,0,0,0,DoS-HTTP
80,6,20,1200,20,0,0,0,DoS-SYN-Flood
80,6,20,1200,20,0,0,0,DoS-SYN-Flood
0,1,20,1200,0,0,0,0,DoS-ICMP
22,6,20,1200,0,0,20,0,SSH-Bruteforce
80,6,20,1200,20,0,0,0,DoS-SYN-Flood
80,17,20,1200,0,0,0,0,DoS-UDP
53993,17,4,2291,0,0,0,0,BENIGN
0,1,20,1200,0,0,0,0,DoS-ICMP
48372,6,8,464,8,8,0,0,SSH-Bruteforce
7301,6,6,348,6,6,0,0,SSH-Bruteforce
0,1,20,1200,0,0,0,0,DoS-ICMP
80,6,20,1200,20,0,0,0,DoS-SYN-Flood
8818,6,4,240,4,0,0,0,PortScan
22162,6,4,240,4,0,0,0,PortScan
80,6,20,1480,20,0,0,0,DoS-HTTP
32952,6,2,120,2,0,0,0,PortScan
28086,6,10,580,10,10,0,0,SSH-Bruteforce
80,6,20,1480,20,0,0,0,DoS-HTTP
0,1,20,840,0,0,0,0,DoS-ICMP
0,1,20,1200,0,0,0,0,DoS-ICMP
80,17,20,1200,0,0,0,0,DoS-UDP
80,6,20,1200,20,0,0,0,DoS-SYN-Flood
80,6,20,1480,20,0,0,0,DoS-HTTP
0,1,20,840,0,0,0,0,DoS-ICMP
22,6,20,1200,20,0,0,0,SSH-Bruteforce
0,1,20,840,0,0,0,0,DoS-ICMP
41308,17,20,27716,0,0,0,0,BENIGN
64571,6,5,290,5,5,0,0,SSH-Bruteforce
80,17,20,1200,0,0,0,0,DoS-UDP
80,6,20,1200,20,0,0,0,DoS-SYN-Flood
80,6,20,1200,20,0,0,0,DoS-SYN-Flood
17905,6,2,120,2,0,0,0,PortScan
47043,6,2,120,2,0,0,0,PortScan
18794,6,6,348,6,6,0,0,SSH-Bruteforce
80,6,20,1480,20,0,0,0,DoS-HTTP
80,6,20,1480,20,0,0,0,DoS-HTTP
16770,6,7,406,7,7,0,0,SSH-Bruteforce
33835,6,2,120,2,0,0,0,PortScan
22,6,20,1200,0,0,20,0,SSH-Bruteforce
22511,6,6,348,6,6,0,0,SSH-Bruteforce
0,1,20,1200,0,0,0,0,DoS-ICMP
0,1,20,840,0,0,0,0,DoS-ICMP
12631,6,6,360,6,0,0,0,PortScan
49089,6,2,120,2,0,0,0,PortScan
80,6,20,1480,20,0,0,0,DoS-HTTP
22,6,20,1200,20,0,0,0,SSH-Bruteforce
80,6,20,1480,20,0,0,0,DoS-HTTP
41308,17,20,27980,0,0,0,0,BENIGN
0,1,20,1200,0,0,0,0,DoS-ICMP
80,6,20,1200,20,0,0,0,DoS-SYN-Flood
80,6,20,1480,20,0,0,0,DoS-HTTP
56912,6,4,240,4,0,0,0,PortScan
0,1,20,1200,0,0,0,0,DoS-ICMP
80,6,20,1480,20,0,0,0,DoS-HTTP
33071,6,8,464,8,8,0,0,SSH-Bruteforce
80,6,20,1200,20,0,0,0,DoS-SYN-Flood
0,1,20,1200,0,0,0,0,DoS-ICMP
443,6,20,1200,0,20,0,0,BENIGN
22,6,20,1200,0,0,20,0,SSH-Bruteforce
22,6,20,1200,20,0,0,0,SSH-Bruteforce
80,6,20,1200,20,0,0,0,DoS-SYN-Flood
20618,6,2,120,2,0,0,0,PortScan
80,6,20,1480,20,0,0,0,DoS-HTTP
0,1,20,1200,0,0,0,0,DoS-ICMP
0,1,20,1200,0,0,0,0,DoS-ICMP
80,6,20,1480,20,0,0,0,DoS-HTTP
22,6,20,1200,20,0,0,0,SSH-Bruteforce
62859,6,6,348,6,6,0,0,SSH-Bruteforce
80,6,20,1480,20,0,0,0,DoS-HTTP
11513,6,4,240,4,0,0,0,PortScan
80,6,20,1480,20,0,0,0,DoS-HTTP
0,1,20,840,0,0,0,0,DoS-ICMP
80,17,20,1200,0,0,0,0,DoS-UDP
1889,6,7,406,7,7,0,0,SSH-Bruteforce
80,6,20,1200,20,0,0,0,DoS-SYN-Flood
80,6,20,1200,20,0,0,0,DoS-SYN-Flood
30196,6,7,406,7,7,0,0,SSH-Bruteforce
9063,6,7,406,7,7,0,0,SSH-Bruteforce
80,17,20,1200,0,0,0,0,DoS-UDP
80,17,20,1200,0,0,0,0,DoS-UDP
80,6,20,1200,20,0,0,0,DoS-SYN-Flood
0,1,20,1200,0,0,0,0,DoS-ICMP
62923,6,4,240,4,0,0,0,PortScan
0,1,20,1200,0,0,0,0,DoS-ICMP
80,6,20,1200,20,0,0,0,DoS-SYN-Flood
80,17,20,1200,0,0,0,0,DoS-UDP
33240,6,20,29020,0,20,0,0,BENIGN
36520,17,20,27980,0,0,0,0,BENIGN
80,6,20,1480,20,0,0,0,DoS-HTTP
80,6,20,1480,20,0,0,0,DoS-HTTP
11225,6,4,240,4,0,0,0,PortScan
80,17,20,1200,0,0,0,0,DoS-UDP
80,6,20,1480,20,0,0,0,DoS-HTTP
8034,6,9,522,9,9,0,0,SSH-Bruteforce
80,6,20,1200,20,0,0,0,DoS-SYN-Flood
22,6,20,1200,9,0,11,0,SSH-Bruteforce
80,17,20,1200,0,0,0,0,DoS-UDP
80,17,20,1200,0,0,0,0,DoS-UDP
0,1,20,1200,0,0,0,0,DoS-ICMP
22,6,20,1200,20,0,0,0,SSH-Bruteforce
80,6,20,1200,20,0,0,0,DoS-SYN-Flood
0,1,20,840,0,0,0,0,DoS-ICMP
80,6,20,1200,20,0,0,0,DoS-SYN-Flood
80,17,20,1200,0,0,0,0,DoS-UDP
80,17,20,1200,0,0,0,0,DoS-UDP
80,17,20,1200,0,0,0,0,DoS-UDP
80,6,20,1200,20,0,0,0,DoS-SYN-Flood
34237,6,5,290,5,5,0,0,SSH-Bruteforce
0,1,20,840,0,0,0,0,DoS-ICMP
26001,6,4,240,4,0,0,0,PortScan
80,6,20,1480,20,0,0,0,DoS-HTTP
30765,6,2,120,2,0,0,0,PortScan
80,6,20,1200,20,0,0,0,DoS-SYN-Flood
7713,6,4,240,4,0,0,0,PortScan
0,1,20,840,0,0,0,0,DoS-ICMP
0,1,20,1200,0,0,0,0,DoS-ICMP
60979,6,4,240,4,0,0,0,PortScan
80,6,20,1480,20,0,0,0,DoS-HTTP
33240,6,20,29200,0,20,0,0,BENIGN
80,17,20,1200,0,0,0,0,DoS-UDP
0,1,20,1200,0,0,0,0,DoS-ICMP
80,6,20,1480,20,0,0,0,DoS-HTTP
0,1,20,840,0,0,0,0,DoS-ICMP
0,1,20,840,0,0,0,0,DoS-ICMP
0,1,20,1200,0,0,0,0,DoS-ICMP
0,1,20,1200,0,0,0,0,DoS-ICMP
10086,6,4,240,4,0,0,0,PortScan
22,6,20,1200,12,0,8,0,SSH-Bruteforce
443,17,20,12093,0,0,0,0,BENIGN
80,17,20,1200,0,0,0,0,DoS-UDP
80,6,20,1480,20,0,0,0,DoS-HTTP
80,17,20,1200,0,0,0,0,DoS-UDP
80,17,20,1200,0,0,0,0,DoS-UDP
0,1,20,1200,0,0,0,0,DoS-ICMP
80,17,20,1200,0,0,0,0,DoS-UDP
32438,6,2,120,2,0,0,0,PortScan
80,6,20,1200,20,0,0,0,DoS-SYN-Flood
0,1,20,840,0,0,0,0,DoS-ICMP
11183,6,6,348,6,6,0,0,SSH-Bruteforce
80,17,20,1200,0,0,0,0,DoS-UDP
0,1,20,1200,0,0,0,0,DoS-ICMP
63437,6,2,120,2,0,0,0,PortScan
32442,6,4,240,4,0,0,0,PortScan
0,1,20,1200,0,0,0,0,DoS-ICMP
80,6,20,1480,20,0,0,0,DoS-HTTP
0,1,20,840,0,0,0,0,DoS-ICMP
80,6,20,1200,20,0,0,0,DoS-SYN-Flood
80,17,20,1200,0,0,0,0,DoS-UDP
80,6,20,1480,20,0,0,0,DoS-HTTP
0,1,20,1200,0,0,0,0,DoS-ICMP
80,6,20,1200,20,0,0,0,DoS-SYN-Flood
80,6,20,1480,20,0,0,0,DoS-HTTP
22,6,20,1200,18,0,2,0,SSH-Bruteforce
45424,6,20,1422,0,20,0,0,BENIGN
31384,6,7,406,7,7,0,0,SSH-Bruteforce
80,17,20,1200,0,0,0,0,DoS-UDP
0,1,20,840,0,0,0,0,DoS-ICMP
30642,6,7,406,7,7,0,0,SSH-Bruteforce
443,6,20,11354,0,20,0,0,BENIGN
80,17,20,1200,0,0,0,0,DoS-UDP
27750,6,2,120,2,0,0,0,PortScan
80,17,20,1200,0,0,0,0,DoS-UDP
80,17,20,1200,0,0,0,0,DoS-UDP
80,17,20,1200,0,0,0,0,DoS-UDP
80,6,20,1480,20,0,0,0,DoS-HTTP
14041,6,4,240,4,0,0,0,PortScan
80,6,20,1200,20,0,0,0,DoS-SYN-Flood
80,17,20,1200,0,0,0,0,DoS-UDP
80,6,20,1480,20,0,0,0,DoS-HTTP
65514,6,8,464,8,8,0,0,SSH-Bruteforce
58947,6,4,240,4,0,0,0,PortScan
80,17,20,1200,0,0,0,0,DoS-UDP
80,17,20,1200,0,0,0,0,DoS-UDP
80,6,20,1480,20,0,0,0,DoS-HTTP
80,17,20,1200,0,0,0,0,DoS-UDP
0,1,20,840,0,0,0,0,DoS-ICMP
53053,6,4,240,4,0,0,0,PortScan
13475,6,6,360,6,0,0,0,PortScan
0,1,20,840,0,0,0,0,DoS-ICMP
22,6,20,1200,0,0,20,0,SSH-Bruteforce
80,6,20,1200,20,0,0,0,DoS-SYN-Flood
80,17,20,1200,0,0,0,0,DoS-UDP
80,6,20,1200,20,0,0,0,DoS-SYN-Flood
80,6,20,1200,20,0,0,0,DoS-SYN-Flood
80,6,20,1200,20,0,0,0,DoS-SYN-Flood
22,6,20,1200,9,0,11,0,SSH-Bruteforce
0,1,20,1200,0,0,0,0,DoS-ICMP
22,6,20,1200,20,0,0,0,SSH-Bruteforce
22,6,20,1200,20,0,0,0,SSH-Bruteforce
80,6,20,1200,20,0,0,0,DoS-SYN-Flood
80,17,20,1200,0,0,0,0,DoS-UDP
0,1,20,1200,0,0,0,0,DoS-ICMP
80,6,20,1480,20,0,0,0,DoS-HTTP
22,6,20,1200,16,0,4,0,SSH-Bruteforce
38596,6,7,406,7,7,0,0,SSH-Bruteforce
80,17,20,1200,0,0,0,0,DoS-UDP
80,17,20,1200,0,0,0,0,DoS-UDP
80,6,20,1480,20,0,0,0,DoS-HTTP
80,6,20,1480,20,0,0,0,DoS-HTTP
57361,6,4,240,4,0,0,0,PortScan
0,1,20,1200,0,0,0,0,DoS-ICMP
80,6,20,1200,20,0,0,0,DoS-SYN-Flood
80,17,20,1200,0,0,0,0,DoS-UDP
80,17,20,1200,0,0,0,0,DoS-UDP
80,6,20,1480,20,0,0,0,DoS-HTTP
22,6,20,1200,5,0,15,0,SSH-Bruteforce
0,1,20,1200,0,0,0,0,DoS-ICMP
80,17,20,1200,0,0,0,0,DoS-UDP
0,1,20,1200,0,0,0,0,DoS-ICMP
22,6,20,1200,7,0,13,0,SSH-Bruteforce
0,1,20,840,0,0,0,0,DoS-ICMP
80,17,20,1200,0,0,0,0,DoS-UDP
80,6,20,1200,20,0,0,0,DoS-SYN-Flood
80,6,20,1480,20,0,0,0,DoS-HTTP
80,6,20,1200,20,0,0,0,DoS-SYN-Flood
80,6,20,1200,20,0,0,0,DoS-SYN-Flood
80,6,20,1480,20,0,0,0,DoS-HTTP
80,17,20,1200,0,0,0,0,DoS-UDP
80,17,20,1200,0,0,0,0,DoS-UDP
9413,6,4,240,4,0,0,0,PortScan
0,1,20,840,0,0,0,0,DoS-ICMP
50701,6,7,406,7,7,0,0,SSH-Bruteforce
0,1,20,1200,0,0,0,0,DoS-ICMP
80,6,20,1200,20,0,0,0,DoS-SYN-Flood
0,1,20,840,0,0,0,0,DoS-ICMP
80,6,20,1480,20,0,0,0,DoS-HTTP
80,6,20,1200,20,0,0,0,DoS-SYN-Flood
443,6,20,2686,1,19,0,1,BENIGN
80,6,20,1200,20,0,0,0,DoS-SYN-Flood
0,1,20,1200,0,0,0,0,DoS-ICMP
80,17,20,1200,0,0,0,0,DoS-UDP
22,6,20,1200,4,0,16,0,SSH-Bruteforce
0,1,20,1200,0,0,0,0,DoS-ICMP
22,6,20,1200,0,0,20,0,SSH-Bruteforce
80,6,20,1480,20,0,0,0,DoS-HTTP
80,17,20,1200,0,0,0,0,DoS-UDP
0,1,20,840,0,0,0,0,DoS-ICMP
0,1,20,1200,0,0,0,0,DoS-ICMP
80,6,20,1480,20,0,0,0,DoS-HTTP
80,6,20,1480,20,0,0,0,DoS-HTTP
6891,6,6,348,6,6,0,0,SSH-Bruteforce
80,6,20,1480,20,0,0,0,DoS-HTTP
80,6,20,1480,20,0,0,0,DoS-HTTP
6961,6,5,290,5,5,0,0,SSH-Bruteforce
80,6,20,1480,20,0,0,0,DoS-HTTP
80,6,20,1200,20,0,0,0,DoS-SYN-Flood
23626,6,6,348,6,6,0,0,SSH-Bruteforce
80,6,20,1480,20,0,0,0,DoS-HTTP
80,6,20,1200,20,0,0,0,DoS-SYN-Flood
0,1,20,1200,0,0,0,0,DoS-ICMP
0,1,20,1200,0,0,0,0,DoS-ICMP
46405,6,4,240,4,0,0,0,PortScan
80,17,20,1200,0,0,0,0,DoS-UDP
48806,17,20,27980,0,0,0,0,BENIGN
22309,6,4,240,4,0,0,0,PortScan
17053,6,2,120,2,0,0,0,PortScan
80,6,20,1200,20,0,0,0,DoS-SYN-Flood
33105,6,9,522,9,9,0,0,SSH-Bruteforce
80,17,20,1200,0,0,0,0,DoS-UDP
80,6,20,1200,20,0,0,0,DoS-SYN-Flood
0,1,20,1200,0,0,0,0,DoS-ICMP
0,1,20,1200,0,0,0,0,DoS-ICMP
80,6,20,1200,20,0,0,0,DoS-SYN-Flood
0,1,20,1200,0,0,0,0,DoS-ICMP
45818,6,2,120,2,0,0,0,PortScan
80,17,20,1200,0,0,0,0,DoS-UDP
0,1,20,840,0,0,0,0,DoS-ICMP
80,17,20,1200,0,0,0,0,DoS-UDP
0,1,20,840,0,0,0,0,DoS-ICMP
80,6,20,1480,20,0,0,0,DoS-HTTP
44110,6,8,464,8,8,0,0,SSH-Bruteforce
25388,6,6,348,6,6,0,0,SSH-Bruteforce
53889,6,4,240,4,0,0,0,PortScan
80,6,20,1480,20,0,0,0,DoS-HTTP
80,17,20,1200,0,0,0,0,DoS-UDP
80,6,20,1480,20,0,0,0,DoS-HTTP
80,17,20,1200,0,0,0,0,DoS-UDP
22,6,20,1200,20,0,0,0,SSH-Bruteforce
0,1,20,1200,0,0,0,0,DoS-ICMP
51953,6,2,120,2,0,0,0,PortScan
39902,17,20,27980,0,0,0,0,BENIGN
52486,6,7,406,7,7,0,0,SSH-Bruteforce
80,17,20,1200,0,0,0,0,DoS-UDP
80,6,20,1200,20,0,0,0,DoS-SYN-Flood
80,17,20,1200,0,0,0,0,DoS-UDP
0,1,20,840,0,0,0,0,DoS-ICMP
80,6,20,1480,20,0,0,0,DoS-HTTP
22,6,20,1200,0,0,20,0,SSH-Bruteforce
42350,6,20,28960,0,20,0,0,BENIGN
80,6,20,1200,20,0,0,0,DoS-SYN-Flood
55506,6,6,348,6,6,0,0,SSH-Bruteforce
80,17,20,1200,0,0,0,0,DoS-UDP
80,17,20,1200,0,0,0,0,DoS-UDP
80,17,20,1200,0,0,0,0,DoS-UDP
80,6,20,1480,20,0,0,0,DoS-HTTP
80,6,20,1200,20,0,0,0,DoS-SYN-Flood
80,6,20,1480,20,0,0,0,DoS-HTTP
0,1,20,1200,0,0,0,0,DoS-ICMP
0,1,20,1200,0,0,0,0,DoS-ICMP
80,17,20,1200,0,0,0,0,DoS-UDP
33240,6,20,28780,0,20,0,0,BENIGN
51358,6,9,522,9,9,0,0,SSH-Bruteforce
30666,6,2,120,2,0,0,0,PortScan
0,1,20,840,0,0,0,0,DoS-ICMP
45249,6,10,580,10,10,0,0,SSH-Bruteforce
60516,6,20,27857,0,20,0,0,BENIGN
80,6,20,1200,20,0,0,0,DoS-SYN-Flood
58341,6,2,120,2,0,0,0,PortScan
80,17,20,1200,0,0,0,0,DoS-UDP
80,6,20,1480,20,0,0,0,DoS-HTTP
80,17,20,1200,0,0,0,0,DoS-UDP
80,6,20,1200,20,0,0,0,DoS-SYN-Flood
33586,6,2,120,2,0,0,0,PortScan
80,17,20,1200,0,0,0,0,DoS-UDP
80,17,20,1200,0,0,0,0,DoS-UDP
80,6,20,1200,20,0,0,0,DoS-SYN-Flood
80,17,20,1200,0,0,0,0,DoS-UDP
51522,6,2,120,2,0,0,0,PortScan
22,6,20,1200,20,0,0,0,SSH-Bruteforce
80,6,20,1480,20,0,0,0,DoS-HTTP
80,6,20,1200,20,0,0,0,DoS-SYN-Flood
36520,17,20,27980,0,0,0,0,BENIGN
22,6,20,1200,0,0,20,0,SSH-Bruteforce
0,1,20,1200,0,0,0,0,DoS-ICMP
22,6,20,1200,1,0,19,0,SSH-Bruteforce
22,6,20,1200,20,0,0,0,SSH-Bruteforce
57791,6,2,120,2,0,0,0,PortScan
80,17,20,1200,0,0,0,0,DoS-UDP
80,6,20,1480,20,0,0,0,DoS-HTTP
80,17,20,1200,0,0,0,0,DoS-UDP
0,1,20,1200,0,0,0,0,DoS-ICMP
80,17,20,1200,0,0,0,0,DoS-UDP
42857,6,7,406,7,7,0,0,SSH-Bruteforce
15430,6,7,406,7,7,0,0,SSH-Bruteforce
80,17,20,1200,0,0,0,0,DoS-UDP
61775,6,2,120,2,0,0,0,PortScan
0,1,20,840,0,0,0,0,DoS-ICMP
80,17,20,1200,0,0,0,0,DoS-UDP
80,6,20,1200,20,0,0,0,DoS-SYN-Flood
80,17,20,1200,0,0,0,0,DoS-UDP
80,6,20,1200,20,0,0,0,DoS-SYN-Flood
0,1,20,1200,0,0,0,0,DoS-ICMP
80,17,20,1200,0,0,0,0,DoS-UDP
443,6,20,1200,0,20,0,0,BENIGN
26061,6,2,120,2,0,0,0,PortScan
22,6,20,1200,1,0,19,0,SSH-Bruteforce
80,6,20,1480,20,0,0,0,DoS-HTTP
80,6,20,1200,20,0,0,0,DoS-SYN-Flood
0,1,20,840,0,0,0,0,DoS-ICMP
42440,17,20,27980,0,0,0,0,BENIGN
5353,17,3,635,0,0,0,0,DoS-HTTP
0,1,20,1200,0,0,0,0,DoS-ICMP
80,17,20,1200,0,0,0,0,DoS-UDP
0,1,20,840,0,0,0,0,DoS-ICMP
80,17,20,1200,0,0,0,0,DoS-UDP
80,17,20,1200,0,0,0,0,DoS-UDP
0,1,20,1200,0,0,0,0,DoS-ICMP
33240,6,20,29680,0,20,0,0,BENIGN
46200,6,7,406,7,7,0,0,SSH-Bruteforce
80,17,20,1200,0,0,0,0,DoS-UDP
22,6,20,1200,14,0,6,0,SSH-Bruteforce
80,17,20,1200,0,0,0,0,DoS-UDP
80,6,20,1200,20,0,0,0,DoS-SYN-Flood
80,17,20,1200,0,0,0,0,DoS-UDP
59804,6,20,17662,0,20,0,0,BENIGN
496,6,6,348,6,6,0,0,SSH-Bruteforce
35952,6,9,522,9,9,0,0,SSH-Bruteforce
80,6,20,1200,20,0,0,0,DoS-SYN-Flood
0,1,20,840,0,0,0,0,DoS-ICMP
443,17,20,12220,0,0,0,0,BENIGN
0,1,20,840,0,0,0,0,DoS-ICMP
443,6,20,1200,0,20,0,0,BENIGN
0,1,20,840,0,0,0,0,DoS-ICMP
80,17,20,1200,0,0,0,0,DoS-UDP
80,6,20,1200,20,0,0,0,DoS-SYN-Flood
80,6,20,1200,20,0,0,0,DoS-SYN-Flood
80,17,20,1200,0,0,0,0,DoS-UDP
0,1,20,1200,0,0,0,0,DoS-ICMP
21596,6,8,464,8,8,0,0,SSH-Bruteforce
36520,17,20,27980,0,0,0,0,BENIGN
80,6,20,1200,20,0,0,0,DoS-SYN-Flood
767,6,6,348,6,6,0,0,SSH-Bruteforce
22,6,20,1200,20,0,0,0,SSH-Bruteforce
80,6,20,1480,20,0,0,0,DoS-HTTP
60886,6,20,30280,0,20,0,0,BENIGN
0,1,20,840,0,0,0,0,DoS-ICMP
25422,6,4,240,4,0,0,0,PortScan
59520,6,8,464,8,8,0,0,SSH-Bruteforce
80,6,20,1480,20,0,0,0,DoS-HTTP
80,17,20,1200,0,0,0,0,DoS-UDP
34742,6,9,522,9,9,0,0,SSH-Bruteforce
0,1,20,1200,0,0,0,0,DoS-ICMP
53296,6,20,28900,0,20,0,0,BENIGN
46782,6,2,120,2,0,0,0,PortScan
17224,6,8,464,8,8,0,0,SSH-Bruteforce
0,1,20,1200,0,0,0,0,DoS-ICMP
0,1,20,840,0,0,0,0,DoS-ICMP
80,6,20,1200,20,0,0,0,DoS-SYN-Flood
22,6,20,1200,10,0,10,0,SSH-Bruteforce
80,6,20,1200,20,0,0,0,DoS-SYN-Flood
80,17,20,1200,0,0,0,0,DoS-UDP
80,17,20,1200,0,0,0,0,DoS-UDP
80,6,20,1200,20,0,0,0,DoS-SYN-Flood
80,6,20,1480,20,0,0,0,DoS-HTTP
48219,6,4,240,4,0,0,0,PortScan
0,1,20,1200,0,0,0,0,DoS-ICMP
51401,6,7,406,7,7,0,0,SSH-Bruteforce
60886,6,20,29320,0,20,0,0,BENIGN
80,6,20,1200,20,0,0,0,DoS-SYN-Flood
80,17,20,1200,0,0,0,0,DoS-UDP
80,6,20,1200,20,0,0,0,DoS-SYN-Flood
2537,6,4,240,4,0,0,0,PortScan
42249,6,4,240,4,0,0,0,PortScan
80,6,20,1200,20,0,0,0,DoS-SYN-Flood
22,6,20,1200,0,0,20,0,SSH-Bruteforce
80,6,20,1480,20,0,0,0,DoS-HTTP
0,1,20,840,0,0,0,0,DoS-ICMP
4821,6,7,406,7,7,0,0,SSH-Bruteforce
80,6,20,1200,20,0,0,0,DoS-SYN-Flood
41308,17,20,27980,0,0,0,0,BENIGN
80,6,20,1480,20,0,0,0,DoS-HTTP
80,6,20,1480,20,0,0,0,DoS-HTTP
33240,6,20,29740,0,20,0,0,BENIGN
80,17,20,1200,0,0,0,0,DoS-UDP
80,6,20,1480,20,0,0,0,DoS-HTTP
60886,6,20,29200,0,20,0,0,BENIGN
31963,6,6,348,6,6,0,0,SSH-Bruteforce
80,17,20,1200,0,0,0,0,DoS-UDP
3785,6,4,240,4,0,0,0,PortScan
5359,6,6,360,6,0,0,0,PortScan
0,1,20,1200,0,0,0,0,DoS-ICMP
0,1,20,840,0,0,0,0,DoS-ICMP
80,6,20,1200,20,0,0,0,DoS-SYN-Flood
64078,6,6,348,6,6,0,0,SSH-Bruteforce
80,6,20,1200,20,0,0,0,DoS-SYN-Flood
80,6,20,1200,20,0,0,0,DoS-SYN-Flood
80,6,20,1200,20,0,0,0,DoS-SYN-Flood
8541,6,6,360,6,0,0,0,PortScan
22,6,20,1200,20,0,0,0,SSH-Bruteforce
80,6,20,1480,20,0,0,0,DoS-HTTP
0,1,20,840,0,0,0,0,DoS-ICMP
80,6,20,1480,20,0,0,0,DoS-HTTP
80,6,20,1480,20,0,0,0,DoS-HTTP
3071,6,4,240,4,0,0,0,PortScan
42444,6,2,120,2,0,0,0,PortScan
80,17,20,1200,0,0,0,0,DoS-UDP
53700,6,8,464,8,8,0,0,SSH-Bruteforce
80,6,20,1200,20,0,0,0,DoS-SYN-Flood
80,6,20,1200,20,0,0,0,DoS-SYN-Flood
22,6,20,1200,20,0,0,0,SSH-Bruteforce
43992,17,20,27980,0,0,0,0,BENIGN
3917,6,4,240,4,0,0,0,PortScan
80,6,20,1200,20,0,0,0,DoS-SYN-Flood
0,1,20,840,0,0,0,0,DoS-ICMP
4454,6,6,360,6,0,0,0,PortScan
3270,6,4,240,4,0,0,0,PortScan
0,1,20,1200,0,0,0,0,DoS-ICMP
0,1,20,1200,0,0,0,0,DoS-ICMP
22,6,20,1200,0,0,20,0,SSH-Bruteforce
80,17,20,1200,0,0,0,0,DoS-UDP
80,6,20,1200,20,0,0,0,DoS-SYN-Flood
22,6,20,1200,6,0,14,0,SSH-Bruteforce
20958,6,7,406,7,7,0,0,SSH-Bruteforce
58376,6,7,406,7,7,0,0,SSH-Bruteforce
49642,6,8,464,8,8,0,0,SSH-Bruteforce
0,1,20,840,0,0,0,0,DoS-ICMP
32716,6,4,240,4,0,0,0,PortScan
4470,6,9,522,9,9,0,0,SSH-Bruteforce
80,17,20,1200,0,0,0,0,DoS-UDP
47549,6,9,522,9,9,0,0,SSH-Bruteforce
80,6,20,1480,20,0,0,0,DoS-HTTP
0,1,20,1200,0,0,0,0,DoS-ICMP
61147,6,2,120,2,0,0,0,PortScan
80,6,20,1480,20,0,0,0,DoS-HTTP
59646,6,20,29260,0,20,0,0,BENIGN
13652,6,12,696,12,12,0,0,SSH-Bruteforce
34249,6,6,348,6,6,0,0,SSH-Bruteforce
60886,6,20,19280,0,20,0,0,BENIGN
80,6,20,1200,20,0,0,0,DoS-SYN-Flood
80,6,20,1480,20,0,0,0,DoS-HTTP
80,17,20,1200,0,0,0,0,DoS-UDP
28409,6,2,120,2,0,0,0,PortScan
80,6,20,1480,20,0,0,0,DoS-HTTP
80,6,20,1200,20,0,0,0,DoS-SYN-Flood
44588,6,7,406,7,7,0,0,SSH-Bruteforce
0,1,20,840,0,0,0,0,DoS-ICMP
46398,17,20,26668,0,0,0,0,BENIGN
22,6,20,1200,6,0,14,0,SSH-Bruteforce
443,6,20,1200,0,20,0,0,BENIGN
22,6,20,1200,2,0,18,0,SSH-Bruteforce
45424,6,20,8370,0,20,0,0,BENIGN
55059,6,2,120,2,0,0,0,PortScan
80,6,20,1200,20,0,0,0,DoS-SYN-Flood
80,6,20,1200,20,0,0,0,DoS-SYN-Flood
80,6,20,1200,20,0,0,0,DoS-SYN-Flood
80,6,20,1200,20,0,0,0,DoS-SYN-Flood
80,6,20,1200,20,0,0,0,DoS-SYN-Flood
0,1,20,1200,0,0,0,0,DoS-ICMP
80,6,20,1200,20,0,0,0,DoS-SYN-Flood
0,1,20,840,0,0,0,0,DoS-ICMP
80,6,20,1200,20,0,0,0,DoS-SYN-Flood
80,17,20,1200,0,0,0,0,DoS-UDP
0,1,20,840,0,0,0,0,DoS-ICMP
26601,6,2,120,2,0,0,0,PortScan
443,6,20,1200,0,20,0,0,BENIGN
80,17,20,1200,0,0,0,0,DoS-UDP
80,6,20,1480,20,0,0,0,DoS-HTTP
46433,6,2,120,2,0,0,0,PortScan
27840,6,4,240,4,0,0,0,PortScan
24514,6,2,120,2,0,0,0,PortScan
80,17,20,1200,0,0,0,0,DoS-UDP
80,17,20,1200,0,0,0,0,DoS-UDP
80,6,20,1200,20,0,0,0,DoS-SYN-Flood
45345,6,8,464,8,8,0,0,SSH-Bruteforce
47822,6,20,28900,0,20,0,0,BENIGN
80,17,20,1200,0,0,0,0,DoS-UDP
47094,17,20,27980,0,0,0,0,BENIGN
80,17,20,1200,0,0,0,0,DoS-UDP
80,6,20,1480,20,0,0,0,DoS-HTTP
0,1,20,1200,0,0,0,0,DoS-ICMP
80,6,20,1200,20,0,0,0,DoS-SYN-Flood
80,6,20,1480,20,0,0,0,DoS-HTTP
80,6,20,1480,20,0,0,0,DoS-HTTP
80,6,20,1480,20,0,0,0,DoS-HTTP
0,1,20,840,0,0,0,0,DoS-ICMP
80,17,20,1200,0,0,0,0,DoS-UDP
80,6,20,1480,20,0,0,0,DoS-HTTP
22,6,20,1200,0,0,20,0,SSH-Bruteforce
80,6,20,1480,20,0,0,0,DoS-HTTP
80,17,20,1200,0,0,0,0,DoS-UDP
80,17,20,1200,0,0,0,0,DoS-UDP
80,6,20,1200,20,0,0,0,DoS-SYN-Flood
80,6,20,1200,20,0,0,0,DoS-SYN-Flood
80,17,20,1200,0,0,0,0,DoS-UDP
12703,6,4,240,4,0,0,0,PortScan
20780,6,2,120,2,0,0,0,PortScan
80,6,20,1480,20,0,0,0,DoS-HTTP
80,6,20,1480,20,0,0,0,DoS-HTTP
80,6,20,1480,20,0,0,0,DoS-HTTP
80,6,20,1480,20,0,0,0,DoS-HTTP
80,6,20,1480,20,0,0,0,DoS-HTTP
50775,6,7,406,7,7,0,0,SSH-Bruteforce
31496,6,10,580,10,10,0,0,SSH-Bruteforce
80,6,20,1200,20,0,0,0,DoS-SYN-Flood
50841,6,2,120,2,0,0,0,PortScan
80,17,20,1200,0,0,0,0,DoS-UDP
80,17,20,1200,0,0,0,0,DoS-UDP
80,6,20,1200,20,0,0,0,DoS-SYN-Flood
53602,6,5,290,5,5,0,0,SSH-Bruteforce
80,17,20,1200,0,0,0,0,DoS-UDP
36520,17,20,27980,0,0,0,0,BENIGN
23671,6,7,406,7,7,0,0,SSH-Bruteforce
905,6,6,348,6,6,0,0,SSH-Bruteforce
21209,6,2,120,2,0,0,0,PortScan
0,1,20,1200,0,0,0,0,DoS-ICMP
16867,6,2,120,2,0,0,0,PortScan
80,17,20,1200,0,0,0,0,DoS-UDP
80,17,20,1200,0,0,0,0,DoS-UDP
581,6,6,360,6,0,0,0,PortScan
43761,6,4,240,4,0,0,0,PortScan
57848,6,4,240,4,0,0,0,PortScan
54809,6,4,240,4,0,0,0,PortScan
0,1,20,840,0,0,0,0,DoS-ICMP
0,1,20,1200,0,0,0,0,DoS-ICMP
39902,17,20,27980,0,0,0,0,BENIGN
80,6,20,1200,20,0,0,0,DoS-SYN-Flood
0,1,20,1200,0,0,0,0,DoS-ICMP
80,6,20,1480,20,0,0,0,DoS-HTTP
54829,17,20,27980,0,0,0,0,BENIGN
2679,6,6,360,6,0,0,0,PortScan
28751,6,8,464,8,8,0,0,SSH-Bruteforce
22,6,20,1200,20,0,0,0,SSH-Bruteforce
80,6,20,1200,20,0,0,0,DoS-SYN-Flood
7847,6,6,348,6,6,0,0,SSH-Bruteforce
0,1,20,840,0,0,0,0,DoS-ICMP
22,6,20,1200,0,0,20,0,SSH-Bruteforce
80,6,20,1480,20,0,0,0,DoS-HTTP
43726,6,2,120,2,0,0,0,PortScan
19593,6,4,240,4,0,0,0,PortScan
0,1,20,1200,0,0,0,0,DoS-ICMP
677,6,4,240,4,0,0,0,PortScan
80,17,20,1200,0,0,0,0,DoS-UDP
23309,6,6,348,6,6,0,0,SSH-Bruteforce
25596,6,8,464,8,8,0,0,SSH-Bruteforce
80,6,20,1480,20,0,0,0,DoS-HTTP
0,1,20,840,0,0,0,0,DoS-ICMP
80,17,20,1200,0,0,0,0,DoS-UDP
30176,6,7,406,7,7,0,0,SSH-Bruteforce
80,6,20,1480,20,0,0,0,DoS-HTTP
80,6,20,1200,20,0,0,0,DoS-SYN-Flood
33240,6,20,29080,0,20,0,0,BENIGN
80,6,20,1200,20,0,0,0,DoS-SYN-Flood
49224,6,7,406,7,7,0,0,SSH-Bruteforce
80,6,20,1480,20,0,0,0,DoS-HTTP
20113,6,6,348,6,6,0,0,SSH-Bruteforce
80,6,20,1480,20,0,0,0,DoS-HTTP
80,17,20,1200,0,0,0,0,DoS-UDP
46793,6,10,580,10,10,0,0,SSH-Bruteforce
22634,6,10,580,10,10,0,0,SSH-Bruteforce
13629,6,4,240,4,0,0,0,PortScan
23571,6,2,120,2,0,0,0,PortScan
80,17,20,1200,0,0,0,0,DoS-UDP
80,6,20,1480,20,0,0,0,DoS-HTTP
35854,6,20,28845,0,20,0,0,BENIGN
80,17,20,1200,0,0,0,0,DoS-UDP
80,6,20,1480,20,0,0,0,DoS-HTTP
28717,6,9,522,9,9,0,0,SSH-Bruteforce
80,17,20,1200,0,0,0,0,DoS-UDP
80,17,20,1200,0,0,0,0,DoS-UDP
0,1,20,1200,0,0,0,0,DoS-ICMP
54829,17,20,27980,0,0,0,0,BENIGN
80,6,20,1200,20,0,0,0,DoS-SYN-Flood
80,6,20,1200,20,0,0,0,DoS-SYN-Flood
80,17,20,1200,0,0,0,0,DoS-UDP
60886,6,20,29020,0,20,0,0,BENIGN
1999,6,4,240,4,0,0,0,PortScan
0,1,20,840,0,0,0,0,DoS-ICMP
0,1,20,840,0,0,0,0,DoS-ICMP
0,1,20,1200,0,0,0,0,DoS-ICMP
80,6,20,1480,20,0,0,0,DoS-HTTP
80,6,20,1200,20,0,0,0,DoS-SYN-Flood
80,6,20,1480,20,0,0,0,DoS-HTTP
37732,17,12,8235,0,0,0,0,BENIGN
51555,6,7,406,7,7,0,0,SSH-Bruteforce
80,6,20,1200,20,0,0,0,DoS-SYN-Flood
41965,6,9,522,9,9,0,0,SSH-Bruteforce
18293,6,6,348,6,6,0,0,SSH-Bruteforce
34398,6,6,348,6,6,0,0,SSH-Bruteforce
7945,6,4,240,4,0,0,0,PortScan
60608,6,4,232,4,4,0,0,SSH-Bruteforce
27543,6,2,120,2,0,0,0,PortScan
33240,6,20,29380,0,20,0,0,BENIGN
80,6,20,1200,20,0,0,0,DoS-SYN-Flood
10769,6,6,348,6,6,0,0,SSH-Bruteforce
54374,6,7,406,7,7,0,0,SSH-Bruteforce
41560,6,20,17313,1,20,0,0,BENIGN
80,6,20,1480,20,0,0,0,DoS-HTTP
80,6,20,1200,20,0,0,0,DoS-SYN-Flood
80,6,20,1480,20,0,0,0,DoS-HTTP
23850,6,2,120,2,0,0,0,PortScan
80,17,20,1200,0,0,0,0,DoS-UDP
36520,17,20,27980,0,0,0,0,BENIGN
30505,6,4,240,4,0,0,0,PortScan
80,17,20,1200,0,0,0,0,DoS-UDP
80,17,20,1200,0,0,0,0,DoS-UDP
3091,6,4,240,4,0,0,0,PortScan
0,1,20,840,0,0,0,0,DoS-ICMP
0,1,20,1200,0,0,0,0,DoS-ICMP
25041,6,2,120,2,0,0,0,PortScan
80,6,20,1200,20,0,0,0,DoS-SYN-Flood
80,17,20,1200,0,0,0,0,DoS-UDP
32162,6,2,120,2,0,0,0,PortScan
0,1,20,1200,0,0,0,0,DoS-ICMP
0,1,20,840,0,0,0,0,DoS-ICMP
80,17,20,1200,0,0,0,0,DoS-UDP
6008,6,6,360,6,0,0,0,PortScan
80,17,20,1200,0,0,0,0,DoS-UDP
80,6,20,1200,20,0,0,0,DoS-SYN-Flood
80,6,20,1480,20,0,0,0,DoS-HTTP
80,6,20,1200,20,0,0,0,DoS-SYN-Flood
43077,6,2,120,2,0,0,0,PortScan
80,6,20,1200,20,0,0,0,DoS-SYN-Flood
80,17,20,1200,0,0,0,0,DoS-UDP
80,6,20,1200,20,0,0,0,DoS-SYN-Flood
35266,6,2,120,2,0,0,0,PortScan
80,6,20,1480,20,0,0,0,DoS-HTTP
80,6,20,1200,20,0,0,0,DoS-SYN-Flood
80,6,20,1200,20,0,0,0,DoS-SYN-Flood
80,6,20,1480,20,0,0,0,DoS-HTTP
80,17,20,1200,0,0,0,0,DoS-UDP
0,1,20,1200,0,0,0,0,DoS-ICMP
39070,6,2,120,2,0,0,0,PortScan
17165,6,2,120,2,0,0,0,PortScan
22,6,20,1200,20,0,0,0,SSH-Bruteforce
80,6,20,1200,20,0,0,0,DoS-SYN-Flood
10011,6,6,360,6,0,0,0,PortScan
80,6,20,1200,20,0,0,0,DoS-SYN-Flood
80,6,20,1480,20,0,0,0,DoS-HTTP
80,6,20,1480,20,0,0,0,DoS-HTTP
80,6,20,1480,20,0,0,0,DoS-HTTP
18651,6,2,120,2,0,0,0,PortScan
80,17,20,1200,0,0,0,0,DoS-UDP
0,1,20,840,0,0,0,0,DoS-ICMP
22,6,20,1200,0,0,20,0,SSH-Bruteforce
80,6,20,1200,20,0,0,0,DoS-SYN-Flood
80,6,20,1200,20,0,0,0,DoS-SYN-Flood
22,6,20,1200,20,0,0,0,SSH-Bruteforce
80,17,20,1200,0,0,0,0,DoS-UDP
80,17,20,1200,0,0,0,0,DoS-UDP
80,6,20,1480,20,0,0,0,DoS-HTTP
80,6,20,1200,20,0,0,0,DoS-SYN-Flood
0,1,20,840,0,0,0,0,DoS-ICMP
31752,6,2,120,2,0,0,0,PortScan
80,6,20,1200,20,0,0,0,DoS-SYN-Flood
80,17,20,1200,0,0,0,0,DoS-UDP
80,6,20,1200,20,0,0,0,DoS-SYN-Flood
64888,6,2,120,2,0,0,0,PortScan
43992,17,20,27980,0,0,0,0,BENIGN
36520,17,20,27980,0,0,0,0,BENIGN
80,6,20,1480,20,0,0,0,DoS-HTTP
0,1,20,840,0,0,0,0,DoS-ICMP
80,6,20,1200,20,0,0,0,DoS-SYN-Flood
22,6,20,1200,20,0,0,0,SSH-Bruteforce
80,6,20,1480,20,0,0,0,DoS-HTTP
80,6,20,1200,20,0,0,0,DoS-SYN-Flood
0,1,20,1200,0,0,0,0,DoS-ICMP
0,1,20,1200,0,0,0,0,DoS-ICMP
80,6,20,1200,20,0,0,0,DoS-SYN-Flood
80,17,20,1200,0,0,0,0,DoS-UDP
80,6,20,1480,20,0,0,0,DoS-HTTP
22,6,20,1200,5,0,15,0,SSH-Bruteforce
0,1,20,840,0,0,0,0,DoS-ICMP
47553,6,10,580,10,10,0,0,SSH-Bruteforce
443,6,20,1200,0,20,0,0,BENIGN
0,1,20,1200,0,0,0,0,DoS-ICMP
21650,6,9,522,9,9,0,0,SSH-Bruteforce
46475,6,2,120,2,0,0,0,PortScan
80,6,20,1200,20,0,0,0,DoS-SYN-Flood
80,6,20,1200,20,0,0,0,DoS-SYN-Flood
80,17,20,1200,0,0,0,0,DoS-UDP
0,1,20,840,0,0,0,0,DoS-ICMP
80,6,20,1200,20,0,0,0,DoS-SYN-Flood
80,6,20,1200,20,0,0,0,DoS-SYN-Flood
80,6,20,1200,20,0,0,0,DoS-SYN-Flood
80,17,20,1200,0,0,0,0,DoS-UDP
29009,6,2,120,2,0,0,0,PortScan
80,6,20,1480,20,0,0,0,DoS-HTTP
80,6,20,1480,20,0,0,0,DoS-HTTP
15079,6,2,120,2,0,0,0,PortScan
36268,17,20,27980,0,0,0,0,BENIGN
80,17,20,1200,0,0,0,0,DoS-UDP
0,1,20,1200,0,0,0,0,DoS-ICMP
80,6,20,1200,20,0,0,0,DoS-SYN-Flood
443,6,20,2197,0,20,0,0,BENIGN
80,17,20,1200,0,0,0,0,DoS-UDP
80,17,20,1200,0,0,0,0,DoS-UDP
80,6,20,1200,20,0,0,0,DoS-SYN-Flood
80,17,20,1200,0,0,0,0,DoS-UDP
80,17,20,1200,0,0,0,0,DoS-UDP
80,6,20,1200,20,0,0,0,DoS-SYN-Flood
80,17,20,1200,0,0,0,0,DoS-UDP
22,6,20,1200,10,0,10,0,SSH-Bruteforce
53730,6,4,240,4,0,0,0,PortScan
80,6,20,1480,20,0,0,0,DoS-HTTP
80,17,20,1200,0,0,0,0,DoS-UDP
4917,6,4,240,4,0,0,0,PortScan
41308,17,20,27980,0,0,0,0,BENIGN
0,1,20,1200,0,0,0,0,DoS-ICMP
80,6,20,1200,20,0,0,0,DoS-SYN-Flood
2257,6,5,290,5,5,0,0,SSH-Bruteforce
80,6,20,1480,20,0,0,0,DoS-HTTP
38264,6,2,120,2,0,0,0,PortScan
80,6,20,1200,20,0,0,0,DoS-SYN-Flood
80,6,20,1480,20,0,0,0,DoS-HTTP
0,1,20,840,0,0,0,0,DoS-ICMP
80,6,20,1480,20,0,0,0,DoS-HTTP
0,1,20,840,0,0,0,0,DoS-ICMP
62426,6,2,120,2,0,0,0,PortScan
48413,6,2,120,2,0,0,0,PortScan
80,6,20,1200,20,0,0,0,DoS-SYN-Flood
22,6,20,1200,7,0,13,0,SSH-Bruteforce
80,6,20,1200,20,0,0,0,DoS-SYN-Flood
80,6,20,1200,20,0,0,0,DoS-SYN-Flood
43678,17,20,27980,0,0,0,0,BENIGN
25645,6,10,580,10,10,0,0,SSH-Bruteforce
35107,6,2,120,2,0,0,0,PortScan
10603,6,4,240,4,0,0,0,PortScan
443,6,20,12720,0,20,0,0,BENIGN
80,6,20,1200,20,0,0,0,DoS-SYN-Flood
22,6,20,1200,1,0,19,0,SSH-Bruteforce
0,1,20,1200,0,0,0,0,DoS-ICMP
57551,6,4,240,4,0,0,0,PortScan
29650,6,2,120,2,0,0,0,PortScan
22,6,20,1200,20,0,0,0,SSH-Bruteforce
36520,17,20,27980,0,0,0,0,BENIGN
47822,6,20,30280,0,20,0,0,BENIGN
80,17,20,1200,0,0,0,0,DoS-UDP
0,1,20,1200,0,0,0,0,DoS-ICMP
80,6,20,1200,20,0,0,0,DoS-SYN-Flood
80,6,20,1200,20,0,0,0,DoS-SYN-Flood
22,6,20,1200,20,0,0,0,SSH-Bruteforce
18059,6,2,120,2,0,0,0,PortScan
0,1,20,840,0,0,0,0,DoS-ICMP
80,6,20,1200,20,0,0,0,DoS-SYN-Flood
80,6,20,1480,20,0,0,0,DoS-HTTP
80,17,20,1200,0,0,0,0,DoS-UDP
80,6,20,1480,20,0,0,0,DoS-HTTP
80,17,20,1200,0,0,0,0,DoS-UDP
80,6,20,1480,20,0,0,0,DoS-HTTP
80,17,20,1200,0,0,0,0,DoS-UDP
80,6,20,1480,20,0,0,0,DoS-HTTP
80,6,20,1200,20,0,0,0,DoS-SYN-Flood
80,6,20,1200,20,0,0,0,DoS-SYN-Flood
32611,6,9,522,9,9,0,0,SSH-Bruteforce
80,6,20,1480,20,0,0,0,DoS-HTTP
80,6,20,1200,20,0,0,0,DoS-SYN-Flood
22,6,20,1200,19,0,1,0,SSH-Bruteforce
80,17,20,1200,0,0,0,0,DoS-UDP
80,6,20,1200,20,0,0,0,DoS-SYN-Flood
80,17,20,1200,0,0,0,0,DoS-UDP
0,1,20,840,0,0,0,0,DoS-ICMP
0,1,20,840,0,0,0,0,DoS-ICMP
443,6,20,15269,0,20,0,0,BENIGN
80,17,20,1200,0,0,0,0,DoS-UDP
54829,17,20,26651,0,0,0,0,BENIGN
22,6,20,1200,0,0,20,0,SSH-Bruteforce
80,6,20,1480,20,0,0,0,DoS-HTTP
80,17,20,1200,0,0,0,0,DoS-UDP
80,6,20,1200,20,0,0,0,DoS-SYN-Flood
80,17,20,1200,0,0,0,0,DoS-UDP
80,6,20,1480,20,0,0,0,DoS-HTTP
64148,6,6,348,6,6,0,0,SSH-Bruteforce
33235,6,2,120,2,0,0,0,PortScan
0,1,20,840,0,0,0,0,DoS-ICMP
80,6,20,1480,20,0,0,0,DoS-HTTP
80,6,20,1200,20,0,0,0,DoS-SYN-Flood
80,6,20,1480,20,0,0,0,DoS-HTTP
36520,17,20,27980,0,0,0,0,BENIGN
80,6,20,1200,20,0,0,0,DoS-SYN-Flood
22,6,20,1200,20,0,0,0,SSH-Bruteforce
80,6,20,1480,20,0,0,0,DoS-HTTP
80,6,20,1480,20,0,0,0,DoS-HTTP
80,6,20,1480,20,0,0,0,DoS-HTTP
29621,6,2,120,2,0,0,0,PortScan
0,1,20,840,0,0,0,0,DoS-ICMP
63285,6,6,348,6,6,0,0,SSH-Bruteforce
80,6,20,1480,20,0,0,0,DoS-HTTP
80,6,20,1480,20,0,0,0,DoS-HTTP
80,6,20,1200,20,0,0,0,DoS-SYN-Flood
80,6,20,1480,20,0,0,0,DoS-HTTP
1954,6,5,290,5,5,0,0,SSH-Bruteforce
46673,6,9,522,9,9,0,0,SSH-Bruteforce
22,6,20,1200,20,0,0,0,SSH-Bruteforce
53308,6,20,28840,0,20,0,0,BENIGN
0,1,20,840,0,0,0,0,DoS-ICMP
15752,6,11,638,11,11,0,0,SSH-Bruteforce
0,1,20,840,0,0,0,0,DoS-ICMP
22,6,20,1200,19,0,1,0,SSH-Bruteforce
52918,6,8,464,8,8,0,0,SSH-Bruteforce
80,17,20,1200,0,0,0,0,DoS-UDP
80,6,20,1480,20,0,0,0,DoS-HTTP
0,1,20,840,0,0,0,0,DoS-ICMP
42904,17,20,27980,0,0,0,0,BENIGN
58329,6,4,240,4,0,0,0,PortScan
80,17,20,1200,0,0,0,0,DoS-UDP
0,1,20,840,0,0,0,0,DoS-ICMP
80,17,20,1200,0,0,0,0,DoS-UDP
22,6,20,1200,20,0,0,0,SSH-Bruteforce
0,1,20,1200,0,0,0,0,DoS-ICMP
0,1,20,1200,0,0,0,0,DoS-ICMP
80,6,20,1200,20,0,0,0,DoS-SYN-Flood
0,1,20,1200,0,0,0,0,DoS-ICMP
80,6,20,1200,20,0,0,0,DoS-SYN-Flood
0,1,20,840,0,0,0,0,DoS-ICMP
80,6,20,1200,20,0,0,0,DoS-SYN-Flood
80,6,20,1200,20,0,0,0,DoS-SYN-Flood
42440,17,20,23554,0,0,0,0,BENIGN
0,1,20,1200,0,0,0,0,DoS-ICMP
0,1,20,840,0,0,0,0,DoS-ICMP
80,17,20,1200,0,0,0,0,DoS-UDP
80,6,20,1200,20,0,0,0,DoS-SYN-Flood
80,6,20,1200,20,0,0,0,DoS-SYN-Flood
80,6,20,1200,20,0,0,0,DoS-SYN-Flood
27841,6,8,464,8,8,0,0,SSH-Bruteforce
80,6,20,1200,20,0,0,0,DoS-SYN-Flood
33240,6,20,29440,0,20,0,0,BENIGN
80,17,20,1200,0,0,0,0,DoS-UDP
11552,6,5,290,5,5,0,0,SSH-Bruteforce
80,6,20,1480,20,0,0,0,DoS-HTTP
0,1,20,840,0,0,0,0,DoS-ICMP
22,6,20,1200,19,0,1,0,SSH-Bruteforce
60279,6,5,290,5,5,0,0,SSH-Bruteforce
37765,6,9,522,9,9,0,0,SSH-Bruteforce
0,1,20,1200,0,0,0,0,DoS-ICMP
80,6,20,1200,20,0,0,0,DoS-SYN-Flood
53956,6,2,120,2,0,0,0,PortScan
80,6,20,1200,20,0,0,0,DoS-SYN-Flood
4875,6,4,240,4,0,0,0,PortScan
80,6,20,1480,20,0,0,0,DoS-HTTP
22,6,20,1200,0,0,20,0,SSH-Bruteforce
33240,6,20,29080,0,20,0,0,BENIGN
80,17,20,1200,0,0,0,0,DoS-UDP
9819,6,8,464,8,8,0,0,SSH-Bruteforce
34649,6,4,240,4,0,0,0,PortScan
80,6,20,1200,20,0,0,0,DoS-SYN-Flood
0,1,20,1200,0,0,0,0,DoS-ICMP
80,6,20,1480,20,0,0,0,DoS-HTTP
28807,6,9,522,9,9,0,0,SSH-Bruteforce
80,6,20,1200,20,0,0,0,DoS-SYN-Flood
80,17,20,1200,0,0,0,0,DoS-UDP
0,1,20,840,0,0,0,0,DoS-ICMP
1193,6,6,348,6,6,0,0,SSH-Bruteforce
80,6,20,1200,20,0,0,0,DoS-SYN-Flood
80,6,20,1200,20,0,0,0,DoS-SYN-Flood
53258,6,20,28730,0,20,0,0,BENIGN
44732,6,2,120,2,0,0,0,PortScan
80,6,20,1200,20,0,0,0,DoS-SYN-Flood
0,1,20,1200,0,0,0,0,DoS-ICMP
44501,6,8,464,8,8,0,0,SSH-Bruteforce
22,6,20,1200,20,0,0,0,SSH-Bruteforce
36520,17,20,18863,0,0,0,0,BENIGN
22,6,20,1200,20,0,0,0,SSH-Bruteforce
0,1,20,840,0,0,0,0,DoS-ICMP
22,6,20,1200,20,0,0,0,SSH-Bruteforce
80,6,20,1480,20,0,0,0,DoS-HTTP
80,6,20,1480,20,0,0,0,DoS-HTTP
80,6,20,1480,20,0,0,0,DoS-HTTP
80,6,20,1200,20,0,0,0,DoS-SYN-Flood
80,17,20,1200,0,0,0,0,DoS-UDP
80,17,20,1200,0,0,0,0,DoS-UDP
0,1,20,1200,0,0,0,0,DoS-ICMP
47609,6,2,120,2,0,0,0,PortScan
39902,17,20,27980,0,0,0,0,BENIGN
80,6,20,1200,20,0,0,0,DoS-SYN-Flood
36520,17,20,27980,0,0,0,0,BENIGN
0,1,20,1200,0,0,0,0,DoS-ICMP
0,1,20,840,0,0,0,0,DoS-ICMP
80,6,20,1480,20,0,0,0,DoS-HTTP
80,6,20,1200,20,0,0,0,DoS-SYN-Flood
80,6,20,1200,20,0,0,0,DoS-SYN-Flood
0,1,20,840,0,0,0,0,DoS-ICMP
0,1,20,1200,0,0,0,0,DoS-ICMP
80,17,20,1200,0,0,0,0,DoS-UDP
0,1,20,840,0,0,0,0,DoS-ICMP
80,17,20,1200,0,0,0,0,DoS-UDP
46347,6,8,464,8,8,0,0,SSH-Bruteforce
80,6,20,1480,20,0,0,0,DoS-HTTP
80,6,20,1200,20,0,0,0,DoS-SYN-Flood
36520,17,20,27980,0,0,0,0,BENIGN
80,17,20,1200,0,0,0,0,DoS-UDP
33240,6,20,29140,0,20,0,0,BENIGN
80,6,20,1480,20,0,0,0,DoS-HTTP
80,6,20,1200,20,0,0,0,DoS-SYN-Flood
23709,6,2,120,2,0,0,0,PortScan
80,17,20,1200,0,0,0,0,DoS-UDP
80,6,20,1200,20,0,0,0,DoS-SYN-Flood
80,6,20,1200,20,0,0,0,DoS-SYN-Flood
80,6,20,1200,20,0,0,0,DoS-SYN-Flood
60886,6,20,30280,0,20,0,0,BENIGN
48639,6,6,348,6,6,0,0,SSH-Bruteforce
80,17,20,1200,0,0,0,0,DoS-UDP
80,17,20,1200,0,0,0,0,DoS-UDP
22,6,20,1200,20,0,0,0,SSH-Bruteforce
80,17,20,1200,0,0,0,0,DoS-UDP
80,6,20,1200,20,0,0,0,DoS-SYN-Flood
80,6,20,1200,20,0,0,0,DoS-SYN-Flood
22,6,20,1200,20,0,0,0,SSH-Bruteforce
80,6,20,1200,20,0,0,0,DoS-SYN-Flood
48958,6,6,348,6,6,0,0,SSH-Bruteforce
0,1,20,1200,0,0,0,0,DoS-ICMP
44153,6,2,120,2,0,0,0,PortScan
0,1,20,840,0,0,0,0,DoS-ICMP
80,6,20,1480,20,0,0,0,DoS-HTTP
80,17,20,1200,0,0,0,0,DoS-UDP
80,17,20,1200,0,0,0,0,DoS-UDP
0,1,20,1200,0,0,0,0,DoS-ICMP
0,1,20,840,0,0,0,0,DoS-ICMP
0,1,20,1200,0,0,0,0,DoS-ICMP
11902,6,4,240,4,0,0,0,PortScan
36520,17,20,27980,0,0,0,0,BENIGN
22,6,20,1200,20,0,0,0,SSH-Bruteforce
80,6,20,1480,20,0,0,0,DoS-HTTP
80,17,20,1200,0,0,0,0,DoS-UDP
33452,6,4,240,4,0,0,0,PortScan
80,17,20,1200,0,0,0,0,DoS-UDP
80,17,20,1200,0,0,0,0,DoS-UDP
64093,6,6,348,6,6,0,0,SSH-Bruteforce
36520,17,20,27980,0,0,0,0,BENIGN
80,6,20,1480,20,0,0,0,DoS-HTTP
80,6,20,1480,20,0,0,0,DoS-HTTP
80,17,20,1200,0,0,0,0,DoS-UDP
0,1,20,1200,0,0,0,0,DoS-ICMP
80,6,20,1200,20,0,0,0,DoS-SYN-Flood
64115,6,2,120,2,0,0,0,PortScan
683,6,4,240,4,0,0,0,PortScan
0,1,20,1200,0,0,0,0,DoS-ICMP
80,6,20,1480,20,0,0,0,DoS-HTTP
44447,6,2,120,2,0,0,0,PortScan
46398,17,20,27980,0,0,0,0,BENIGN
51285,6,2,120,2,0,0,0,PortScan
80,6,20,1480,20,0,0,0,DoS-HTTP
80,6,20,1200,20,0,0,0,DoS-SYN-Flood
0,1,20,1200,0,0,0,0,DoS-ICMP
0,1,20,840,0,0,0,0,DoS-ICMP
80,6,20,1200,20,0,0,0,DoS-SYN-Flood
80,17,20,1200,0,0,0,0,DoS-UDP
80,6,20,1480,20,0,0,0,DoS-HTTP
80,17,20,1200,0,0,0,0,DoS-UDP
0,1,20,840,0,0,0,0,DoS-ICMP
80,6,20,1480,20,0,0,0,DoS-HTTP
7671,6,8,464,8,8,0,0,SSH-Bruteforce
80,6,20,1200,20,0,0,0,DoS-SYN-Flood
54528,6,7,406,7,7,0,0,SSH-Bruteforce
13950,6,6,348,6,6,0,0,SSH-Bruteforce
80,6,20,1480,20,0,0,0,DoS-HTTP
20605,6,8,464,8,8,0,0,SSH-Bruteforce
0,1,20,840,0,0,0,0,DoS-ICMP
80,6,20,1480,20,0,0,0,DoS-HTTP
0,1,20,1200,0,0,0,0,DoS-ICMP
0,1,20,840,0,0,0,0,DoS-ICMP
80,17,20,1200,0,0,0,0,DoS-UDP
45424,6,20,1632,0,20,0,0,BENIGN
80,6,20,1480,20,0,0,0,DoS-HTTP
22,6,20,1200,4,0,16,0,SSH-Bruteforce
80,17,20,1200,0,0,0,0,DoS-UDP
849,6,4,240,4,0,0,0,PortScan
443,17,20,4097,0,0,0,0,BENIGN
46398,17,20,26734,0,0,0,0,BENIGN
80,17,20,1200,0,0,0,0,DoS-UDP
80,6,20,1480,20,0,0,0,DoS-HTTP
45351,6,4,240,4,0,0,0,PortScan
12212,6,6,348,6,6,0,0,SSH-Bruteforce
17491,6,4,240,4,0,0,0,PortScan
0,1,20,840,0,0,0,0,DoS-ICMP
80,6,20,1480,20,0,0,0,DoS-HTTP
80,6,20,1200,20,0,0,0,DoS-SYN-Flood
47829,6,4,240,4,0,0,0,PortScan
80,6,20,1200,20,0,0,0,DoS-SYN-Flood
0,1,20,1200,0,0,0,0,DoS-ICMP
19723,6,4,240,4,0,0,0,PortScan
59293,6,2,120,2,0,0,0,PortScan
27799,6,5,290,5,5,0,0,SSH-Bruteforce
80,17,20,1200,0,0,0,0,DoS-UDP
22,6,20,1200,1,0,19,0,SSH-Bruteforce
80,6,20,1480,20,0,0,0,DoS-HTTP
80,17,20,1200,0,0,0,0,DoS-UDP
0,1,20,1200,0,0,0,0,DoS-ICMP
80,17,20,1200,0,0,0,0,DoS-UDP
36520,17,20,27980,0,0,0,0,BENIGN
16226,6,2,120,2,0,0,0,PortScan
80,6,20,1200,20,0,0,0,DoS-SYN-Flood
80,6,20,1480,20,0,0,0,DoS-HTTP
80,6,20,1480,20,0,0,0,DoS-HTTP
0,1,20,840,0,0,0,0,DoS-ICMP
80,6,20,1200,20,0,0,0,DoS-SYN-Flood
43338,6,7,406,7,7,0,0,SSH-Bruteforce
80,17,20,1200,0,0,0,0,DoS-UDP
0,1,20,840,0,0,0,0,DoS-ICMP
80,17,20,1200,0,0,0,0,DoS-UDP
10954,6,6,348,6,6,0,0,SSH-Bruteforce
80,6,20,1480,20,0,0,0,DoS-HTTP
42440,17,20,27980,0,0,0,0,BENIGN
48806,17,20,27980,0,0,0,0,BENIGN
443,17,20,5855,0,0,0,0,BENIGN
32688,6,11,638,11,11,0,0,SSH-Bruteforce
80,6,20,1200,20,0,0,0,DoS-SYN-Flood
33240,6,20,29080,0,20,0,0,BENIGN
41114,6,2,120,2,0,0,0,PortScan
80,6,20,1200,20,0,0,0,DoS-SYN-Flood
0,1,20,1200,0,0,0,0,DoS-ICMP
0,1,20,840,0,0,0,0,DoS-ICMP
0,1,20,840,0,0,0,0,DoS-ICMP
80,17,20,1200,0,0,0,0,DoS-UDP
45702,6,2,120,2,0,0,0,PortScan
80,6,20,1480,20,0,0,0,DoS-HTTP
51749,6,2,120,2,0,0,0,PortScan
15163,6,4,240,4,0,0,0,PortScan
22,6,20,1200,20,0,0,0,SSH-Bruteforce
80,6,20,1480,20,0,0,0,DoS-HTTP
46366,6,4,240,4,0,0,0,PortScan
80,6,20,1200,20,0,0,0,DoS-SYN-Flood
47265,6,2,120,2,0,0,0,PortScan
14220,6,6,360,6,0,0,0,PortScan
45813,6,8,464,8,8,0,0,SSH-Bruteforce
33392,6,2,120,2,0,0,0,PortScan
33595,17,20,14206,0,0,0,0,BENIGN
22,6,20,1200,9,0,11,0,SSH-Bruteforce
80,17,20,1200,0,0,0,0,DoS-UDP
0,1,20,1200,0,0,0,0,DoS-ICMP
38118,6,7,406,7,7,0,0,SSH-Bruteforce
0,1,20,1200,0,0,0,0,DoS-ICMP
80,17,20,1200,0,0,0,0,DoS-UDP
48096,6,9,522,9,9,0,0,SSH-Bruteforce
43992,17,20,27980,0,0,0,0,BENIGN
27735,6,5,290,5,5,0,0,SSH-Bruteforce
28364,6,2,120,2,0,0,0,PortScan
0,1,20,1200,0,0,0,0,DoS-ICMP
58748,6,3,174,3,3,0,0,SSH-Bruteforce
80,6,20,1480,20,0,0,0,DoS-HTTP
0,1,20,1200,0,0,0,0,DoS-ICMP
80,6,20,1480,20,0,0,0,DoS-HTTP
80,6,20,1200,20,0,0,0,DoS-SYN-Flood
36520,17,20,27980,0,0,0,0,BENIGN
32631,6,4,240,4,0,0,0,PortScan
22,6,20,1200,0,0,20,0,SSH-Bruteforce
19850,6,2,120,2,0,0,0,PortScan
80,6,20,1200,20,0,0,0,DoS-SYN-Flood
0,1,20,840,0,0,0,0,DoS-ICMP
80,6,20,1480,20,0,0,0,DoS-HTTP
0,1,20,840,0,0,0,0,DoS-ICMP
47573,6,2,120,2,0,0,0,PortScan
41308,17,20,27980,0,0,0,0,BENIGN
443,6,20,1200,0,20,0,0,BENIGN
0,1,20,1200,0,0,0,0,DoS-ICMP
80,6,20,1480,20,0,0,0,DoS-HTTP
0,1,20,840,0,0,0,0,DoS-ICMP
54829,17,20,27980,0,0,0,0,BENIGN
0,1,20,840,0,0,0,0,DoS-ICMP
723,6,4,240,4,0,0,0,PortScan
0,1,20,840,0,0,0,0,DoS-ICMP
18470,6,4,240,4,0,0,0,PortScan
42110,6,2,120,2,0,0,0,PortScan
0,1,20,840,0,0,0,0,DoS-ICMP
80,6,20,1200,20,0,0,0,DoS-SYN-Flood
36520,17,20,27980,0,0,0,0,BENIGN
80,6,20,1200,20,0,0,0,DoS-SYN-Flood
80,6,20,1480,20,0,0,0,DoS-HTTP
80,17,20,1200,0,0,0,0,DoS-UDP
3712,6,5,290,5,5,0,0,SSH-Bruteforce
22,6,20,1200,14,0,6,0,SSH-Bruteforce
44008,6,2,120,2,0,0,0,PortScan
0,1,20,1200,0,0,0,0,DoS-ICMP
80,6,20,1480,20,0,0,0,DoS-HTTP
80,6,20,1200,20,0,0,0,DoS-SYN-Flood
80,6,20,1480,20,0,0,0,DoS-HTTP
0,1,20,840,0,0,0,0,DoS-ICMP
80,6,20,1200,20,0,0,0,DoS-SYN-Flood
80,6,20,1200,20,0,0,0,DoS-SYN-Flood
80,17,20,1200,0,0,0,0,DoS-UDP
80,6,20,1200,20,0,0,0,DoS-SYN-Flood
0,1,20,840,0,0,0,0,DoS-ICMP
41560,6,6,389,0,6,0,1,BENIGN
80,17,20,1200,0,0,0,0,DoS-UDP
80,6,20,1200,20,0,0,0,DoS-SYN-Flood
80,6,20,1200,20,0,0,0,DoS-SYN-Flood
80,17,20,1200,0,0,0,0,DoS-UDP
80,17,20,1200,0,0,0,0,DoS-UDP
80,6,20,1200,20,0,0,0,DoS-SYN-Flood
80,6,20,1480,20,0,0,0,DoS-HTTP
80,17,20,1200,0,0,0,0,DoS-UDP
80,6,20,1200,20,0,0,0,DoS-SYN-Flood
80,17,20,1200,0,0,0,0,DoS-UDP
0,1,20,1200,0,0,0,0,DoS-ICMP
60095,6,7,406,7,7,0,0,SSH-Bruteforce
59804,6,20,16464,0,20,0,0,BENIGN
21998,6,4,240,4,0,0,0,PortScan
80,17,20,1200,0,0,0,0,DoS-UDP
0,1,20,840,0,0,0,0,DoS-ICMP
80,6,20,1200,20,0,0,0,DoS-SYN-Flood
33240,6,20,29140,0,20,0,0,BENIGN
27725,6,2,120,2,0,0,0,PortScan
6039,6,4,240,4,0,0,0,PortScan
80,17,20,1200,0,0,0,0,DoS-UDP
22,6,20,1200,18,0,2,0,SSH-Bruteforce
80,17,20,1200,0,0,0,0,DoS-UDP
80,17,20,1200,0,0,0,0,DoS-UDP
80,6,20,1480,20,0,0,0,DoS-HTTP
80,17,20,1200,0,0,0,0,DoS-UDP
48809,6,2,120,2,0,0,0,PortScan
10282,6,4,240,4,0,0,0,PortScan
80,6,20,1480,20,0,0,0,DoS-HTTP
14332,6,4,240,4,0,0,0,PortScan
0,1,20,1200,0,0,0,0,DoS-ICMP
58489,17,1,103,0,0,0,0,BENIGN
34600,6,9,522,9,9,0,0,SSH-Bruteforce
80,6,20,1480,20,0,0,0,DoS-HTTP
22,6,20,1200,0,0,20,0,SSH-Bruteforce
0,1,20,840,0,0,0,0,DoS-ICMP
80,6,20,1480,20,0,0,0,DoS-HTTP
28990,6,7,406,7,7,0,0,SSH-Bruteforce
80,6,20,1480,20,0,0,0,DoS-HTTP
80,17,20,1200,0,0,0,0,DoS-UDP
15540,6,8,464,8,8,0,0,SSH-Bruteforce
47700,6,8,464,8,8,0,0,SSH-Bruteforce
26158,6,7,406,7,7,0,0,SSH-Bruteforce
80,6,20,1480,20,0,0,0,DoS-HTTP
80,6,20,1480,20,0,0,0,DoS-HTTP
59383,6,7,406,7,7,0,0,SSH-Bruteforce
16943,6,2,120,2,0,0,0,PortScan
80,17,20,1200,0,0,0,0,DoS-UDP
80,17,20,1200,0,0,0,0,DoS-UDP
80,17,20,1200,0,0,0,0,DoS-UDP
57041,6,6,348,6,6,0,0,SSH-Bruteforce
80,6,20,1200,20,0,0,0,DoS-SYN-Flood
53272,6,20,29080,0,20,0,0,BENIGN
61833,6,6,348,6,6,0,0,SSH-Bruteforce
54829,17,20,27980,0,0,0,0,BENIGN
80,6,20,1480,20,0,0,0,DoS-HTTP
45049,6,2,120,2,0,0,0,PortScan
80,17,20,1200,0,0,0,0,DoS-UDP
22,6,20,1200,20,0,0,0,SSH-Bruteforce
0,1,20,840,0,0,0,0,DoS-ICMP
26,6,4,240,4,0,0,0,PortScan
0,1,20,1200,0,0,0,0,DoS-ICMP
23868,6,7,406,7,7,0,0,SSH-Bruteforce
443,6,20,1200,0,20,0,0,BENIGN
17836,6,4,232,4,4,0,0,SSH-Bruteforce
80,6,20,1480,20,0,0,0,DoS-HTTP
80,6,20,1200,20,0,0,0,DoS-SYN-Flood
80,6,20,1480,20,0,0,0,DoS-HTTP
0,1,20,840,0,0,0,0,DoS-ICMP
9816,6,4,240,4,0,0,0,PortScan
80,17,20,1200,0,0,0,0,DoS-UDP
80,6,20,1200,20,0,0,0,DoS-SYN-Flood
51166,6,2,120,2,0,0,0,PortScan
80,6,20,1200,20,0,0,0,DoS-SYN-Flood
80,6,20,1480,20,0,0,0,DoS-HTTP
80,6,20,1200,20,0,0,0,DoS-SYN-Flood
35974,6,4,240,4,0,0,0,PortScan
80,6,20,1480,20,0,0,0,DoS-HTTP
0,1,20,840,0,0,0,0,DoS-ICMP
0,1,20,1200,0,0,0,0,DoS-ICMP
80,17,20,1200,0,0,0,0,DoS-UDP
46398,17,20,27980,0,0,0,0,BENIGN
41008,6,1,54,0,1,1,0,BENIGN
33240,6,20,29080,0,20,0,0,BENIGN
80,17,20,1200,0,0,0,0,DoS-UDP
14342,6,7,406,7,7,0,0,SSH-Bruteforce
80,6,20,1480,20,0,0,0,DoS-HTTP
36520,17,20,27980,0,0,0,0,BENIGN
80,17,20,1200,0,0,0,0,DoS-UDP
0,1,20,840,0,0,0,0,DoS-ICMP
80,6,20,1480,20,0,0,0,DoS-HTTP
80,6,20,1200,20,0,0,0,DoS-SYN-Flood
0,1,20,840,0,0,0,0,DoS-ICMP
80,6,20,1200,20,0,0,0,DoS-SYN-Flood
180,6,8,464,8,8,0,0,SSH-Bruteforce
22,6,20,1200,0,0,20,0,SSH-Bruteforce
56483,6,6,348,6,6,0,0,SSH-Bruteforce
5314,6,4,240,4,0,0,0,PortScan
80,6,20,1480,20,0,0,0,DoS-HTTP
80,6,20,1200,20,0,0,0,DoS-SYN-Flood
80,17,20,1200,0,0,0,0,DoS-UDP
52460,6,10,580,10,10,0,0,SSH-Bruteforce
80,6,20,1480,20,0,0,0,DoS-HTTP
80,6,20,1200,20,0,0,0,DoS-SYN-Flood
80,17,20,1200,0,0,0,0,DoS-UDP
30225,6,4,240,4,0,0,0,PortScan
34353,6,10,580,10,10,0,0,SSH-Bruteforce
58292,6,2,120,2,0,0,0,PortScan
14222,6,6,360,6,0,0,0,PortScan
12163,6,4,240,4,0,0,0,PortScan
8452,6,5,290,5,5,0,0,SSH-Bruteforce
80,6,20,1480,20,0,0,0,DoS-HTTP
80,17,20,1200,0,0,0,0,DoS-UDP
80,6,20,1480,20,0,0,0,DoS-HTTP
80,6,20,1480,20,0,0,0,DoS-HTTP
80,6,20,1200,20,0,0,0,DoS-SYN-Flood
0,1,20,840,0,0,0,0,DoS-ICMP
0,1,20,840,0,0,0,0,DoS-ICMP
36520,17,20,27980,0,0,0,0,BENIGN
2609,6,7,406,7,7,0,0,SSH-Bruteforce
80,6,20,1200,20,0,0,0,DoS-SYN-Flood
54529,6,2,120,2,0,0,0,PortScan
35260,6,2,120,2,0,0,0,PortScan
80,6,20,1200,20,0,0,0,DoS-SYN-Flood
0,1,20,840,0,0,0,0,DoS-ICMP
22,6,20,1200,0,0,20,0,SSH-Bruteforce
80,6,20,1480,20,0,0,0,DoS-HTTP
4321,6,7,406,7,7,0,0,SSH-Bruteforce
54829,17,20,27976,0,0,0,0,BENIGN
0,1,20,840,0,0,0,0,DoS-ICMP
80,6,20,1480,20,0,0,0,DoS-HTTP
0,1,20,1200,0,0,0,0,DoS-ICMP
80,6,20,1480,20,0,0,0,DoS-HTTP
0,1,20,840,0,0,0,0,DoS-ICMP
0,1,20,840,0,0,0,0,DoS-ICMP
0,1,20,1200,0,0,0,0,DoS-ICMP
80,6,20,1200,20,0,0,0,DoS-SYN-Flood
80,17,20,1200,0,0,0,0,DoS-UDP
9043,6,4,240,4,0,0,0,PortScan
15944,6,7,406,7,7,0,0,SSH-Bruteforce
80,6,20,1480,20,0,0,0,DoS-HTTP
80,17,20,1200,0,0,0,0,DoS-UDP
49759,6,9,522,9,9,0,0,SSH-Bruteforce
55087,6,2,120,2,0,0,0,PortScan
80,6,20,1200,20,0,0,0,DoS-SYN-Flood
80,6,20,1480,20,0,0,0,DoS-HTTP
0,1,20,840,0,0,0,0,DoS-ICMP
18930,6,7,406,7,7,0,0,SSH-Bruteforce
80,17,20,1200,0,0,0,0,DoS-UDP
443,6,20,1200,0,20,0,0,BENIGN
54419,6,2,120,2,0,0,0,PortScan
0,1,20,840,0,0,0,0,DoS-ICMP
80,17,20,1200,0,0,0,0,DoS-UDP
0,1,20,840,0,0,0,0,DoS-ICMP
80,6,20,1200,20,0,0,0,DoS-SYN-Flood
45271,6,2,120,2,0,0,0,PortScan
36893,6,2,120,2,0,0,0,PortScan
443,17,20,2920,0,0,0,0,BENIGN
51094,6,7,406,7,7,0,0,SSH-Bruteforce
41000,6,8,464,8,8,0,0,SSH-Bruteforce
80,6,20,1480,20,0,0,0,DoS-HTTP
0,1,20,1200,0,0,0,0,DoS-ICMP
80,17,20,1200,0,0,0,0,DoS-UDP
80,6,20,1200,20,0,0,0,DoS-SYN-Flood
80,6,20,1480,20,0,0,0,DoS-HTTP
16317,6,7,406,7,7,0,0,SSH-Bruteforce
22,6,20,1200,0,0,20,0,SSH-Bruteforce
80,17,20,1200,0,0,0,0,DoS-UDP
80,6,20,1480,20,0,0,0,DoS-HTTP
80,17,20,1200,0,0,0,0,DoS-UDP
33352,6,6,348,6,6,0,0,SSH-Bruteforce
19879,6,6,348,6,6,0,0,SSH-Bruteforce
50941,6,4,240,4,0,0,0,PortScan
80,6,20,1200,20,0,0,0,DoS-SYN-Flood
0,1,20,840,0,0,0,0,DoS-ICMP
0,1,20,840,0,0,0,0,DoS-ICMP
80,17,20,1200,0,0,0,0,DoS-UDP
0,1,20,840,0,0,0,0,DoS-ICMP
22,6,20,1200,0,0,20,0,SSH-Bruteforce
3875,6,6,360,6,0,0,0,PortScan
80,17,20,1200,0,0,0,0,DoS-UDP
22,6,20,1200,13,0,7,0,SSH-Bruteforce
80,17,20,1200,0,0,0,0,DoS-UDP
80,6,20,1480,20,0,0,0,DoS-HTTP
80,17,20,1200,0,0,0,0,DoS-UDP
80,6,20,1480,20,0,0,0,DoS-HTTP
11438,6,4,240,4,0,0,0,PortScan
80,6,20,1480,20,0,0,0,DoS-HTTP
0,1,20,840,0,0,0,0,DoS-ICMP
0,1,20,840,0,0,0,0,DoS-ICMP
80,6,20,1200,20,0,0,0,DoS-SYN-Flood
80,17,20,1200,0,0,0,0,DoS-UDP
54035,6,6,348,6,6,0,0,SSH-Bruteforce
80,6,20,1480,20,0,0,0,DoS-HTTP
80,6,20,1480,20,0,0,0,DoS-HTTP
2273,6,5,290,5,5,0,0,SSH-Bruteforce
80,6,20,1480,20,0,0,0,DoS-HTTP
80,6,20,1200,20,0,0,0,DoS-SYN-Flood
80,6,20,1480,20,0,0,0,DoS-HTTP
80,17,20,1200,0,0,0,0,DoS-UDP
53583,6,8,464,8,8,0,0,SSH-Bruteforce
80,6,20,1480,20,0,0,0,DoS-HTTP
53258,6,20,29260,0,20,0,0,BENIGN
22,6,20,1200,0,0,20,0,SSH-Bruteforce
80,6,20,1200,20,0,0,0,DoS-SYN-Flood
4683,6,11,638,11,11,0,0,SSH-Bruteforce
80,6,20,1480,20,0,0,0,DoS-HTTP
58567,6,2,120,2,0,0,0,PortScan
25903,6,4,240,4,0,0,0,PortScan
23229,6,2,120,2,0,0,0,PortScan
0,1,20,1200,0,0,0,0,DoS-ICMP
80,6,20,1480,20,0,0,0,DoS-HTTP
0,1,20,1200,0,0,0,0,DoS-ICMP
80,6,20,1480,20,0,0,0,DoS-HTTP
6275,6,4,240,4,0,0,0,PortScan
22,6,20,1200,20,0,0,0,SSH-Bruteforce
80,6,20,1200,20,0,0,0,DoS-SYN-Flood
80,6,20,1200,20,0,0,0,DoS-SYN-Flood
0,1,20,840,0,0,0,0,DoS-ICMP
31277,6,7,406,7,7,0,0,SSH-Bruteforce
80,17,20,1200,0,0,0,0,DoS-UDP
80,17,20,1200,0,0,0,0,DoS-UDP
28038,6,2,120,2,0,0,0,PortScan
0,1,20,1200,0,0,0,0,DoS-ICMP
22,6,20,1200,20,0,0,0,SSH-Bruteforce
53278,6,20,29070,0,20,0,0,BENIGN
0,1,20,1200,0,0,0,0,DoS-ICMP
0,1,20,840,0,0,0,0,DoS-ICMP
80,6,20,1480,20,0,0,0,DoS-HTTP
37271,6,10,580,10,10,0,0,SSH-Bruteforce
0,1,20,840,0,0,0,0,DoS-ICMP
40065,6,9,522,9,9,0,0,SSH-Bruteforce
35268,6,2,120,2,0,0,0,PortScan
80,6,20,1200,20,0,0,0,DoS-SYN-Flood
52847,6,8,464,8,8,0,0,SSH-Bruteforce
80,6,20,1480,20,0,0,0,DoS-HTTP
45441,6,7,406,7,7,0,0,SSH-Bruteforce
0,1,20,1200,0,0,0,0,DoS-ICMP
0,1,20,1200,0,0,0,0,DoS-ICMP
53338,6,7,406,7,7,0,0,SSH-Bruteforce
0,1,20,840,0,0,0,0,DoS-ICMP
22,6,20,1200,0,0,20,0,SSH-Bruteforce
80,6,20,1200,20,0,0,0,DoS-SYN-Flood
26497,6,2,120,2,0,0,0,PortScan
22,6,20,1200,17,0,3,0,SSH-Bruteforce
80,6,20,1200,20,0,0,0,DoS-SYN-Flood
0,1,20,1200,0,0,0,0,DoS-ICMP
62460,6,2,120,2,0,0,0,PortScan
22,6,20,1200,0,0,20,0,SSH-Bruteforce
48340,6,2,120,2,0,0,0,PortScan
36040,6,2,120,2,0,0,0,PortScan
3046,6,4,232,4,4,0,0,SSH-Bruteforce
80,6,20,1200,20,0,0,0,DoS-SYN-Flood
37109,6,2,120,2,0,0,0,PortScan
0,1,20,1200,0,0,0,0,DoS-ICMP
0,1,20,1200,0,0,0,0,DoS-ICMP
7139,6,4,240,4,0,0,0,PortScan
80,6,20,1200,20,0,0,0,DoS-SYN-Flood
0,1,20,840,0,0,0,0,DoS-ICMP
14020,6,11,638,11,11,0,0,SSH-Bruteforce
24110,6,2,120,2,0,0,0,PortScan
39824,6,7,406,7,7,0,0,SSH-Bruteforce
80,17,20,1200,0,0,0,0,DoS-UDP
80,17,20,1200,0,0,0,0,DoS-UDP
0,1,20,1200,0,0,0,0,DoS-ICMP
36006,6,4,240,4,0,0,0,PortScan
80,6,20,1200,20,0,0,0,DoS-SYN-Flood
39590,6,16,11071,0,16,0,1,BENIGN
80,6,20,1480,20,0,0,0,DoS-HTTP
80,17,20,1200,0,0,0,0,DoS-UDP
80,17,20,1200,0,0,0,0,DoS-UDP
12688,6,6,360,6,0,0,0,PortScan
22,6,20,1200,15,0,5,0,SSH-Bruteforce
36436,6,2,120,2,0,0,0,PortScan
0,1,20,840,0,0,0,0,DoS-ICMP
80,6,20,1200,20,0,0,0,DoS-SYN-Flood
80,6,20,1480,20,0,0,0,DoS-HTTP
80,17,20,1200,0,0,0,0,DoS-UDP
80,6,20,1480,20,0,0,0,DoS-HTTP
0,1,20,840,0,0,0,0,DoS-ICMP
17568,6,2,120,2,0,0,0,PortScan
80,6,20,1480,20,0,0,0,DoS-HTTP
80,17,20,1200,0,0,0,0,DoS-UDP
80,6,20,1200,20,0,0,0,DoS-SYN-Flood
80,6,20,1480,20,0,0,0,DoS-HTTP
0,1,20,840,0,0,0,0,DoS-ICMP
53555,6,2,120,2,0,0,0,PortScan
80,17,20,1200,0,0,0,0,DoS-UDP
36520,17,20,27980,0,0,0,0,BENIGN
80,6,20,1200,20,0,0,0,DoS-SYN-Flood
25083,6,4,240,4,0,0,0,PortScan
80,6,20,1480,20,0,0,0,DoS-HTTP
22,6,20,1200,1,0,19,0,SSH-Bruteforce
24812,6,2,120,2,0,0,0,PortScan
22,6,20,1200,20,0,0,0,SSH-Bruteforce
22,6,20,1200,20,0,0,0,SSH-Bruteforce
54665,6,7,406,7,7,0,0,SSH-Bruteforce
13862,6,6,360,6,0,0,0,PortScan
80,6,20,1200,20,0,0,0,DoS-SYN-Flood
80,6,20,1480,20,0,0,0,DoS-HTTP
80,6,20,1480,20,0,0,0,DoS-HTTP
24082,6,4,240,4,0,0,0,PortScan
61143,6,4,232,4,4,0,0,SSH-Bruteforce
0,1,20,1200,0,0,0,0,DoS-ICMP
80,6,20,1200,20,0,0,0,DoS-SYN-Flood
0,1,20,840,0,0,0,0,DoS-ICMP
80,6,20,1480,20,0,0,0,DoS-HTTP
80,17,20,1200,0,0,0,0,DoS-UDP
80,6,20,1480,20,0,0,0,DoS-HTTP
80,17,20,1200,0,0,0,0,DoS-UDP
36520,17,20,27980,0,0,0,0,BENIGN
80,17,20,1200,0,0,0,0,DoS-UDP
80,6,20,1200,20,0,0,0,DoS-SYN-Flood
0,1,20,1200,0,0,0,0,DoS-ICMP
80,6,20,1200,20,0,0,0,DoS-SYN-Flood
36520,17,20,27422,0,0,0,0,BENIGN
80,17,20,1200,0,0,0,0,DoS-UDP
80,6,20,1480,20,0,0,0,DoS-HTTP
41491,6,8,464,8,8,0,0,SSH-Bruteforce
80,17,20,1200,0,0,0,0,DoS-UDP
80,6,20,1480,20,0,0,0,DoS-HTTP
80,6,20,1480,20,0,0,0,DoS-HTTP
22,6,20,1200,3,0,17,0,SSH-Bruteforce
26844,6,6,348,6,6,0,0,SSH-Bruteforce
80,17,20,1200,0,0,0,0,DoS-UDP
0,1,20,1200,0,0,0,0,DoS-ICMP
60886,6,20,29200,0,20,0,0,BENIGN
80,6,20,1200,20,0,0,0,DoS-SYN-Flood
80,17,20,1200,0,0,0,0,DoS-UDP
80,6,20,1200,20,0,0,0,DoS-SYN-Flood
80,6,20,1200,20,0,0,0,DoS-SYN-Flood
80,6,20,1200,20,0,0,0,DoS-SYN-Flood
80,17,20,1200,0,0,0,0,DoS-UDP
80,6,20,1200,20,0,0,0,DoS-SYN-Flood
80,17,20,1200,0,0,0,0,DoS-UDP
36520,17,20,27980,0,0,0,0,BENIGN
0,1,20,1200,0,0,0,0,DoS-ICMP
80,6,20,1480,20,0,0,0,DoS-HTTP
53308,6,20,29020,0,20,0,0,BENIGN
80,6,20,1480,20,0,0,0,DoS-HTTP
80,6,20,1200,20,0,0,0,DoS-SYN-Flood
0,1,20,1200,0,0,0,0,DoS-ICMP
53258,6,20,22850,0,20,0,0,BENIGN
0,1,20,1200,0,0,0,0,DoS-ICMP
22,6,20,1200,20,0,0,0,SSH-Bruteforce
30224,6,2,120,2,0,0,0,PortScan
80,6,20,1480,20,0,0,0,DoS-HTTP
22,6,20,1200,20,0,0,0,SSH-Bruteforce
22,6,20,1200,20,0,0,0,SSH-Bruteforce
2241,6,6,348,6,6,0,0,SSH-Bruteforce
80,6,20,1200,20,0,0,0,DoS-SYN-Flood
80,6,20,1480,20,0,0,0,DoS-HTTP
45424,6,20,3331,0,20,0,0,BENIGN
80,6,20,1480,20,0,0,0,DoS-HTTP
22,6,20,1200,19,0,1,0,SSH-Bruteforce
80,6,20,1200,20,0,0,0,DoS-SYN-Flood
80,6,20,1200,20,0,0,0,DoS-SYN-Flood
80,17,20,1200,0,0,0,0,DoS-UDP
80,6,20,1200,20,0,0,0,DoS-SYN-Flood
80,17,20,1200,0,0,0,0,DoS-UDP
36520,17,20,27980,0,0,0,0,BENIGN
22,6,20,1200,0,0,20,0,SSH-Bruteforce
80,6,20,1200,20,0,0,0,DoS-SYN-Flood
80,6,20,1200,20,0,0,0,DoS-SYN-Flood
80,17,20,1200,0,0,0,0,DoS-UDP
37415,6,9,522,9,9,0,0,SSH-Bruteforce
25158,6,2,120,2,0,0,0,PortScan
0,1,20,840,0,0,0,0,DoS-ICMP
28817,6,4,240,4,0,0,0,PortScan
0,1,20,1200,0,0,0,0,DoS-ICMP
80,17,20,1200,0,0,0,0,DoS-UDP
80,6,20,1480,20,0,0,0,DoS-HTTP
80,17,20,1200,0,0,0,0,DoS-UDP
36520,17,20,27980,0,0,0,0,BENIGN
80,6,20,1480,20,0,0,0,DoS-HTTP
39887,17,1,153,0,0,0,0,BENIGN
38882,6,6,348,6,6,0,0,SSH-Bruteforce
80,6,20,1480,20,0,0,0,DoS-HTTP
80,17,20,1200,0,0,0,0,DoS-UDP
80,6,20,1480,20,0,0,0,DoS-HTTP
80,6,20,1200,20,0,0,0,DoS-SYN-Flood
80,6,20,1480,20,0,0,0,DoS-HTTP
80,17,20,1200,0,0,0,0,DoS-UDP
58764,6,4,240,4,0,0,0,PortScan
80,6,20,1200,20,0,0,0,DoS-SYN-Flood
443,6,20,3065,0,20,0,0,BENIGN
36559,6,2,120,2,0,0,0,PortScan
18018,6,8,464,8,8,0,0,SSH-Bruteforce
443,17,9,2480,0,0,0,0,BENIGN
443,6,12,2924,1,11,0,0,BENIGN
80,6,20,1200,20,0,0,0,DoS-SYN-Flood
80,6,20,1200,20,0,0,0,DoS-SYN-Flood
80,6,20,1200,20,0,0,0,DoS-SYN-Flood
80,6,20,1200,20,0,0,0,DoS-SYN-Flood
80,6,20,1200,20,0,0,0,DoS-SYN-Flood
80,6,20,1200,20,0,0,0,DoS-SYN-Flood
80,6,20,1200,20,0,0,0,DoS-SYN-Flood
45447,17,20,27980,0,0,0,0,BENIGN
80,17,20,1200,0,0,0,0,DoS-UDP
80,6,20,1200,20,0,0,0,DoS-SYN-Flood
0,1,20,840,0,0,0,0,DoS-ICMP
0,1,20,840,0,0,0,0,DoS-ICMP
38463,6,2,120,2,0,0,0,PortScan
80,6,20,1200,20,0,0,0,DoS-SYN-Flood
80,6,20,1200,20,0,0,0,DoS-SYN-Flood
0,1,20,840,0,0,0,0,DoS-ICMP
25118,6,8,464,8,8,0,0,SSH-Bruteforce
64600,6,5,290,5,5,0,0,SSH-Bruteforce
80,6,20,1480,20,0,0,0,DoS-HTTP
44147,6,7,406,7,7,0,0,SSH-Bruteforce
80,6,20,1480,20,0,0,0,DoS-HTTP
40337,6,2,120,2,0,0,0,PortScan
80,17,20,1200,0,0,0,0,DoS-UDP
57022,6,2,120,2,0,0,0,PortScan
44770,6,4,240,4,0,0,0,PortScan
80,6,20,1200,20,0,0,0,DoS-SYN-Flood
80,6,20,1480,20,0,0,0,DoS-HTTP
80,6,20,1200,20,0,0,0,DoS-SYN-Flood
80,17,20,1200,0,0,0,0,DoS-UDP
80,6,20,1480,20,0,0,0,DoS-HTTP
46398,17,20,27980,0,0,0,0,BENIGN
80,6,20,1200,20,0,0,0,DoS-SYN-Flood
0,1,20,1200,0,0,0,0,DoS-ICMP
80,17,20,1200,0,0,0,0,DoS-UDP
80,6,20,1480,20,0,0,0,DoS-HTTP
80,17,20,1200,0,0,0,0,DoS-UDP
27996,6,4,240,4,0,0,0,PortScan
0,1,20,1200,0,0,0,0,DoS-ICMP
80,17,20,1200,0,0,0,0,DoS-UDP
54650,6,2,120,2,0,0,0,PortScan
6208,6,4,240,4,0,0,0,PortScan
80,6,20,1200,20,0,0,0,DoS-SYN-Flood
80,6,20,1480,20,0,0,0,DoS-HTTP
80,17,20,1200,0,0,0,0,DoS-UDP
0,1,20,1200,0,0,0,0,DoS-ICMP
80,6,20,1200,20,0,0,0,DoS-SYN-Flood
10706,6,6,360,6,0,0,0,PortScan
80,6,20,1200,20,0,0,0,DoS-SYN-Flood
29273,6,4,240,4,0,0,0,PortScan
80,6,20,1480,20,0,0,0,DoS-HTTP
80,6,20,1480,20,0,0,0,DoS-HTTP
80,6,20,1200,20,0,0,0,DoS-SYN-Flood
80,6,20,1200,20,0,0,0,DoS-SYN-Flood
80,6,20,1200,20,0,0,0,DoS-SYN-Flood
22,6,20,1200,20,0,0,0,SSH-Bruteforce
60982,6,2,120,2,0,0,0,PortScan
48806,17,20,27980,0,0,0,0,BENIGN
80,6,20,1480,20,0,0,0,DoS-HTTP
80,17,20,1200,0,0,0,0,DoS-UDP
80,6,20,1480,20,0,0,0,DoS-HTTP
80,17,20,1200,0,0,0,0,DoS-UDP
0,1,20,1200,0,0,0,0,DoS-ICMP
80,17,20,1200,0,0,0,0,DoS-UDP
45848,6,2,120,2,0,0,0,PortScan
57620,6,9,522,9,9,0,0,SSH-Bruteforce
0,1,20,1200,0,0,0,0,DoS-ICMP
53258,6,20,28872,0,20,0,0,BENIGN
22,6,20,1200,0,0,20,0,SSH-Bruteforce
65525,6,9,522,9,9,0,0,SSH-Bruteforce
0,1,20,840,0,0,0,0,DoS-ICMP
56296,6,6,348,6,6,0,0,SSH-Bruteforce
0,1,20,840,0,0,0,0,DoS-ICMP
22,6,20,1200,20,0,0,0,SSH-Bruteforce
64446,6,2,120,2,0,0,0,PortScan
80,6,20,1480,20,0,0,0,DoS-HTTP
1801,6,3,174,3,3,0,0,SSH-Bruteforce
64568,6,2,120,2,0,0,0,PortScan
28587,6,2,120,2,0,0,0,PortScan
80,6,20,1200,20,0,0,0,DoS-SYN-Flood
80,6,20,1480,20,0,0,0,DoS-HTTP
80,6,20,1480,20,0,0,0,DoS-HTTP
42626,6,11,638,11,11,0,0,SSH-Bruteforce
0,1,20,1200,0,0,0,0,DoS-ICMP
80,6,20,1480,20,0,0,0,DoS-HTTP
22,6,20,1200,20,0,0,0,SSH-Bruteforce
0,1,20,1200,0,0,0,0,DoS-ICMP
80,6,20,1200,20,0,0,0,DoS-SYN-Flood
34565,6,8,464,8,8,0,0,SSH-Bruteforce
80,17,20,1200,0,0,0,0,DoS-UDP
80,17,20,1200,0,0,0,0,DoS-UDP
50753,6,7,406,7,7,0,0,SSH-Bruteforce
51874,6,7,406,7,7,0,0,SSH-Bruteforce
80,17,20,1200,0,0,0,0,DoS-UDP
80,17,20,1200,0,0,0,0,DoS-UDP
80,6,20,1200,20,0,0,0,DoS-SYN-Flood
59555,6,2,120,2,0,0,0,PortScan
80,17,20,1200,0,0,0,0,DoS-UDP
80,6,20,1480,20,0,0,0,DoS-HTTP
0,1,20,840,0,0,0,0,DoS-ICMP
80,6,20,1200,20,0,0,0,DoS-SYN-Flood
80,6,20,1200,20,0,0,0,DoS-SYN-Flood
80,17,20,1200,0,0,0,0,DoS-UDP
22,6,20,1200,20,0,0,0,SSH-Bruteforce
39535,6,6,348,6,6,0,0,SSH-Bruteforce
80,6,20,1200,20,0,0,0,DoS-SYN-Flood
80,17,20,1200,0,0,0,0,DoS-UDP
0,1,20,840,0,0,0,0,DoS-ICMP
80,17,20,1200,0,0,0,0,DoS-UDP
0,1,20,1200,0,0,0,0,DoS-ICMP
0,1,20,840,0,0,0,0,DoS-ICMP
80,6,20,1200,20,0,0,0,DoS-SYN-Flood
80,17,20,1200,0,0,0,0,DoS-UDP
80,6,20,1200,20,0,0,0,DoS-SYN-Flood
80,6,20,1480,20,0,0,0,DoS-HTTP
30511,6,2,120,2,0,0,0,PortScan
1296,6,4,240,4,0,0,0,PortScan
80,17,20,1200,0,0,0,0,DoS-UDP
0,1,20,1200,0,0,0,0,DoS-ICMP
0,1,20,840,0,0,0,0,DoS-ICMP
0,1,20,1200,0,0,0,0,DoS-ICMP
22,6,20,1200,3,0,17,0,SSH-Bruteforce
54829,17,20,27980,0,0,0,0,BENIGN
0,2,20,1080,0,0,0,0,DoS-HTTP
916,6,6,348,6,6,0,0,SSH-Bruteforce
0,1,20,840,0,0,0,0,DoS-ICMP
38639,6,7,406,7,7,0,0,SSH-Bruteforce
80,6,20,1480,20,0,0,0,DoS-HTTP
0,1,20,840,0,0,0,0,DoS-ICMP
35638,6,12,696,12,12,0,0,SSH-Bruteforce
80,17,20,1200,0,0,0,0,DoS-UDP
60886,6,20,29500,0,20,0,0,BENIGN
80,6,20,1480,20,0,0,0,DoS-HTTP
22,6,20,1200,15,0,5,0,SSH-Bruteforce
80,6,20,1480,20,0,0,0,DoS-HTTP
0,1,20,1200,0,0,0,0,DoS-ICMP
80,17,20,1200,0,0,0,0,DoS-UDP
80,17,20,1200,0,0,0,0,DoS-UDP
22,6,20,1200,0,0,20,0,SSH-Bruteforce
80,6,20,1480,20,0,0,0,DoS-HTTP
80,6,20,1480,20,0,0,0,DoS-HTTP
80,6,20,1480,20,0,0,0,DoS-HTTP
80,17,20,1200,0,0,0,0,DoS-UDP
0,1,20,840,0,0,0,0,DoS-ICMP
80,6,20,1480,20,0,0,0,DoS-HTTP
80,6,20,1480,20,0,0,0,DoS-HTTP
14513,6,6,360,6,0,0,0,PortScan
80,17,20,1200,0,0,0,0,DoS-UDP
80,6,20,1480,20,0,0,0,DoS-HTTP
80,6,20,1480,20,0,0,0,DoS-HTTP
80,6,20,1200,20,0,0,0,DoS-SYN-Flood
80,6,20,1480,20,0,0,0,DoS-HTTP
36520,17,20,27980,0,0,0,0,BENIGN
80,17,20,1200,0,0,0,0,DoS-UDP
80,6,20,1200,20,0,0,0,DoS-SYN-Flood
19460,6,12,696,12,12,0,0,SSH-Bruteforce
80,6,20,1200,20,0,0,0,DoS-SYN-Flood
22,6,20,1200,18,0,2,0,SSH-Bruteforce
0,1,20,840,0,0,0,0,DoS-ICMP
0,1,20,840,0,0,0,0,DoS-ICMP
80,6,20,1480,20,0,0,0,DoS-HTTP
80,17,20,1200,0,0,0,0,DoS-UDP
45754,6,4,240,4,0,0,0,PortScan
22,6,20,1200,20,0,0,0,SSH-Bruteforce
22,6,20,1200,20,0,0,0,SSH-Bruteforce
38644,6,9,522,9,9,0,0,SSH-Bruteforce
0,1,20,840,0,0,0,0,DoS-ICMP
55981,6,6,348,6,6,0,0,SSH-Bruteforce
0,1,20,840,0,0,0,0,DoS-ICMP
57486,6,4,240,4,0,0,0,PortScan
80,17,20,1200,0,0,0,0,DoS-UDP
80,6,20,1480,20,0,0,0,DoS-HTTP
80,6,20,1200,20,0,0,0,DoS-SYN-Flood
80,6,20,1200,20,0,0,0,DoS-SYN-Flood
80,6,20,1480,20,0,0,0,DoS-HTTP
80,6,20,1200,20,0,0,0,DoS-SYN-Flood
49025,6,2,120,2,0,0,0,PortScan
80,6,20,1200,20,0,0,0,DoS-SYN-Flood
80,17,20,1200,0,0,0,0,DoS-UDP
80,17,20,1200,0,0,0,0,DoS-UDP
80,17,20,1200,0,0,0,0,DoS-UDP
80,17,20,1200,0,0,0,0,DoS-UDP
80,6,20,1200,20,0,0,0,DoS-SYN-Flood
80,6,20,1200,20,0,0,0,DoS-SYN-Flood
80,6,20,1480,20,0,0,0,DoS-HTTP
80,6,20,1480,20,0,0,0,DoS-HTTP
80,17,20,1200,0,0,0,0,DoS-UDP
80,6,20,1200,20,0,0,0,DoS-SYN-Flood
80,17,20,1200,0,0,0,0,DoS-UDP
80,17,20,1200,0,0,0,0,DoS-UDP
22,6,20,1200,20,0,0,0,SSH-Bruteforce
22,6,20,1200,20,0,0,0,SSH-Bruteforce
80,6,20,1480,20,0,0,0,DoS-HTTP
80,17,20,1200,0,0,0,0,DoS-UDP
80,17,20,1200,0,0,0,0,DoS-UDP
80,6,20,1200,20,0,0,0,DoS-SYN-Flood
53897,6,2,120,2,0,0,0,PortScan
0,1,20,1200,0,0,0,0,DoS-ICMP
80,17,20,1200,0,0,0,0,DoS-UDP
80,6,20,1480,20,0,0,0,DoS-HTTP
0,1,20,1200,0,0,0,0,DoS-ICMP
80,6,20,1200,20,0,0,0,DoS-SYN-Flood
80,6,20,1200,20,0,0,0,DoS-SYN-Flood
42766,6,2,120,2,0,0,0,PortScan
22,6,20,1200,0,0,20,0,SSH-Bruteforce
80,6,20,1200,20,0,0,0,DoS-SYN-Flood
0,1,20,840,0,0,0,0,DoS-ICMP
57808,6,2,120,2,0,0,0,PortScan
17493,6,2,120,2,0,0,0,PortScan
80,6,20,1200,20,0,0,0,DoS-SYN-Flood
11994,6,4,240,4,0,0,0,PortScan
28372,6,9,522,9,9,0,0,SSH-Bruteforce
0,1,20,1200,0,0,0,0,DoS-ICMP
443,6,20,1200,0,20,0,0,BENIGN
0,1,20,1200,0,0,0,0,DoS-ICMP
80,6,20,1200,20,0,0,0,DoS-SYN-Flood
80,6,20,1480,20,0,0,0,DoS-HTTP
80,6,20,1200,20,0,0,0,DoS-SYN-Flood
22,6,20,1200,0,0,20,0,SSH-Bruteforce
22,6,20,1200,20,0,0,0,SSH-Bruteforce
33595,17,20,15622,0,0,0,0,BENIGN
80,6,20,1200,20,0,0,0,DoS-SYN-Flood
80,17,20,1200,0,0,0,0,DoS-UDP
80,6,20,1200,20,0,0,0,DoS-SYN-Flood
2339,6,4,240,4,0,0,0,PortScan
80,6,20,1480,20,0,0,0,DoS-HTTP
80,17,20,1200,0,0,0,0,DoS-UDP
0,1,20,1200,0,0,0,0,DoS-ICMP
80,17,20,1200,0,0,0,0,DoS-UDP
15703,6,4,240,4,0,0,0,PortScan
80,17,20,1200,0,0,0,0,DoS-UDP
22,6,20,1200,0,0,20,0,SSH-Bruteforce
22,6,20,1200,1,0,19,0,SSH-Bruteforce
80,6,20,1480,20,0,0,0,DoS-HTTP
80,6,20,1200,20,0,0,0,DoS-SYN-Flood
0,1,20,840,0,0,0,0,DoS-ICMP
14340,6,6,360,6,0,0,0,PortScan
80,6,20,1200,20,0,0,0,DoS-SYN-Flood
80,6,20,1200,20,0,0,0,DoS-SYN-Flood
80,17,20,1200,0,0,0,0,DoS-UDP
80,6,20,1200,20,0,0,0,DoS-SYN-Flood
80,6,20,1480,20,0,0,0,DoS-HTTP
80,17,20,1200,0,0,0,0,DoS-UDP
80,6,20,1480,20,0,0,0,DoS-HTTP
80,17,20,1200,0,0,0,0,DoS-UDP
0,1,20,840,0,0,0,0,DoS-ICMP
80,6,20,1480,20,0,0,0,DoS-HTTP
22,6,20,1200,0,0,20,0,SSH-Bruteforce
3188,6,5,290,5,5,0,0,SSH-Bruteforce
54890,6,4,232,4,4,0,0,SSH-Bruteforce
22,6,20,1200,20,0,0,0,SSH-Bruteforce
0,1,20,1200,0,0,0,0,DoS-ICMP
80,6,20,1200,20,0,0,0,DoS-SYN-Flood
0,1,20,840,0,0,0,0,DoS-ICMP
38732,6,2,120,2,0,0,0,PortScan
37791,6,2,120,2,0,0,0,PortScan
80,6,20,1480,20,0,0,0,DoS-HTTP
80,6,20,1200,20,0,0,0,DoS-SYN-Flood
36520,17,20,27980,0,0,0,0,BENIGN
0,1,20,840,0,0,0,0,DoS-ICMP
0,1,20,1200,0,0,0,0,DoS-ICMP
80,6,20,1480,20,0,0,0,DoS-HTTP
10619,6,9,522,9,9,0,0,SSH-Bruteforce
22,6,20,1200,7,0,13,0,SSH-Bruteforce
40514,17,2,188,0,0,0,0,BENIGN
80,17,20,1200,0,0,0,0,DoS-UDP
33155,6,8,464,8,8,0,0,SSH-Bruteforce
63032,6,4,240,4,0,0,0,PortScan
15817,6,8,464,8,8,0,0,SSH-Bruteforce
80,6,20,1480,20,0,0,0,DoS-HTTP
0,1,20,1200,0,0,0,0,DoS-ICMP
80,6,20,1200,20,0,0,0,DoS-SYN-Flood
49702,6,2,120,2,0,0,0,PortScan
80,6,20,1200,20,0,0,0,DoS-SYN-Flood
31471,6,7,406,7,7,0,0,SSH-Bruteforce
80,17,20,1200,0,0,0,0,DoS-UDP
54071,6,4,240,4,0,0,0,PortScan
80,17,20,1200,0,0,0,0,DoS-UDP
59080,6,2,120,2,0,0,0,PortScan
80,17,20,1200,0,0,0,0,DoS-UDP
15361,6,2,120,2,0,0,0,PortScan
0,1,20,1200,0,0,0,0,DoS-ICMP
36520,17,20,27980,0,0,0,0,BENIGN
0,1,20,840,0,0,0,0,DoS-ICMP
80,6,20,1480,20,0,0,0,DoS-HTTP
80,17,20,1200,0,0,0,0,DoS-UDP
58285,6,2,120,2,0,0,0,PortScan
62587,6,4,240,4,0,0,0,PortScan
80,6,20,1480,20,0,0,0,DoS-HTTP
80,17,20,1200,0,0,0,0,DoS-UDP
80,6,20,1480,20,0,0,0,DoS-HTTP
80,6,20,1480,20,0,0,0,DoS-HTTP
0,1,20,1200,0,0,0,0,DoS-ICMP
0,1,20,840,0,0,0,0,DoS-ICMP
80,17,20,1200,0,0,0,0,DoS-UDP
0,1,20,840,0,0,0,0,DoS-ICMP
80,6,20,1480,20,0,0,0,DoS-HTTP
80,6,20,1480,20,0,0,0,DoS-HTTP
11582,6,6,348,6,6,0,0,SSH-Bruteforce
0,1,20,1200,0,0,0,0,DoS-ICMP
80,6,20,1480,20,0,0,0,DoS-HTTP
80,17,20,1200,0,0,0,0,DoS-UDP
0,1,20,1200,0,0,0,0,DoS-ICMP
43678,17,20,27980,0,0,0,0,BENIGN
33240,6,20,28780,0,20,0,0,BENIGN
0,1,20,840,0,0,0,0,DoS-ICMP
80,6,20,1480,20,0,0,0,DoS-HTTP
0,1,20,840,0,0,0,0,DoS-ICMP
52050,6,7,406,7,7,0,0,SSH-Bruteforce
0,1,20,840,0,0,0,0,DoS-ICMP
37279,6,11,638,11,11,0,0,SSH-Bruteforce
43460,6,2,120,2,0,0,0,PortScan
80,17,20,1200,0,0,0,0,DoS-UDP
80,6,20,1480,20,0,0,0,DoS-HTTP
36520,17,20,27980,0,0,0,0,BENIGN
30770,6,4,240,4,0,0,0,PortScan
43543,6,2,120,2,0,0,0,PortScan
56428,6,2,120,2,0,0,0,PortScan
11938,6,4,240,4,0,0,0,PortScan
80,6,20,1480,20,0,0,0,DoS-HTTP
80,6,20,1200,20,0,0,0,DoS-SYN-Flood
55064,6,2,120,2,0,0,0,PortScan
80,6,20,1480,20,0,0,0,DoS-HTTP
80,6,20,1480,20,0,0,0,DoS-HTTP
80,17,20,1200,0,0,0,0,DoS-UDP
80,17,20,1200,0,0,0,0,DoS-UDP
55234,6,2,120,2,0,0,0,PortScan
22,6,20,1200,0,0,20,0,SSH-Bruteforce
0,1,20,1200,0,0,0,0,DoS-ICMP
30848,6,2,120,2,0,0,0,PortScan
80,6,20,1480,20,0,0,0,DoS-HTTP
56906,6,6,348,6,6,0,0,SSH-Bruteforce
23272,6,2,120,2,0,0,0,PortScan
80,6,20,1200,20,0,0,0,DoS-SYN-Flood
80,17,20,1200,0,0,0,0,DoS-UDP
80,6,20,1200,20,0,0,0,DoS-SYN-Flood
80,6,20,1480,20,0,0,0,DoS-HTTP
37718,6,9,522,9,9,0,0,SSH-Bruteforce
80,17,20,1200,0,0,0,0,DoS-UDP
62535,6,6,348,6,6,0,0,SSH-Bruteforce
0,1,20,840,0,0,0,0,DoS-ICMP
27958,6,12,696,12,12,0,0,SSH-Bruteforce
80,6,20,1200,20,0,0,0,DoS-SYN-Flood
26676,6,4,240,4,0,0,0,PortScan
80,6,20,1480,20,0,0,0,DoS-HTTP
80,6,20,1480,20,0,0,0,DoS-HTTP
80,6,20,1200,20,0,0,0,DoS-SYN-Flood
38444,6,4,240,4,0,0,0,PortScan
80,17,20,1200,0,0,0,0,DoS-UDP
23833,6,4,240,4,0,0,0,PortScan
80,17,20,1200,0,0,0,0,DoS-UDP
0,1,20,840,0,0,0,0,DoS-ICMP
0,1,20,1200,0,0,0,0,DoS-ICMP
80,17,20,1200,0,0,0,0,DoS-UDP
0,1,20,840,0,0,0,0,DoS-ICMP
80,17,20,1200,0,0,0,0,DoS-UDP
22,6,20,1200,20,0,0,0,SSH-Bruteforce
38574,6,14,9738,0,14,0,1,BENIGN
0,1,20,1200,0,0,0,0,DoS-ICMP
80,17,20,1200,0,0,0,0,DoS-UDP
27016,6,6,348,6,6,0,0,SSH-Bruteforce
80,17,20,1200,0,0,0,0,DoS-UDP
80,6,20,1480,20,0,0,0,DoS-HTTP
80,6,20,1200,20,0,0,0,DoS-SYN-Flood
80,6,20,1200,20,0,0,0,DoS-SYN-Flood
80,17,20,1200,0,0,0,0,DoS-UDP
0,1,20,840,0,0,0,0,DoS-ICMP
0,1,20,840,0,0,0,0,DoS-ICMP
0,1,20,840,0,0,0,0,DoS-ICMP
17298,6,2,120,2,0,0,0,PortScan
22,6,20,1200,20,0,0,0,SSH-Bruteforce
30748,6,4,232,4,4,0,0,SSH-Bruteforce
80,6,20,1200,20,0,0,0,DoS-SYN-Flood
80,17,20,1200,0,0,0,0,DoS-UDP
80,6,20,1200,20,0,0,0,DoS-SYN-Flood
36520,17,20,27980,0,0,0,0,BENIGN
36520,17,20,17542,0,0,0,0,BENIGN
0,1,20,1200,0,0,0,0,DoS-ICMP
80,6,20,1480,20,0,0,0,DoS-HTTP
80,6,20,1480,20,0,0,0,DoS-HTTP
80,6,20,1480,20,0,0,0,DoS-HTTP
80,6,20,1480,20,0,0,0,DoS-HTTP
80,6,20,1200,20,0,0,0,DoS-SYN-Flood
80,6,20,1200,20,0,0,0,DoS-SYN-Flood
0,1,20,840,0,0,0,0,DoS-ICMP
40311,6,4,232,4,4,0,0,SSH-Bruteforce
80,6,20,1200,20,0,0,0,DoS-SYN-Flood
0,1,20,840,0,0,0,0,DoS-ICMP
80,17,20,1200,0,0,0,0,DoS-UDP
80,6,20,1480,20,0,0,0,DoS-HTTP
80,6,20,1480,20,0,0,0,DoS-HTTP
80,6,20,1480,20,0,0,0,DoS-HTTP
80,6,20,1200,20,0,0,0,DoS-SYN-Flood
0,1,20,840,0,0,0,0,DoS-ICMP
0,1,20,840,0,0,0,0,DoS-ICMP
0,1,20,840,0,0,0,0,DoS-ICMP
80,6,20,1480,20,0,0,0,DoS-HTTP
80,6,20,1480,20,0,0,0,DoS-HTTP
52555,6,11,638,11,11,0,0,SSH-Bruteforce
16449,6,4,240,4,0,0,0,PortScan
0,1,20,1200,0,0,0,0,DoS-ICMP
60886,6,20,29080,0,20,0,0,BENIGN
0,1,20,1200,0,0,0,0,DoS-ICMP
345,6,4,240,4,0,0,0,PortScan
36268,17,20,27980,0,0,0,0,BENIGN
0,1,20,840,0,0,0,0,DoS-ICMP
80,6,20,1480,20,0,0,0,DoS-HTTP
0,1,20,1200,0,0,0,0,DoS-ICMP
0,1,20,840,0,0,0,0,DoS-ICMP
80,6,20,1200,20,0,0,0,DoS-SYN-Flood
36520,17,20,27980,0,0,0,0,BENIGN
80,6,20,1480,20,0,0,0,DoS-HTTP
80,17,20,1200,0,0,0,0,DoS-UDP
80,17,20,1200,0,0,0,0,DoS-UDP
29324,6,2,120,2,0,0,0,PortScan
8487,6,4,240,4,0,0,0,PortScan
80,17,20,1200,0,0,0,0,DoS-UDP
80,6,20,1200,20,0,0,0,DoS-SYN-Flood
80,17,20,1200,0,0,0,0,DoS-UDP
22,6,20,1200,20,0,0,0,SSH-Bruteforce
80,6,20,1200,20,0,0,0,DoS-SYN-Flood
22,6,20,1200,15,0,5,0,SSH-Bruteforce
22,6,20,1200,0,0,20,0,SSH-Bruteforce
45447,17,20,27980,0,0,0,0,BENIGN
0,1,20,840,0,0,0,0,DoS-ICMP
80,6,20,1480,20,0,0,0,DoS-HTTP
80,6,20,1200,20,0,0,0,DoS-SYN-Flood
24322,6,4,240,4,0,0,0,PortScan
80,6,20,1200,20,0,0,0,DoS-SYN-Flood
80,17,20,1200,0,0,0,0,DoS-UDP
0,1,20,840,0,0,0,0,DoS-ICMP
80,6,20,1200,20,0,0,0,DoS-SYN-Flood
7847,6,4,240,4,0,0,0,PortScan
80,6,20,1480,20,0,0,0,DoS-HTTP
0,1,20,840,0,0,0,0,DoS-ICMP
48806,17,20,27980,0,0,0,0,BENIGN
80,6,20,1200,20,0,0,0,DoS-SYN-Flood
80,6,20,1480,20,0,0,0,DoS-HTTP
49208,6,9,522,9,9,0,0,SSH-Bruteforce
80,6,20,1480,20,0,0,0,DoS-HTTP
62117,6,4,240,4,0,0,0,PortScan
44856,6,4,240,4,0,0,0,PortScan
36520,17,20,27980,0,0,0,0,BENIGN
0,1,20,840,0,0,0,0,DoS-ICMP
16103,6,9,522,9,9,0,0,SSH-Bruteforce
80,6,20,1480,20,0,0,0,DoS-HTTP
80,17,20,1200,0,0,0,0,DoS-UDP
80,6,20,1200,20,0,0,0,DoS-SYN-Flood
80,6,20,1480,20,0,0,0,DoS-HTTP
2198,6,5,290,5,5,0,0,SSH-Bruteforce
0,1,20,840,0,0,0,0,DoS-ICMP
80,17,20,1200,0,0,0,0,DoS-UDP
80,6,20,1200,20,0,0,0,DoS-SYN-Flood
443,6,20,2691,0,20,0,0,BENIGN
80,17,20,1200,0,0,0,0,DoS-UDP
0,1,20,1200,0,0,0,0,DoS-ICMP
60886,6,20,29080,0,20,0,0,BENIGN
80,17,20,1200,0,0,0,0,DoS-UDP
16906,6,9,522,9,9,0,0,SSH-Bruteforce
0,1,20,1200,0,0,0,0,DoS-ICMP
80,6,20,1200,20,0,0,0,DoS-SYN-Flood
22,6,20,1200,20,0,0,0,SSH-Bruteforce
80,6,20,1200,20,0,0,0,DoS-SYN-Flood
56626,6,2,120,2,0,0,0,PortScan
80,6,20,1480,20,0,0,0,DoS-HTTP
80,6,20,1200,20,0,0,0,DoS-SYN-Flood
0,1,20,1200,0,0,0,0,DoS-ICMP
80,6,20,1200,20,0,0,0,DoS-SYN-Flood
80,17,20,1200,0,0,0,0,DoS-UDP
80,17,20,1200,0,0,0,0,DoS-UDP
0,1,20,1200,0,0,0,0,DoS-ICMP
80,17,20,1200,0,0,0,0,DoS-UDP
30198,6,7,406,7,7,0,0,SSH-Bruteforce
80,17,20,1200,0,0,0,0,DoS-UDP
80,6,20,1200,20,0,0,0,DoS-SYN-Flood
0,1,20,1200,0,0,0,0,DoS-ICMP
0,1,20,840,0,0,0,0,DoS-ICMP
80,17,20,1200,0,0,0,0,DoS-UDP
80,17,20,1200,0,0,0,0,DoS-UDP
13086,6,4,240,4,0,0,0,PortScan
80,6,20,1200,20,0,0,0,DoS-SYN-Flood
80,6,20,1200,20,0,0,0,DoS-SYN-Flood
18988,6,2,120,2,0,0,0,PortScan
22,6,20,1200,20,0,0,0,SSH-Bruteforce
0,1,20,840,0,0,0,0,DoS-ICMP
22,6,20,1200,3,0,17,0,SSH-Bruteforce
0,1,20,840,0,0,0,0,DoS-ICMP
80,6,20,1200,20,0,0,0,DoS-SYN-Flood
0,1,20,840,0,0,0,0,DoS-ICMP
0,1,20,840,0,0,0,0,DoS-ICMP
22,6,20,1200,6,0,14,0,SSH-Bruteforce
5230,6,4,240,4,0,0,0,PortScan
53490,6,9,522,9,9,0,0,SSH-Bruteforce
64830,6,4,240,4,0,0,0,PortScan
58420,6,2,120,2,0,0,0,PortScan
80,6,20,1200,20,0,0,0,DoS-SYN-Flood
22,6,20,1200,4,0,16,0,SSH-Bruteforce
80,6,20,1480,20,0,0,0,DoS-HTTP
10989,6,6,348,6,6,0,0,SSH-Bruteforce
80,6,20,1480,20,0,0,0,DoS-HTTP
60886,6,20,27670,0,20,0,0,BENIGN
80,6,20,1480,20,0,0,0,DoS-HTTP
80,17,20,1200,0,0,0,0,DoS-UDP
80,6,20,1200,20,0,0,0,DoS-SYN-Flood
80,17,20,1200,0,0,0,0,DoS-UDP
52242,6,8,464,8,8,0,0,SSH-Bruteforce
80,6,20,1200,20,0,0,0,DoS-SYN-Flood
80,6,20,1200,20,0,0,0,DoS-SYN-Flood
80,6,20,1480,20,0,0,0,DoS-HTTP
0,1,20,840,0,0,0,0,DoS-ICMP
80,17,20,1200,0,0,0,0,DoS-UDP
80,6,20,1200,20,0,0,0,DoS-SYN-Flood
60886,6,20,29700,0,20,0,0,BENIGN
80,6,20,1200,20,0,0,0,DoS-SYN-Flood
80,17,20,1200,0,0,0,0,DoS-UDP
22,6,20,1200,4,0,16,0,SSH-Bruteforce
0,1,20,1200,0,0,0,0,DoS-ICMP
29958,6,7,406,7,7,0,0,SSH-Bruteforce
80,17,20,1200,0,0,0,0,DoS-UDP
0,1,20,840,0,0,0,0,DoS-ICMP
80,17,20,1200,0,0,0,0,DoS-UDP
57667,6,5,290,5,5,0,0,SSH-Bruteforce
45402,6,2,120,2,0,0,0,PortScan
80,6,20,1480,20,0,0,0,DoS-HTTP
80,17,20,1200,0,0,0,0,DoS-UDP
80,6,20,1200,20,0,0,0,DoS-SYN-Flood
22,6,20,1200,20,0,0,0,SSH-Bruteforce
50965,6,2,120,2,0,0,0,PortScan
22,6,20,1200,2,0,18,0,SSH-Bruteforce
80,6,20,1200,20,0,0,0,DoS-SYN-Flood
80,6,20,1480,20,0,0,0,DoS-HTTP
80,6,20,1480,20,0,0,0,DoS-HTTP
80,6,20,1480,20,0,0,0,DoS-HTTP
0,1,20,1200,0,0,0,0,DoS-ICMP
47772,6,10,580,10,10,0,0,SSH-Bruteforce
3477,6,7,406,7,7,0,0,SSH-Bruteforce
80,6,20,1200,20,0,0,0,DoS-SYN-Flood
27167,6,7,406,7,7,0,0,SSH-Bruteforce
80,17,20,1200,0,0,0,0,DoS-UDP
51939,6,4,240,4,0,0,0,PortScan
31821,6,9,522,9,9,0,0,SSH-Bruteforce
80,6,20,1200,20,0,0,0,DoS-SYN-Flood
80,6,20,1200,20,0,0,0,DoS-SYN-Flood
80,6,20,1480,20,0,0,0,DoS-HTTP
0,1,20,1200,0,0,0,0,DoS-ICMP
80,6,20,1200,20,0,0,0,DoS-SYN-Flood
80,6,20,1480,20,0,0,0,DoS-HTTP
80,6,20,1200,20,0,0,0,DoS-SYN-Flood
80,6,20,1480,20,0,0,0,DoS-HTTP
80,17,20,1200,0,0,0,0,DoS-UDP
80,17,20,1200,0,0,0,0,DoS-UDP
36520,17,20,27980,0,0,0,0,BENIGN
0,1,20,1200,0,0,0,0,DoS-ICMP
80,17,20,1200,0,0,0,0,DoS-UDP
9257,6,4,240,4,0,0,0,PortScan
22,6,20,1200,20,0,0,0,SSH-Bruteforce
22,6,20,1200,20,0,0,0,SSH-Bruteforce
0,1,20,840,0,0,0,0,DoS-ICMP
60394,17,20,27391,0,0,0,0,BENIGN
0,1,20,1200,0,0,0,0,DoS-ICMP
80,6,20,1200,20,0,0,0,DoS-SYN-Flood
80,6,20,1200,20,0,0,0,DoS-SYN-Flood
688,6,5,290,5,5,0,0,SSH-Bruteforce
0,1,20,1200,0,0,0,0,DoS-ICMP
38104,6,4,240,4,0,0,0,PortScan
18324,6,2,120,2,0,0,0,PortScan
80,17,20,1200,0,0,0,0,DoS-UDP
80,17,20,1200,0,0,0,0,DoS-UDP
80,6,20,1480,20,0,0,0,DoS-HTTP
0,1,20,1200,0,0,0,0,DoS-ICMP
80,6,20,1480,20,0,0,0,DoS-HTTP
80,17,20,1200,0,0,0,0,DoS-UDP
80,6,20,1200,20,0,0,0,DoS-SYN-Flood
80,6,20,1480,20,0,0,0,DoS-HTTP
52518,6,10,580,10,10,0,0,SSH-Bruteforce
80,17,20,1200,0,0,0,0,DoS-UDP
80,17,20,1200,0,0,0,0,DoS-UDP
80,6,20,1200,20,0,0,0,DoS-SYN-Flood
22715,6,2,120,2,0,0,0,PortScan
7290,6,6,348,6,6,0,0,SSH-Bruteforce
33240,6,20,29440,0,20,0,0,BENIGN
80,6,20,1480,20,0,0,0,DoS-HTTP
29356,6,8,464,8,8,0,0,SSH-Bruteforce
80,6,20,1200,20,0,0,0,DoS-SYN-Flood
11970,6,8,464,8,8,0,0,SSH-Bruteforce
80,6,20,1480,20,0,0,0,DoS-HTTP
80,6,20,1200,20,0,0,0,DoS-SYN-Flood
80,17,20,1200,0,0,0,0,DoS-UDP
10534,6,6,348,6,6,0,0,SSH-Bruteforce
63539,6,4,240,4,0,0,0,PortScan
0,1,20,1200,0,0,0,0,DoS-ICMP
443,17,20,1725,0,0,0,0,BENIGN
0,1,20,840,0,0,0,0,DoS-ICMP
0,1,20,1200,0,0,0,0,DoS-ICMP
80,17,20,1200,0,0,0,0,DoS-UDP
0,1,20,840,0,0,0,0,DoS-ICMP
24518,6,8,464,8,8,0,0,SSH-Bruteforce
80,6,20,1200,20,0,0,0,DoS-SYN-Flood
45610,6,4,240,4,0,0,0,PortScan
80,6,20,1200,20,0,0,0,DoS-SYN-Flood
80,17,20,1200,0,0,0,0,DoS-UDP
29699,6,4,240,4,0,0,0,PortScan
80,6,20,1200,20,0,0,0,DoS-SYN-Flood
8591,6,9,522,9,9,0,0,SSH-Bruteforce
80,6,20,1200,20,0,0,0,DoS-SYN-Flood
80,17,20,1200,0,0,0,0,DoS-UDP
0,1,20,840,0,0,0,0,DoS-ICMP
80,6,20,1480,20,0,0,0,DoS-HTTP
25066,6,2,120,2,0,0,0,PortScan
80,6,20,1200,20,0,0,0,DoS-SYN-Flood
40120,6,2,120,2,0,0,0,PortScan
80,17,20,1200,0,0,0,0,DoS-UDP
1244,6,5,290,5,5,0,0,SSH-Bruteforce
0,1,20,840,0,0,0,0,DoS-ICMP
80,6,20,1200,20,0,0,0,DoS-SYN-Flood
0,1,20,1200,0,0,0,0,DoS-ICMP
80,6,20,1200,20,0,0,0,DoS-SYN-Flood
80,6,20,1480,20,0,0,0,DoS-HTTP
34716,6,2,120,2,0,0,0,PortScan
46238,6,2,120,2,0,0,0,PortScan
80,6,20,1480,20,0,0,0,DoS-HTTP
61336,6,6,348,6,6,0,0,SSH-Bruteforce
1733,6,6,348,6,6,0,0,SSH-Bruteforce
10050,6,6,348,6,6,0,0,SSH-Bruteforce
53258,6,20,29020,0,20,0,0,BENIGN
80,6,20,1480,20,0,0,0,DoS-HTTP
80,6,20,1480,20,0,0,0,DoS-HTTP
44340,6,8,464,8,8,0,0,SSH-Bruteforce
0,1,20,1200,0,0,0,0,DoS-ICMP
0,1,20,1200,0,0,0,0,DoS-ICMP
55476,6,2,120,2,0,0,0,PortScan
80,6,20,1480,20,0,0,0,DoS-HTTP
0,1,20,840,0,0,0,0,DoS-ICMP
15599,6,8,464,8,8,0,0,SSH-Bruteforce
443,17,20,4394,0,0,0,0,BENIGN
46978,6,4,240,4,0,0,0,PortScan
54829,17,20,27980,0,0,0,0,BENIGN
80,6,20,1480,20,0,0,0,DoS-HTTP
36896,6,9,522,9,9,0,0,SSH-Bruteforce
0,1,20,840,0,0,0,0,DoS-ICMP
80,6,20,1200,20,0,0,0,DoS-SYN-Flood
80,6,20,1200,20,0,0,0,DoS-SYN-Flood
80,6,20,1200,20,0,0,0,DoS-SYN-Flood
54886,6,4,232,4,4,0,0,SSH-Bruteforce
80,6,20,1200,20,0,0,0,DoS-SYN-Flood
4060,6,4,240,4,0,0,0,PortScan
80,6,20,1200,20,0,0,0,DoS-SYN-Flood
0,1,20,1200,0,0,0,0,DoS-ICMP
0,1,20,840,0,0,0,0,DoS-ICMP
80,6,20,1480,20,0,0,0,DoS-HTTP
80,6,20,1200,20,0,0,0,DoS-SYN-Flood
0,1,20,1200,0,0,0,0,DoS-ICMP
199,6,6,360,6,0,0,0,PortScan
0,1,20,840,0,0,0,0,DoS-ICMP
22,6,20,1200,9,0,11,0,SSH-Bruteforce
22,6,20,1200,0,0,20,0,SSH-Bruteforce
19632,6,2,120,2,0,0,0,PortScan
80,6,20,1200,20,0,0,0,DoS-SYN-Flood
5222,6,9,522,9,9,0,0,SSH-Bruteforce
80,6,20,1200,20,0,0,0,DoS-SYN-Flood
80,6,20,1480,20,0,0,0,DoS-HTTP
80,6,20,1200,20,0,0,0,DoS-SYN-Flood
22,6,20,1200,20,0,0,0,SSH-Bruteforce
80,6,20,1480,20,0,0,0,DoS-HTTP
80,17,20,1200,0,0,0,0,DoS-UDP
80,17,20,1200,0,0,0,0,DoS-UDP
46545,6,4,240,4,0,0,0,PortScan
0,1,20,840,0,0,0,0,DoS-ICMP
18591,6,4,240,4,0,0,0,PortScan
80,6,20,1480,20,0,0,0,DoS-HTTP
4838,6,6,360,6,0,0,0,PortScan
43171,6,6,348,6,6,0,0,SSH-Bruteforce
80,6,20,1200,20,0,0,0,DoS-SYN-Flood
0,1,20,840,0,0,0,0,DoS-ICMP
27712,6,2,120,2,0,0,0,PortScan
12785,6,4,240,4,0,0,0,PortScan
27828,6,2,120,2,0,0,0,PortScan
22,6,20,1200,20,0,0,0,SSH-Bruteforce
49638,6,8,464,8,8,0,0,SSH-Bruteforce
43259,6,7,406,7,7,0,0,SSH-Bruteforce
80,6,20,1480,20,0,0,0,DoS-HTTP
30670,6,2,120,2,0,0,0,PortScan
80,17,20,1200,0,0,0,0,DoS-UDP
45987,6,15,870,15,15,0,0,SSH-Bruteforce
80,17,20,1200,0,0,0,0,DoS-UDP
36520,17,20,27980,0,0,0,0,BENIGN
0,1,20,840,0,0,0,0,DoS-ICMP
22,6,20,1200,20,0,0,0,SSH-Bruteforce
80,6,20,1480,20,0,0,0,DoS-HTTP
0,1,20,840,0,0,0,0,DoS-ICMP
22,6,20,1200,0,0,20,0,SSH-Bruteforce
80,6,20,1200,20,0,0,0,DoS-SYN-Flood
80,17,20,1200,0,0,0,0,DoS-UDP
80,17,20,1200,0,0,0,0,DoS-UDP
16550,6,2,120,2,0,0,0,PortScan
8783,6,7,406,7,7,0,0,SSH-Bruteforce
24135,6,2,120,2,0,0,0,PortScan
80,17,20,1200,0,0,0,0,DoS-UDP
80,17,20,1200,0,0,0,0,DoS-UDP
8797,6,4,240,4,0,0,0,PortScan
80,6,20,1480,20,0,0,0,DoS-HTTP
80,6,20,1200,20,0,0,0,DoS-SYN-Flood
80,17,20,1200,0,0,0,0,DoS-UDP
47774,17,20,23321,0,0,0,0,BENIGN
2899,6,7,406,7,7,0,0,SSH-Bruteforce
80,6,20,1200,20,0,0,0,DoS-SYN-Flood
10327,6,4,240,4,0,0,0,PortScan
80,17,20,1200,0,0,0,0,DoS-UDP
53308,6,20,29080,0,20,0,0,BENIGN
60886,6,20,26306,0,20,0,0,BENIGN
80,17,20,1200,0,0,0,0,DoS-UDP
80,6,20,1480,20,0,0,0,DoS-HTTP
36268,17,20,27980,0,0,0,0,BENIGN
0,1,20,840,0,0,0,0,DoS-ICMP
80,6,20,1480,20,0,0,0,DoS-HTTP
22,6,20,1200,0,0,20,0,SSH-Bruteforce
41308,17,20,27980,0,0,0,0,BENIGN
3472,6,9,522,9,9,0,0,SSH-Bruteforce
80,17,20,1200,0,0,0,0,DoS-UDP
20530,6,4,240,4,0,0,0,PortScan
80,17,20,1200,0,0,0,0,DoS-UDP
33499,6,8,464,8,8,0,0,SSH-Bruteforce
80,6,20,1200,20,0,0,0,DoS-SYN-Flood
80,17,20,1200,0,0,0,0,DoS-UDP
3575,6,4,240,4,0,0,0,PortScan
80,17,20,1200,0,0,0,0,DoS-UDP
0,1,20,840,0,0,0,0,DoS-ICMP
56523,6,2,120,2,0,0,0,PortScan
80,6,20,1480,20,0,0,0,DoS-HTTP
80,6,20,1200,20,0,0,0,DoS-SYN-Flood
12007,6,7,406,7,7,0,0,SSH-Bruteforce
80,6,20,1480,20,0,0,0,DoS-HTTP
80,17,20,1200,0,0,0,0,DoS-UDP
31715,6,4,240,4,0,0,0,PortScan
25104,6,4,240,4,0,0,0,PortScan
10523,6,4,240,4,0,0,0,PortScan
0,1,20,1200,0,0,0,0,DoS-ICMP
16366,6,4,240,4,0,0,0,PortScan
80,6,20,1200,20,0,0,0,DoS-SYN-Flood
16037,6,7,406,7,7,0,0,SSH-Bruteforce
52868,6,2,120,2,0,0,0,PortScan
80,6,20,1480,20,0,0,0,DoS-HTTP
80,6,20,1480,20,0,0,0,DoS-HTTP
36520,17,20,27980,0,0,0,0,BENIGN
80,6,20,1200,20,0,0,0,DoS-SYN-Flood
50875,6,4,240,4,0,0,0,PortScan
35229,6,4,232,4,4,0,0,SSH-Bruteforce
61252,6,2,120,2,0,0,0,PortScan
53296,6,20,29072,0,20,0,0,BENIGN
80,6,20,1480,20,0,0,0,DoS-HTTP
46394,6,4,240,4,0,0,0,PortScan
80,6,20,1200,20,0,0,0,DoS-SYN-Flood
42100,6,1,54,0,1,1,0,BENIGN
27566,6,4,240,4,0,0,0,PortScan
36520,17,20,27980,0,0,0,0,BENIGN
80,6,20,1200,20,0,0,0,DoS-SYN-Flood
80,17,20,1200,0,0,0,0,DoS-UDP
80,6,20,1480,20,0,0,0,DoS-HTTP
0,1,20,840,0,0,0,0,DoS-ICMP
47464,6,7,406,7,7,0,0,SSH-Bruteforce
53361,6,2,120,2,0,0,0,PortScan
33240,6,20,29260,0,20,0,0,BENIGN
80,17,20,1200,0,0,0,0,DoS-UDP
0,1,20,840,0,0,0,0,DoS-ICMP
80,6,20,1200,20,0,0,0,DoS-SYN-Flood
0,1,20,840,0,0,0,0,DoS-ICMP
80,17,20,1200,0,0,0,0,DoS-UDP
80,17,20,1200,0,0,0,0,DoS-UDP
0,1,20,1200,0,0,0,0,DoS-ICMP
80,6,20,1200,20,0,0,0,DoS-SYN-Flood
52020,6,7,406,7,7,0,0,SSH-Bruteforce
0,1,20,840,0,0,0,0,DoS-ICMP
0,1,20,1200,0,0,0,0,DoS-ICMP
0,1,20,840,0,0,0,0,DoS-ICMP
443,17,20,5239,0,0,0,0,BENIGN
45792,6,6,348,6,6,0,0,SSH-Bruteforce
0,1,20,840,0,0,0,0,DoS-ICMP
39678,6,2,120,2,0,0,0,PortScan
80,17,20,1200,0,0,0,0,DoS-UDP
22,6,20,1200,4,0,16,0,SSH-Bruteforce
35006,6,2,120,2,0,0,0,PortScan
80,6,20,1200,20,0,0,0,DoS-SYN-Flood
51142,6,2,120,2,0,0,0,PortScan
80,6,20,1200,20,0,0,0,DoS-SYN-Flood
80,17,20,1200,0,0,0,0,DoS-UDP
80,6,20,1480,20,0,0,0,DoS-HTTP
80,6,20,1200,20,0,0,0,DoS-SYN-Flood
80,17,20,1200,0,0,0,0,DoS-UDP
22,6,20,1200,14,0,6,0,SSH-Bruteforce
80,6,20,1200,20,0,0,0,DoS-SYN-Flood
0,1,20,840,0,0,0,0,DoS-ICMP
80,17,20,1200,0,0,0,0,DoS-UDP
80,6,20,1200,20,0,0,0,DoS-SYN-Flood
0,1,20,840,0,0,0,0,DoS-ICMP
0,1,20,1200,0,0,0,0,DoS-ICMP
80,17,20,1200,0,0,0,0,DoS-UDP
0,1,20,840,0,0,0,0,DoS-ICMP
80,6,20,1200,20,0,0,0,DoS-SYN-Flood
0,1,20,1200,0,0,0,0,DoS-ICMP
33054,6,8,464,8,8,0,0,SSH-Bruteforce
59340,6,2,120,2,0,0,0,PortScan
11093,6,4,240,4,0,0,0,PortScan
9572,6,10,580,10,10,0,0,SSH-Bruteforce
80,6,20,1200,20,0,0,0,DoS-SYN-Flood
56072,6,9,522,9,9,0,0,SSH-Bruteforce
80,6,20,1200,20,0,0,0,DoS-SYN-Flood
80,6,20,1480,20,0,0,0,DoS-HTTP
80,6,20,1480,20,0,0,0,DoS-HTTP
443,6,20,20574,1,19,0,0,BENIGN
80,6,20,1480,20,0,0,0,DoS-HTTP
80,6,20,1200,20,0,0,0,DoS-SYN-Flood
39902,17,20,27980,0,0,0,0,BENIGN
39902,17,20,27980,0,0,0,0,BENIGN
80,6,20,1200,20,0,0,0,DoS-SYN-Flood
60886,6,20,23782,0,20,0,0,BENIGN
80,6,20,1480,20,0,0,0,DoS-HTTP
39902,17,20,27980,0,0,0,0,BENIGN
4945,6,8,464,8,8,0,0,SSH-Bruteforce
80,17,20,1200,0,0,0,0,DoS-UDP
80,6,20,1200,20,0,0,0,DoS-SYN-Flood
80,6,20,1480,20,0,0,0,DoS-HTTP
80,6,20,1200,20,0,0,0,DoS-SYN-Flood
24267,6,2,120,2,0,0,0,PortScan
80,17,20,1200,0,0,0,0,DoS-UDP
80,6,20,1200,20,0,0,0,DoS-SYN-Flood
0,1,20,840,0,0,0,0,DoS-ICMP
0,1,20,840,0,0,0,0,DoS-ICMP
80,6,20,1480,20,0,0,0,DoS-HTTP
34108,6,9,522,9,9,0,0,SSH-Bruteforce
80,6,20,1200,20,0,0,0,DoS-SYN-Flood
80,17,20,1200,0,0,0,0,DoS-UDP
80,6,20,1200,20,0,0,0,DoS-SYN-Flood
80,6,20,1200,20,0,0,0,DoS-SYN-Flood
80,6,20,1480,20,0,0,0,DoS-HTTP
80,6,20,1200,20,0,0,0,DoS-SYN-Flood
80,6,20,1480,20,0,0,0,DoS-HTTP
22,6,20,1200,20,0,0,0,SSH-Bruteforce
80,6,20,1480,20,0,0,0,DoS-HTTP
80,6,20,1200,20,0,0,0,DoS-SYN-Flood
80,6,20,1200,20,0,0,0,DoS-SYN-Flood
80,6,20,1200,20,0,0,0,DoS-SYN-Flood
41400,6,2,120,2,0,0,0,PortScan
80,17,20,1200,0,0,0,0,DoS-UDP
443,6,20,1200,0,20,0,0,BENIGN
80,6,20,1480,20,0,0,0,DoS-HTTP
6840,6,4,240,4,0,0,0,PortScan
80,17,20,1200,0,0,0,0,DoS-UDP
80,6,20,1200,20,0,0,0,DoS-SYN-Flood
62849,6,2,120,2,0,0,0,PortScan
80,17,20,1200,0,0,0,0,DoS-UDP
0,1,20,1200,0,0,0,0,DoS-ICMP
51865,6,4,240,4,0,0,0,PortScan
80,6,20,1200,20,0,0,0,DoS-SYN-Flood
80,17,20,1200,0,0,0,0,DoS-UDP
80,17,20,1200,0,0,0,0,DoS-UDP
0,1,20,1200,0,0,0,0,DoS-ICMP
0,1,20,840,0,0,0,0,DoS-ICMP
2176,6,5,290,5,5,0,0,SSH-Bruteforce
16841,6,4,240,4,0,0,0,PortScan
80,6,20,1200,20,0,0,0,DoS-SYN-Flood
59910,6,2,120,2,0,0,0,PortScan
80,6,20,1480,20,0,0,0,DoS-HTTP
31139,6,4,240,4,0,0,0,PortScan
80,6,20,1480,20,0,0,0,DoS-HTTP
22,6,20,1200,2,0,18,0,SSH-Bruteforce
80,6,20,1200,20,0,0,0,DoS-SYN-Flood
80,6,20,1200,20,0,0,0,DoS-SYN-Flood
0,1,20,840,0,0,0,0,DoS-ICMP
64689,6,5,290,5,5,0,0,SSH-Bruteforce
22,6,20,1200,20,0,0,0,SSH-Bruteforce
0,1,20,1200,0,0,0,0,DoS-ICMP
43306,6,2,120,2,0,0,0,PortScan
80,6,20,1200,20,0,0,0,DoS-SYN-Flood
34145,6,2,120,2,0,0,0,PortScan
80,6,20,1200,20,0,0,0,DoS-SYN-Flood
22,6,20,1200,0,0,20,0,SSH-Bruteforce
0,1,20,1200,0,0,0,0,DoS-ICMP
80,6,20,1200,20,0,0,0,DoS-SYN-Flood
0,1,20,840,0,0,0,0,DoS-ICMP
80,6,20,1480,20,0,0,0,DoS-HTTP
22,6,20,1200,0,0,20,0,SSH-Bruteforce
40054,6,11,638,11,11,0,0,SSH-Bruteforce
80,6,20,1480,20,0,0,0,DoS-HTTP
16066,6,2,120,2,0,0,0,PortScan
80,17,20,1200,0,0,0,0,DoS-UDP
12490,6,7,406,7,7,0,0,SSH-Bruteforce
10534,6,6,360,6,0,0,0,PortScan
0,1,20,840,0,0,0,0,DoS-ICMP
80,6,20,1480,20,0,0,0,DoS-HTTP
80,17,20,1200,0,0,0,0,DoS-UDP
4762,6,4,240,4,0,0,0,PortScan
80,6,20,1200,20,0,0,0,DoS-SYN-Flood
80,6,20,1480,20,0,0,0,DoS-HTTP
80,17,20,1200,0,0,0,0,DoS-UDP
7895,6,4,240,4,0,0,0,PortScan
0,1,20,840,0,0,0,0,DoS-ICMP
36520,17,20,27980,0,0,0,0,BENIGN
80,17,20,1200,0,0,0,0,DoS-UDP
80,6,20,1200,20,0,0,0,DoS-SYN-Flood
80,17,20,1200,0,0,0,0,DoS-UDP
80,6,20,1200,20,0,0,0,DoS-SYN-Flood
36520,17,20,27980,0,0,0,0,BENIGN
22,6,20,1200,0,0,20,0,SSH-Bruteforce
43469,6,8,464,8,8,0,0,SSH-Bruteforce
41050,6,9,522,9,9,0,0,SSH-Bruteforce
80,6,20,1200,20,0,0,0,DoS-SYN-Flood
22,6,20,1200,20,0,0,0,SSH-Bruteforce
0,1,20,840,0,0,0,0,DoS-ICMP
0,1,20,840,0,0,0,0,DoS-ICMP
80,17,20,1200,0,0,0,0,DoS-UDP
0,1,20,1200,0,0,0,0,DoS-ICMP
80,17,20,1200,0,0,0,0,DoS-UDP
0,1,20,1200,0,0,0,0,DoS-ICMP
80,17,20,1200,0,0,0,0,DoS-UDP
13872,6,9,522,9,9,0,0,SSH-Bruteforce
0,1,20,1200,0,0,0,0,DoS-ICMP
80,17,20,1200,0,0,0,0,DoS-UDP
80,6,20,1480,20,0,0,0,DoS-HTTP
0,1,20,1200,0,0,0,0,DoS-ICMP
58855,6,6,348,6,6,0,0,SSH-Bruteforce
0,1,20,1200,0,0,0,0,DoS-ICMP
80,6,20,1200,20,0,0,0,DoS-SYN-Flood
80,6,20,1200,20,0,0,0,DoS-SYN-Flood
0,1,20,840,0,0,0,0,DoS-ICMP
0,1,20,1200,0,0,0,0,DoS-ICMP
80,17,20,1200,0,0,0,0,DoS-UDP
80,6,20,1200,20,0,0,0,DoS-SYN-Flood
7279,6,4,240,4,0,0,0,PortScan
26900,6,4,240,4,0,0,0,PortScan
54113,6,4,240,4,0,0,0,PortScan
80,17,20,1200,0,0,0,0,DoS-UDP
0,1,20,1200,0,0,0,0,DoS-ICMP
80,17,20,1200,0,0,0,0,DoS-UDP
80,6,20,1480,20,0,0,0,DoS-HTTP
80,6,20,1200,20,0,0,0,DoS-SYN-Flood
80,6,20,1200,20,0,0,0,DoS-SYN-Flood
0,1,20,840,0,0,0,0,DoS-ICMP
0,1,20,1200,0,0,0,0,DoS-ICMP
53239,6,9,522,9,9,0,0,SSH-Bruteforce
80,6,20,1200,20,0,0,0,DoS-SYN-Flood
80,6,20,1200,20,0,0,0,DoS-SYN-Flood
80,6,20,1200,20,0,0,0,DoS-SYN-Flood
80,17,20,1200,0,0,0,0,DoS-UDP
25597,6,8,464,8,8,0,0,SSH-Bruteforce
80,6,20,1480,20,0,0,0,DoS-HTTP
6202,6,12,696,12,12,0,0,SSH-Bruteforce
80,6,20,1480,20,0,0,0,DoS-HTTP
80,6,20,1480,20,0,0,0,DoS-HTTP
0,1,20,1200,0,0,0,0,DoS-ICMP
22,6,20,1200,20,0,0,0,SSH-Bruteforce
443,6,20,2437,1,19,0,0,BENIGN
45424,6,20,26816,0,20,0,0,BENIGN
80,17,20,1200,0,0,0,0,DoS-UDP
80,6,20,1200,20,0,0,0,DoS-SYN-Flood
0,1,20,840,0,0,0,0,DoS-ICMP
80,6,20,1480,20,0,0,0,DoS-HTTP
14877,6,4,240,4,0,0,0,PortScan
36520,17,20,27980,0,0,0,0,BENIGN
80,6,20,1480,20,0,0,0,DoS-HTTP
52769,6,4,240,4,0,0,0,PortScan
0,1,20,1200,0,0,0,0,DoS-ICMP
40922,6,2,120,2,0,0,0,PortScan
54829,17,20,27980,0,0,0,0,BENIGN
22,6,20,1200,20,0,0,0,SSH-Bruteforce
80,6,20,1480,20,0,0,0,DoS-HTTP
33240,6,20,28960,0,20,0,0,BENIGN
80,17,20,1200,0,0,0,0,DoS-UDP
0,1,20,1200,0,0,0,0,DoS-ICMP
80,17,20,1200,0,0,0,0,DoS-UDP
53278,6,20,30280,0,20,0,0,BENIGN
45851,6,8,464,8,8,0,0,SSH-Bruteforce
80,17,20,1200,0,0,0,0,DoS-UDP
80,6,20,1200,20,0,0,0,DoS-SYN-Flood
0,1,20,1200,0,0,0,0,DoS-ICMP
22,6,20,1200,20,0,0,0,SSH-Bruteforce
80,6,20,1480,20,0,0,0,DoS-HTTP
80,6,20,1480,20,0,0,0,DoS-HTTP
0,1,20,1200,0,0,0,0,DoS-ICMP
80,17,20,1200,0,0,0,0,DoS-UDP
80,6,20,1200,20,0,0,0,DoS-SYN-Flood
80,6,20,1480,20,0,0,0,DoS-HTTP
80,6,20,1480,20,0,0,0,DoS-HTTP
80,17,20,1200,0,0,0,0,DoS-UDP
80,6,20,1480,20,0,0,0,DoS-HTTP
80,6,20,1480,20,0,0,0,DoS-HTTP
19369,6,6,348,6,6,0,0,SSH-Bruteforce
58717,6,7,406,7,7,0,0,SSH-Bruteforce
42945,6,5,290,5,5,0,0,SSH-Bruteforce
80,17,20,1200,0,0,0,0,DoS-UDP
29661,6,9,522,9,9,0,0,SSH-Bruteforce
0,1,20,840,0,0,0,0,DoS-ICMP
0,1,20,1200,0,0,0,0,DoS-ICMP
80,17,20,1200,0,0,0,0,DoS-UDP
38053,6,2,120,2,0,0,0,PortScan
24854,6,2,120,2,0,0,0,PortScan
25932,6,2,120,2,0,0,0,PortScan
37311,6,2,120,2,0,0,0,PortScan
1927,6,4,240,4,0,0,0,PortScan
80,6,20,1480,20,0,0,0,DoS-HTTP
80,17,20,1200,0,0,0,0,DoS-UDP
12646,6,4,240,4,0,0,0,PortScan
62688,6,2,120,2,0,0,0,PortScan
4325,6,7,406,7,7,0,0,SSH-Bruteforce
80,6,20,1480,20,0,0,0,DoS-HTTP
80,6,20,1480,20,0,0,0,DoS-HTTP
21205,6,10,580,10,10,0,0,SSH-Bruteforce
64142,6,4,240,4,0,0,0,PortScan
22,6,20,1200,16,0,4,0,SSH-Bruteforce
45272,6,2,120,2,0,0,0,PortScan
80,6,20,1480,20,0,0,0,DoS-HTTP
80,6,20,1480,20,0,0,0,DoS-HTTP
80,6,20,1480,20,0,0,0,DoS-HTTP
31771,6,6,348,6,6,0,0,SSH-Bruteforce
80,6,20,1200,20,0,0,0,DoS-SYN-Flood
80,17,20,1200,0,0,0,0,DoS-UDP
80,6,20,1480,20,0,0,0,DoS-HTTP
80,6,20,1200,20,0,0,0,DoS-SYN-Flood
80,6,20,1480,20,0,0,0,DoS-HTTP
80,6,20,1480,20,0,0,0,DoS-HTTP
80,17,20,1200,0,0,0,0,DoS-UDP
4747,6,4,240,4,0,0,0,PortScan
1065,6,4,240,4,0,0,0,PortScan
0,1,20,1200,0,0,0,0,DoS-ICMP
49684,6,5,290,5,5,0,0,SSH-Bruteforce
80,6,20,1200,20,0,0,0,DoS-SYN-Flood
15448,6,8,464,8,8,0,0,SSH-Bruteforce
80,6,20,1480,20,0,0,0,DoS-HTTP
80,6,20,1200,20,0,0,0,DoS-SYN-Flood
0,1,20,1200,0,0,0,0,DoS-ICMP
52180,6,5,290,5,5,0,0,SSH-Bruteforce
11268,6,4,240,4,0,0,0,PortScan
80,6,20,1200,20,0,0,0,DoS-SYN-Flood
80,6,20,1480,20,0,0,0,DoS-HTTP
30062,6,7,406,7,7,0,0,SSH-Bruteforce
80,6,20,1200,20,0,0,0,DoS-SYN-Flood
10347,6,8,464,8,8,0,0,SSH-Bruteforce
0,1,20,840,0,0,0,0,DoS-ICMP
9863,6,6,348,6,6,0,0,SSH-Bruteforce
80,6,20,1480,20,0,0,0,DoS-HTTP
40928,6,8,464,8,8,0,0,SSH-Bruteforce
22,6,20,1200,11,0,9,0,SSH-Bruteforce
4316,6,9,522,9,9,0,0,SSH-Bruteforce
80,6,20,1200,20,0,0,0,DoS-SYN-Flood
0,1,20,840,0,0,0,0,DoS-ICMP
22,6,20,1200,1,0,19,0,SSH-Bruteforce
80,6,20,1200,20,0,0,0,DoS-SYN-Flood
59439,6,7,406,7,7,0,0,SSH-Bruteforce
43620,6,9,522,9,9,0,0,SSH-Bruteforce
16907,6,2,120,2,0,0,0,PortScan
22,6,20,1200,0,0,20,0,SSH-Bruteforce
0,1,20,840,0,0,0,0,DoS-ICMP
60886,6,20,29140,0,20,0,0,BENIGN
80,6,20,1200,20,0,0,0,DoS-SYN-Flood
80,17,20,1200,0,0,0,0,DoS-UDP
34782,6,9,522,9,9,0,0,SSH-Bruteforce
0,1,20,840,0,0,0,0,DoS-ICMP
80,6,20,1200,20,0,0,0,DoS-SYN-Flood
39122,6,2,120,2,0,0,0,PortScan
80,6,20,1200,20,0,0,0,DoS-SYN-Flood
80,17,20,1200,0,0,0,0,DoS-UDP
0,1,20,1200,0,0,0,0,DoS-ICMP
56290,6,2,120,2,0,0,0,PortScan
80,6,20,1200,20,0,0,0,DoS-SYN-Flood
80,17,20,1200,0,0,0,0,DoS-UDP
80,6,20,1200,20,0,0,0,DoS-SYN-Flood
80,17,20,1200,0,0,0,0,DoS-UDP
80,6,20,1200,20,0,0,0,DoS-SYN-Flood
39046,6,4,240,4,0,0,0,PortScan
30141,6,7,406,7,7,0,0,SSH-Bruteforce
22,6,20,1200,19,0,1,0,SSH-Bruteforce
0,1,20,840,0,0,0,0,DoS-ICMP
31369,6,2,120,2,0,0,0,PortScan
80,17,20,1200,0,0,0,0,DoS-UDP
80,6,20,1200,20,0,0,0,DoS-SYN-Flood
80,17,20,1200,0,0,0,0,DoS-UDP
80,6,20,1480,20,0,0,0,DoS-HTTP
0,1,20,840,0,0,0,0,DoS-ICMP
80,17,20,1200,0,0,0,0,DoS-UDP
34209,6,4,240,4,0,0,0,PortScan
80,6,20,1480,20,0,0,0,DoS-HTTP
80,6,20,1480,20,0,0,0,DoS-HTTP
30324,6,4,240,4,0,0,0,PortScan
80,6,20,1200,20,0,0,0,DoS-SYN-Flood
21916,6,2,120,2,0,0,0,PortScan
28859,6,6,348,6,6,0,0,SSH-Bruteforce
80,6,20,1480,20,0,0,0,DoS-HTTP
64175,6,4,240,4,0,0,0,PortScan
80,6,20,1200,20,0,0,0,DoS-SYN-Flood
80,6,20,1200,20,0,0,0,DoS-SYN-Flood
80,17,20,1200,0,0,0,0,DoS-UDP
80,6,20,1480,20,0,0,0,DoS-HTTP
58637,6,2,120,2,0,0,0,PortScan
80,17,20,1200,0,0,0,0,DoS-UDP
80,6,20,1200,20,0,0,0,DoS-SYN-Flood
0,1,20,840,0,0,0,0,DoS-ICMP
45914,6,4,240,4,0,0,0,PortScan
80,17,20,1200,0,0,0,0,DoS-UDP
61060,6,2,120,2,0,0,0,PortScan
80,17,20,1200,0,0,0,0,DoS-UDP
80,6,20,1480,20,0,0,0,DoS-HTTP
80,6,20,1480,20,0,0,0,DoS-HTTP
22,6,20,1200,0,0,20,0,SSH-Bruteforce
80,6,20,1200,20,0,0,0,DoS-SYN-Flood
0,1,20,840,0,0,0,0,DoS-ICMP
80,17,20,1200,0,0,0,0,DoS-UDP
39902,17,20,27980,0,0,0,0,BENIGN
33877,6,2,120,2,0,0,0,PortScan
80,6,20,1200,20,0,0,0,DoS-SYN-Flood
53272,6,20,29140,0,20,0,0,BENIGN
80,17,20,1200,0,0,0,0,DoS-UDP
80,6,20,1480,20,0,0,0,DoS-HTTP
12136,6,6,348,6,6,0,0,SSH-Bruteforce
80,6,20,1200,20,0,0,0,DoS-SYN-Flood
26815,6,6,348,6,6,0,0,SSH-Bruteforce
0,1,20,840,0,0,0,0,DoS-ICMP
12195,6,4,240,4,0,0,0,PortScan
80,6,20,1200,20,0,0,0,DoS-SYN-Flood
37005,6,10,580,10,10,0,0,SSH-Bruteforce
32891,6,2,120,2,0,0,0,PortScan
80,17,20,1200,0,0,0,0,DoS-UDP
10734,6,7,406,7,7,0,0,SSH-Bruteforce
27129,6,2,120,2,0,0,0,PortScan
80,17,20,1200,0,0,0,0,DoS-UDP
22,6,20,1200,9,0,11,0,SSH-Bruteforce
80,17,20,1200,0,0,0,0,DoS-UDP
80,6,20,1480,20,0,0,0,DoS-HTTP
80,17,20,1200,0,0,0,0,DoS-UDP
10763,6,4,240,4,0,0,0,PortScan
53296,6,20,28460,0,20,0,0,BENIGN
54829,17,20,27980,0,0,0,0,BENIGN
80,17,20,1200,0,0,0,0,DoS-UDP
32514,6,2,120,2,0,0,0,PortScan
80,17,20,1200,0,0,0,0,DoS-UDP
80,17,20,1200,0,0,0,0,DoS-UDP
80,6,20,1480,20,0,0,0,DoS-HTTP
80,6,20,1200,20,0,0,0,DoS-SYN-Flood
34067,6,4,240,4,0,0,0,PortScan
80,6,20,1200,20,0,0,0,DoS-SYN-Flood
23104,6,4,240,4,0,0,0,PortScan
80,6,20,1200,20,0,0,0,DoS-SYN-Flood
0,1,20,840,0,0,0,0,DoS-ICMP
4576,6,4,240,4,0,0,0,PortScan
60886,6,20,26598,0,20,0,0,BENIGN
80,17,20,1200,0,0,0,0,DoS-UDP
80,6,20,1480,20,0,0,0,DoS-HTTP
47100,6,7,406,7,7,0,0,SSH-Bruteforce
80,17,20,1200,0,0,0,0,DoS-UDP
80,17,20,1200,0,0,0,0,DoS-UDP
29876,6,2,120,2,0,0,0,PortScan
41786,6,10,580,10,10,0,0,SSH-Bruteforce
0,1,20,840,0,0,0,0,DoS-ICMP
80,17,20,1200,0,0,0,0,DoS-UDP
0,1,20,840,0,0,0,0,DoS-ICMP
38058,6,4,240,4,0,0,0,PortScan
80,17,20,1200,0,0,0,0,DoS-UDP
80,6,20,1480,20,0,0,0,DoS-HTTP
53308,6,20,29140,0,20,0,0,BENIGN
22,6,20,1200,20,0,0,0,SSH-Bruteforce
10727,6,6,360,6,0,0,0,PortScan
80,6,20,1480,20,0,0,0,DoS-HTTP
80,17,20,1200,0,0,0,0,DoS-UDP
39902,17,20,27980,0,0,0,0,BENIGN
50988,6,9,522,9,9,0,0,SSH-Bruteforce
80,6,20,1200,20,0,0,0,DoS-SYN-Flood
80,6,20,1200,20,0,0,0,DoS-SYN-Flood
40001,6,4,240,4,0,0,0,PortScan
80,17,20,1200,0,0,0,0,DoS-UDP
19784,6,2,120,2,0,0,0,PortScan
45059,6,6,348,6,6,0,0,SSH-Bruteforce
80,17,20,1200,0,0,0,0,DoS-UDP
0,1,20,1200,0,0,0,0,DoS-ICMP
46398,17,20,25030,0,0,0,0,BENIGN
62570,6,2,120,2,0,0,0,PortScan
11607,6,6,348,6,6,0,0,SSH-Bruteforce
80,17,20,1200,0,0,0,0,DoS-UDP
22,6,20,1200,0,0,20,0,SSH-Bruteforce
52234,6,4,240,4,0,0,0,PortScan
10802,6,6,348,6,6,0,0,SSH-Bruteforce
45224,6,9,522,9,9,0,0,SSH-Bruteforce
80,6,20,1200,20,0,0,0,DoS-SYN-Flood
80,6,20,1480,20,0,0,0,DoS-HTTP
7374,6,6,360,6,0,0,0,PortScan
4916,6,4,240,4,0,0,0,PortScan
0,1,20,1200,0,0,0,0,DoS-ICMP
80,6,20,1480,20,0,0,0,DoS-HTTP
0,1,20,1200,0,0,0,0,DoS-ICMP
80,6,20,1200,20,0,0,0,DoS-SYN-Flood
80,6,20,1200,20,0,0,0,DoS-SYN-Flood
80,6,20,1480,20,0,0,0,DoS-HTTP
0,1,20,840,0,0,0,0,DoS-ICMP
15187,6,2,120,2,0,0,0,PortScan
27231,6,2,120,2,0,0,0,PortScan
0,1,20,1200,0,0,0,0,DoS-ICMP
80,6,20,1480,20,0,0,0,DoS-HTTP
36520,17,20,27980,0,0,0,0,BENIGN
80,6,20,1480,20,0,0,0,DoS-HTTP
42110,6,1,54,0,1,1,0,BENIGN
22,6,20,1200,6,0,14,0,SSH-Bruteforce
80,6,20,1200,20,0,0,0,DoS-SYN-Flood
22,6,20,1200,0,0,20,0,SSH-Bruteforce
80,17,20,1200,0,0,0,0,DoS-UDP
80,6,20,1200,20,0,0,0,DoS-SYN-Flood
80,6,20,1480,20,0,0,0,DoS-HTTP
443,6,20,1200,0,20,0,0,BENIGN
80,17,20,1200,0,0,0,0,DoS-UDP
35854,6,20,25082,0,20,0,0,BENIGN
80,17,20,1200,0,0,0,0,DoS-UDP
0,1,20,1200,0,0,0,0,DoS-ICMP
22,6,20,1200,13,0,7,0,SSH-Bruteforce
28727,6,2,120,2,0,0,0,PortScan
80,6,20,1480,20,0,0,0,DoS-HTTP
80,6,20,1200,20,0,0,0,DoS-SYN-Flood
80,17,20,1200,0,0,0,0,DoS-UDP
11551,6,4,240,4,0,0,0,PortScan
80,6,20,1200,20,0,0,0,DoS-SYN-Flood
0,1,20,1200,0,0,0,0,DoS-ICMP
0,1,20,1200,0,0,0,0,DoS-ICMP
80,6,20,1480,20,0,0,0,DoS-HTTP
80,6,20,1200,20,0,0,0,DoS-SYN-Flood
0,1,20,1200,0,0,0,0,DoS-ICMP
80,17,20,1200,0,0,0,0,DoS-UDP
80,6,20,1200,20,0,0,0,DoS-SYN-Flood
41523,6,2,120,2,0,0,0,PortScan
0,1,20,840,0,0,0,0,DoS-ICMP
21408,6,2,120,2,0,0,0,PortScan
80,17,20,1200,0,0,0,0,DoS-UDP
80,6,20,1480,20,0,0,0,DoS-HTTP
80,6,20,1200,20,0,0,0,DoS-SYN-Flood
24999,6,2,120,2,0,0,0,PortScan
37212,6,10,4284,1,10,0,1,BENIGN
80,17,20,1200,0,0,0,0,DoS-UDP
47554,6,8,464,8,8,0,0,SSH-Bruteforce
80,6,20,1200,20,0,0,0,DoS-SYN-Flood
22,6,20,1200,20,0,0,0,SSH-Bruteforce
80,6,20,1480,20,0,0,0,DoS-HTTP
80,6,20,1200,20,0,0,0,DoS-SYN-Flood
80,6,20,1480,20,0,0,0,DoS-HTTP
56901,6,2,120,2,0,0,0,PortScan
0,1,20,1200,0,0,0,0,DoS-ICMP
80,6,20,1200,20,0,0,0,DoS-SYN-Flood
80,6,20,1200,20,0,0,0,DoS-SYN-Flood
0,1,20,840,0,0,0,0,DoS-ICMP
60886,6,20,26312,0,20,0,0,BENIGN
80,6,20,1480,20,0,0,0,DoS-HTTP
0,1,20,1200,0,0,0,0,DoS-ICMP
80,6,20,1200,20,0,0,0,DoS-SYN-Flood
80,6,20,1200,20,0,0,0,DoS-SYN-Flood
80,6,20,1480,20,0,0,0,DoS-HTTP
0,1,20,840,0,0,0,0,DoS-ICMP
22,6,20,1200,20,0,0,0,SSH-Bruteforce
80,17,20,1200,0,0,0,0,DoS-UDP
443,6,20,2084,0,20,0,0,BENIGN
0,1,20,840,0,0,0,0,DoS-ICMP
10626,6,4,240,4,0,0,0,PortScan
29337,6,9,522,9,9,0,0,SSH-Bruteforce
6323,6,10,580,10,10,0,0,SSH-Bruteforce
42133,6,7,406,7,7,0,0,SSH-Bruteforce
80,17,20,1200,0,0,0,0,DoS-UDP
80,6,20,1480,20,0,0,0,DoS-HTTP
80,6,20,1480,20,0,0,0,DoS-HTTP
34833,6,4,240,4,0,0,0,PortScan
35748,6,2,120,2,0,0,0,PortScan
80,6,20,1480,20,0,0,0,DoS-HTTP
60886,6,20,29020,0,20,0,0,BENIGN
0,1,20,1200,0,0,0,0,DoS-ICMP
80,6,20,1480,20,0,0,0,DoS-HTTP
22,6,20,1200,20,0,0,0,SSH-Bruteforce
11470,6,4,232,4,4,0,0,SSH-Bruteforce
45069,6,6,348,6,6,0,0,SSH-Bruteforce
80,6,20,1480,20,0,0,0,DoS-HTTP
80,6,20,1480,20,0,0,0,DoS-HTTP
20424,6,7,406,7,7,0,0,SSH-Bruteforce
36769,6,7,406,7,7,0,0,SSH-Bruteforce
0,1,20,1200,0,0,0,0,DoS-ICMP
0,1,20,1200,0,0,0,0,DoS-ICMP
80,17,20,1200,0,0,0,0,DoS-UDP
29858,6,7,406,7,7,0,0,SSH-Bruteforce
29363,6,2,120,2,0,0,0,PortScan
80,17,20,1200,0,0,0,0,DoS-UDP
17177,6,2,120,2,0,0,0,PortScan
80,6,20,1200,20,0,0,0,DoS-SYN-Flood
80,6,20,1200,20,0,0,0,DoS-SYN-Flood
80,6,20,1480,20,0,0,0,DoS-HTTP
80,6,20,1480,20,0,0,0,DoS-HTTP
0,1,20,840,0,0,0,0,DoS-ICMP
80,17,20,1200,0,0,0,0,DoS-UDP
80,17,20,1200,0,0,0,0,DoS-UDP
22,6,20,1200,0,0,20,0,SSH-Bruteforce
80,6,20,1200,20,0,0,0,DoS-SYN-Flood
80,6,20,1200,20,0,0,0,DoS-SYN-Flood
61033,6,5,290,5,5,0,0,SSH-Bruteforce
80,6,20,1200,20,0,0,0,DoS-SYN-Flood
0,1,20,840,0,0,0,0,DoS-ICMP
80,6,20,1480,20,0,0,0,DoS-HTTP
80,17,20,1200,0,0,0,0,DoS-UDP
59759,6,4,240,4,0,0,0,PortScan
80,6,20,1200,20,0,0,0,DoS-SYN-Flood
8470,6,4,240,4,0,0,0,PortScan
0,1,20,840,0,0,0,0,DoS-ICMP
4371,6,4,240,4,0,0,0,PortScan
43346,6,2,120,2,0,0,0,PortScan
22,6,20,1200,0,0,20,0,SSH-Bruteforce
80,6,20,1200,20,0,0,0,DoS-SYN-Flood
2422,6,5,290,5,5,0,0,SSH-Bruteforce
80,6,20,1480,20,0,0,0,DoS-HTTP
80,6,20,1200,20,0,0,0,DoS-SYN-Flood
22,6,20,1200,11,0,9,0,SSH-Bruteforce
0,1,20,1200,0,0,0,0,DoS-ICMP
80,17,20,1200,0,0,0,0,DoS-UDP
59094,6,9,522,9,9,0,0,SSH-Bruteforce
80,17,20,1200,0,0,0,0,DoS-UDP
80,6,20,1480,20,0,0,0,DoS-HTTP
80,6,20,1200,20,0,0,0,DoS-SYN-Flood
80,6,20,1480,20,0,0,0,DoS-HTTP
80,6,20,1200,20,0,0,0,DoS-SYN-Flood
14909,6,6,360,6,0,0,0,PortScan
13287,6,4,240,4,0,0,0,PortScan
36313,6,10,580,10,10,0,0,SSH-Bruteforce
53065,6,7,406,7,7,0,0,SSH-Bruteforce
22,6,20,1200,20,0,0,0,SSH-Bruteforce
0,1,20,1200,0,0,0,0,DoS-ICMP
80,6,20,1200,20,0,0,0,DoS-SYN-Flood
80,6,20,1480,20,0,0,0,DoS-HTTP
53272,6,20,27554,0,20,0,0,BENIGN
0,1,20,1200,0,0,0,0,DoS-ICMP
80,17,20,1200,0,0,0,0,DoS-UDP
80,6,20,1200,20,0,0,0,DoS-SYN-Flood
80,6,20,1200,20,0,0,0,DoS-SYN-Flood
80,6,20,1480,20,0,0,0,DoS-HTTP
80,6,20,1480,20,0,0,0,DoS-HTTP
80,6,20,1480,20,0,0,0,DoS-HTTP
80,17,20,1200,0,0,0,0,DoS-UDP
80,17,20,1200,0,0,0,0,DoS-UDP
80,6,20,1200,20,0,0,0,DoS-SYN-Flood
0,1,20,840,0,0,0,0,DoS-ICMP
80,6,20,1480,20,0,0,0,DoS-HTTP
50732,6,2,120,2,0,0,0,PortScan
2850,6,10,580,10,10,0,0,SSH-Bruteforce
80,6,20,1480,20,0,0,0,DoS-HTTP
34495,6,2,120,2,0,0,0,PortScan
80,17,20,1200,0,0,0,0,DoS-UDP
80,6,20,1480,20,0,0,0,DoS-HTTP
58670,6,8,464,8,8,0,0,SSH-Bruteforce
443,17,20,1501,0,0,0,0,BENIGN
80,6,20,1200,20,0,0,0,DoS-SYN-Flood
24281,6,4,232,4,4,0,0,SSH-Bruteforce
36520,17,20,27980,0,0,0,0,BENIGN
53614,6,20,9154,1,20,0,1,BENIGN
80,6,20,1200,20,0,0,0,DoS-SYN-Flood
57056,6,2,120,2,0,0,0,PortScan
80,17,20,1200,0,0,0,0,DoS-UDP
22,6,20,1200,20,0,0,0,SSH-Bruteforce
0,1,20,1200,0,0,0,0,DoS-ICMP
48490,6,4,232,4,4,0,0,SSH-Bruteforce
80,6,20,1480,20,0,0,0,DoS-HTTP
80,17,20,1200,0,0,0,0,DoS-UDP
0,1,20,840,0,0,0,0,DoS-ICMP
80,6,20,1200,20,0,0,0,DoS-SYN-Flood
80,6,20,1480,20,0,0,0,DoS-HTTP
12949,6,4,240,4,0,0,0,PortScan
80,17,20,1200,0,0,0,0,DoS-UDP
5056,6,8,464,8,8,0,0,SSH-Bruteforce
0,1,20,840,0,0,0,0,DoS-ICMP
61680,6,1,58,1,1,0,0,PortScan
80,6,20,1200,20,0,0,0,DoS-SYN-Flood
35854,6,20,24740,0,20,0,0,BENIGN
33240,6,20,29140,0,20,0,0,BENIGN
51750,6,6,348,6,6,0,0,SSH-Bruteforce
80,6,20,1200,20,0,0,0,DoS-SYN-Flood
80,17,20,1200,0,0,0,0,DoS-UDP
21860,6,4,240,4,0,0,0,PortScan
80,6,20,1480,20,0,0,0,DoS-HTTP
80,6,20,1480,20,0,0,0,DoS-HTTP
47565,6,7,406,7,7,0,0,SSH-Bruteforce
25208,6,9,522,9,9,0,0,SSH-Bruteforce
61586,6,2,120,2,0,0,0,PortScan
80,17,20,1200,0,0,0,0,DoS-UDP
80,6,20,1200,20,0,0,0,DoS-SYN-Flood
0,1,20,1200,0,0,0,0,DoS-ICMP
37110,6,12,696,12,12,0,0,SSH-Bruteforce
80,6,20,1200,20,0,0,0,DoS-SYN-Flood
45924,6,4,240,4,0,0,0,PortScan
22,6,20,1200,20,0,0,0,SSH-Bruteforce
46398,17,20,27975,0,0,0,0,BENIGN
48291,6,1,58,1,1,0,0,PortScan
80,6,20,1200,20,0,0,0,DoS-SYN-Flood
31675,6,2,120,2,0,0,0,PortScan
22,6,20,1200,0,0,20,0,SSH-Bruteforce
46346,6,7,406,7,7,0,0,SSH-Bruteforce
80,17,20,1200,0,0,0,0,DoS-UDP
4278,6,11,638,11,11,0,0,SSH-Bruteforce
17871,6,9,522,9,9,0,0,SSH-Bruteforce
80,6,20,1480,20,0,0,0,DoS-HTTP
80,6,20,1480,20,0,0,0,DoS-HTTP
80,6,20,1480,20,0,0,0,DoS-HTTP
80,6,20,1200,20,0,0,0,DoS-SYN-Flood
80,6,20,1200,20,0,0,0,DoS-SYN-Flood
2824,6,4,240,4,0,0,0,PortScan
80,6,20,1480,20,0,0,0,DoS-HTTP
0,1,20,1200,0,0,0,0,DoS-ICMP
11161,6,6,360,6,0,0,0,PortScan
28729,6,2,120,2,0,0,0,PortScan
0,1,20,840,0,0,0,0,DoS-ICMP
34832,6,9,522,9,9,0,0,SSH-Bruteforce
80,17,20,1200,0,0,0,0,DoS-UDP
5746,6,7,406,7,7,0,0,SSH-Bruteforce
80,6,20,1480,20,0,0,0,DoS-HTTP
80,6,20,1480,20,0,0,0,DoS-HTTP
80,6,20,1200,20,0,0,0,DoS-SYN-Flood
37077,6,10,580,10,10,0,0,SSH-Bruteforce
33595,17,20,2002,0,0,0,0,BENIGN
21470,6,6,348,6,6,0,0,SSH-Bruteforce
29196,6,2,120,2,0,0,0,PortScan
29003,6,4,240,4,0,0,0,PortScan
80,17,20,1200,0,0,0,0,DoS-UDP
22,6,20,1200,20,0,0,0,SSH-Bruteforce
80,17,20,1200,0,0,0,0,DoS-UDP
443,6,20,2279,0,20,0,0,BENIGN
5733,6,4,240,4,0,0,0,PortScan
26519,6,6,348,6,6,0,0,SSH-Bruteforce
80,6,20,1480,20,0,0,0,DoS-HTTP
80,17,20,1200,0,0,0,0,DoS-UDP
60370,6,6,348,6,6,0,0,SSH-Bruteforce
80,6,20,1480,20,0,0,0,DoS-HTTP
80,6,20,1200,20,0,0,0,DoS-SYN-Flood
80,6,20,1480,20,0,0,0,DoS-HTTP
1677,6,4,240,4,0,0,0,PortScan
24751,6,4,232,4,4,0,0,SSH-Bruteforce
11346,6,6,360,6,0,0,0,PortScan
36520,17,20,27980,0,0,0,0,BENIGN
80,6,20,1200,20,0,0,0,DoS-SYN-Flood
80,17,20,1200,0,0,0,0,DoS-UDP
0,1,20,1200,0,0,0,0,DoS-ICMP
80,6,20,1200,20,0,0,0,DoS-SYN-Flood
0,1,20,1200,0,0,0,0,DoS-ICMP
22,6,20,1200,20,0,0,0,SSH-Bruteforce
80,6,20,1200,20,0,0,0,DoS-SYN-Flood
22,6,20,1200,20,0,0,0,SSH-Bruteforce
11499,6,4,240,4,0,0,0,PortScan
3349,6,9,522,9,9,0,0,SSH-Bruteforce
80,6,20,1480,20,0,0,0,DoS-HTTP
52971,6,2,120,2,0,0,0,PortScan
80,6,20,1200,20,0,0,0,DoS-SYN-Flood
0,1,20,1200,0,0,0,0,DoS-ICMP
5949,6,4,240,4,0,0,0,PortScan
375,6,4,240,4,0,0,0,PortScan
59462,6,4,240,4,0,0,0,PortScan
80,17,20,1200,0,0,0,0,DoS-UDP
35078,6,4,240,4,0,0,0,PortScan
80,6,20,1200,20,0,0,0,DoS-SYN-Flood
80,6,20,1200,20,0,0,0,DoS-SYN-Flood
80,17,20,1200,0,0,0,0,DoS-UDP
80,6,20,1480,20,0,0,0,DoS-HTTP
80,17,20,1200,0,0,0,0,DoS-UDP
80,6,20,1480,20,0,0,0,DoS-HTTP
59209,6,2,120,2,0,0,0,PortScan
0,1,20,840,0,0,0,0,DoS-ICMP
13943,6,6,348,6,6,0,0,SSH-Bruteforce
60327,6,2,120,2,0,0,0,PortScan
53579,6,4,240,4,0,0,0,PortScan
80,17,20,1200,0,0,0,0,DoS-UDP
80,6,20,1200,20,0,0,0,DoS-SYN-Flood
80,17,20,1200,0,0,0,0,DoS-UDP
80,6,20,1200,20,0,0,0,DoS-SYN-Flood
80,6,20,1480,20,0,0,0,DoS-HTTP
22,6,20,1200,2,0,18,0,SSH-Bruteforce
36520,17,20,27980,0,0,0,0,BENIGN
1213,6,5,290,5,5,0,0,SSH-Bruteforce
22,6,20,1200,0,0,20,0,SSH-Bruteforce
80,6,20,1200,20,0,0,0,DoS-SYN-Flood
80,6,20,1200,20,0,0,0,DoS-SYN-Flood
0,1,20,1200,0,0,0,0,DoS-ICMP
9530,6,4,240,4,0,0,0,PortScan
80,17,20,1200,0,0,0,0,DoS-UDP
80,17,20,1200,0,0,0,0,DoS-UDP
80,6,20,1200,20,0,0,0,DoS-SYN-Flood
49529,6,7,406,7,7,0,0,SSH-Bruteforce
40043,6,2,120,2,0,0,0,PortScan
0,1,20,1200,0,0,0,0,DoS-ICMP
54379,6,2,120,2,0,0,0,PortScan
80,17,20,1200,0,0,0,0,DoS-UDP
80,6,20,1200,20,0,0,0,DoS-SYN-Flood
80,6,20,1480,20,0,0,0,DoS-HTTP
80,17,20,1200,0,0,0,0,DoS-UDP
0,1,20,1200,0,0,0,0,DoS-ICMP
0,1,20,840,0,0,0,0,DoS-ICMP
50083,6,9,522,9,9,0,0,SSH-Bruteforce
80,6,20,1480,20,0,0,0,DoS-HTTP
0,1,20,840,0,0,0,0,DoS-ICMP
80,6,20,1200,20,0,0,0,DoS-SYN-Flood
80,6,20,1200,20,0,0,0,DoS-SYN-Flood
22,6,20,1200,0,0,20,0,SSH-Bruteforce
36058,6,2,120,2,0,0,0,PortScan
36520,17,20,27980,0,0,0,0,BENIGN
80,6,20,1480,20,0,0,0,DoS-HTTP
48806,17,20,27980,0,0,0,0,BENIGN
0,1,20,840,0,0,0,0,DoS-ICMP
17017,6,10,580,10,10,0,0,SSH-Bruteforce
80,6,20,1200,20,0,0,0,DoS-SYN-Flood
80,17,20,1200,0,0,0,0,DoS-UDP
0,1,20,1200,0,0,0,0,DoS-ICMP
17729,6,4,240,4,0,0,0,PortScan
80,6,20,1480,20,0,0,0,DoS-HTTP
80,17,20,1200,0,0,0,0,DoS-UDP
29777,6,2,120,2,0,0,0,PortScan
80,17,20,1200,0,0,0,0,DoS-UDP
4120,6,6,348,6,6,0,0,SSH-Bruteforce
43854,6,2,120,2,0,0,0,PortScan
4264,6,9,522,9,9,0,0,SSH-Bruteforce
80,6,20,1480,20,0,0,0,DoS-HTTP
80,17,20,1200,0,0,0,0,DoS-UDP
80,17,20,1200,0,0,0,0,DoS-UDP
80,17,20,1200,0,0,0,0,DoS-UDP
0,1,20,840,0,0,0,0,DoS-ICMP
80,6,20,1200,20,0,0,0,DoS-SYN-Flood
34286,6,2,120,2,0,0,0,PortScan
4622,6,7,406,7,7,0,0,SSH-Bruteforce
22,6,20,1200,0,0,20,0,SSH-Bruteforce
0,1,20,1200,0,0,0,0,DoS-ICMP
63354,6,2,120,2,0,0,0,PortScan
80,6,20,1200,20,0,0,0,DoS-SYN-Flood
80,6,20,1480,20,0,0,0,DoS-HTTP
52841,6,2,120,2,0,0,0,PortScan
59318,17,7,2862,0,0,0,0,BENIGN
80,6,20,1200,20,0,0,0,DoS-SYN-Flood
80,6,20,1200,20,0,0,0,DoS-SYN-Flood
32521,6,7,406,7,7,0,0,SSH-Bruteforce
80,6,20,1480,20,0,0,0,DoS-HTTP
0,1,20,1200,0,0,0,0,DoS-ICMP
3330,6,6,360,6,0,0,0,PortScan
80,6,20,1200,20,0,0,0,DoS-SYN-Flood
80,6,20,1200,20,0,0,0,DoS-SYN-Flood
80,6,20,1480,20,0,0,0,DoS-HTTP
0,1,20,1200,0,0,0,0,DoS-ICMP
80,6,20,1480,20,0,0,0,DoS-HTTP
0,1,20,1200,0,0,0,0,DoS-ICMP
80,17,20,1200,0,0,0,0,DoS-UDP
80,6,20,1200,20,0,0,0,DoS-SYN-Flood
0,1,20,1200,0,0,0,0,DoS-ICMP
57338,6,8,464,8,8,0,0,SSH-Bruteforce
22,6,20,1200,0,0,20,0,SSH-Bruteforce
80,6,20,1200,20,0,0,0,DoS-SYN-Flood
63760,6,4,232,4,4,0,0,SSH-Bruteforce
54325,6,2,120,2,0,0,0,PortScan
0,1,20,840,0,0,0,0,DoS-ICMP
0,1,20,1200,0,0,0,0,DoS-ICMP
80,17,20,1200,0,0,0,0,DoS-UDP
32667,6,2,120,2,0,0,0,PortScan
80,6,20,1200,20,0,0,0,DoS-SYN-Flood
22,6,20,1200,19,0,1,0,SSH-Bruteforce
80,17,20,1200,0,0,0,0,DoS-UDP
80,6,20,1480,20,0,0,0,DoS-HTTP
33815,6,2,120,2,0,0,0,PortScan
80,6,20,1480,20,0,0,0,DoS-HTTP
80,6,20,1480,20,0,0,0,DoS-HTTP
59646,6,20,29620,0,20,0,0,BENIGN
0,1,20,1200,0,0,0,0,DoS-ICMP
0,1,20,1200,0,0,0,0,DoS-ICMP
44732,6,20,13187,1,20,0,0,BENIGN
80,6,20,1200,20,0,0,0,DoS-SYN-Flood
47774,17,20,27980,0,0,0,0,BENIGN
80,17,20,1200,0,0,0,0,DoS-UDP
27267,6,2,120,2,0,0,0,PortScan
64003,6,4,240,4,0,0,0,PortScan
80,6,20,1200,20,0,0,0,DoS-SYN-Flood
20595,6,2,120,2,0,0,0,PortScan
80,17,20,1200,0,0,0,0,DoS-UDP
80,17,20,1200,0,0,0,0,DoS-UDP
3447,6,10,580,10,10,0,0,SSH-Bruteforce
22,6,20,1200,20,0,0,0,SSH-Bruteforce
80,17,20,1200,0,0,0,0,DoS-UDP
45164,6,9,522,9,9,0,0,SSH-Bruteforce
0,1,20,840,0,0,0,0,DoS-ICMP
0,1,20,1200,0,0,0,0,DoS-ICMP
80,17,20,1200,0,0,0,0,DoS-UDP
0,1,20,1200,0,0,0,0,DoS-ICMP
80,6,20,1200,20,0,0,0,DoS-SYN-Flood
80,6,20,1200,20,0,0,0,DoS-SYN-Flood
80,6,20,1200,20,0,0,0,DoS-SYN-Flood
60886,6,20,27500,0,20,0,0,BENIGN
33121,6,2,120,2,0,0,0,PortScan
59992,6,4,240,4,0,0,0,PortScan
80,6,20,1200,20,0,0,0,DoS-SYN-Flood
0,1,20,1200,0,0,0,0,DoS-ICMP
0,1,20,840,0,0,0,0,DoS-ICMP
47822,6,20,29440,0,20,0,0,BENIGN
80,17,20,1200,0,0,0,0,DoS-UDP
22,6,20,1200,19,0,1,0,SSH-Bruteforce
80,6,20,1200,20,0,0,0,DoS-SYN-Flood
10551,6,4,240,4,0,0,0,PortScan
80,6,20,1480,20,0,0,0,DoS-HTTP
26833,6,4,240,4,0,0,0,PortScan
0,1,20,840,0,0,0,0,DoS-ICMP
55465,6,2,120,2,0,0,0,PortScan
29523,6,2,120,2,0,0,0,PortScan
80,17,20,1200,0,0,0,0,DoS-UDP
23147,6,9,522,9,9,0,0,SSH-Bruteforce
7366,6,4,240,4,0,0,0,PortScan
21246,6,5,290,5,5,0,0,SSH-Bruteforce
16394,6,6,348,6,6,0,0,SSH-Bruteforce
80,17,20,1200,0,0,0,0,DoS-UDP
1558,6,6,348,6,6,0,0,SSH-Bruteforce
0,1,20,840,0,0,0,0,DoS-ICMP
80,6,20,1480,20,0,0,0,DoS-HTTP
80,17,20,1200,0,0,0,0,DoS-UDP
80,6,20,1480,20,0,0,0,DoS-HTTP
80,6,20,1480,20,0,0,0,DoS-HTTP
0,1,20,840,0,0,0,0,DoS-ICMP
10567,6,6,348,6,6,0,0,SSH-Bruteforce
80,17,20,1200,0,0,0,0,DoS-UDP
80,6,20,1200,20,0,0,0,DoS-SYN-Flood
33098,6,8,464,8,8,0,0,SSH-Bruteforce
80,6,20,1480,20,0,0,0,DoS-HTTP
80,6,20,1200,20,0,0,0,DoS-SYN-Flood
80,6,20,1480,20,0,0,0,DoS-HTTP
80,6,20,1480,20,0,0,0,DoS-HTTP
62394,6,4,232,4,4,0,0,SSH-Bruteforce
80,17,20,1200,0,0,0,0,DoS-UDP
45231,6,6,348,6,6,0,0,SSH-Bruteforce
59684,6,5,290,5,5,0,0,SSH-Bruteforce
56175,6,2,120,2,0,0,0,PortScan
0,1,20,1200,0,0,0,0,DoS-ICMP
80,6,20,1200,20,0,0,0,DoS-SYN-Flood
0,1,20,840,0,0,0,0,DoS-ICMP
8757,6,6,360,6,0,0,0,PortScan
0,1,20,840,0,0,0,0,DoS-ICMP
0,1,20,840,0,0,0,0,DoS-ICMP
22,6,20,1200,0,0,20,0,SSH-Bruteforce
60269,6,2,120,2,0,0,0,PortScan
80,6,20,1200,20,0,0,0,DoS-SYN-Flood
32086,6,2,120,2,0,0,0,PortScan
44161,6,4,240,4,0,0,0,PortScan
80,6,20,1480,20,0,0,0,DoS-HTTP
49191,6,9,522,9,9,0,0,SSH-Bruteforce
523,6,6,348,6,6,0,0,SSH-Bruteforce
1521,6,4,232,4,4,0,0,SSH-Bruteforce
0,1,20,1200,0,0,0,0,DoS-ICMP
80,17,20,1200,0,0,0,0,DoS-UDP
80,6,20,1480,20,0,0,0,DoS-HTTP
80,6,20,1200,20,0,0,0,DoS-SYN-Flood
51824,6,15,1206,1,15,0,1,BENIGN
22,6,20,1200,20,0,0,0,SSH-Bruteforce
80,6,20,1480,20,0,0,0,DoS-HTTP
53446,6,2,120,2,0,0,0,PortScan
80,6,20,1200,20,0,0,0,DoS-SYN-Flood
0,1,20,1200,0,0,0,0,DoS-ICMP
80,6,20,1480,20,0,0,0,DoS-HTTP
0,1,20,1200,0,0,0,0,DoS-ICMP
80,6,20,1480,20,0,0,0,DoS-HTTP
25529,6,8,464,8,8,0,0,SSH-Bruteforce
80,6,20,1200,20,0,0,0,DoS-SYN-Flood
80,6,20,1200,20,0,0,0,DoS-SYN-Flood
63090,6,4,240,4,0,0,0,PortScan
22,6,20,1200,19,0,1,0,SSH-Bruteforce
80,6,20,1480,20,0,0,0,DoS-HTTP
34850,6,9,522,9,9,0,0,SSH-Bruteforce
41673,6,2,120,2,0,0,0,PortScan
80,6,20,1200,20,0,0,0,DoS-SYN-Flood
80,17,20,1200,0,0,0,0,DoS-UDP
65488,6,6,348,6,6,0,0,SSH-Bruteforce
37222,6,11,4337,1,11,0,1,BENIGN
80,6,20,1200,20,0,0,0,DoS-SYN-Flood
32321,6,2,120,2,0,0,0,PortScan
25223,6,2,120,2,0,0,0,PortScan
80,6,20,1200,20,0,0,0,DoS-SYN-Flood
80,6,20,1200,20,0,0,0,DoS-SYN-Flood
80,6,20,1480,20,0,0,0,DoS-HTTP
80,6,20,1480,20,0,0,0,DoS-HTTP
80,17,20,1200,0,0,0,0,DoS-UDP
80,6,20,1200,20,0,0,0,DoS-SYN-Flood
39590,6,20,20388,1,20,0,0,BENIGN
80,6,20,1480,20,0,0,0,DoS-HTTP
80,17,20,1200,0,0,0,0,DoS-UDP
80,17,20,1200,0,0,0,0,DoS-UDP
0,1,20,840,0,0,0,0,DoS-ICMP
80,17,20,1200,0,0,0,0,DoS-UDP
25824,6,2,120,2,0,0,0,PortScan
0,1,20,1200,0,0,0,0,DoS-ICMP
80,17,20,1200,0,0,0,0,DoS-UDP
15495,6,2,120,2,0,0,0,PortScan
0,1,20,1200,0,0,0,0,DoS-ICMP
80,17,20,1200,0,0,0,0,DoS-UDP
22,6,20,1200,20,0,0,0,SSH-Bruteforce
80,17,20,1200,0,0,0,0,DoS-UDP
39543,6,2,120,2,0,0,0,PortScan
22,6,20,1200,0,0,20,0,SSH-Bruteforce
0,1,20,840,0,0,0,0,DoS-ICMP
80,6,20,1480,20,0,0,0,DoS-HTTP
47822,6,20,29171,0,20,0,0,BENIGN
6258,6,9,522,9,9,0,0,SSH-Bruteforce
80,6,20,1200,20,0,0,0,DoS-SYN-Flood
0,1,20,1200,0,0,0,0,DoS-ICMP
80,6,20,1200,20,0,0,0,DoS-SYN-Flood
53282,6,20,25532,0,20,0,0,BENIGN
80,17,20,1200,0,0,0,0,DoS-UDP
443,6,20,1200,0,20,0,0,BENIGN
80,6,20,1200,20,0,0,0,DoS-SYN-Flood
0,1,20,1200,0,0,0,0,DoS-ICMP
80,17,20,1200,0,0,0,0,DoS-UDP
80,17,20,1200,0,0,0,0,DoS-UDP
33070,6,8,464,8,8,0,0,SSH-Bruteforce
56966,6,4,240,4,0,0,0,PortScan
80,6,20,1480,20,0,0,0,DoS-HTTP
80,17,20,1200,0,0,0,0,DoS-UDP
80,17,20,1200,0,0,0,0,DoS-UDP
80,6,20,1480,20,0,0,0,DoS-HTTP
80,17,20,1200,0,0,0,0,DoS-UDP
80,6,20,1480,20,0,0,0,DoS-HTTP
80,6,20,1200,20,0,0,0,DoS-SYN-Flood
80,17,20,1200,0,0,0,0,DoS-UDP
80,6,20,1200,20,0,0,0,DoS-SYN-Flood
80,17,20,1200,0,0,0,0,DoS-UDP
18543,6,4,240,4,0,0,0,PortScan
80,6,20,1480,20,0,0,0,DoS-HTTP
443,6,20,2959,0,20,0,0,BENIGN
8605,6,8,464,8,8,0,0,SSH-Bruteforce
0,1,20,1200,0,0,0,0,DoS-ICMP
14784,6,4,240,4,0,0,0,PortScan
80,17,20,1200,0,0,0,0,DoS-UDP
28374,6,9,522,9,9,0,0,SSH-Bruteforce
80,6,20,1480,20,0,0,0,DoS-HTTP
80,6,20,1480,20,0,0,0,DoS-HTTP
80,6,20,1480,20,0,0,0,DoS-HTTP
80,17,20,1200,0,0,0,0,DoS-UDP
24845,6,4,240,4,0,0,0,PortScan
59646,6,20,29440,0,20,0,0,BENIGN
0,1,20,840,0,0,0,0,DoS-ICMP
0,1,20,840,0,0,0,0,DoS-ICMP
80,6,20,1480,20,0,0,0,DoS-HTTP
26812,6,8,464,8,8,0,0,SSH-Bruteforce
31987,6,4,240,4,0,0,0,PortScan
80,6,20,1480,20,0,0,0,DoS-HTTP
80,6,20,1200,20,0,0,0,DoS-SYN-Flood
80,6,20,1200,20,0,0,0,DoS-SYN-Flood
80,6,20,1480,20,0,0,0,DoS-HTTP
0,1,20,1200,0,0,0,0,DoS-ICMP
22,6,20,1200,20,0,0,0,SSH-Bruteforce
0,1,20,1200,0,0,0,0,DoS-ICMP
0,1,20,840,0,0,0,0,DoS-ICMP
51728,6,6,348,6,6,0,0,SSH-Bruteforce
80,6,20,1200,20,0,0,0,DoS-SYN-Flood
19517,6,4,240,4,0,0,0,PortScan
63187,6,7,406,7,7,0,0,SSH-Bruteforce
57135,6,4,240,4,0,0,0,PortScan
30028,6,2,120,2,0,0,0,PortScan
80,6,20,1200,20,0,0,0,DoS-SYN-Flood
80,6,20,1480,20,0,0,0,DoS-HTTP
54829,17,20,27980,0,0,0,0,BENIGN
63839,6,2,120,2,0,0,0,PortScan
80,6,20,1480,20,0,0,0,DoS-HTTP
80,17,20,1200,0,0,0,0,DoS-UDP
21386,6,4,240,4,0,0,0,PortScan
80,6,20,1200,20,0,0,0,DoS-SYN-Flood
80,6,20,1200,20,0,0,0,DoS-SYN-Flood
80,17,20,1200,0,0,0,0,DoS-UDP
14576,6,4,240,4,0,0,0,PortScan
0,1,20,840,0,0,0,0,DoS-ICMP
80,17,20,1200,0,0,0,0,DoS-UDP
22538,6,6,348,6,6,0,0,SSH-Bruteforce
22,6,20,1200,20,0,0,0,SSH-Bruteforce
30706,6,4,240,4,0,0,0,PortScan
0,1,20,840,0,0,0,0,DoS-ICMP
22,6,20,1200,3,0,17,0,SSH-Bruteforce
0,1,20,840,0,0,0,0,DoS-ICMP
55564,6,2,120,2,0,0,0,PortScan
80,6,20,1200,20,0,0,0,DoS-SYN-Flood
80,17,20,1200,0,0,0,0,DoS-UDP
80,6,20,1200,20,0,0,0,DoS-SYN-Flood
80,6,20,1480,20,0,0,0,DoS-HTTP
80,17,20,1200,0,0,0,0,DoS-UDP
29611,6,2,120,2,0,0,0,PortScan
80,6,20,1200,20,0,0,0,DoS-SYN-Flood
0,1,20,840,0,0,0,0,DoS-ICMP
80,17,20,1200,0,0,0,0,DoS-UDP
13696,6,13,754,13,13,0,0,SSH-Bruteforce
54829,17,20,27980,0,0,0,0,BENIGN
80,17,20,1200,0,0,0,0,DoS-UDP
0,1,20,840,0,0,0,0,DoS-ICMP
0,1,20,1200,0,0,0,0,DoS-ICMP
0,1,20,1200,0,0,0,0,DoS-ICMP
3016,6,7,406,7,7,0,0,SSH-Bruteforce
80,6,20,1480,20,0,0,0,DoS-HTTP
80,6,20,1200,20,0,0,0,DoS-SYN-Flood
80,17,20,1200,0,0,0,0,DoS-UDP
22,6,20,1200,20,0,0,0,SSH-Bruteforce
28589,6,4,240,4,0,0,0,PortScan
0,1,20,1200,0,0,0,0,DoS-ICMP
80,6,20,1200,20,0,0,0,DoS-SYN-Flood
22,6,20,1200,20,0,0,0,SSH-Bruteforce
63830,6,6,348,6,6,0,0,SSH-Bruteforce
0,1,20,1200,0,0,0,0,DoS-ICMP
80,17,20,1200,0,0,0,0,DoS-UDP
15080,6,6,348,6,6,0,0,SSH-Bruteforce
0,1,20,840,0,0,0,0,DoS-ICMP
0,1,20,840,0,0,0,0,DoS-ICMP
16488,6,6,348,6,6,0,0,SSH-Bruteforce
44439,6,5,290,5,5,0,0,SSH-Bruteforce
80,17,20,1200,0,0,0,0,DoS-UDP
0,1,20,1200,0,0,0,0,DoS-ICMP
45447,17,20,27980,0,0,0,0,BENIGN
2647,6,7,406,7,7,0,0,SSH-Bruteforce
0,1,20,840,0,0,0,0,DoS-ICMP
80,17,20,1200,0,0,0,0,DoS-UDP
80,6,20,1200,20,0,0,0,DoS-SYN-Flood
80,6,20,1200,20,0,0,0,DoS-SYN-Flood
80,6,20,1480,20,0,0,0,DoS-HTTP
80,6,20,1480,20,0,0,0,DoS-HTTP
80,6,20,1200,20,0,0,0,DoS-SYN-Flood
0,1,20,1200,0,0,0,0,DoS-ICMP
19541,6,3,174,3,3,0,0,SSH-Bruteforce
0,1,20,1200,0,0,0,0,DoS-ICMP
0,1,20,1200,0,0,0,0,DoS-ICMP
22927,6,2,120,2,0,0,0,PortScan
4414,6,8,464,8,8,0,0,SSH-Bruteforce
80,6,20,1480,20,0,0,0,DoS-HTTP
22,6,20,1200,0,0,20,0,SSH-Bruteforce
51038,6,4,240,4,0,0,0,PortScan
41560,6,20,28243,0,20,0,0,BENIGN
80,17,20,1200,0,0,0,0,DoS-UDP
27580,6,4,240,4,0,0,0,PortScan
80,6,20,1480,20,0,0,0,DoS-HTTP
22,6,20,1200,1,0,19,0,SSH-Bruteforce
0,1,20,840,0,0,0,0,DoS-ICMP
11022,6,4,240,4,0,0,0,PortScan
25154,6,8,464,8,8,0,0,SSH-Bruteforce
18155,6,7,406,7,7,0,0,SSH-Bruteforce
0,1,20,1200,0,0,0,0,DoS-ICMP
37678,6,4,240,4,0,0,0,PortScan
80,6,20,1480,20,0,0,0,DoS-HTTP
0,1,20,1200,0,0,0,0,DoS-ICMP
80,6,20,1480,20,0,0,0,DoS-HTTP
27423,6,2,120,2,0,0,0,PortScan
80,6,20,1480,20,0,0,0,DoS-HTTP
80,6,20,1480,20,0,0,0,DoS-HTTP
0,1,20,1200,0,0,0,0,DoS-ICMP
80,6,20,1480,20,0,0,0,DoS-HTTP
80,6,20,1200,20,0,0,0,DoS-SYN-Flood
80,17,20,1200,0,0,0,0,DoS-UDP
80,6,20,1480,20,0,0,0,DoS-HTTP
53092,17,20,27980,0,0,0,0,BENIGN
80,6,20,1480,20,0,0,0,DoS-HTTP
80,17,20,1200,0,0,0,0,DoS-UDP
80,6,20,1200,20,0,0,0,DoS-SYN-Flood
80,17,20,1200,0,0,0,0,DoS-UDP
22,6,20,1200,20,0,0,0,SSH-Bruteforce
80,17,20,1200,0,0,0,0,DoS-UDP
80,17,20,1200,0,0,0,0,DoS-UDP
22,6,20,1200,20,0,0,0,SSH-Bruteforce
6229,6,10,580,10,10,0,0,SSH-Bruteforce
22,6,20,1200,14,0,6,0,SSH-Bruteforce
63917,6,5,290,5,5,0,0,SSH-Bruteforce
80,6,20,1480,20,0,0,0,DoS-HTTP
65068,6,4,232,4,4,0,0,SSH-Bruteforce
0,1,20,840,0,0,0,0,DoS-ICMP
80,17,20,1200,0,0,0,0,DoS-UDP
80,17,20,1200,0,0,0,0,DoS-UDP
6649,6,4,240,4,0,0,0,PortScan
3737,6,4,240,4,0,0,0,PortScan
80,6,20,1480,20,0,0,0,DoS-HTTP
80,6,20,1200,20,0,0,0,DoS-SYN-Flood
80,6,20,1480,20,0,0,0,DoS-HTTP
80,6,20,1200,20,0,0,0,DoS-SYN-Flood
36510,6,2,120,2,0,0,0,PortScan
27169,6,6,348,6,6,0,0,SSH-Bruteforce
36520,17,20,27980,0,0,0,0,BENIGN
80,17,20,1200,0,0,0,0,DoS-UDP
0,1,20,840,0,0,0,0,DoS-ICMP
80,6,20,1480,20,0,0,0,DoS-HTTP
80,6,20,1200,20,0,0,0,DoS-SYN-Flood
80,6,20,1200,20,0,0,0,DoS-SYN-Flood
36520,17,20,27980,0,0,0,0,BENIGN
33240,6,20,28442,0,20,0,0,BENIGN
54829,17,20,27980,0,0,0,0,BENIGN
2266,6,4,240,4,0,0,0,PortScan
80,6,20,1480,20,0,0,0,DoS-HTTP
51776,6,2,120,2,0,0,0,PortScan
80,6,20,1200,20,0,0,0,DoS-SYN-Flood
80,6,20,1200,20,0,0,0,DoS-SYN-Flood
11104,6,6,348,6,6,0,0,SSH-Bruteforce
0,1,20,1200,0,0,0,0,DoS-ICMP
0,1,20,1200,0,0,0,0,DoS-ICMP
0,1,20,1200,0,0,0,0,DoS-ICMP
80,6,20,1200,20,0,0,0,DoS-SYN-Flood
28037,6,2,120,2,0,0,0,PortScan
58645,6,9,522,9,9,0,0,SSH-Bruteforce
80,6,20,1480,20,0,0,0,DoS-HTTP
80,6,20,1200,20,0,0,0,DoS-SYN-Flood
22,6,20,1200,9,0,11,0,SSH-Bruteforce
22,6,20,1200,0,0,20,0,SSH-Bruteforce
80,6,20,1480,20,0,0,0,DoS-HTTP
80,6,20,1200,20,0,0,0,DoS-SYN-Flood
80,6,20,1200,20,0,0,0,DoS-SYN-Flood
0,1,20,1200,0,0,0,0,DoS-ICMP
80,6,20,1200,20,0,0,0,DoS-SYN-Flood
80,6,20,1480,20,0,0,0,DoS-HTTP
33240,6,20,29740,0,20,0,0,BENIGN
80,17,20,1200,0,0,0,0,DoS-UDP
80,6,20,1480,20,0,0,0,DoS-HTTP
0,1,20,1200,0,0,0,0,DoS-ICMP
60030,6,6,348,6,6,0,0,SSH-Bruteforce
0,1,20,1200,0,0,0,0,DoS-ICMP
22,6,20,1200,20,0,0,0,SSH-Bruteforce
0,1,20,1200,0,0,0,0,DoS-ICMP
80,17,20,1200,0,0,0,0,DoS-UDP
0,1,20,840,0,0,0,0,DoS-ICMP
80,6,20,1480,20,0,0,0,DoS-HTTP
80,17,20,1200,0,0,0,0,DoS-UDP
80,17,20,1200,0,0,0,0,DoS-UDP
18010,6,9,522,9,9,0,0,SSH-Bruteforce
80,6,20,1480,20,0,0,0,DoS-HTTP
5404,6,7,406,7,7,0,0,SSH-Bruteforce
80,6,20,1200,20,0,0,0,DoS-SYN-Flood
80,17,20,1200,0,0,0,0,DoS-UDP
80,6,20,1480,20,0,0,0,DoS-HTTP
80,6,20,1200,20,0,0,0,DoS-SYN-Flood
46952,6,9,522,9,9,0,0,SSH-Bruteforce
80,17,20,1200,0,0,0,0,DoS-UDP
59146,6,2,120,2,0,0,0,PortScan
80,17,20,1200,0,0,0,0,DoS-UDP
22,6,20,1200,0,0,20,0,SSH-Bruteforce
0,1,20,1200,0,0,0,0,DoS-ICMP
80,6,20,1200,20,0,0,0,DoS-SYN-Flood
80,6,20,1480,20,0,0,0,DoS-HTTP
80,17,20,1200,0,0,0,0,DoS-UDP
443,6,10,728,0,10,0,1,BENIGN
0,1,20,1200,0,0,0,0,DoS-ICMP
0,1,20,840,0,0,0,0,DoS-ICMP
22208,6,7,406,7,7,0,0,SSH-Bruteforce
16447,6,6,348,6,6,0,0,SSH-Bruteforce
80,6,20,1480,20,0,0,0,DoS-HTTP
0,1,20,840,0,0,0,0,DoS-ICMP
80,6,20,1480,20,0,0,0,DoS-HTTP
21514,6,2,120,2,0,0,0,PortScan
80,6,20,1200,20,0,0,0,DoS-SYN-Flood
80,17,20,1200,0,0,0,0,DoS-UDP
80,6,20,1200,20,0,0,0,DoS-SYN-Flood
56767,6,2,120,2,0,0,0,PortScan
0,1,20,1200,0,0,0,0,DoS-ICMP
22262,6,2,120,2,0,0,0,PortScan
47764,6,7,406,7,7,0,0,SSH-Bruteforce
80,6,20,1200,20,0,0,0,DoS-SYN-Flood
0,1,20,840,0,0,0,0,DoS-ICMP
65030,6,6,348,6,6,0,0,SSH-Bruteforce
80,17,20,1200,0,0,0,0,DoS-UDP
22059,6,4,240,4,0,0,0,PortScan
80,6,20,1480,20,0,0,0,DoS-HTTP
50826,6,2,120,2,0,0,0,PortScan
80,17,20,1200,0,0,0,0,DoS-UDP
80,17,20,1200,0,0,0,0,DoS-UDP
22,6,20,1200,6,0,14,0,SSH-Bruteforce
0,1,20,1200,0,0,0,0,DoS-ICMP
80,6,20,1480,20,0,0,0,DoS-HTTP
47230,6,8,464,8,8,0,0,SSH-Bruteforce
64079,6,6,348,6,6,0,0,SSH-Bruteforce
80,6,20,1200,20,0,0,0,DoS-SYN-Flood
0,1,20,840,0,0,0,0,DoS-ICMP
0,1,20,1200,0,0,0,0,DoS-ICMP
80,6,20,1200,20,0,0,0,DoS-SYN-Flood
14514,6,6,360,6,0,0,0,PortScan
22,6,20,1200,10,0,10,0,SSH-Bruteforce
0,1,20,1200,0,0,0,0,DoS-ICMP
80,6,20,1200,20,0,0,0,DoS-SYN-Flood
80,6,20,1480,20,0,0,0,DoS-HTTP
45447,17,20,27980,0,0,0,0,BENIGN
23525,6,4,240,4,0,0,0,PortScan
80,17,20,1200,0,0,0,0,DoS-UDP
0,1,20,1200,0,0,0,0,DoS-ICMP
36533,17,11,3514,0,0,0,0,BENIGN
22,6,20,1200,0,0,20,0,SSH-Bruteforce
80,17,20,1200,0,0,0,0,DoS-UDP
80,17,20,1200,0,0,0,0,DoS-UDP
36520,17,20,22733,0,0,0,0,BENIGN
80,17,20,1200,0,0,0,0,DoS-UDP
0,1,20,1200,0,0,0,0,DoS-ICMP
0,1,20,1200,0,0,0,0,DoS-ICMP
80,6,20,1480,20,0,0,0,DoS-HTTP
6349,6,4,240,4,0,0,0,PortScan
64585,6,6,348,6,6,0,0,SSH-Bruteforce
16900,6,9,522,9,9,0,0,SSH-Bruteforce
80,6,20,1200,20,0,0,0,DoS-SYN-Flood
0,1,20,1200,0,0,0,0,DoS-ICMP
0,1,20,840,0,0,0,0,DoS-ICMP
1544,6,4,240,4,0,0,0,PortScan
0,1,20,1200,0,0,0,0,DoS-ICMP
80,6,20,1200,20,0,0,0,DoS-SYN-Flood
80,6,20,1480,20,0,0,0,DoS-HTTP
443,17,8,2131,0,0,0,0,BENIGN
0,1,20,1200,0,0,0,0,DoS-ICMP
43678,17,20,27980,0,0,0,0,BENIGN
0,1,20,1200,0,0,0,0,DoS-ICMP
80,17,20,1200,0,0,0,0,DoS-UDP
80,17,20,1200,0,0,0,0,DoS-UDP
80,6,20,1200,20,0,0,0,DoS-SYN-Flood
80,17,20,1200,0,0,0,0,DoS-UDP
80,6,20,1480,20,0,0,0,DoS-HTTP
80,6,20,1200,20,0,0,0,DoS-SYN-Flood
22,6,20,1200,0,0,20,0,SSH-Bruteforce
60886,6,20,18600,0,20,0,0,BENIGN
13990,6,6,348,6,6,0,0,SSH-Bruteforce
0,1,20,1200,0,0,0,0,DoS-ICMP
80,17,20,1200,0,0,0,0,DoS-UDP
22612,6,2,120,2,0,0,0,PortScan
80,17,20,1200,0,0,0,0,DoS-UDP
22,6,20,1200,20,0,0,0,SSH-Bruteforce
53,17,20,1621,0,0,0,0,BENIGN
0,1,20,1200,0,0,0,0,DoS-ICMP
49885,6,4,240,4,0,0,0,PortScan
80,6,20,1200,20,0,0,0,DoS-SYN-Flood
35678,6,2,120,2,0,0,0,PortScan
80,6,20,1480,20,0,0,0,DoS-HTTP
80,17,20,1200,0,0,0,0,DoS-UDP
28704,6,2,120,2,0,0,0,PortScan
80,6,20,1200,20,0,0,0,DoS-SYN-Flood
28170,6,4,240,4,0,0,0,PortScan
0,1,20,840,0,0,0,0,DoS-ICMP
6568,6,7,406,7,7,0,0,SSH-Bruteforce
41518,6,11,638,11,11,0,0,SSH-Bruteforce
80,6,20,1480,20,0,0,0,DoS-HTTP
80,6,20,1200,20,0,0,0,DoS-SYN-Flood
80,6,20,1200,20,0,0,0,DoS-SYN-Flood
80,6,20,1480,20,0,0,0,DoS-HTTP
36520,17,20,27980,0,0,0,0,BENIGN
80,6,20,1480,20,0,0,0,DoS-HTTP
0,1,20,840,0,0,0,0,DoS-ICMP
80,6,20,1200,20,0,0,0,DoS-SYN-Flood
80,6,20,1200,20,0,0,0,DoS-SYN-Flood
5775,6,6,360,6,0,0,0,PortScan
80,6,20,1480,20,0,0,0,DoS-HTTP
53258,6,20,26477,0,20,0,0,BENIGN
80,6,20,1480,20,0,0,0,DoS-HTTP
7270,6,6,348,6,6,0,0,SSH-Bruteforce
80,6,20,1480,20,0,0,0,DoS-HTTP
44697,6,7,406,7,7,0,0,SSH-Bruteforce
80,6,20,1200,20,0,0,0,DoS-SYN-Flood
80,6,20,1480,20,0,0,0,DoS-HTTP
26428,6,9,522,9,9,0,0,SSH-Bruteforce
36520,17,20,27980,0,0,0,0,BENIGN
80,6,20,1200,20,0,0,0,DoS-SYN-Flood
80,17,20,1200,0,0,0,0,DoS-UDP
80,6,20,1480,20,0,0,0,DoS-HTTP
80,6,20,1480,20,0,0,0,DoS-HTTP
22,6,20,1200,0,0,20,0,SSH-Bruteforce
80,17,20,1200,0,0,0,0,DoS-UDP
80,6,20,1200,20,0,0,0,DoS-SYN-Flood
80,17,20,1200,0,0,0,0,DoS-UDP
80,17,20,1200,0,0,0,0,DoS-UDP
42901,6,9,522,9,9,0,0,SSH-Bruteforce
8355,6,4,240,4,0,0,0,PortScan
80,6,20,1200,20,0,0,0,DoS-SYN-Flood
53258,6,11,594,0,11,0,1,BENIGN
80,17,20,1200,0,0,0,0,DoS-UDP
21771,6,6,348,6,6,0,0,SSH-Bruteforce
38270,6,2,120,2,0,0,0,PortScan
80,6,20,1480,20,0,0,0,DoS-HTTP
80,6,20,1480,20,0,0,0,DoS-HTTP
63839,6,6,348,6,6,0,0,SSH-Bruteforce
80,17,20,1200,0,0,0,0,DoS-UDP
36520,17,20,27980,0,0,0,0,BENIGN
22,6,20,1200,20,0,0,0,SSH-Bruteforce
80,6,20,1480,20,0,0,0,DoS-HTTP
8350,6,4,240,4,0,0,0,PortScan
34168,6,4,240,4,0,0,0,PortScan
55391,6,6,348,6,6,0,0,SSH-Bruteforce
80,17,20,1200,0,0,0,0,DoS-UDP
80,6,20,1480,20,0,0,0,DoS-HTTP
80,17,20,1200,0,0,0,0,DoS-UDP
80,6,20,1200,20,0,0,0,DoS-SYN-Flood
80,17,20,1200,0,0,0,0,DoS-UDP
0,1,20,840,0,0,0,0,DoS-ICMP
80,17,20,1200,0,0,0,0,DoS-UDP
80,6,20,1480,20,0,0,0,DoS-HTTP
80,6,20,1200,20,0,0,0,DoS-SYN-Flood
80,17,20,1200,0,0,0,0,DoS-UDP
809,6,6,348,6,6,0,0,SSH-Bruteforce
0,1,20,840,0,0,0,0,DoS-ICMP
80,6,20,1200,20,0,0,0,DoS-SYN-Flood
80,6,20,1200,20,0,0,0,DoS-SYN-Flood
0,1,20,840,0,0,0,0,DoS-ICMP
22,6,20,1200,14,0,6,0,SSH-Bruteforce
80,6,20,1480,20,0,0,0,DoS-HTTP
80,17,20,1200,0,0,0,0,DoS-UDP
48782,6,5,290,5,5,0,0,SSH-Bruteforce
3025,6,8,464,8,8,0,0,SSH-Bruteforce
80,17,20,1200,0,0,0,0,DoS-UDP
80,6,20,1200,20,0,0,0,DoS-SYN-Flood
80,6,20,1200,20,0,0,0,DoS-SYN-Flood
0,1,20,840,0,0,0,0,DoS-ICMP
80,6,20,1480,20,0,0,0,DoS-HTTP
80,17,20,1200,0,0,0,0,DoS-UDP
22,6,20,1200,20,0,0,0,SSH-Bruteforce
0,1,20,840,0,0,0,0,DoS-ICMP
80,6,20,1480,20,0,0,0,DoS-HTTP
22,6,20,1200,20,0,0,0,SSH-Bruteforce
36520,17,20,27980,0,0,0,0,BENIGN
28451,6,2,120,2,0,0,0,PortScan
80,17,20,1200,0,0,0,0,DoS-UDP
80,6,20,1200,20,0,0,0,DoS-SYN-Flood
80,17,20,1200,0,0,0,0,DoS-UDP
80,6,20,1200,20,0,0,0,DoS-SYN-Flood
80,17,20,1200,0,0,0,0,DoS-UDP
80,6,20,1480,20,0,0,0,DoS-HTTP
0,1,20,1200,0,0,0,0,DoS-ICMP
0,1,20,840,0,0,0,0,DoS-ICMP
22,6,20,1200,20,0,0,0,SSH-Bruteforce
80,6,20,1480,20,0,0,0,DoS-HTTP
80,17,20,1200,0,0,0,0,DoS-UDP
80,17,20,1200,0,0,0,0,DoS-UDP
80,6,20,1480,20,0,0,0,DoS-HTTP
16382,6,2,120,2,0,0,0,PortScan
80,6,20,1480,20,0,0,0,DoS-HTTP
80,6,20,1200,20,0,0,0,DoS-SYN-Flood
80,6,20,1200,20,0,0,0,DoS-SYN-Flood
80,17,20,1200,0,0,0,0,DoS-UDP
80,6,20,1480,20,0,0,0,DoS-HTTP
42706,6,2,120,2,0,0,0,PortScan
0,1,20,1200,0,0,0,0,DoS-ICMP
80,6,20,1200,20,0,0,0,DoS-SYN-Flood
11350,6,8,464,8,8,0,0,SSH-Bruteforce
80,17,20,1200,0,0,0,0,DoS-UDP
51686,6,4,240,4,0,0,0,PortScan
13552,6,8,464,8,8,0,0,SSH-Bruteforce
44829,6,8,464,8,8,0,0,SSH-Bruteforce
80,6,20,1200,20,0,0,0,DoS-SYN-Flood
80,6,20,1200,20,0,0,0,DoS-SYN-Flood
57490,6,2,120,2,0,0,0,PortScan
80,6,20,1200,20,0,0,0,DoS-SYN-Flood
80,17,20,1200,0,0,0,0,DoS-UDP
58540,6,7,406,7,7,0,0,SSH-Bruteforce
80,17,20,1200,0,0,0,0,DoS-UDP
0,1,20,840,0,0,0,0,DoS-ICMP
0,1,20,840,0,0,0,0,DoS-ICMP
36520,17,20,27980,0,0,0,0,BENIGN
80,6,20,1200,20,0,0,0,DoS-SYN-Flood
80,6,20,1480,20,0,0,0,DoS-HTTP
80,6,20,1200,20,0,0,0,DoS-SYN-Flood
80,6,20,1200,20,0,0,0,DoS-SYN-Flood
1247,6,4,240,4,0,0,0,PortScan
0,1,20,1200,0,0,0,0,DoS-ICMP
80,17,20,1200,0,0,0,0,DoS-UDP
80,6,20,1480,20,0,0,0,DoS-HTTP
80,17,20,1200,0,0,0,0,DoS-UDP
80,17,20,1200,0,0,0,0,DoS-UDP
34646,6,4,240,4,0,0,0,PortScan
21519,6,2,120,2,0,0,0,PortScan
22,6,20,1200,0,0,20,0,SSH-Bruteforce
0,1,20,1200,0,0,0,0,DoS-ICMP
80,6,20,1480,20,0,0,0,DoS-HTTP
42664,6,4,240,4,0,0,0,PortScan
0,1,20,840,0,0,0,0,DoS-ICMP
0,1,20,1200,0,0,0,0,DoS-ICMP
22847,6,2,120,2,0,0,0,PortScan
80,17,20,1200,0,0,0,0,DoS-UDP
80,6,20,1200,20,0,0,0,DoS-SYN-Flood
80,6,20,1200,20,0,0,0,DoS-SYN-Flood
80,17,20,1200,0,0,0,0,DoS-UDP
80,6,20,1480,20,0,0,0,DoS-HTTP
80,6,20,1480,20,0,0,0,DoS-HTTP
80,6,20,1480,20,0,0,0,DoS-HTTP
80,6,20,1200,20,0,0,0,DoS-SYN-Flood
80,17,20,1200,0,0,0,0,DoS-UDP
80,6,20,1480,20,0,0,0,DoS-HTTP
22,6,20,1200,0,0,20,0,SSH-Bruteforce
0,1,20,1200,0,0,0,0,DoS-ICMP
443,6,20,1200,0,20,0,0,BENIGN
80,6,20,1480,20,0,0,0,DoS-HTTP
56015,6,2,120,2,0,0,0,PortScan
80,6,20,1480,20,0,0,0,DoS-HTTP
52010,6,2,120,2,0,0,0,PortScan
80,6,20,1480,20,0,0,0,DoS-HTTP
22,6,20,1200,9,0,11,0,SSH-Bruteforce
29132,6,7,406,7,7,0,0,SSH-Bruteforce
37064,6,10,580,10,10,0,0,SSH-Bruteforce
44817,6,8,464,8,8,0,0,SSH-Bruteforce
80,6,20,1200,20,0,0,0,DoS-SYN-Flood
0,1,20,840,0,0,0,0,DoS-ICMP
52082,6,2,120,2,0,0,0,PortScan
25180,6,7,406,7,7,0,0,SSH-Bruteforce
43687,6,4,240,4,0,0,0,PortScan
2614,6,6,348,6,6,0,0,SSH-Bruteforce
64461,6,5,290,5,5,0,0,SSH-Bruteforce
0,1,20,840,0,0,0,0,DoS-ICMP
40370,6,2,120,2,0,0,0,PortScan
80,17,20,1200,0,0,0,0,DoS-UDP
0,1,20,1200,0,0,0,0,DoS-ICMP
80,6,20,1480,20,0,0,0,DoS-HTTP
19717,6,2,120,2,0,0,0,PortScan
13118,6,9,522,9,9,0,0,SSH-Bruteforce
80,17,20,1200,0,0,0,0,DoS-UDP
17734,6,2,120,2,0,0,0,PortScan
22,6,20,1200,3,0,17,0,SSH-Bruteforce
46441,6,8,464,8,8,0,0,SSH-Bruteforce
0,1,20,1200,0,0,0,0,DoS-ICMP
44030,6,9,522,9,9,0,0,SSH-Bruteforce
3684,6,4,240,4,0,0,0,PortScan
22,6,20,1200,20,0,0,0,SSH-Bruteforce
22,6,20,1200,20,0,0,0,SSH-Bruteforce
47918,6,2,120,2,0,0,0,PortScan
0,1,20,1200,0,0,0,0,DoS-ICMP
38611,6,4,240,4,0,0,0,PortScan
80,17,20,1200,0,0,0,0,DoS-UDP
0,1,20,1200,0,0,0,0,DoS-ICMP
80,6,20,1480,20,0,0,0,DoS-HTTP
80,17,20,1200,0,0,0,0,DoS-UDP
443,6,20,1498,0,20,0,0,BENIGN
0,1,20,840,0,0,0,0,DoS-ICMP
80,6,20,1480,20,0,0,0,DoS-HTTP
43036,6,4,240,4,0,0,0,PortScan
4712,6,4,240,4,0,0,0,PortScan
45424,6,20,12749,0,20,0,0,BENIGN
22,6,20,1200,0,0,20,0,SSH-Bruteforce
80,6,20,1480,20,0,0,0,DoS-HTTP
0,1,20,1200,0,0,0,0,DoS-ICMP
80,6,20,1200,20,0,0,0,DoS-SYN-Flood
80,6,20,1200,20,0,0,0,DoS-SYN-Flood
34758,6,4,232,4,4,0,0,SSH-Bruteforce
48474,6,4,240,4,0,0,0,PortScan
80,6,20,1480,20,0,0,0,DoS-HTTP
0,1,20,1200,0,0,0,0,DoS-ICMP
36520,17,20,27980,0,0,0,0,BENIGN
80,6,20,1480,20,0,0,0,DoS-HTTP
80,6,20,1480,20,0,0,0,DoS-HTTP
80,6,20,1480,20,0,0,0,DoS-HTTP
0,1,20,840,0,0,0,0,DoS-ICMP
80,6,20,1200,20,0,0,0,DoS-SYN-Flood
0,1,20,1200,0,0,0,0,DoS-ICMP
80,17,20,1200,0,0,0,0,DoS-UDP
41193,6,10,580,10,10,0,0,SSH-Bruteforce
0,1,20,840,0,0,0,0,DoS-ICMP
80,17,20,1200,0,0,0,0,DoS-UDP
9192,6,9,522,9,9,0,0,SSH-Bruteforce
80,17,20,1200,0,0,0,0,DoS-UDP
39902,17,20,27980,0,0,0,0,BENIGN
22821,6,7,406,7,7,0,0,SSH-Bruteforce
0,1,20,840,0,0,0,0,DoS-ICMP
80,6,20,1200,20,0,0,0,DoS-SYN-Flood
0,1,20,840,0,0,0,0,DoS-ICMP
80,6,20,1480,20,0,0,0,DoS-HTTP
61092,6,5,290,5,5,0,0,SSH-Bruteforce
80,6,20,1480,20,0,0,0,DoS-HTTP
80,6,20,1200,20,0,0,0,DoS-SYN-Flood
25575,6,2,120,2,0,0,0,PortScan
0,1,20,1200,0,0,0,0,DoS-ICMP
0,1,20,1200,0,0,0,0,DoS-ICMP
25460,6,7,406,7,7,0,0,SSH-Bruteforce
53185,6,9,522,9,9,0,0,SSH-Bruteforce
22,6,20,1200,8,0,12,0,SSH-Bruteforce
443,6,20,2198,0,20,0,0,BENIGN
80,17,20,1200,0,0,0,0,DoS-UDP
37715,6,8,464,8,8,0,0,SSH-Bruteforce
80,6,20,1480,20,0,0,0,DoS-HTTP
17607,6,2,120,2,0,0,0,PortScan
80,17,20,1200,0,0,0,0,DoS-UDP
43678,17,20,27980,0,0,0,0,BENIGN
0,1,20,1200,0,0,0,0,DoS-ICMP
0,1,20,1200,0,0,0,0,DoS-ICMP
15325,6,6,348,6,6,0,0,SSH-Bruteforce
80,17,20,1200,0,0,0,0,DoS-UDP
443,6,20,1703,0,20,0,0,BENIGN
80,17,20,1200,0,0,0,0,DoS-UDP
80,6,20,1200,20,0,0,0,DoS-SYN-Flood
42904,17,20,27980,0,0,0,0,BENIGN
80,17,20,1200,0,0,0,0,DoS-UDP
80,6,20,1480,20,0,0,0,DoS-HTTP
80,17,20,1200,0,0,0,0,DoS-UDP
33240,6,20,29080,0,20,0,0,BENIGN
80,17,20,1200,0,0,0,0,DoS-UDP
47822,6,20,29951,0,20,0,0,BENIGN
80,17,20,1200,0,0,0,0,DoS-UDP
52075,6,2,120,2,0,0,0,PortScan
80,17,20,1200,0,0,0,0,DoS-UDP
22,6,20,1200,20,0,0,0,SSH-Bruteforce
0,1,20,1200,0,0,0,0,DoS-ICMP
0,1,20,840,0,0,0,0,DoS-ICMP
443,17,20,1997,0,0,0,0,BENIGN
53785,6,2,120,2,0,0,0,PortScan
80,6,20,1480,20,0,0,0,DoS-HTTP
80,17,20,1200,0,0,0,0,DoS-UDP
0,1,20,1200,0,0,0,0,DoS-ICMP
0,1,20,1200,0,0,0,0,DoS-ICMP
22,6,20,1200,3,0,17,0,SSH-Bruteforce
80,17,20,1200,0,0,0,0,DoS-UDP
30862,6,8,464,8,8,0,0,SSH-Bruteforce
80,6,20,1480,20,0,0,0,DoS-HTTP
80,17,20,1200,0,0,0,0,DoS-UDP
80,17,20,1200,0,0,0,0,DoS-UDP
80,6,20,1480,20,0,0,0,DoS-HTTP
33666,6,9,522,9,9,0,0,SSH-Bruteforce
80,6,20,1480,20,0,0,0,DoS-HTTP
80,17,20,1200,0,0,0,0,DoS-UDP
23305,6,2,120,2,0,0,0,PortScan
80,6,20,1200,20,0,0,0,DoS-SYN-Flood
0,1,20,1200,0,0,0,0,DoS-ICMP
80,17,20,1200,0,0,0,0,DoS-UDP
43992,17,20,27980,0,0,0,0,BENIGN
0,1,20,1200,0,0,0,0,DoS-ICMP
80,6,20,1480,20,0,0,0,DoS-HTTP
10693,6,4,240,4,0,0,0,PortScan
80,6,20,1200,20,0,0,0,DoS-SYN-Flood
0,1,20,1200,0,0,0,0,DoS-ICMP
80,6,20,1480,20,0,0,0,DoS-HTTP
35578,6,5,290,5,5,0,0,SSH-Bruteforce
80,6,20,1480,20,0,0,0,DoS-HTTP
3943,6,4,240,4,0,0,0,PortScan
80,17,20,1200,0,0,0,0,DoS-UDP
45424,6,20,1858,0,20,0,0,BENIGN
54829,17,20,27980,0,0,0,0,BENIGN
80,17,20,1200,0,0,0,0,DoS-UDP
22,6,20,1200,0,0,20,0,SSH-Bruteforce
80,6,20,1480,20,0,0,0,DoS-HTTP
22,6,20,1200,2,0,18,0,SSH-Bruteforce
0,1,20,840,0,0,0,0,DoS-ICMP
54225,6,2,120,2,0,0,0,PortScan
80,17,20,1200,0,0,0,0,DoS-UDP
41254,6,2,120,2,0,0,0,PortScan
22,6,20,1200,2,0,18,0,SSH-Bruteforce
0,1,20,840,0,0,0,0,DoS-ICMP
48216,6,2,120,2,0,0,0,PortScan
80,17,20,1200,0,0,0,0,DoS-UDP
46575,6,2,120,2,0,0,0,PortScan
0,1,20,1200,0,0,0,0,DoS-ICMP
26811,6,2,120,2,0,0,0,PortScan
22,6,20,1200,20,0,0,0,SSH-Bruteforce
80,6,20,1200,20,0,0,0,DoS-SYN-Flood
0,1,20,1200,0,0,0,0,DoS-ICMP
47254,6,2,120,2,0,0,0,PortScan
53510,6,2,120,2,0,0,0,PortScan
60886,6,20,29140,0,20,0,0,BENIGN
80,6,20,1200,20,0,0,0,DoS-SYN-Flood
80,6,20,1480,20,0,0,0,DoS-HTTP
58173,6,7,406,7,7,0,0,SSH-Bruteforce
80,6,20,1200,20,0,0,0,DoS-SYN-Flood
80,17,20,1200,0,0,0,0,DoS-UDP
80,17,20,1200,0,0,0,0,DoS-UDP
80,6,20,1480,20,0,0,0,DoS-HTTP
80,6,20,1200,20,0,0,0,DoS-SYN-Flood
80,6,20,1200,20,0,0,0,DoS-SYN-Flood
11556,6,4,240,4,0,0,0,PortScan
0,1,20,840,0,0,0,0,DoS-ICMP
80,6,20,1480,20,0,0,0,DoS-HTTP
18031,6,2,120,2,0,0,0,PortScan
19192,6,2,120,2,0,0,0,PortScan
5485,6,4,240,4,0,0,0,PortScan
43656,6,8,464,8,8,0,0,SSH-Bruteforce
80,17,20,1200,0,0,0,0,DoS-UDP
80,6,20,1200,20,0,0,0,DoS-SYN-Flood
22,6,20,1200,20,0,0,0,SSH-Bruteforce
22,6,20,1200,0,0,20,0,SSH-Bruteforce
80,17,20,1200,0,0,0,0,DoS-UDP
80,6,20,1200,20,0,0,0,DoS-SYN-Flood
80,17,20,1200,0,0,0,0,DoS-UDP
80,6,20,1200,20,0,0,0,DoS-SYN-Flood
7869,6,4,240,4,0,0,0,PortScan
0,1,20,840,0,0,0,0,DoS-ICMP
22,6,20,1200,0,0,20,0,SSH-Bruteforce
80,6,20,1480,20,0,0,0,DoS-HTTP
33240,6,20,29080,0,20,0,0,BENIGN
80,6,20,1480,20,0,0,0,DoS-HTTP
22,6,20,1200,6,0,14,0,SSH-Bruteforce
43097,6,2,120,2,0,0,0,PortScan
80,6,20,1200,20,0,0,0,DoS-SYN-Flood
28246,6,9,522,9,9,0,0,SSH-Bruteforce
80,6,20,1200,20,0,0,0,DoS-SYN-Flood
60886,6,20,29380,0,20,0,0,BENIGN
80,6,20,1200,20,0,0,0,DoS-SYN-Flood
54760,6,2,120,2,0,0,0,PortScan
0,1,20,840,0,0,0,0,DoS-ICMP
0,1,20,840,0,0,0,0,DoS-ICMP
60886,6,20,23300,0,20,0,0,BENIGN
80,6,20,1480,20,0,0,0,DoS-HTTP
0,1,20,840,0,0,0,0,DoS-ICMP
0,1,20,840,0,0,0,0,DoS-ICMP
0,1,20,1200,0,0,0,0,DoS-ICMP
80,6,20,1480,20,0,0,0,DoS-HTTP
14438,6,6,360,6,0,0,0,PortScan
41176,6,10,580,10,10,0,0,SSH-Bruteforce
80,6,20,1200,20,0,0,0,DoS-SYN-Flood
24310,6,6,348,6,6,0,0,SSH-Bruteforce
80,6,20,1480,20,0,0,0,DoS-HTTP
80,6,20,1480,20,0,0,0,DoS-HTTP
80,17,20,1200,0,0,0,0,DoS-UDP
80,6,20,1200,20,0,0,0,DoS-SYN-Flood
80,6,20,1480,20,0,0,0,DoS-HTTP
18230,6,8,464,8,8,0,0,SSH-Bruteforce
80,17,20,1200,0,0,0,0,DoS-UDP
22,6,20,1200,0,0,20,0,SSH-Bruteforce
0,1,20,1200,0,0,0,0,DoS-ICMP
80,6,20,1200,20,0,0,0,DoS-SYN-Flood
45741,6,4,240,4,0,0,0,PortScan
36520,17,20,27980,0,0,0,0,BENIGN
80,6,20,1200,20,0,0,0,DoS-SYN-Flood
0,1,20,840,0,0,0,0,DoS-ICMP
0,1,20,1200,0,0,0,0,DoS-ICMP
35539,6,4,240,4,0,0,0,PortScan
15327,6,8,464,8,8,0,0,SSH-Bruteforce
0,1,20,1200,0,0,0,0,DoS-ICMP
0,1,20,1200,0,0,0,0,DoS-ICMP
80,6,20,1480,20,0,0,0,DoS-HTTP
80,6,20,1200,20,0,0,0,DoS-SYN-Flood
80,6,20,1200,20,0,0,0,DoS-SYN-Flood
28186,6,4,240,4,0,0,0,PortScan
80,17,20,1200,0,0,0,0,DoS-UDP
80,6,20,1200,20,0,0,0,DoS-SYN-Flood
36116,6,2,120,2,0,0,0,PortScan
27591,6,4,240,4,0,0,0,PortScan
80,6,20,1480,20,0,0,0,DoS-HTTP
80,6,20,1480,20,0,0,0,DoS-HTTP
80,6,20,1200,20,0,0,0,DoS-SYN-Flood
80,17,20,1200,0,0,0,0,DoS-UDP
0,1,20,840,0,0,0,0,DoS-ICMP
80,6,20,1200,20,0,0,0,DoS-SYN-Flood
80,6,20,1200,20,0,0,0,DoS-SYN-Flood
80,6,20,1480,20,0,0,0,DoS-HTTP
80,17,20,1200,0,0,0,0,DoS-UDP
80,6,20,1200,20,0,0,0,DoS-SYN-Flood
0,1,20,840,0,0,0,0,DoS-ICMP
0,1,20,1200,0,0,0,0,DoS-ICMP
23764,6,7,406,7,7,0,0,SSH-Bruteforce
16283,6,4,240,4,0,0,0,PortScan
80,6,20,1480,20,0,0,0,DoS-HTTP
0,1,20,840,0,0,0,0,DoS-ICMP
22,6,20,1200,18,0,2,0,SSH-Bruteforce
80,6,20,1480,20,0,0,0,DoS-HTTP
0,1,20,1200,0,0,0,0,DoS-ICMP
22,6,20,1200,20,0,0,0,SSH-Bruteforce
0,1,20,1200,0,0,0,0,DoS-ICMP
36520,17,20,27980,0,0,0,0,BENIGN
80,17,20,1200,0,0,0,0,DoS-UDP
80,17,20,1200,0,0,0,0,DoS-UDP
0,1,20,840,0,0,0,0,DoS-ICMP
0,1,20,1200,0,0,0,0,DoS-ICMP
54755,6,4,240,4,0,0,0,PortScan
80,6,20,1480,20,0,0,0,DoS-HTTP
30301,6,2,120,2,0,0,0,PortScan
80,6,20,1480,20,0,0,0,DoS-HTTP
17299,6,4,240,4,0,0,0,PortScan
41656,6,4,240,4,0,0,0,PortScan
80,6,20,1480,20,0,0,0,DoS-HTTP
61019,6,5,290,5,5,0,0,SSH-Bruteforce
80,17,20,1200,0,0,0,0,DoS-UDP
80,6,20,1200,20,0,0,0,DoS-SYN-Flood
60886,6,20,28960,0,20,0,0,BENIGN
20352,6,4,240,4,0,0,0,PortScan
56748,6,2,120,2,0,0,0,PortScan
80,6,20,1480,20,0,0,0,DoS-HTTP
50694,6,7,406,7,7,0,0,SSH-Bruteforce
80,6,20,1480,20,0,0,0,DoS-HTTP
35337,6,12,696,12,12,0,0,SSH-Bruteforce
80,17,20,1200,0,0,0,0,DoS-UDP
80,6,20,1480,20,0,0,0,DoS-HTTP
21744,6,8,464,8,8,0,0,SSH-Bruteforce
0,1,20,840,0,0,0,0,DoS-ICMP
28647,6,2,120,2,0,0,0,PortScan
16858,6,4,240,4,0,0,0,PortScan
65343,6,8,464,8,8,0,0,SSH-Bruteforce
80,17,20,1200,0,0,0,0,DoS-UDP
24997,6,4,240,4,0,0,0,PortScan
46411,6,8,464,8,8,0,0,SSH-Bruteforce
51809,17,20,22092,0,0,0,0,BENIGN
80,6,20,1480,20,0,0,0,DoS-HTTP
80,6,20,1480,20,0,0,0,DoS-HTTP
80,6,20,1480,20,0,0,0,DoS-HTTP
80,17,20,1200,0,0,0,0,DoS-UDP
22,6,20,1200,1,0,19,0,SSH-Bruteforce
80,17,20,1200,0,0,0,0,DoS-UDP
1103,6,6,360,6,0,0,0,PortScan
80,17,20,1200,0,0,0,0,DoS-UDP
22,6,20,1200,20,0,0,0,SSH-Bruteforce
80,6,20,1200,20,0,0,0,DoS-SYN-Flood
80,17,20,1200,0,0,0,0,DoS-UDP
80,6,20,1480,20,0,0,0,DoS-HTTP
0,1,20,840,0,0,0,0,DoS-ICMP
80,6,20,1480,20,0,0,0,DoS-HTTP
0,1,20,840,0,0,0,0,DoS-ICMP
59804,6,20,17153,0,20,0,0,BENIGN
22,6,20,1200,1,0,19,0,SSH-Bruteforce
80,6,20,1480,20,0,0,0,DoS-HTTP
80,6,20,1480,20,0,0,0,DoS-HTTP
9553,6,4,240,4,0,0,0,PortScan
58498,6,8,464,8,8,0,0,SSH-Bruteforce
12107,6,4,240,4,0,0,0,PortScan
35854,6,20,28832,0,20,0,0,BENIGN
80,6,20,1200,20,0,0,0,DoS-SYN-Flood
36520,17,20,27980,0,0,0,0,BENIGN
80,17,20,1200,0,0,0,0,DoS-UDP
80,6,20,1480,20,0,0,0,DoS-HTTP
80,6,20,1480,20,0,0,0,DoS-HTTP
38540,6,7,585,1,7,0,1,BENIGN
80,17,20,1200,0,0,0,0,DoS-UDP
24410,6,3,180,3,0,0,0,PortScan
22153,6,7,406,7,7,0,0,SSH-Bruteforce
29433,6,2,120,2,0,0,0,PortScan
80,17,20,1200,0,0,0,0,DoS-UDP
45447,17,20,27980,0,0,0,0,BENIGN
4992,6,4,240,4,0,0,0,PortScan
80,6,20,1480,20,0,0,0,DoS-HTTP
0,1,20,840,0,0,0,0,DoS-ICMP
80,17,20,1200,0,0,0,0,DoS-UDP
2046,6,4,240,4,0,0,0,PortScan
80,17,20,1200,0,0,0,0,DoS-UDP
80,17,20,1200,0,0,0,0,DoS-UDP
80,6,20,1480,20,0,0,0,DoS-HTTP
80,6,20,1480,20,0,0,0,DoS-HTTP
54829,17,20,27980,0,0,0,0,BENIGN
18674,6,4,240,4,0,0,0,PortScan
80,6,20,1480,20,0,0,0,DoS-HTTP
41247,6,2,120,2,0,0,0,PortScan
80,6,20,1480,20,0,0,0,DoS-HTTP
7334,6,8,464,8,8,0,0,SSH-Bruteforce
80,6,20,1480,20,0,0,0,DoS-HTTP
80,6,20,1480,20,0,0,0,DoS-HTTP
33240,6,20,29080,0,20,0,0,BENIGN
80,17,20,1200,0,0,0,0,DoS-UDP
506,6,6,348,6,6,0,0,SSH-Bruteforce
0,1,20,840,0,0,0,0,DoS-ICMP
80,6,20,1200,20,0,0,0,DoS-SYN-Flood
80,6,20,1200,20,0,0,0,DoS-SYN-Flood
80,17,20,1200,0,0,0,0,DoS-UDP
80,6,20,1480,20,0,0,0,DoS-HTTP
33650,6,10,580,10,10,0,0,SSH-Bruteforce
10013,6,7,406,7,7,0,0,SSH-Bruteforce
80,6,20,1200,20,0,0,0,DoS-SYN-Flood
52907,6,4,240,4,0,0,0,PortScan
51158,6,11,638,11,11,0,0,SSH-Bruteforce
0,1,20,1200,0,0,0,0,DoS-ICMP
0,1,20,840,0,0,0,0,DoS-ICMP
80,6,20,1200,20,0,0,0,DoS-SYN-Flood
80,6,20,1480,20,0,0,0,DoS-HTTP
36520,17,20,27980,0,0,0,0,BENIGN
33240,6,20,29080,0,20,0,0,BENIGN
33997,6,2,120,2,0,0,0,PortScan
0,1,20,840,0,0,0,0,DoS-ICMP
7211,6,4,232,4,4,0,0,SSH-Bruteforce
80,17,20,1200,0,0,0,0,DoS-UDP
22,6,20,1200,20,0,0,0,SSH-Bruteforce
5307,6,4,232,4,4,0,0,SSH-Bruteforce
80,17,20,1200,0,0,0,0,DoS-UDP
80,17,20,1200,0,0,0,0,DoS-UDP
0,1,20,1200,0,0,0,0,DoS-ICMP
0,1,20,1200,0,0,0,0,DoS-ICMP
80,6,20,1200,20,0,0,0,DoS-SYN-Flood
80,6,20,1200,20,0,0,0,DoS-SYN-Flood
80,6,20,1200,20,0,0,0,DoS-SYN-Flood
55339,6,2,120,2,0,0,0,PortScan
80,6,20,1200,20,0,0,0,DoS-SYN-Flood
36520,17,20,27980,0,0,0,0,BENIGN
80,17,20,1200,0,0,0,0,DoS-UDP
22,6,20,1200,11,0,9,0,SSH-Bruteforce
80,17,20,1200,0,0,0,0,DoS-UDP
0,1,20,1200,0,0,0,0,DoS-ICMP
80,6,20,1480,20,0,0,0,DoS-HTTP
0,1,20,1200,0,0,0,0,DoS-ICMP
38063,6,2,120,2,0,0,0,PortScan
1915,6,6,360,6,0,0,0,PortScan
42985,6,2,120,2,0,0,0,PortScan
80,17,20,1200,0,0,0,0,DoS-UDP
0,1,20,840,0,0,0,0,DoS-ICMP
80,6,20,1480,20,0,0,0,DoS-HTTP
80,6,20,1200,20,0,0,0,DoS-SYN-Flood
80,6,20,1200,20,0,0,0,DoS-SYN-Flood
25737,6,6,348,6,6,0,0,SSH-Bruteforce
17978,6,4,240,4,0,0,0,PortScan
80,17,20,1200,0,0,0,0,DoS-UDP
0,1,20,1200,0,0,0,0,DoS-ICMP
80,6,20,1200,20,0,0,0,DoS-SYN-Flood
0,1,20,1200,0,0,0,0,DoS-ICMP
80,6,20,1480,20,0,0,0,DoS-HTTP
80,17,20,1200,0,0,0,0,DoS-UDP
63576,6,4,240,4,0,0,0,PortScan
0,1,20,1200,0,0,0,0,DoS-ICMP
47051,6,9,522,9,9,0,0,SSH-Bruteforce
36520,17,20,27980,0,0,0,0,BENIGN
80,17,20,1200,0,0,0,0,DoS-UDP
80,6,20,1480,20,0,0,0,DoS-HTTP
80,6,20,1480,20,0,0,0,DoS-HTTP
80,6,20,1200,20,0,0,0,DoS-SYN-Flood
80,6,20,1200,20,0,0,0,DoS-SYN-Flood
80,6,20,1480,20,0,0,0,DoS-HTTP
0,1,20,840,0,0,0,0,DoS-ICMP
30113,6,7,406,7,7,0,0,SSH-Bruteforce
0,1,20,1200,0,0,0,0,DoS-ICMP
3387,6,4,240,4,0,0,0,PortScan
80,17,20,1200,0,0,0,0,DoS-UDP
80,17,20,1200,0,0,0,0,DoS-UDP
35587,6,11,638,11,11,0,0,SSH-Bruteforce
1480,6,4,240,4,0,0,0,PortScan
36795,6,2,120,2,0,0,0,PortScan
0,1,20,840,0,0,0,0,DoS-ICMP
80,6,20,1200,20,0,0,0,DoS-SYN-Flood
0,1,20,1200,0,0,0,0,DoS-ICMP
80,17,20,1200,0,0,0,0,DoS-UDP
80,17,20,1200,0,0,0,0,DoS-UDP
80,6,20,1200,20,0,0,0,DoS-SYN-Flood
36520,17,20,27980,0,0,0,0,BENIGN
33240,6,20,29320,0,20,0,0,BENIGN
42409,6,2,120,2,0,0,0,PortScan
60886,6,20,30279,0,20,0,0,BENIGN
80,6,20,1480,20,0,0,0,DoS-HTTP
4152,6,6,360,6,0,0,0,PortScan
0,1,20,1200,0,0,0,0,DoS-ICMP
13196,6,11,638,11,11,0,0,SSH-Bruteforce
80,17,20,1200,0,0,0,0,DoS-UDP
0,1,20,840,0,0,0,0,DoS-ICMP
53258,6,20,27622,0,20,0,0,BENIGN
80,6,20,1200,20,0,0,0,DoS-SYN-Flood
47822,6,20,29020,0,20,0,0,BENIGN
0,1,20,1200,0,0,0,0,DoS-ICMP
0,1,20,1200,0,0,0,0,DoS-ICMP
0,1,20,840,0,0,0,0,DoS-ICMP
80,17,20,1200,0,0,0,0,DoS-UDP
20627,6,7,406,7,7,0,0,SSH-Bruteforce
80,17,20,1200,0,0,0,0,DoS-UDP
80,6,20,1480,20,0,0,0,DoS-HTTP
0,1,20,840,0,0,0,0,DoS-ICMP
80,6,20,1480,20,0,0,0,DoS-HTTP
22,6,20,1200,20,0,0,0,SSH-Bruteforce
36993,6,2,120,2,0,0,0,PortScan
53296,6,1,54,0,1,0,1,BENIGN
22,6,20,1200,7,0,13,0,SSH-Bruteforce
80,17,20,1200,0,0,0,0,DoS-UDP
80,17,20,1200,0,0,0,0,DoS-UDP
25075,6,7,406,7,7,0,0,SSH-Bruteforce
80,6,20,1200,20,0,0,0,DoS-SYN-Flood
51209,6,9,522,9,9,0,0,SSH-Bruteforce
12256,6,8,464,8,8,0,0,SSH-Bruteforce
46637,6,4,240,4,0,0,0,PortScan
0,1,20,1200,0,0,0,0,DoS-ICMP
80,6,20,1480,20,0,0,0,DoS-HTTP
6353,6,4,240,4,0,0,0,PortScan
9174,6,9,522,9,9,0,0,SSH-Bruteforce
80,6,20,1200,20,0,0,0,DoS-SYN-Flood
0,1,20,840,0,0,0,0,DoS-ICMP
0,1,20,840,0,0,0,0,DoS-ICMP
36520,17,20,27980,0,0,0,0,BENIGN
80,17,20,1200,0,0,0,0,DoS-UDP
31437,6,6,348,6,6,0,0,SSH-Bruteforce
80,6,20,1200,20,0,0,0,DoS-SYN-Flood
53723,6,12,696,12,12,0,0,SSH-Bruteforce
80,17,20,1200,0,0,0,0,DoS-UDP
46860,6,2,120,2,0,0,0,PortScan
0,1,20,1200,0,0,0,0,DoS-ICMP
80,6,20,1200,20,0,0,0,DoS-SYN-Flood
80,6,20,1200,20,0,0,0,DoS-SYN-Flood
53696,6,2,120,2,0,0,0,PortScan
80,6,20,1200,20,0,0,0,DoS-SYN-Flood
0,1,20,1200,0,0,0,0,DoS-ICMP
80,17,20,1200,0,0,0,0,DoS-UDP
80,17,20,1200,0,0,0,0,DoS-UDP
46921,6,2,120,2,0,0,0,PortScan
80,17,20,1200,0,0,0,0,DoS-UDP
80,6,20,1200,20,0,0,0,DoS-SYN-Flood
80,17,20,1200,0,0,0,0,DoS-UDP
80,17,20,1200,0,0,0,0,DoS-UDP
58893,6,10,580,10,10,0,0,SSH-Bruteforce
23694,6,4,240,4,0,0,0,PortScan
0,1,20,840,0,0,0,0,DoS-ICMP
80,17,20,1200,0,0,0,0,DoS-UDP
0,1,20,840,0,0,0,0,DoS-ICMP
80,6,20,1480,20,0,0,0,DoS-HTTP
34947,6,2,120,2,0,0,0,PortScan
80,17,20,1200,0,0,0,0,DoS-UDP
56250,6,2,120,2,0,0,0,PortScan
0,1,20,1200,0,0,0,0,DoS-ICMP
80,6,20,1480,20,0,0,0,DoS-HTTP
80,17,20,1200,0,0,0,0,DoS-UDP
80,6,20,1200,20,0,0,0,DoS-SYN-Flood
80,17,20,1200,0,0,0,0,DoS-UDP
22,6,20,1200,20,0,0,0,SSH-Bruteforce
41308,17,20,27980,0,0,0,0,BENIGN
0,1,20,840,0,0,0,0,DoS-ICMP
80,17,20,1200,0,0,0,0,DoS-UDP
36520,17,20,27430,0,0,0,0,BENIGN
80,6,20,1200,20,0,0,0,DoS-SYN-Flood
27484,6,2,120,2,0,0,0,PortScan
60886,6,20,30279,0,20,0,0,BENIGN
80,6,20,1480,20,0,0,0,DoS-HTTP
80,17,20,1200,0,0,0,0,DoS-UDP
56636,6,2,120,2,0,0,0,PortScan
80,6,20,1480,20,0,0,0,DoS-HTTP
39352,6,4,232,4,4,0,0,SSH-Bruteforce
21315,6,2,120,2,0,0,0,PortScan
80,6,20,1200,20,0,0,0,DoS-SYN-Flood
50501,6,7,406,7,7,0,0,SSH-Bruteforce
80,6,20,1480,20,0,0,0,DoS-HTTP
80,6,20,1480,20,0,0,0,DoS-HTTP
0,1,20,840,0,0,0,0,DoS-ICMP
80,6,20,1480,20,0,0,0,DoS-HTTP
0,1,20,1200,0,0,0,0,DoS-ICMP
26159,6,7,406,7,7,0,0,SSH-Bruteforce
0,1,20,1200,0,0,0,0,DoS-ICMP
50110,6,4,240,4,0,0,0,PortScan
80,17,20,1200,0,0,0,0,DoS-UDP
80,17,20,1200,0,0,0,0,DoS-UDP
80,6,20,1480,20,0,0,0,DoS-HTTP
80,6,20,1480,20,0,0,0,DoS-HTTP
22,6,20,1200,0,0,20,0,SSH-Bruteforce
0,1,20,840,0,0,0,0,DoS-ICMP
16444,6,2,120,2,0,0,0,PortScan
966,6,6,348,6,6,0,0,SSH-Bruteforce
25541,6,2,120,2,0,0,0,PortScan
80,17,20,1200,0,0,0,0,DoS-UDP
80,6,20,1480,20,0,0,0,DoS-HTTP
80,6,20,1480,20,0,0,0,DoS-HTTP
29205,6,8,464,8,8,0,0,SSH-Bruteforce
80,6,20,1200,20,0,0,0,DoS-SYN-Flood
0,1,20,1200,0,0,0,0,DoS-ICMP
61977,6,2,120,2,0,0,0,PortScan
46398,17,20,27980,0,0,0,0,BENIGN
80,6,20,1480,20,0,0,0,DoS-HTTP
80,17,20,1200,0,0,0,0,DoS-UDP
80,17,20,1200,0,0,0,0,DoS-UDP
80,6,20,1480,20,0,0,0,DoS-HTTP
80,17,20,1200,0,0,0,0,DoS-UDP
80,6,20,1480,20,0,0,0,DoS-HTTP
80,6,20,1480,20,0,0,0,DoS-HTTP
22,6,20,1200,2,0,18,0,SSH-Bruteforce
80,6,20,1480,20,0,0,0,DoS-HTTP
80,6,20,1480,20,0,0,0,DoS-HTTP
80,17,20,1200,0,0,0,0,DoS-UDP
80,6,20,1480,20,0,0,0,DoS-HTTP
22,6,20,1200,20,0,0,0,SSH-Bruteforce
0,1,20,1200,0,0,0,0,DoS-ICMP
80,6,20,1480,20,0,0,0,DoS-HTTP
0,1,20,1200,0,0,0,0,DoS-ICMP
80,6,20,1480,20,0,0,0,DoS-HTTP
80,17,20,1200,0,0,0,0,DoS-UDP
80,6,20,1480,20,0,0,0,DoS-HTTP
16651,6,2,120,2,0,0,0,PortScan
80,17,20,1200,0,0,0,0,DoS-UDP
53142,6,4,240,4,0,0,0,PortScan
80,6,20,1200,20,0,0,0,DoS-SYN-Flood
80,17,20,1200,0,0,0,0,DoS-UDP
80,17,20,1200,0,0,0,0,DoS-UDP
80,6,20,1480,20,0,0,0,DoS-HTTP
53381,6,8,464,8,8,0,0,SSH-Bruteforce
0,1,20,1200,0,0,0,0,DoS-ICMP
80,17,20,1200,0,0,0,0,DoS-UDP
36520,17,20,26649,0,0,0,0,BENIGN
14171,6,6,348,6,6,0,0,SSH-Bruteforce
80,6,20,1480,20,0,0,0,DoS-HTTP
33869,6,2,120,2,0,0,0,PortScan
48036,6,4,240,4,0,0,0,PortScan
22,6,20,1200,20,0,0,0,SSH-Bruteforce
80,17,20,1200,0,0,0,0,DoS-UDP
22,6,20,1200,0,0,20,0,SSH-Bruteforce
80,6,20,1480,20,0,0,0,DoS-HTTP
80,6,20,1200,20,0,0,0,DoS-SYN-Flood
22,6,20,1200,20,0,0,0,SSH-Bruteforce
28267,6,10,580,10,10,0,0,SSH-Bruteforce
0,1,20,840,0,0,0,0,DoS-ICMP
80,6,20,1200,20,0,0,0,DoS-SYN-Flood
80,6,20,1200,20,0,0,0,DoS-SYN-Flood
0,1,20,1200,0,0,0,0,DoS-ICMP
80,6,20,1480,20,0,0,0,DoS-HTTP
80,17,20,1200,0,0,0,0,DoS-UDP
3605,6,4,240,4,0,0,0,PortScan
80,6,20,1200,20,0,0,0,DoS-SYN-Flood
3422,6,8,464,8,8,0,0,SSH-Bruteforce
31258,6,8,464,8,8,0,0,SSH-Bruteforce
80,6,20,1480,20,0,0,0,DoS-HTTP
80,17,20,1200,0,0,0,0,DoS-UDP
0,1,20,1200,0,0,0,0,DoS-ICMP
45424,6,20,23915,0,20,0,0,BENIGN
0,1,20,1200,0,0,0,0,DoS-ICMP
0,1,20,840,0,0,0,0,DoS-ICMP
6403,6,4,240,4,0,0,0,PortScan
0,1,20,840,0,0,0,0,DoS-ICMP
80,6,20,1200,20,0,0,0,DoS-SYN-Flood
52968,6,9,522,9,9,0,0,SSH-Bruteforce
80,6,20,1480,20,0,0,0,DoS-HTTP
80,17,20,1200,0,0,0,0,DoS-UDP
48081,6,9,522,9,9,0,0,SSH-Bruteforce
0,1,20,840,0,0,0,0,DoS-ICMP
80,6,20,1480,20,0,0,0,DoS-HTTP
36520,17,20,27980,0,0,0,0,BENIGN
22,6,20,1200,1,0,19,0,SSH-Bruteforce
80,17,20,1200,0,0,0,0,DoS-UDP
80,17,20,1200,0,0,0,0,DoS-UDP
80,6,20,1480,20,0,0,0,DoS-HTTP
23570,6,5,290,5,5,0,0,SSH-Bruteforce
45196,6,2,120,2,0,0,0,PortScan
80,6,20,1480,20,0,0,0,DoS-HTTP
0,1,20,1200,0,0,0,0,DoS-ICMP
80,6,20,1480,20,0,0,0,DoS-HTTP
23559,6,6,348,6,6,0,0,SSH-Bruteforce
80,6,20,1480,20,0,0,0,DoS-HTTP
51403,6,8,464,8,8,0,0,SSH-Bruteforce
0,1,20,840,0,0,0,0,DoS-ICMP
0,1,20,1200,0,0,0,0,DoS-ICMP
80,6,20,1200,20,0,0,0,DoS-SYN-Flood
80,6,20,1480,20,0,0,0,DoS-HTTP
0,1,20,1200,0,0,0,0,DoS-ICMP
80,6,20,1480,20,0,0,0,DoS-HTTP
80,6,20,1200,20,0,0,0,DoS-SYN-Flood
0,1,20,1200,0,0,0,0,DoS-ICMP
22,6,20,1200,0,0,20,0,SSH-Bruteforce
31978,6,2,120,2,0,0,0,PortScan
80,6,20,1480,20,0,0,0,DoS-HTTP
80,17,20,1200,0,0,0,0,DoS-UDP
80,17,20,1200,0,0,0,0,DoS-UDP
13577,6,8,464,8,8,0,0,SSH-Bruteforce
80,6,20,1480,20,0,0,0,DoS-HTTP
22,6,20,1200,0,0,20,0,SSH-Bruteforce
80,6,20,1480,20,0,0,0,DoS-HTTP
80,6,20,1200,20,0,0,0,DoS-SYN-Flood
80,6,20,1480,20,0,0,0,DoS-HTTP
0,1,20,840,0,0,0,0,DoS-ICMP
80,6,20,1200,20,0,0,0,DoS-SYN-Flood
80,6,20,1480,20,0,0,0,DoS-HTTP
80,6,20,1200,20,0,0,0,DoS-SYN-Flood
80,6,20,1200,20,0,0,0,DoS-SYN-Flood
2282,6,4,240,4,0,0,0,PortScan
80,6,20,1480,20,0,0,0,DoS-HTTP
23162,6,4,240,4,0,0,0,PortScan
7364,6,4,240,4,0,0,0,PortScan
80,17,20,1200,0,0,0,0,DoS-UDP
80,17,20,1200,0,0,0,0,DoS-UDP
80,6,20,1480,20,0,0,0,DoS-HTTP
80,6,20,1200,20,0,0,0,DoS-SYN-Flood
0,1,20,840,0,0,0,0,DoS-ICMP
42335,6,2,120,2,0,0,0,PortScan
80,17,20,1200,0,0,0,0,DoS-UDP
80,6,20,1480,20,0,0,0,DoS-HTTP
80,6,20,1200,20,0,0,0,DoS-SYN-Flood
80,6,20,1480,20,0,0,0,DoS-HTTP
80,6,20,1200,20,0,0,0,DoS-SYN-Flood
46280,6,11,638,11,11,0,0,SSH-Bruteforce
80,6,20,1480,20,0,0,0,DoS-HTTP
80,17,20,1200,0,0,0,0,DoS-UDP
0,1,20,840,0,0,0,0,DoS-ICMP
0,1,20,1200,0,0,0,0,DoS-ICMP
10496,6,6,360,6,0,0,0,PortScan
80,6,20,1480,20,0,0,0,DoS-HTTP
33240,6,20,27712,0,20,0,0,BENIGN
80,6,20,1200,20,0,0,0,DoS-SYN-Flood
80,6,20,1480,20,0,0,0,DoS-HTTP
80,6,20,1200,20,0,0,0,DoS-SYN-Flood
33265,6,5,290,5,5,0,0,SSH-Bruteforce
33240,6,20,28840,0,20,0,0,BENIGN
80,6,20,1200,20,0,0,0,DoS-SYN-Flood
0,1,20,1200,0,0,0,0,DoS-ICMP
53272,6,20,29020,0,20,0,0,BENIGN
26085,6,2,120,2,0,0,0,PortScan
80,6,20,1480,20,0,0,0,DoS-HTTP
80,6,20,1480,20,0,0,0,DoS-HTTP
80,6,20,1480,20,0,0,0,DoS-HTTP
18122,6,2,120,2,0,0,0,PortScan
22,6,20,1200,20,0,0,0,SSH-Bruteforce
4547,6,6,360,6,0,0,0,PortScan
80,17,20,1200,0,0,0,0,DoS-UDP
80,17,20,1200,0,0,0,0,DoS-UDP
80,6,20,1200,20,0,0,0,DoS-SYN-Flood
80,6,20,1480,20,0,0,0,DoS-HTTP
80,17,20,1200,0,0,0,0,DoS-UDP
1098,6,6,360,6,0,0,0,PortScan
80,17,20,1200,0,0,0,0,DoS-UDP
0,1,20,1200,0,0,0,0,DoS-ICMP
80,6,20,1200,20,0,0,0,DoS-SYN-Flood
80,17,20,1200,0,0,0,0,DoS-UDP
80,17,20,1200,0,0,0,0,DoS-UDP
0,1,20,840,0,0,0,0,DoS-ICMP
0,1,20,1200,0,0,0,0,DoS-ICMP
34267,6,7,406,7,7,0,0,SSH-Bruteforce
23750,6,2,120,2,0,0,0,PortScan
80,6,20,1480,20,0,0,0,DoS-HTTP
80,6,20,1200,20,0,0,0,DoS-SYN-Flood
15450,6,4,240,4,0,0,0,PortScan
80,6,20,1480,20,0,0,0,DoS-HTTP
0,1,20,840,0,0,0,0,DoS-ICMP
0,1,20,840,0,0,0,0,DoS-ICMP
39358,6,2,120,2,0,0,0,PortScan
80,6,20,1480,20,0,0,0,DoS-HTTP
80,6,20,1480,20,0,0,0,DoS-HTTP
80,17,20,1200,0,0,0,0,DoS-UDP
80,6,20,1200,20,0,0,0,DoS-SYN-Flood
80,17,20,1200,0,0,0,0,DoS-UDP
80,6,20,1200,20,0,0,0,DoS-SYN-Flood
80,6,20,1480,20,0,0,0,DoS-HTTP
15249,6,9,522,9,9,0,0,SSH-Bruteforce
17174,6,8,464,8,8,0,0,SSH-Bruteforce
80,6,20,1200,20,0,0,0,DoS-SYN-Flood
80,6,20,1480,20,0,0,0,DoS-HTTP
80,17,20,1200,0,0,0,0,DoS-UDP
80,6,20,1480,20,0,0,0,DoS-HTTP
22,6,20,1200,1,0,19,0,SSH-Bruteforce
32446,6,2,120,2,0,0,0,PortScan
55983,6,8,464,8,8,0,0,SSH-Bruteforce
80,6,20,1480,20,0,0,0,DoS-HTTP
80,6,20,1200,20,0,0,0,DoS-SYN-Flood
80,6,20,1200,20,0,0,0,DoS-SYN-Flood
80,17,20,1200,0,0,0,0,DoS-UDP
80,17,20,1200,0,0,0,0,DoS-UDP
29163,6,6,348,6,6,0,0,SSH-Bruteforce
80,6,20,1480,20,0,0,0,DoS-HTTP
0,1,20,1200,0,0,0,0,DoS-ICMP
80,17,20,1200,0,0,0,0,DoS-UDP
80,6,20,1480,20,0,0,0,DoS-HTTP
80,6,20,1480,20,0,0,0,DoS-HTTP
22,6,20,1200,0,0,20,0,SSH-Bruteforce
40562,6,2,120,2,0,0,0,PortScan
80,6,20,1480,20,0,0,0,DoS-HTTP
80,17,20,1200,0,0,0,0,DoS-UDP
57119,6,2,120,2,0,0,0,PortScan
80,17,20,1200,0,0,0,0,DoS-UDP
80,17,20,1200,0,0,0,0,DoS-UDP
80,6,20,1200,20,0,0,0,DoS-SYN-Flood
80,17,20,1200,0,0,0,0,DoS-UDP
51446,6,4,240,4,0,0,0,PortScan
60615,6,2,120,2,0,0,0,PortScan
80,6,20,1480,20,0,0,0,DoS-HTTP
0,1,20,840,0,0,0,0,DoS-ICMP
9028,6,4,240,4,0,0,0,PortScan
0,1,20,840,0,0,0,0,DoS-ICMP
43020,6,2,120,2,0,0,0,PortScan
0,1,20,840,0,0,0,0,DoS-ICMP
50207,6,2,120,2,0,0,0,PortScan
24012,6,4,240,4,0,0,0,PortScan
80,6,20,1480,20,0,0,0,DoS-HTTP
29472,6,4,240,4,0,0,0,PortScan
80,6,20,1200,20,0,0,0,DoS-SYN-Flood
18016,6,2,120,2,0,0,0,PortScan
80,17,20,1200,0,0,0,0,DoS-UDP
36520,17,20,27980,0,0,0,0,BENIGN
80,17,20,1200,0,0,0,0,DoS-UDP
14720,6,9,522,9,9,0,0,SSH-Bruteforce
7014,6,4,240,4,0,0,0,PortScan
0,1,20,840,0,0,0,0,DoS-ICMP
80,6,20,1480,20,0,0,0,DoS-HTTP
80,17,20,1200,0,0,0,0,DoS-UDP
80,17,20,1200,0,0,0,0,DoS-UDP
0,1,20,840,0,0,0,0,DoS-ICMP
43260,6,5,290,5,5,0,0,SSH-Bruteforce
0,1,20,1200,0,0,0,0,DoS-ICMP
22,6,20,1200,2,0,18,0,SSH-Bruteforce
80,6,20,1480,20,0,0,0,DoS-HTTP
0,1,20,840,0,0,0,0,DoS-ICMP
80,17,20,1200,0,0,0,0,DoS-UDP
22,6,20,1200,0,0,20,0,SSH-Bruteforce
80,6,20,1480,20,0,0,0,DoS-HTTP
0,1,20,840,0,0,0,0,DoS-ICMP
80,17,20,1200,0,0,0,0,DoS-UDP
0,1,20,840,0,0,0,0,DoS-ICMP
28003,6,11,638,11,11,0,0,SSH-Bruteforce
43678,17,20,27980,0,0,0,0,BENIGN
80,6,20,1200,20,0,0,0,DoS-SYN-Flood
0,1,20,840,0,0,0,0,DoS-ICMP
80,6,20,1200,20,0,0,0,DoS-SYN-Flood
36520,17,20,27980,0,0,0,0,BENIGN
39254,6,4,240,4,0,0,0,PortScan
5145,6,6,360,6,0,0,0,PortScan
80,17,20,1200,0,0,0,0,DoS-UDP
0,1,20,840,0,0,0,0,DoS-ICMP
60808,17,6,2477,0,0,0,0,BENIGN
39103,6,5,290,5,5,0,0,SSH-Bruteforce
22,6,20,1200,20,0,0,0,SSH-Bruteforce
80,6,20,1480,20,0,0,0,DoS-HTTP
27778,6,7,406,7,7,0,0,SSH-Bruteforce
49652,6,8,464,8,8,0,0,SSH-Bruteforce
80,6,20,1200,20,0,0,0,DoS-SYN-Flood
15187,6,8,464,8,8,0,0,SSH-Bruteforce
45470,6,11,638,11,11,0,0,SSH-Bruteforce
80,6,20,1480,20,0,0,0,DoS-HTTP
0,1,20,840,0,0,0,0,DoS-ICMP
80,17,20,1200,0,0,0,0,DoS-UDP
80,17,20,1200,0,0,0,0,DoS-UDP
0,1,20,840,0,0,0,0,DoS-ICMP
63423,6,2,120,2,0,0,0,PortScan
80,6,20,1480,20,0,0,0,DoS-HTTP
24717,6,4,240,4,0,0,0,PortScan
80,17,20,1200,0,0,0,0,DoS-UDP
80,17,20,1200,0,0,0,0,DoS-UDP
46602,6,9,522,9,9,0,0,SSH-Bruteforce
80,6,20,1480,20,0,0,0,DoS-HTTP
80,17,20,1200,0,0,0,0,DoS-UDP
36706,17,2,212,0,0,0,0,BENIGN
2510,6,6,360,6,0,0,0,PortScan
45730,6,10,580,10,10,0,0,SSH-Bruteforce
0,1,20,1200,0,0,0,0,DoS-ICMP
80,6,20,1480,20,0,0,0,DoS-HTTP
42904,17,20,15270,0,0,0,0,BENIGN
0,1,20,840,0,0,0,0,DoS-ICMP
80,17,20,1200,0,0,0,0,DoS-UDP
80,6,20,1480,20,0,0,0,DoS-HTTP
80,6,20,1200,20,0,0,0,DoS-SYN-Flood
80,6,20,1200,20,0,0,0,DoS-SYN-Flood
0,1,20,840,0,0,0,0,DoS-ICMP
80,6,20,1480,20,0,0,0,DoS-HTTP
6080,6,10,580,10,10,0,0,SSH-Bruteforce
28825,6,7,406,7,7,0,0,SSH-Bruteforce
0,1,20,840,0,0,0,0,DoS-ICMP
80,6,20,1200,20,0,0,0,DoS-SYN-Flood
0,1,20,1200,0,0,0,0,DoS-ICMP
80,17,20,1200,0,0,0,0,DoS-UDP
29055,6,2,120,2,0,0,0,PortScan
33595,17,20,17092,0,0,0,0,BENIGN
80,6,20,1480,20,0,0,0,DoS-HTTP
80,17,20,1200,0,0,0,0,DoS-UDP
56394,6,6,348,6,6,0,0,SSH-Bruteforce
1814,6,3,174,3,3,0,0,SSH-Bruteforce
80,6,20,1200,20,0,0,0,DoS-SYN-Flood
22,6,20,1200,7,0,13,0,SSH-Bruteforce
58381,6,4,240,4,0,0,0,PortScan
80,6,20,1480,20,0,0,0,DoS-HTTP
16721,6,2,120,2,0,0,0,PortScan
22,6,20,1200,20,0,0,0,SSH-Bruteforce
80,6,20,1200,20,0,0,0,DoS-SYN-Flood
80,6,20,1200,20,0,0,0,DoS-SYN-Flood
80,17,20,1200,0,0,0,0,DoS-UDP
0,1,20,840,0,0,0,0,DoS-ICMP
80,6,20,1200,20,0,0,0,DoS-SYN-Flood
12217,6,4,240,4,0,0,0,PortScan
80,6,20,1480,20,0,0,0,DoS-HTTP
0,1,20,840,0,0,0,0,DoS-ICMP
13854,6,10,580,10,10,0,0,SSH-Bruteforce
80,17,20,1200,0,0,0,0,DoS-UDP
10285,6,5,290,5,5,0,0,SSH-Bruteforce
0,1,20,1200,0,0,0,0,DoS-ICMP
54069,6,2,120,2,0,0,0,PortScan
46691,6,2,120,2,0,0,0,PortScan
54829,17,20,27980,0,0,0,0,BENIGN
80,6,20,1200,20,0,0,0,DoS-SYN-Flood
60886,6,20,17988,0,20,0,0,BENIGN
80,6,20,1480,20,0,0,0,DoS-HTTP
43741,6,4,240,4,0,0,0,PortScan
80,6,20,1480,20,0,0,0,DoS-HTTP
0,1,20,1200,0,0,0,0,DoS-ICMP
41132,6,4,240,4,0,0,0,PortScan
59836,6,7,406,7,7,0,0,SSH-Bruteforce
0,1,20,840,0,0,0,0,DoS-ICMP
80,17,20,1200,0,0,0,0,DoS-UDP
48696,6,2,120,2,0,0,0,PortScan
80,17,20,1200,0,0,0,0,DoS-UDP
80,6,20,1200,20,0,0,0,DoS-SYN-Flood
28886,6,2,120,2,0,0,0,PortScan
0,1,20,1200,0,0,0,0,DoS-ICMP
0,1,20,840,0,0,0,0,DoS-ICMP
80,6,20,1480,20,0,0,0,DoS-HTTP
80,6,20,1480,20,0,0,0,DoS-HTTP
80,6,20,1480,20,0,0,0,DoS-HTTP
58403,6,8,464,8,8,0,0,SSH-Bruteforce
0,1,20,1200,0,0,0,0,DoS-ICMP
0,1,20,840,0,0,0,0,DoS-ICMP
45424,6,20,18139,0,20,0,0,BENIGN
80,6,20,1200,20,0,0,0,DoS-SYN-Flood
45991,6,10,580,10,10,0,0,SSH-Bruteforce
1653,6,4,240,4,0,0,0,PortScan
22,6,20,1200,5,0,15,0,SSH-Bruteforce
80,6,20,1200,20,0,0,0,DoS-SYN-Flood
0,1,20,840,0,0,0,0,DoS-ICMP
22,6,20,1200,20,0,0,0,SSH-Bruteforce
0,1,20,1200,0,0,0,0,DoS-ICMP
22,6,20,1200,20,0,0,0,SSH-Bruteforce
80,6,20,1200,20,0,0,0,DoS-SYN-Flood
25341,6,6,348,6,6,0,0,SSH-Bruteforce
12513,6,8,464,8,8,0,0,SSH-Bruteforce
80,6,20,1200,20,0,0,0,DoS-SYN-Flood
80,6,20,1200,20,0,0,0,DoS-SYN-Flood
26732,6,2,120,2,0,0,0,PortScan
80,6,20,1200,20,0,0,0,DoS-SYN-Flood
43733,6,2,120,2,0,0,0,PortScan
80,17,20,1200,0,0,0,0,DoS-UDP
36330,6,6,348,6,6,0,0,SSH-Bruteforce
80,6,20,1480,20,0,0,0,DoS-HTTP
0,1,20,840,0,0,0,0,DoS-ICMP
45500,6,2,120,2,0,0,0,PortScan
80,6,20,1480,20,0,0,0,DoS-HTTP
80,6,20,1200,20,0,0,0,DoS-SYN-Flood
58735,6,2,120,2,0,0,0,PortScan
22,6,20,1200,13,0,7,0,SSH-Bruteforce
0,1,20,840,0,0,0,0,DoS-ICMP
80,17,20,1200,0,0,0,0,DoS-UDP
0,1,20,1200,0,0,0,0,DoS-ICMP
11330,6,6,348,6,6,0,0,SSH-Bruteforce
0,1,20,1200,0,0,0,0,DoS-ICMP
0,1,20,840,0,0,0,0,DoS-ICMP
9558,6,8,464,8,8,0,0,SSH-Bruteforce
20333,6,2,120,2,0,0,0,PortScan
42964,6,7,406,7,7,0,0,SSH-Bruteforce
45693,6,9,522,9,9,0,0,SSH-Bruteforce
39902,17,20,27980,0,0,0,0,BENIGN
80,17,20,1200,0,0,0,0,DoS-UDP
0,1,20,1200,0,0,0,0,DoS-ICMP
43992,17,20,19150,0,0,0,0,BENIGN
51973,6,4,240,4,0,0,0,PortScan
80,17,20,1200,0,0,0,0,DoS-UDP
80,17,20,1200,0,0,0,0,DoS-UDP
80,17,20,1200,0,0,0,0,DoS-UDP
80,17,20,1200,0,0,0,0,DoS-UDP
80,17,20,1200,0,0,0,0,DoS-UDP
22,6,20,1200,19,0,1,0,SSH-Bruteforce
0,1,20,840,0,0,0,0,DoS-ICMP
36520,17,20,27980,0,0,0,0,BENIGN
80,6,20,1200,20,0,0,0,DoS-SYN-Flood
0,1,20,1200,0,0,0,0,DoS-ICMP
80,17,20,1200,0,0,0,0,DoS-UDP
22,6,20,1200,7,0,13,0,SSH-Bruteforce
23436,6,7,406,7,7,0,0,SSH-Bruteforce
22,6,20,1200,20,0,0,0,SSH-Bruteforce
0,1,20,840,0,0,0,0,DoS-ICMP
28476,6,7,406,7,7,0,0,SSH-Bruteforce
0,1,20,1200,0,0,0,0,DoS-ICMP
80,6,20,1200,20,0,0,0,DoS-SYN-Flood
80,17,20,1200,0,0,0,0,DoS-UDP
80,6,20,1200,20,0,0,0,DoS-SYN-Flood
18430,6,7,406,7,7,0,0,SSH-Bruteforce
5744,6,4,240,4,0,0,0,PortScan
80,6,20,1480,20,0,0,0,DoS-HTTP
21270,6,2,120,2,0,0,0,PortScan
80,6,20,1200,20,0,0,0,DoS-SYN-Flood
80,6,20,1200,20,0,0,0,DoS-SYN-Flood
45587,6,8,464,8,8,0,0,SSH-Bruteforce
39072,6,2,120,2,0,0,0,PortScan
0,1,20,840,0,0,0,0,DoS-ICMP
80,17,20,1200,0,0,0,0,DoS-UDP
80,17,20,1200,0,0,0,0,DoS-UDP
0,1,20,1200,0,0,0,0,DoS-ICMP
80,6,20,1480,20,0,0,0,DoS-HTTP
10493,6,6,348,6,6,0,0,SSH-Bruteforce
80,6,20,1480,20,0,0,0,DoS-HTTP
80,17,20,1200,0,0,0,0,DoS-UDP
52484,6,8,464,8,8,0,0,SSH-Bruteforce
80,6,20,1200,20,0,0,0,DoS-SYN-Flood
0,1,20,840,0,0,0,0,DoS-ICMP
36520,17,20,27980,0,0,0,0,BENIGN
0,1,20,1200,0,0,0,0,DoS-ICMP
0,1,20,1200,0,0,0,0,DoS-ICMP
80,6,20,1480,20,0,0,0,DoS-HTTP
80,6,20,1200,20,0,0,0,DoS-SYN-Flood
80,17,20,1200,0,0,0,0,DoS-UDP
56735,6,2,120,2,0,0,0,PortScan
80,17,20,1200,0,0,0,0,DoS-UDP
0,1,20,1200,0,0,0,0,DoS-ICMP
80,17,20,1200,0,0,0,0,DoS-UDP
4290,6,4,240,4,0,0,0,PortScan
22,6,20,1200,0,0,20,0,SSH-Bruteforce
0,1,20,1200,0,0,0,0,DoS-ICMP
0,1,20,1200,0,0,0,0,DoS-ICMP
80,6,20,1480,20,0,0,0,DoS-HTTP
37483,6,7,406,7,7,0,0,SSH-Bruteforce
80,17,20,1200,0,0,0,0,DoS-UDP
80,6,20,1200,20,0,0,0,DoS-SYN-Flood
80,17,20,1200,0,0,0,0,DoS-UDP
80,6,20,1480,20,0,0,0,DoS-HTTP
33240,6,20,29020,0,20,0,0,BENIGN
80,17,20,1200,0,0,0,0,DoS-UDP
40195,6,11,638,11,11,0,0,SSH-Bruteforce
80,6,20,1200,20,0,0,0,DoS-SYN-Flood
45447,17,20,27980,0,0,0,0,BENIGN
59544,6,5,290,5,5,0,0,SSH-Bruteforce
2232,6,4,240,4,0,0,0,PortScan
80,6,20,1200,20,0,0,0,DoS-SYN-Flood
10716,6,8,464,8,8,0,0,SSH-Bruteforce
80,6,20,1200,20,0,0,0,DoS-SYN-Flood
80,17,20,1200,0,0,0,0,DoS-UDP
80,17,20,1200,0,0,0,0,DoS-UDP
0,1,20,1200,0,0,0,0,DoS-ICMP
22,6,20,1200,20,0,0,0,SSH-Bruteforce
36520,17,20,27980,0,0,0,0,BENIGN
0,1,20,840,0,0,0,0,DoS-ICMP
0,1,20,840,0,0,0,0,DoS-ICMP
80,6,20,1200,20,0,0,0,DoS-SYN-Flood
0,1,20,840,0,0,0,0,DoS-ICMP
46398,17,20,27131,0,0,0,0,BENIGN
0,1,20,1200,0,0,0,0,DoS-ICMP
80,6,20,1200,20,0,0,0,DoS-SYN-Flood
18267,6,2,120,2,0,0,0,PortScan
0,1,20,1200,0,0,0,0,DoS-ICMP
0,1,20,1200,0,0,0,0,DoS-ICMP
80,17,20,1200,0,0,0,0,DoS-UDP
80,6,20,1200,20,0,0,0,DoS-SYN-Flood
44299,6,2,120,2,0,0,0,PortScan
0,1,20,1200,0,0,0,0,DoS-ICMP
80,17,20,1200,0,0,0,0,DoS-UDP
4185,6,4,240,4,0,0,0,PortScan
80,17,20,1200,0,0,0,0,DoS-UDP
80,17,20,1200,0,0,0,0,DoS-UDP
36520,17,20,27980,0,0,0,0,BENIGN
80,6,20,1200,20,0,0,0,DoS-SYN-Flood
80,6,20,1480,20,0,0,0,DoS-HTTP
55370,6,2,120,2,0,0,0,PortScan
80,6,20,1480,20,0,0,0,DoS-HTTP
80,6,20,1200,20,0,0,0,DoS-SYN-Flood
0,1,20,840,0,0,0,0,DoS-ICMP
5353,17,11,1476,0,0,0,0,BENIGN
80,6,20,1200,20,0,0,0,DoS-SYN-Flood
80,17,20,1200,0,0,0,0,DoS-UDP
80,6,20,1480,20,0,0,0,DoS-HTTP
22,6,20,1200,10,0,10,0,SSH-Bruteforce
22,6,20,1200,1,0,19,0,SSH-Bruteforce
80,6,20,1200,20,0,0,0,DoS-SYN-Flood
4321,6,6,360,6,0,0,0,PortScan
61885,6,4,240,4,0,0,0,PortScan
80,17,20,1200,0,0,0,0,DoS-UDP
45424,6,20,29560,0,20,0,0,BENIGN
80,17,20,1200,0,0,0,0,DoS-UDP
19268,6,11,638,11,11,0,0,SSH-Bruteforce
0,1,20,840,0,0,0,0,DoS-ICMP
0,1,20,1200,0,0,0,0,DoS-ICMP
22,6,20,1200,0,0,20,0,SSH-Bruteforce
80,6,20,1480,20,0,0,0,DoS-HTTP
51145,6,2,120,2,0,0,0,PortScan
22,6,20,1200,20,0,0,0,SSH-Bruteforce
5901,6,4,240,4,0,0,0,PortScan
80,6,20,1480,20,0,0,0,DoS-HTTP
42667,6,4,240,4,0,0,0,PortScan
59416,6,4,240,4,0,0,0,PortScan
80,17,20,1200,0,0,0,0,DoS-UDP
80,6,20,1200,20,0,0,0,DoS-SYN-Flood
80,17,20,1200,0,0,0,0,DoS-UDP
13162,6,12,696,12,12,0,0,SSH-Bruteforce
22,6,20,1200,2,0,18,0,SSH-Bruteforce
0,1,20,1200,0,0,0,0,DoS-ICMP
12144,6,6,360,6,0,0,0,PortScan
0,1,20,840,0,0,0,0,DoS-ICMP
34598,6,2,120,2,0,0,0,PortScan
22,6,20,1200,0,0,20,0,SSH-Bruteforce
8397,6,7,406,7,7,0,0,SSH-Bruteforce
80,6,20,1200,20,0,0,0,DoS-SYN-Flood
0,1,20,840,0,0,0,0,DoS-ICMP
80,6,20,1200,20,0,0,0,DoS-SYN-Flood
80,17,20,1200,0,0,0,0,DoS-UDP
60011,6,4,240,4,0,0,0,PortScan
0,1,20,1200,0,0,0,0,DoS-ICMP
80,6,20,1480,20,0,0,0,DoS-HTTP
41775,6,4,240,4,0,0,0,PortScan
0,1,20,1200,0,0,0,0,DoS-ICMP
0,1,20,840,0,0,0,0,DoS-ICMP
80,6,20,1480,20,0,0,0,DoS-HTTP
29037,6,4,240,4,0,0,0,PortScan
22,6,20,1200,6,0,14,0,SSH-Bruteforce
80,6,20,1480,20,0,0,0,DoS-HTTP
80,17,20,1200,0,0,0,0,DoS-UDP
80,6,20,1480,20,0,0,0,DoS-HTTP
43239,6,5,290,5,5,0,0,SSH-Bruteforce
20247,6,2,120,2,0,0,0,PortScan
80,6,20,1480,20,0,0,0,DoS-HTTP
80,6,20,1480,20,0,0,0,DoS-HTTP
0,1,20,1200,0,0,0,0,DoS-ICMP
29248,6,11,638,11,11,0,0,SSH-Bruteforce
80,6,20,1480,20,0,0,0,DoS-HTTP
80,6,20,1200,20,0,0,0,DoS-SYN-Flood
80,17,20,1200,0,0,0,0,DoS-UDP
80,17,20,1200,0,0,0,0,DoS-UDP
22773,6,2,120,2,0,0,0,PortScan
0,1,20,1200,0,0,0,0,DoS-ICMP
80,17,20,1200,0,0,0,0,DoS-UDP
80,6,20,1200,20,0,0,0,DoS-SYN-Flood
80,17,20,1200,0,0,0,0,DoS-UDP
80,6,20,1200,20,0,0,0,DoS-SYN-Flood
30343,6,4,240,4,0,0,0,PortScan
6215,6,6,360,6,0,0,0,PortScan
80,6,20,1480,20,0,0,0,DoS-HTTP
80,6,20,1480,20,0,0,0,DoS-HTTP
0,1,20,1200,0,0,0,0,DoS-ICMP
22,6,20,1200,20,0,0,0,SSH-Bruteforce
44965,6,2,120,2,0,0,0,PortScan
22,6,20,1200,9,0,11,0,SSH-Bruteforce
80,6,20,1480,20,0,0,0,DoS-HTTP
17969,6,4,240,4,0,0,0,PortScan
80,17,20,1200,0,0,0,0,DoS-UDP
80,6,20,1480,20,0,0,0,DoS-HTTP
80,6,20,1480,20,0,0,0,DoS-HTTP
0,1,20,1200,0,0,0,0,DoS-ICMP
46398,17,20,27980,0,0,0,0,BENIGN
59348,6,6,348,6,6,0,0,SSH-Bruteforce
58036,6,8,464,8,8,0,0,SSH-Bruteforce
0,1,20,1200,0,0,0,0,DoS-ICMP
68,17,3,1026,0,0,0,0,DoS-HTTP
866,6,4,240,4,0,0,0,PortScan
64002,6,2,120,2,0,0,0,PortScan
80,17,20,1200,0,0,0,0,DoS-UDP
39902,17,20,27980,0,0,0,0,BENIGN
80,6,20,1480,20,0,0,0,DoS-HTTP
80,6,20,1200,20,0,0,0,DoS-SYN-Flood
13571,6,4,240,4,0,0,0,PortScan
80,17,20,1200,0,0,0,0,DoS-UDP
80,6,20,1480,20,0,0,0,DoS-HTTP
10593,6,4,240,4,0,0,0,PortScan
14372,6,7,406,7,7,0,0,SSH-Bruteforce
28579,6,4,240,4,0,0,0,PortScan
80,6,20,1480,20,0,0,0,DoS-HTTP
12800,6,9,522,9,9,0,0,SSH-Bruteforce
80,6,20,1480,20,0,0,0,DoS-HTTP
46163,6,2,120,2,0,0,0,PortScan
80,6,20,1480,20,0,0,0,DoS-HTTP
80,17,20,1200,0,0,0,0,DoS-UDP
0,1,20,1200,0,0,0,0,DoS-ICMP
62551,6,4,240,4,0,0,0,PortScan
80,6,20,1480,20,0,0,0,DoS-HTTP
80,6,20,1480,20,0,0,0,DoS-HTTP
80,6,20,1200,20,0,0,0,DoS-SYN-Flood
0,1,20,1200,0,0,0,0,DoS-ICMP
80,6,20,1480,20,0,0,0,DoS-HTTP
80,17,20,1200,0,0,0,0,DoS-UDP
80,17,20,1200,0,0,0,0,DoS-UDP
80,17,20,1200,0,0,0,0,DoS-UDP
80,6,20,1200,20,0,0,0,DoS-SYN-Flood
0,1,20,1200,0,0,0,0,DoS-ICMP
40752,6,4,240,4,0,0,0,PortScan
26145,6,2,120,2,0,0,0,PortScan
80,6,20,1200,20,0,0,0,DoS-SYN-Flood
80,6,20,1200,20,0,0,0,DoS-SYN-Flood
0,1,20,840,0,0,0,0,DoS-ICMP
80,17,20,1200,0,0,0,0,DoS-UDP
41289,6,2,120,2,0,0,0,PortScan
80,17,20,1200,0,0,0,0,DoS-UDP
80,17,20,1200,0,0,0,0,DoS-UDP
80,17,20,1200,0,0,0,0,DoS-UDP
0,1,20,840,0,0,0,0,DoS-ICMP
80,6,20,1200,20,0,0,0,DoS-SYN-Flood
4257,6,4,240,4,0,0,0,PortScan
0,1,20,840,0,0,0,0,DoS-ICMP
80,6,20,1200,20,0,0,0,DoS-SYN-Flood
80,6,20,1480,20,0,0,0,DoS-HTTP
0,1,20,1200,0,0,0,0,DoS-ICMP
80,6,20,1200,20,0,0,0,DoS-SYN-Flood
80,17,20,1200,0,0,0,0,DoS-UDP
36520,17,20,27980,0,0,0,0,BENIGN
80,17,20,1200,0,0,0,0,DoS-UDP
2155,6,6,360,6,0,0,0,PortScan
80,6,20,1480,20,0,0,0,DoS-HTTP
80,6,20,1480,20,0,0,0,DoS-HTTP
54829,17,20,27980,0,0,0,0,BENIGN
80,6,20,1480,20,0,0,0,DoS-HTTP
34691,6,9,522,9,9,0,0,SSH-Bruteforce
80,17,20,1200,0,0,0,0,DoS-UDP
80,17,20,1200,0,0,0,0,DoS-UDP
80,17,20,1200,0,0,0,0,DoS-UDP
21746,6,8,464,8,8,0,0,SSH-Bruteforce
80,6,20,1200,20,0,0,0,DoS-SYN-Flood
58480,6,5,290,5,5,0,0,SSH-Bruteforce
80,17,20,1200,0,0,0,0,DoS-UDP
80,17,20,1200,0,0,0,0,DoS-UDP
22,6,20,1200,0,0,20,0,SSH-Bruteforce
0,1,20,1200,0,0,0,0,DoS-ICMP
22616,6,2,120,2,0,0,0,PortScan
0,1,20,840,0,0,0,0,DoS-ICMP
0,1,20,1200,0,0,0,0,DoS-ICMP
15565,6,2,120,2,0,0,0,PortScan
80,17,20,1200,0,0,0,0,DoS-UDP
80,6,20,1480,20,0,0,0,DoS-HTTP
0,1,20,840,0,0,0,0,DoS-ICMP
60886,6,20,30280,0,20,0,0,BENIGN
46591,6,2,120,2,0,0,0,PortScan
80,17,20,1200,0,0,0,0,DoS-UDP
80,17,20,1200,0,0,0,0,DoS-UDP
80,6,20,1480,20,0,0,0,DoS-HTTP
80,6,20,1200,20,0,0,0,DoS-SYN-Flood
36520,17,20,27980,0,0,0,0,BENIGN
80,6,20,1480,20,0,0,0,DoS-HTTP
80,6,20,1200,20,0,0,0,DoS-SYN-Flood
0,1,20,1200,0,0,0,0,DoS-ICMP
36520,17,20,27980,0,0,0,0,BENIGN
80,6,20,1200,20,0,0,0,DoS-SYN-Flood
80,6,20,1480,20,0,0,0,DoS-HTTP
0,1,20,840,0,0,0,0,DoS-ICMP
58148,6,7,406,7,7,0,0,SSH-Bruteforce
0,1,20,1200,0,0,0,0,DoS-ICMP
80,17,20,1200,0,0,0,0,DoS-UDP
59804,6,20,19850,0,20,0,0,BENIGN
80,17,20,1200,0,0,0,0,DoS-UDP
0,1,20,840,0,0,0,0,DoS-ICMP
80,6,20,1200,20,0,0,0,DoS-SYN-Flood
48288,6,4,240,4,0,0,0,PortScan
22,6,20,1200,20,0,0,0,SSH-Bruteforce
0,1,20,840,0,0,0,0,DoS-ICMP
80,17,20,1200,0,0,0,0,DoS-UDP
33084,6,2,120,2,0,0,0,PortScan
34617,6,4,240,4,0,0,0,PortScan
57972,6,2,120,2,0,0,0,PortScan
80,17,20,1200,0,0,0,0,DoS-UDP
24306,6,2,120,2,0,0,0,PortScan
0,1,20,840,0,0,0,0,DoS-ICMP
6034,6,4,240,4,0,0,0,PortScan
0,1,20,1200,0,0,0,0,DoS-ICMP
80,17,20,1200,0,0,0,0,DoS-UDP
0,1,20,1200,0,0,0,0,DoS-ICMP
80,6,20,1200,20,0,0,0,DoS-SYN-Flood
0,1,20,1200,0,0,0,0,DoS-ICMP
53258,6,20,29260,0,20,0,0,BENIGN
5326,6,6,360,6,0,0,0,PortScan
80,17,20,1200,0,0,0,0,DoS-UDP
53090,6,2,120,2,0,0,0,PortScan
0,1,20,1200,0,0,0,0,DoS-ICMP
22,6,20,1200,20,0,0,0,SSH-Bruteforce
0,1,20,840,0,0,0,0,DoS-ICMP
0,1,20,840,0,0,0,0,DoS-ICMP
80,6,20,1200,20,0,0,0,DoS-SYN-Flood
0,1,20,1200,0,0,0,0,DoS-ICMP
80,6,20,1200,20,0,0,0,DoS-SYN-Flood
80,6,20,1480,20,0,0,0,DoS-HTTP
0,1,20,1200,0,0,0,0,DoS-ICMP
52987,6,9,522,9,9,0,0,SSH-Bruteforce
80,17,20,1200,0,0,0,0,DoS-UDP
0,1,20,1200,0,0,0,0,DoS-ICMP
80,6,20,1200,20,0,0,0,DoS-SYN-Flood
80,17,20,1200,0,0,0,0,DoS-UDP
0,1,20,1200,0,0,0,0,DoS-ICMP
22,6,20,1200,20,0,0,0,SSH-Bruteforce
20512,6,7,406,7,7,0,0,SSH-Bruteforce
13504,6,4,240,4,0,0,0,PortScan
80,6,20,1480,20,0,0,0,DoS-HTTP
57262,6,2,120,2,0,0,0,PortScan
80,6,20,1480,20,0,0,0,DoS-HTTP
0,1,20,840,0,0,0,0,DoS-ICMP
80,6,20,1480,20,0,0,0,DoS-HTTP
80,6,20,1480,20,0,0,0,DoS-HTTP
50947,6,2,120,2,0,0,0,PortScan
0,1,20,1200,0,0,0,0,DoS-ICMP
80,6,20,1480,20,0,0,0,DoS-HTTP
80,6,20,1200,20,0,0,0,DoS-SYN-Flood
80,6,20,1480,20,0,0,0,DoS-HTTP
80,17,20,1200,0,0,0,0,DoS-UDP
80,6,20,1200,20,0,0,0,DoS-SYN-Flood
80,6,20,1480,20,0,0,0,DoS-HTTP
23164,6,2,120,2,0,0,0,PortScan
80,6,20,1480,20,0,0,0,DoS-HTTP
39952,6,4,240,4,0,0,0,PortScan
22,6,20,1200,20,0,0,0,SSH-Bruteforce
80,17,20,1200,0,0,0,0,DoS-UDP
0,1,20,1200,0,0,0,0,DoS-ICMP
40243,6,2,120,2,0,0,0,PortScan
12695,6,7,406,7,7,0,0,SSH-Bruteforce
80,6,20,1480,20,0,0,0,DoS-HTTP
80,6,20,1200,20,0,0,0,DoS-SYN-Flood
80,6,20,1200,20,0,0,0,DoS-SYN-Flood
0,1,20,1200,0,0,0,0,DoS-ICMP
28354,6,2,120,2,0,0,0,PortScan
1753,6,4,240,4,0,0,0,PortScan
22,6,20,1200,20,0,0,0,SSH-Bruteforce
22,6,20,1200,2,0,18,0,SSH-Bruteforce
49429,6,8,464,8,8,0,0,SSH-Bruteforce
48910,6,6,348,6,6,0,0,SSH-Bruteforce
80,6,20,1200,20,0,0,0,DoS-SYN-Flood
37894,6,10,580,10,10,0,0,SSH-Bruteforce
80,6,20,1480,20,0,0,0,DoS-HTTP
0,1,20,840,0,0,0,0,DoS-ICMP
80,17,20,1200,0,0,0,0,DoS-UDP
80,6,20,1480,20,0,0,0,DoS-HTTP
5456,6,4,240,4,0,0,0,PortScan
80,6,20,1480,20,0,0,0,DoS-HTTP
13865,6,4,240,4,0,0,0,PortScan
60691,17,4,675,0,0,0,0,BENIGN
0,1,20,1200,0,0,0,0,DoS-ICMP
22,6,20,1200,5,0,15,0,SSH-Bruteforce
28628,6,8,464,8,8,0,0,SSH-Bruteforce
80,17,20,1200,0,0,0,0,DoS-UDP
80,6,20,1200,20,0,0,0,DoS-SYN-Flood
22,6,20,1200,20,0,0,0,SSH-Bruteforce
80,17,20,1200,0,0,0,0,DoS-UDP
80,6,20,1200,20,0,0,0,DoS-SYN-Flood
80,6,20,1200,20,0,0,0,DoS-SYN-Flood
80,6,20,1200,20,0,0,0,DoS-SYN-Flood
80,6,20,1200,20,0,0,0,DoS-SYN-Flood
80,17,20,1200,0,0,0,0,DoS-UDP
0,1,20,840,0,0,0,0,DoS-ICMP
80,6,20,1200,20,0,0,0,DoS-SYN-Flood
27116,6,4,240,4,0,0,0,PortScan
0,1,20,840,0,0,0,0,DoS-ICMP
80,6,20,1200,20,0,0,0,DoS-SYN-Flood
0,1,20,840,0,0,0,0,DoS-ICMP
42332,6,4,240,4,0,0,0,PortScan
80,17,20,1200,0,0,0,0,DoS-UDP
80,17,20,1200,0,0,0,0,DoS-UDP
37591,6,10,580,10,10,0,0,SSH-Bruteforce
24084,6,2,120,2,0,0,0,PortScan
80,17,20,1200,0,0,0,0,DoS-UDP
80,6,20,1200,20,0,0,0,DoS-SYN-Flood
0,1,20,1200,0,0,0,0,DoS-ICMP
80,6,20,1480,20,0,0,0,DoS-HTTP
80,6,20,1200,20,0,0,0,DoS-SYN-Flood
23089,6,2,120,2,0,0,0,PortScan
80,6,20,1480,20,0,0,0,DoS-HTTP
80,6,20,1200,20,0,0,0,DoS-SYN-Flood
22,6,20,1200,6,0,14,0,SSH-Bruteforce
80,6,20,1200,20,0,0,0,DoS-SYN-Flood
19260,6,11,638,11,11,0,0,SSH-Bruteforce
0,1,20,840,0,0,0,0,DoS-ICMP
0,1,20,840,0,0,0,0,DoS-ICMP
0,1,20,840,0,0,0,0,DoS-ICMP
0,1,20,840,0,0,0,0,DoS-ICMP
80,17,20,1200,0,0,0,0,DoS-UDP
80,17,20,1200,0,0,0,0,DoS-UDP
59342,6,4,232,4,4,0,0,SSH-Bruteforce
80,6,20,1200,20,0,0,0,DoS-SYN-Flood
0,1,20,1200,0,0,0,0,DoS-ICMP
0,1,20,1200,0,0,0,0,DoS-ICMP
38360,6,2,120,2,0,0,0,PortScan
80,17,20,1200,0,0,0,0,DoS-UDP
45424,6,20,18873,0,20,0,0,BENIGN
36520,17,20,27980,0,0,0,0,BENIGN
80,6,20,1200,20,0,0,0,DoS-SYN-Flood
80,6,20,1200,20,0,0,0,DoS-SYN-Flood
80,17,20,1200,0,0,0,0,DoS-UDP
0,1,20,840,0,0,0,0,DoS-ICMP
80,6,20,1480,20,0,0,0,DoS-HTTP
10621,6,4,240,4,0,0,0,PortScan
80,6,20,1200,20,0,0,0,DoS-SYN-Flood
39160,6,7,406,7,7,0,0,SSH-Bruteforce
39902,17,20,27980,0,0,0,0,BENIGN
80,17,20,1200,0,0,0,0,DoS-UDP
80,6,20,1480,20,0,0,0,DoS-HTTP
60456,6,8,464,8,8,0,0,SSH-Bruteforce
36939,6,2,120,2,0,0,0,PortScan
58215,6,6,348,6,6,0,0,SSH-Bruteforce
56358,6,2,120,2,0,0,0,PortScan
80,17,20,1200,0,0,0,0,DoS-UDP
80,6,20,1480,20,0,0,0,DoS-HTTP
80,6,20,1200,20,0,0,0,DoS-SYN-Flood
80,6,20,1200,20,0,0,0,DoS-SYN-Flood
0,1,20,1200,0,0,0,0,DoS-ICMP
27122,6,2,120,2,0,0,0,PortScan
80,6,20,1200,20,0,0,0,DoS-SYN-Flood
80,6,20,1200,20,0,0,0,DoS-SYN-Flood
31029,6,2,120,2,0,0,0,PortScan
35993,6,4,240,4,0,0,0,PortScan
80,6,20,1480,20,0,0,0,DoS-HTTP
0,1,20,840,0,0,0,0,DoS-ICMP
80,6,20,1480,20,0,0,0,DoS-HTTP
0,1,20,840,0,0,0,0,DoS-ICMP
20008,6,6,348,6,6,0,0,SSH-Bruteforce
2334,6,6,360,6,0,0,0,PortScan
80,17,20,1200,0,0,0,0,DoS-UDP
42634,6,2,120,2,0,0,0,PortScan
80,6,20,1200,20,0,0,0,DoS-SYN-Flood
0,1,20,840,0,0,0,0,DoS-ICMP
52089,17,17,12368,0,0,0,0,BENIGN
24846,6,4,240,4,0,0,0,PortScan
80,6,20,1200,20,0,0,0,DoS-SYN-Flood
23680,6,4,240,4,0,0,0,PortScan
80,17,20,1200,0,0,0,0,DoS-UDP
80,6,20,1200,20,0,0,0,DoS-SYN-Flood
26653,6,2,120,2,0,0,0,PortScan
80,17,20,1200,0,0,0,0,DoS-UDP
80,6,20,1200,20,0,0,0,DoS-SYN-Flood
53272,6,20,29320,0,20,0,0,BENIGN
80,6,20,1480,20,0,0,0,DoS-HTTP
80,6,20,1200,20,0,0,0,DoS-SYN-Flood
80,17,20,1200,0,0,0,0,DoS-UDP
0,1,20,1200,0,0,0,0,DoS-ICMP
0,1,20,1200,0,0,0,0,DoS-ICMP
36520,17,20,27980,0,0,0,0,BENIGN
0,1,20,1200,0,0,0,0,DoS-ICMP
3059,6,8,464,8,8,0,0,SSH-Bruteforce
80,6,20,1480,20,0,0,0,DoS-HTTP
80,6,20,1480,20,0,0,0,DoS-HTTP
50123,6,2,120,2,0,0,0,PortScan
59986,6,7,406,7,7,0,0,SSH-Bruteforce
22265,6,7,406,7,7,0,0,SSH-Bruteforce
80,17,20,1200,0,0,0,0,DoS-UDP
80,6,20,1200,20,0,0,0,DoS-SYN-Flood
80,6,20,1200,20,0,0,0,DoS-SYN-Flood
24704,6,7,406,7,7,0,0,SSH-Bruteforce
53272,6,20,29140,0,20,0,0,BENIGN
0,1,20,840,0,0,0,0,DoS-ICMP
26014,6,2,120,2,0,0,0,PortScan
4309,6,9,522,9,9,0,0,SSH-Bruteforce
0,1,20,1200,0,0,0,0,DoS-ICMP
80,17,20,1200,0,0,0,0,DoS-UDP
80,17,20,1200,0,0,0,0,DoS-UDP
80,6,20,1200,20,0,0,0,DoS-SYN-Flood
80,17,20,1200,0,0,0,0,DoS-UDP
18251,6,5,290,5,5,0,0,SSH-Bruteforce
80,6,20,1200,20,0,0,0,DoS-SYN-Flood
80,6,20,1200,20,0,0,0,DoS-SYN-Flood
80,6,20,1480,20,0,0,0,DoS-HTTP
80,17,20,1200,0,0,0,0,DoS-UDP
80,6,20,1200,20,0,0,0,DoS-SYN-Flood
80,6,20,1200,20,0,0,0,DoS-SYN-Flood
0,1,20,1200,0,0,0,0,DoS-ICMP
80,6,20,1200,20,0,0,0,DoS-SYN-Flood
80,6,20,1480,20,0,0,0,DoS-HTTP
80,6,20,1200,20,0,0,0,DoS-SYN-Flood
0,1,20,840,0,0,0,0,DoS-ICMP
0,1,20,1200,0,0,0,0,DoS-ICMP
80,6,20,1480,20,0,0,0,DoS-HTTP
80,6,20,1480,20,0,0,0,DoS-HTTP
36268,17,20,27980,0,0,0,0,BENIGN
80,17,20,1200,0,0,0,0,DoS-UDP
59885,6,2,120,2,0,0,0,PortScan
80,6,20,1480,20,0,0,0,DoS-HTTP
22,6,20,1200,0,0,20,0,SSH-Bruteforce
22,6,20,1200,20,0,0,0,SSH-Bruteforce
36520,17,20,27980,0,0,0,0,BENIGN
9088,6,6,348,6,6,0,0,SSH-Bruteforce
22,6,20,1200,20,0,0,0,SSH-Bruteforce
80,17,20,1200,0,0,0,0,DoS-UDP
80,6,20,1480,20,0,0,0,DoS-HTTP
0,1,20,1200,0,0,0,0,DoS-ICMP
10071,6,4,240,4,0,0,0,PortScan
80,6,20,1200,20,0,0,0,DoS-SYN-Flood
80,17,20,1200,0,0,0,0,DoS-UDP
80,6,20,1480,20,0,0,0,DoS-HTTP
23231,6,4,232,4,4,0,0,SSH-Bruteforce
0,1,20,1200,0,0,0,0,DoS-ICMP
80,6,20,1200,20,0,0,0,DoS-SYN-Flood
80,17,20,1200,0,0,0,0,DoS-UDP
80,6,20,1480,20,0,0,0,DoS-HTTP
15834,6,4,240,4,0,0,0,PortScan
60886,6,20,26280,0,20,0,0,BENIGN
443,6,20,1200,0,20,0,0,BENIGN
45012,6,4,240,4,0,0,0,PortScan
24535,6,9,522,9,9,0,0,SSH-Bruteforce
80,6,20,1480,20,0,0,0,DoS-HTTP
80,17,20,1200,0,0,0,0,DoS-UDP
80,6,20,1480,20,0,0,0,DoS-HTTP
0,1,20,1200,0,0,0,0,DoS-ICMP
80,6,20,1200,20,0,0,0,DoS-SYN-Flood
43635,6,2,120,2,0,0,0,PortScan
80,6,20,1200,20,0,0,0,DoS-SYN-Flood
0,1,20,840,0,0,0,0,DoS-ICMP
80,17,20,1200,0,0,0,0,DoS-UDP
22,6,20,1200,0,0,20,0,SSH-Bruteforce
80,6,20,1480,20,0,0,0,DoS-HTTP
0,1,20,1200,0,0,0,0,DoS-ICMP
80,6,20,1200,20,0,0,0,DoS-SYN-Flood
54829,17,20,27980,0,0,0,0,BENIGN
80,17,20,1200,0,0,0,0,DoS-UDP
80,6,20,1200,20,0,0,0,DoS-SYN-Flood
20378,6,4,240,4,0,0,0,PortScan
22,6,20,1200,0,0,20,0,SSH-Bruteforce
80,6,20,1480,20,0,0,0,DoS-HTTP
0,1,20,1200,0,0,0,0,DoS-ICMP
0,1,20,1200,0,0,0,0,DoS-ICMP
80,6,20,1200,20,0,0,0,DoS-SYN-Flood
80,6,20,1480,20,0,0,0,DoS-HTTP
80,6,20,1480,20,0,0,0,DoS-HTTP
45961,6,9,522,9,9,0,0,SSH-Bruteforce
43223,6,2,120,2,0,0,0,PortScan
80,6,20,1480,20,0,0,0,DoS-HTTP
80,6,20,1480,20,0,0,0,DoS-HTTP
80,6,20,1200,20,0,0,0,DoS-SYN-Flood
80,6,20,1200,20,0,0,0,DoS-SYN-Flood
80,17,20,1200,0,0,0,0,DoS-UDP
80,6,20,1200,20,0,0,0,DoS-SYN-Flood
60230,6,7,406,7,7,0,0,SSH-Bruteforce
80,17,20,1200,0,0,0,0,DoS-UDP
0,1,20,840,0,0,0,0,DoS-ICMP
22,6,20,1200,20,0,0,0,SSH-Bruteforce
33585,6,7,406,7,7,0,0,SSH-Bruteforce
21333,6,4,240,4,0,0,0,PortScan
740,6,6,348,6,6,0,0,SSH-Bruteforce
25510,6,6,348,6,6,0,0,SSH-Bruteforce
0,1,20,840,0,0,0,0,DoS-ICMP
22,6,20,1200,6,0,14,0,SSH-Bruteforce
80,6,20,1480,20,0,0,0,DoS-HTTP
80,17,20,1200,0,0,0,0,DoS-UDP
80,6,20,1480,20,0,0,0,DoS-HTTP
80,6,20,1480,20,0,0,0,DoS-HTTP
80,6,20,1480,20,0,0,0,DoS-HTTP
0,1,20,1200,0,0,0,0,DoS-ICMP
80,6,20,1200,20,0,0,0,DoS-SYN-Flood
52955,6,2,120,2,0,0,0,PortScan
0,1,20,840,0,0,0,0,DoS-ICMP
45759,6,9,522,9,9,0,0,SSH-Bruteforce
46398,17,20,27980,0,0,0,0,BENIGN
80,6,20,1200,20,0,0,0,DoS-SYN-Flood
80,6,20,1200,20,0,0,0,DoS-SYN-Flood
80,17,20,1200,0,0,0,0,DoS-UDP
22,6,20,1200,7,0,13,0,SSH-Bruteforce
80,17,20,1200,0,0,0,0,DoS-UDP
80,6,20,1480,20,0,0,0,DoS-HTTP
44163,6,7,406,7,7,0,0,SSH-Bruteforce
80,17,20,1200,0,0,0,0,DoS-UDP
1453,6,4,240,4,0,0,0,PortScan
36151,6,4,240,4,0,0,0,PortScan
39902,17,20,27482,0,0,0,0,BENIGN
80,17,20,1200,0,0,0,0,DoS-UDP
0,1,20,1200,0,0,0,0,DoS-ICMP
80,6,20,1480,20,0,0,0,DoS-HTTP
12353,6,4,240,4,0,0,0,PortScan
59035,6,4,240,4,0,0,0,PortScan
36520,17,20,27980,0,0,0,0,BENIGN
80,6,20,1200,20,0,0,0,DoS-SYN-Flood
80,17,20,1200,0,0,0,0,DoS-UDP
80,17,20,1200,0,0,0,0,DoS-UDP
80,17,20,1200,0,0,0,0,DoS-UDP
52837,6,2,120,2,0,0,0,PortScan
10299,6,4,240,4,0,0,0,PortScan
80,6,20,1200,20,0,0,0,DoS-SYN-Flood
37121,6,2,120,2,0,0,0,PortScan
0,1,20,1200,0,0,0,0,DoS-ICMP
62575,6,2,120,2,0,0,0,PortScan
80,6,20,1200,20,0,0,0,DoS-SYN-Flood
80,6,20,1200,20,0,0,0,DoS-SYN-Flood
0,1,20,1200,0,0,0,0,DoS-ICMP
80,6,20,1480,20,0,0,0,DoS-HTTP
0,1,20,1200,0,0,0,0,DoS-ICMP
80,6,20,1480,20,0,0,0,DoS-HTTP
0,1,20,840,0,0,0,0,DoS-ICMP
80,6,20,1200,20,0,0,0,DoS-SYN-Flood
0,1,20,840,0,0,0,0,DoS-ICMP
0,1,20,1200,0,0,0,0,DoS-ICMP
80,17,20,1200,0,0,0,0,DoS-UDP
22,6,20,1200,20,0,0,0,SSH-Bruteforce
32830,17,2,510,0,0,0,0,BENIGN
80,6,20,1200,20,0,0,0,DoS-SYN-Flood
80,6,20,1200,20,0,0,0,DoS-SYN-Flood
80,6,20,1200,20,0,0,0,DoS-SYN-Flood
80,17,20,1200,0,0,0,0,DoS-UDP
80,6,20,1480,20,0,0,0,DoS-HTTP
0,1,20,1200,0,0,0,0,DoS-ICMP
53308,6,20,28840,0,20,0,0,BENIGN
55198,6,4,240,4,0,0,0,PortScan
80,6,20,1200,20,0,0,0,DoS-SYN-Flood
80,6,20,1200,20,0,0,0,DoS-SYN-Flood
25094,6,2,120,2,0,0,0,PortScan
80,17,20,1200,0,0,0,0,DoS-UDP
0,1,20,840,0,0,0,0,DoS-ICMP
80,6,20,1480,20,0,0,0,DoS-HTTP
60886,6,20,27644,0,20,0,0,BENIGN
0,1,20,1200,0,0,0,0,DoS-ICMP
48472,6,2,120,2,0,0,0,PortScan
80,6,20,1480,20,0,0,0,DoS-HTTP
80,6,20,1480,20,0,0,0,DoS-HTTP
0,1,20,1200,0,0,0,0,DoS-ICMP
80,17,20,1200,0,0,0,0,DoS-UDP
62412,6,5,290,5,5,0,0,SSH-Bruteforce
80,6,20,1200,20,0,0,0,DoS-SYN-Flood
2821,6,7,406,7,7,0,0,SSH-Bruteforce
80,6,20,1200,20,0,0,0,DoS-SYN-Flood
80,6,20,1200,20,0,0,0,DoS-SYN-Flood
80,6,20,1480,20,0,0,0,DoS-HTTP
45911,6,2,120,2,0,0,0,PortScan
0,1,20,840,0,0,0,0,DoS-ICMP
48559,6,2,120,2,0,0,0,PortScan
63689,6,4,240,4,0,0,0,PortScan
16529,6,4,240,4,0,0,0,PortScan
80,6,20,1200,20,0,0,0,DoS-SYN-Flood
80,6,20,1200,20,0,0,0,DoS-SYN-Flood
34466,6,2,120,2,0,0,0,PortScan
80,6,20,1200,20,0,0,0,DoS-SYN-Flood
31026,6,5,290,5,5,0,0,SSH-Bruteforce
60753,6,5,290,5,5,0,0,SSH-Bruteforce
41289,6,9,522,9,9,0,0,SSH-Bruteforce
0,1,20,840,0,0,0,0,DoS-ICMP
0,1,20,1200,0,0,0,0,DoS-ICMP
0,1,20,840,0,0,0,0,DoS-ICMP
80,17,20,1200,0,0,0,0,DoS-UDP
45481,6,7,406,7,7,0,0,SSH-Bruteforce
0,1,20,1200,0,0,0,0,DoS-ICMP
80,6,20,1200,20,0,0,0,DoS-SYN-Flood
80,6,20,1200,20,0,0,0,DoS-SYN-Flood
80,6,20,1200,20,0,0,0,DoS-SYN-Flood
60163,6,4,232,4,4,0,0,SSH-Bruteforce
14564,6,4,240,4,0,0,0,PortScan
80,6,20,1200,20,0,0,0,DoS-SYN-Flood
47526,6,9,522,9,9,0,0,SSH-Bruteforce
80,6,20,1200,20,0,0,0,DoS-SYN-Flood
22,6,20,1200,0,0,20,0,SSH-Bruteforce
59562,6,8,464,8,8,0,0,SSH-Bruteforce
53258,6,20,30280,0,20,0,0,BENIGN
80,6,20,1200,20,0,0,0,DoS-SYN-Flood
80,6,20,1200,20,0,0,0,DoS-SYN-Flood
22,6,20,1200,20,0,0,0,SSH-Bruteforce
80,6,20,1480,20,0,0,0,DoS-HTTP
80,17,20,1200,0,0,0,0,DoS-UDP
16095,6,4,240,4,0,0,0,PortScan
80,6,20,1480,20,0,0,0,DoS-HTTP
0,1,20,840,0,0,0,0,DoS-ICMP
22,6,20,1200,0,0,20,0,SSH-Bruteforce
80,6,20,1200,20,0,0,0,DoS-SYN-Flood
47094,17,20,27980,0,0,0,0,BENIGN
80,6,20,1480,20,0,0,0,DoS-HTTP
0,1,20,1200,0,0,0,0,DoS-ICMP
36463,6,2,120,2,0,0,0,PortScan
80,6,20,1480,20,0,0,0,DoS-HTTP
0,1,20,1200,0,0,0,0,DoS-ICMP
80,6,20,1480,20,0,0,0,DoS-HTTP
54829,17,20,27980,0,0,0,0,BENIGN
0,1,20,840,0,0,0,0,DoS-ICMP
443,6,20,1200,0,20,0,0,BENIGN
80,6,20,1480,20,0,0,0,DoS-HTTP
3206,6,7,406,7,7,0,0,SSH-Bruteforce
57647,6,2,120,2,0,0,0,PortScan
80,17,20,1200,0,0,0,0,DoS-UDP
80,6,20,1200,20,0,0,0,DoS-SYN-Flood
80,6,20,1480,20,0,0,0,DoS-HTTP
37958,17,11,7408,0,0,0,0,BENIGN
39197,6,4,240,4,0,0,0,PortScan
80,6,20,1480,20,0,0,0,DoS-HTTP
80,6,20,1200,20,0,0,0,DoS-SYN-Flood
8472,6,7,406,7,7,0,0,SSH-Bruteforce
80,17,20,1200,0,0,0,0,DoS-UDP
80,6,20,1200,20,0,0,0,DoS-SYN-Flood
4690,6,4,240,4,0,0,0,PortScan
80,17,20,1200,0,0,0,0,DoS-UDP
63083,6,2,120,2,0,0,0,PortScan
62155,6,2,120,2,0,0,0,PortScan
17769,6,4,240,4,0,0,0,PortScan
80,6,20,1200,20,0,0,0,DoS-SYN-Flood
27271,6,6,348,6,6,0,0,SSH-Bruteforce
80,17,20,1200,0,0,0,0,DoS-UDP
14243,6,6,360,6,0,0,0,PortScan
22,6,20,1200,20,0,0,0,SSH-Bruteforce
80,17,20,1200,0,0,0,0,DoS-UDP
80,6,20,1480,20,0,0,0,DoS-HTTP
80,6,20,1480,20,0,0,0,DoS-HTTP
80,6,20,1200,20,0,0,0,DoS-SYN-Flood
80,6,20,1480,20,0,0,0,DoS-HTTP
80,6,20,1200,20,0,0,0,DoS-SYN-Flood
22,6,20,1200,20,0,0,0,SSH-Bruteforce
0,1,20,1200,0,0,0,0,DoS-ICMP
80,6,20,1480,20,0,0,0,DoS-HTTP
80,6,20,1200,20,0,0,0,DoS-SYN-Flood
80,17,20,1200,0,0,0,0,DoS-UDP
80,6,20,1480,20,0,0,0,DoS-HTTP
80,6,20,1200,20,0,0,0,DoS-SYN-Flood
0,1,20,1200,0,0,0,0,DoS-ICMP
80,17,20,1200,0,0,0,0,DoS-UDP
80,17,20,1200,0,0,0,0,DoS-UDP
7544,6,7,406,7,7,0,0,SSH-Bruteforce
80,17,20,1200,0,0,0,0,DoS-UDP
80,6,20,1480,20,0,0,0,DoS-HTTP
80,6,20,1480,20,0,0,0,DoS-HTTP
22,6,20,1200,20,0,0,0,SSH-Bruteforce
80,6,20,1200,20,0,0,0,DoS-SYN-Flood
63027,6,2,120,2,0,0,0,PortScan
80,17,20,1200,0,0,0,0,DoS-UDP
80,6,20,1200,20,0,0,0,DoS-SYN-Flood
80,17,20,1200,0,0,0,0,DoS-UDP
0,1,20,1200,0,0,0,0,DoS-ICMP
80,6,20,1200,20,0,0,0,DoS-SYN-Flood
80,6,20,1200,20,0,0,0,DoS-SYN-Flood
80,17,20,1200,0,0,0,0,DoS-UDP
80,6,20,1480,20,0,0,0,DoS-HTTP
33240,6,20,29020,0,20,0,0,BENIGN
29423,6,2,120,2,0,0,0,PortScan
80,6,20,1200,20,0,0,0,DoS-SYN-Flood
80,6,20,1200,20,0,0,0,DoS-SYN-Flood
80,6,20,1480,20,0,0,0,DoS-HTTP
35854,6,20,25716,0,20,0,0,BENIGN
80,17,20,1200,0,0,0,0,DoS-UDP
80,17,20,1200,0,0,0,0,DoS-UDP
22,6,20,1200,0,0,20,0,SSH-Bruteforce
0,1,20,840,0,0,0,0,DoS-ICMP
52759,6,14,812,14,14,0,0,SSH-Bruteforce
54746,6,20,29020,0,20,0,0,BENIGN
21863,6,2,120,2,0,0,0,PortScan
80,6,20,1480,20,0,0,0,DoS-HTTP
22,6,20,1200,20,0,0,0,SSH-Bruteforce
19262,6,2,120,2,0,0,0,PortScan
80,17,20,1200,0,0,0,0,DoS-UDP
0,1,20,840,0,0,0,0,DoS-ICMP
0,1,20,1200,0,0,0,0,DoS-ICMP
80,6,20,1480,20,0,0,0,DoS-HTTP
80,6,20,1200,20,0,0,0,DoS-SYN-Flood
0,1,20,1200,0,0,0,0,DoS-ICMP
80,6,20,1200,20,0,0,0,DoS-SYN-Flood
10833,6,4,240,4,0,0,0,PortScan
19758,6,6,348,6,6,0,0,SSH-Bruteforce
80,6,20,1480,20,0,0,0,DoS-HTTP
0,1,20,1200,0,0,0,0,DoS-ICMP
80,17,20,1200,0,0,0,0,DoS-UDP
19855,6,5,290,5,5,0,0,SSH-Bruteforce
49439,6,4,240,4,0,0,0,PortScan
22,6,20,1200,19,0,1,0,SSH-Bruteforce
36268,17,20,27980,0,0,0,0,BENIGN
80,6,20,1200,20,0,0,0,DoS-SYN-Flood
80,17,20,1200,0,0,0,0,DoS-UDP
36520,17,20,27980,0,0,0,0,BENIGN
55529,6,7,406,7,7,0,0,SSH-Bruteforce
0,1,20,840,0,0,0,0,DoS-ICMP
80,17,20,1200,0,0,0,0,DoS-UDP
0,1,20,1200,0,0,0,0,DoS-ICMP
29896,6,6,348,6,6,0,0,SSH-Bruteforce
80,17,20,1200,0,0,0,0,DoS-UDP
80,6,20,1480,20,0,0,0,DoS-HTTP
80,17,20,1200,0,0,0,0,DoS-UDP
80,17,20,1200,0,0,0,0,DoS-UDP
0,1,20,840,0,0,0,0,DoS-ICMP
36864,6,2,120,2,0,0,0,PortScan
80,17,20,1200,0,0,0,0,DoS-UDP
60273,6,5,290,5,5,0,0,SSH-Bruteforce
80,17,20,1200,0,0,0,0,DoS-UDP
80,6,20,1480,20,0,0,0,DoS-HTTP
80,6,20,1480,20,0,0,0,DoS-HTTP
32753,6,2,120,2,0,0,0,PortScan
80,6,20,1480,20,0,0,0,DoS-HTTP
0,1,20,840,0,0,0,0,DoS-ICMP
0,1,20,1200,0,0,0,0,DoS-ICMP
0,1,20,840,0,0,0,0,DoS-ICMP
0,1,20,840,0,0,0,0,DoS-ICMP
0,1,20,840,0,0,0,0,DoS-ICMP
80,6,20,1480,20,0,0,0,DoS-HTTP
14358,6,5,290,5,5,0,0,SSH-Bruteforce
1275,6,5,290,5,5,0,0,SSH-Bruteforce
80,6,20,1480,20,0,0,0,DoS-HTTP
0,1,20,1200,0,0,0,0,DoS-ICMP
80,17,20,1200,0,0,0,0,DoS-UDP
80,6,20,1480,20,0,0,0,DoS-HTTP
26303,6,8,464,8,8,0,0,SSH-Bruteforce
80,6,20,1480,20,0,0,0,DoS-HTTP
80,6,20,1200,20,0,0,0,DoS-SYN-Flood
22,6,20,1200,20,0,0,0,SSH-Bruteforce
80,6,20,1200,20,0,0,0,DoS-SYN-Flood
80,17,20,1200,0,0,0,0,DoS-UDP
59670,6,4,240,4,0,0,0,PortScan
80,6,20,1480,20,0,0,0,DoS-HTTP
80,17,20,1200,0,0,0,0,DoS-UDP
58844,6,2,120,2,0,0,0,PortScan
80,6,20,1200,20,0,0,0,DoS-SYN-Flood
80,6,20,1200,20,0,0,0,DoS-SYN-Flood
80,17,20,1200,0,0,0,0,DoS-UDP
2989,6,6,360,6,0,0,0,PortScan
36798,6,2,120,2,0,0,0,PortScan
80,6,20,1200,20,0,0,0,DoS-SYN-Flood
80,17,20,1200,0,0,0,0,DoS-UDP
54563,6,2,120,2,0,0,0,PortScan
0,1,20,840,0,0,0,0,DoS-ICMP
80,6,20,1480,20,0,0,0,DoS-HTTP
80,6,20,1200,20,0,0,0,DoS-SYN-Flood
80,17,20,1200,0,0,0,0,DoS-UDP
80,6,20,1200,20,0,0,0,DoS-SYN-Flood
0,1,20,840,0,0,0,0,DoS-ICMP
0,1,20,1200,0,0,0,0,DoS-ICMP
80,6,20,1200,20,0,0,0,DoS-SYN-Flood
0,1,20,1200,0,0,0,0,DoS-ICMP
48929,6,2,120,2,0,0,0,PortScan
22,6,20,1200,2,0,18,0,SSH-Bruteforce
16236,6,2,120,2,0,0,0,PortScan
80,17,20,1200,0,0,0,0,DoS-UDP
30398,6,2,120,2,0,0,0,PortScan
0,1,20,840,0,0,0,0,DoS-ICMP
1106,6,5,290,5,5,0,0,SSH-Bruteforce
80,17,20,1200,0,0,0,0,DoS-UDP
23403,6,4,240,4,0,0,0,PortScan
80,6,20,1200,20,0,0,0,DoS-SYN-Flood
80,6,20,1200,20,0,0,0,DoS-SYN-Flood
80,17,20,1200,0,0,0,0,DoS-UDP
35854,6,20,15433,0,20,0,0,BENIGN
80,6,20,1200,20,0,0,0,DoS-SYN-Flood
36520,17,20,27980,0,0,0,0,BENIGN
80,17,20,1200,0,0,0,0,DoS-UDP
80,17,20,1200,0,0,0,0,DoS-UDP
80,6,20,1480,20,0,0,0,DoS-HTTP
80,6,20,1480,20,0,0,0,DoS-HTTP
80,6,20,1480,20,0,0,0,DoS-HTTP
22,6,20,1200,3,0,17,0,SSH-Bruteforce
80,17,20,1200,0,0,0,0,DoS-UDP
29692,6,8,464,8,8,0,0,SSH-Bruteforce
45569,6,4,240,4,0,0,0,PortScan
0,1,20,1200,0,0,0,0,DoS-ICMP
80,6,20,1200,20,0,0,0,DoS-SYN-Flood
80,6,20,1480,20,0,0,0,DoS-HTTP
22,6,20,1200,0,0,20,0,SSH-Bruteforce
25342,6,2,120,2,0,0,0,PortScan
25638,6,2,120,2,0,0,0,PortScan
80,6,20,1200,20,0,0,0,DoS-SYN-Flood
33240,6,20,29080,0,20,0,0,BENIGN
80,17,20,1200,0,0,0,0,DoS-UDP
22,6,20,1200,15,0,5,0,SSH-Bruteforce
0,1,20,1200,0,0,0,0,DoS-ICMP
80,6,20,1200,20,0,0,0,DoS-SYN-Flood
47326,6,2,120,2,0,0,0,PortScan
80,6,20,1200,20,0,0,0,DoS-SYN-Flood
22,6,20,1200,20,0,0,0,SSH-Bruteforce
15866,6,7,406,7,7,0,0,SSH-Bruteforce
80,6,20,1200,20,0,0,0,DoS-SYN-Flood
80,17,20,1200,0,0,0,0,DoS-UDP
53568,6,2,108,0,2,0,1,BENIGN
80,17,20,1200,0,0,0,0,DoS-UDP
0,1,20,1200,0,0,0,0,DoS-ICMP
80,6,20,1200,20,0,0,0,DoS-SYN-Flood
80,6,20,1480,20,0,0,0,DoS-HTTP
80,17,20,1200,0,0,0,0,DoS-UDP
36268,17,20,27980,0,0,0,0,BENIGN
80,6,20,1480,20,0,0,0,DoS-HTTP
0,1,20,1200,0,0,0,0,DoS-ICMP
13393,6,15,870,15,15,0,0,SSH-Bruteforce
80,6,20,1480,20,0,0,0,DoS-HTTP
80,17,20,1200,0,0,0,0,DoS-UDP
60516,6,20,12898,1,20,0,0,BENIGN
80,17,20,1200,0,0,0,0,DoS-UDP
26540,6,4,240,4,0,0,0,PortScan
80,17,20,1200,0,0,0,0,DoS-UDP
24494,6,2,120,2,0,0,0,PortScan
24630,6,8,464,8,8,0,0,SSH-Bruteforce
54829,17,20,27980,0,0,0,0,BENIGN
80,6,20,1480,20,0,0,0,DoS-HTTP
80,17,20,1200,0,0,0,0,DoS-UDP
80,6,20,1200,20,0,0,0,DoS-SYN-Flood
59273,6,2,120,2,0,0,0,PortScan
80,6,20,1200,20,0,0,0,DoS-SYN-Flood
0,1,20,1200,0,0,0,0,DoS-ICMP
80,17,20,1200,0,0,0,0,DoS-UDP
22,6,20,1200,20,0,0,0,SSH-Bruteforce
61771,6,7,406,7,7,0,0,SSH-Bruteforce
80,6,20,1480,20,0,0,0,DoS-HTTP
22,6,20,1200,17,0,3,0,SSH-Bruteforce
80,6,20,1200,20,0,0,0,DoS-SYN-Flood
443,6,20,9270,0,20,0,0,BENIGN
50930,6,4,232,4,4,0,0,SSH-Bruteforce
2583,6,4,240,4,0,0,0,PortScan
80,6,20,1480,20,0,0,0,DoS-HTTP
50609,17,1,90,0,0,0,0,DoS-HTTP
0,1,20,1200,0,0,0,0,DoS-ICMP
80,6,20,1480,20,0,0,0,DoS-HTTP
80,6,20,1480,20,0,0,0,DoS-HTTP
80,6,20,1200,20,0,0,0,DoS-SYN-Flood
32001,6,6,348,6,6,0,0,SSH-Bruteforce
522,6,5,290,5,5,0,0,SSH-Bruteforce
80,17,20,1200,0,0,0,0,DoS-UDP
80,6,20,1480,20,0,0,0,DoS-HTTP
60687,6,5,290,5,5,0,0,SSH-Bruteforce
80,6,20,1200,20,0,0,0,DoS-SYN-Flood
80,17,20,1200,0,0,0,0,DoS-UDP
80,17,20,1200,0,0,0,0,DoS-UDP
80,6,20,1480,20,0,0,0,DoS-HTTP
41361,6,2,120,2,0,0,0,PortScan
40229,6,8,464,8,8,0,0,SSH-Bruteforce
80,6,20,1200,20,0,0,0,DoS-SYN-Flood
80,6,20,1480,20,0,0,0,DoS-HTTP
0,1,20,840,0,0,0,0,DoS-ICMP
80,6,20,1480,20,0,0,0,DoS-HTTP
1109,6,4,240,4,0,0,0,PortScan
80,6,20,1200,20,0,0,0,DoS-SYN-Flood
0,1,20,840,0,0,0,0,DoS-ICMP
80,6,20,1480,20,0,0,0,DoS-HTTP
24331,6,2,120,2,0,0,0,PortScan
12177,6,6,360,6,0,0,0,PortScan
0,1,20,1200,0,0,0,0,DoS-ICMP
51941,6,7,406,7,7,0,0,SSH-Bruteforce
36268,17,20,27980,0,0,0,0,BENIGN
29762,6,4,240,4,0,0,0,PortScan
80,6,20,1480,20,0,0,0,DoS-HTTP
0,1,20,840,0,0,0,0,DoS-ICMP
80,6,20,1480,20,0,0,0,DoS-HTTP
80,6,20,1200,20,0,0,0,DoS-SYN-Flood
80,17,20,1200,0,0,0,0,DoS-UDP
0,1,20,1200,0,0,0,0,DoS-ICMP
80,6,20,1480,20,0,0,0,DoS-HTTP
36520,17,20,27980,0,0,0,0,BENIGN
80,6,20,1480,20,0,0,0,DoS-HTTP
53162,6,2,120,2,0,0,0,PortScan
80,6,20,1480,20,0,0,0,DoS-HTTP
80,17,20,1200,0,0,0,0,DoS-UDP
80,6,20,1200,20,0,0,0,DoS-SYN-Flood
8844,6,6,360,6,0,0,0,PortScan
80,6,20,1200,20,0,0,0,DoS-SYN-Flood
44028,6,9,522,9,9,0,0,SSH-Bruteforce
33901,6,2,120,2,0,0,0,PortScan
14004,6,4,240,4,0,0,0,PortScan
35910,6,4,240,4,0,0,0,PortScan
38319,6,4,240,4,0,0,0,PortScan
80,17,20,1200,0,0,0,0,DoS-UDP
22,6,20,1200,20,0,0,0,SSH-Bruteforce
47981,6,2,120,2,0,0,0,PortScan
80,17,20,1200,0,0,0,0,DoS-UDP
80,6,20,1200,20,0,0,0,DoS-SYN-Flood
80,17,20,1200,0,0,0,0,DoS-UDP
80,6,20,1200,20,0,0,0,DoS-SYN-Flood
42894,6,2,120,2,0,0,0,PortScan
80,17,20,1200,0,0,0,0,DoS-UDP
80,6,20,1200,20,0,0,0,DoS-SYN-Flood
1955,6,6,360,6,0,0,0,PortScan
80,17,20,1200,0,0,0,0,DoS-UDP
80,6,20,1200,20,0,0,0,DoS-SYN-Flood
0,1,20,840,0,0,0,0,DoS-ICMP
80,6,20,1200,20,0,0,0,DoS-SYN-Flood
37938,6,4,240,4,0,0,0,PortScan
19772,6,5,290,5,5,0,0,SSH-Bruteforce
80,6,20,1200,20,0,0,0,DoS-SYN-Flood
80,6,20,1480,20,0,0,0,DoS-HTTP
80,17,20,1200,0,0,0,0,DoS-UDP
43992,17,20,27980,0,0,0,0,BENIGN
80,6,20,1480,20,0,0,0,DoS-HTTP
80,17,20,1200,0,0,0,0,DoS-UDP
54725,6,2,120,2,0,0,0,PortScan
0,1,20,840,0,0,0,0,DoS-ICMP
80,6,20,1200,20,0,0,0,DoS-SYN-Flood
4913,6,4,240,4,0,0,0,PortScan
0,1,20,1200,0,0,0,0,DoS-ICMP
80,6,20,1200,20,0,0,0,DoS-SYN-Flood
58214,6,2,120,2,0,0,0,PortScan
80,6,20,1480,20,0,0,0,DoS-HTTP
18830,6,4,240,4,0,0,0,PortScan
80,6,20,1480,20,0,0,0,DoS-HTTP
80,17,20,1200,0,0,0,0,DoS-UDP
80,17,20,1200,0,0,0,0,DoS-UDP
58213,6,2,120,2,0,0,0,PortScan
11712,6,4,240,4,0,0,0,PortScan
80,6,20,1480,20,0,0,0,DoS-HTTP
80,6,20,1480,20,0,0,0,DoS-HTTP
0,1,20,1200,0,0,0,0,DoS-ICMP
36520,17,20,27980,0,0,0,0,BENIGN
80,6,20,1200,20,0,0,0,DoS-SYN-Flood
80,17,20,1200,0,0,0,0,DoS-UDP
80,17,20,1200,0,0,0,0,DoS-UDP
80,17,20,1200,0,0,0,0,DoS-UDP
80,17,20,1200,0,0,0,0,DoS-UDP
80,6,20,1200,20,0,0,0,DoS-SYN-Flood
80,6,20,1200,20,0,0,0,DoS-SYN-Flood
62900,6,2,120,2,0,0,0,PortScan
44083,6,4,240,4,0,0,0,PortScan
46398,17,20,20948,0,0,0,0,BENIGN
80,6,20,1200,20,0,0,0,DoS-SYN-Flood
80,6,20,1200,20,0,0,0,DoS-SYN-Flood
80,17,20,1200,0,0,0,0,DoS-UDP
36520,17,20,27980,0,0,0,0,BENIGN
0,1,20,840,0,0,0,0,DoS-ICMP
22,6,20,1200,20,0,0,0,SSH-Bruteforce
0,1,20,1200,0,0,0,0,DoS-ICMP
80,6,20,1480,20,0,0,0,DoS-HTTP
80,6,20,1480,20,0,0,0,DoS-HTTP
80,6,20,1480,20,0,0,0,DoS-HTTP
80,17,20,1200,0,0,0,0,DoS-UDP
22,6,20,1200,0,0,20,0,SSH-Bruteforce
80,6,20,1480,20,0,0,0,DoS-HTTP
80,6,20,1200,20,0,0,0,DoS-SYN-Flood
80,6,20,1200,20,0,0,0,DoS-SYN-Flood
80,6,20,1480,20,0,0,0,DoS-HTTP
0,1,20,1200,0,0,0,0,DoS-ICMP
0,1,20,840,0,0,0,0,DoS-ICMP
80,17,20,1200,0,0,0,0,DoS-UDP
80,17,20,1200,0,0,0,0,DoS-UDP
10263,6,6,360,6,0,0,0,PortScan
80,6,20,1200,20,0,0,0,DoS-SYN-Flood
29609,6,2,120,2,0,0,0,PortScan
80,6,20,1480,20,0,0,0,DoS-HTTP
7699,6,7,406,7,7,0,0,SSH-Bruteforce
60038,6,4,240,4,0,0,0,PortScan
80,6,20,1200,20,0,0,0,DoS-SYN-Flood
80,17,20,1200,0,0,0,0,DoS-UDP
80,17,20,1200,0,0,0,0,DoS-UDP
62189,6,10,580,10,10,0,0,SSH-Bruteforce
33240,6,20,28720,0,20,0,0,BENIGN
80,17,20,1200,0,0,0,0,DoS-UDP
80,17,20,1200,0,0,0,0,DoS-UDP
0,1,20,840,0,0,0,0,DoS-ICMP
80,6,20,1200,20,0,0,0,DoS-SYN-Flood
41308,17,20,27980,0,0,0,0,BENIGN
29203,6,4,240,4,0,0,0,PortScan
80,17,20,1200,0,0,0,0,DoS-UDP
80,6,20,1480,20,0,0,0,DoS-HTTP
80,6,20,1200,20,0,0,0,DoS-SYN-Flood
80,17,20,1200,0,0,0,0,DoS-UDP
0,1,20,840,0,0,0,0,DoS-ICMP
83,6,9,522,9,9,0,0,SSH-Bruteforce
0,1,20,840,0,0,0,0,DoS-ICMP
0,1,20,1200,0,0,0,0,DoS-ICMP
80,17,20,1200,0,0,0,0,DoS-UDP
80,6,20,1480,20,0,0,0,DoS-HTTP
22,6,20,1200,17,0,3,0,SSH-Bruteforce
80,6,20,1200,20,0,0,0,DoS-SYN-Flood
0,1,20,1200,0,0,0,0,DoS-ICMP
80,6,20,1480,20,0,0,0,DoS-HTTP
4279,6,4,240,4,0,0,0,PortScan
39330,6,8,464,8,8,0,0,SSH-Bruteforce
52326,6,2,120,2,0,0,0,PortScan
10617,6,4,240,4,0,0,0,PortScan
80,6,20,1200,20,0,0,0,DoS-SYN-Flood
41308,17,20,27980,0,0,0,0,BENIGN
80,6,20,1200,20,0,0,0,DoS-SYN-Flood
17633,6,8,464,8,8,0,0,SSH-Bruteforce
80,17,20,1200,0,0,0,0,DoS-UDP
80,6,20,1480,20,0,0,0,DoS-HTTP
80,6,20,1200,20,0,0,0,DoS-SYN-Flood
80,6,20,1200,20,0,0,0,DoS-SYN-Flood
22,6,20,1200,3,0,17,0,SSH-Bruteforce
0,1,20,1200,0,0,0,0,DoS-ICMP
65195,6,4,232,4,4,0,0,SSH-Bruteforce
58290,6,4,240,4,0,0,0,PortScan
61338,6,6,348,6,6,0,0,SSH-Bruteforce
80,6,20,1200,20,0,0,0,DoS-SYN-Flood
80,17,20,1200,0,0,0,0,DoS-UDP
80,6,20,1480,20,0,0,0,DoS-HTTP
10290,6,4,240,4,0,0,0,PortScan
0,1,20,1200,0,0,0,0,DoS-ICMP
443,6,6,444,0,6,0,1,BENIGN
443,6,20,1386,0,20,0,0,BENIGN
80,17,20,1200,0,0,0,0,DoS-UDP
80,6,20,1480,20,0,0,0,DoS-HTTP
47395,6,4,240,4,0,0,0,PortScan
46790,6,10,580,10,10,0,0,SSH-Bruteforce
80,6,20,1480,20,0,0,0,DoS-HTTP
80,17,20,1200,0,0,0,0,DoS-UDP
43947,6,2,120,2,0,0,0,PortScan
47316,6,2,120,2,0,0,0,PortScan
0,1,20,840,0,0,0,0,DoS-ICMP
80,17,20,1200,0,0,0,0,DoS-UDP
80,17,20,1200,0,0,0,0,DoS-UDP
80,17,20,1200,0,0,0,0,DoS-UDP
45424,6,20,1816,0,20,0,0,BENIGN
0,1,20,840,0,0,0,0,DoS-ICMP
80,17,20,1200,0,0,0,0,DoS-UDP
45424,6,20,1454,0,20,0,0,BENIGN
0,1,20,1200,0,0,0,0,DoS-ICMP
80,17,20,1200,0,0,0,0,DoS-UDP
60596,6,2,120,2,0,0,0,PortScan
41308,17,20,27980,0,0,0,0,BENIGN
0,1,20,1200,0,0,0,0,DoS-ICMP
43072,6,7,406,7,7,0,0,SSH-Bruteforce
46398,17,20,27980,0,0,0,0,BENIGN
80,6,20,1200,20,0,0,0,DoS-SYN-Flood
80,17,20,1200,0,0,0,0,DoS-UDP
80,6,20,1480,20,0,0,0,DoS-HTTP
80,17,20,1200,0,0,0,0,DoS-UDP
38974,6,4,240,4,0,0,0,PortScan
80,17,20,1200,0,0,0,0,DoS-UDP
80,17,20,1200,0,0,0,0,DoS-UDP
80,6,20,1480,20,0,0,0,DoS-HTTP
22,6,20,1200,19,0,1,0,SSH-Bruteforce
36520,17,20,27980,0,0,0,0,BENIGN
0,1,20,1200,0,0,0,0,DoS-ICMP
80,6,20,1200,20,0,0,0,DoS-SYN-Flood
80,6,20,1200,20,0,0,0,DoS-SYN-Flood
80,17,20,1200,0,0,0,0,DoS-UDP
0,1,20,840,0,0,0,0,DoS-ICMP
80,6,20,1200,20,0,0,0,DoS-SYN-Flood
0,1,20,1200,0,0,0,0,DoS-ICMP
22,6,20,1200,20,0,0,0,SSH-Bruteforce
80,6,20,1480,20,0,0,0,DoS-HTTP
36520,17,20,27980,0,0,0,0,BENIGN
49020,6,2,120,2,0,0,0,PortScan
80,6,20,1480,20,0,0,0,DoS-HTTP
80,6,20,1200,20,0,0,0,DoS-SYN-Flood
22,6,20,1200,4,0,16,0,SSH-Bruteforce
80,6,20,1480,20,0,0,0,DoS-HTTP
80,6,20,1480,20,0,0,0,DoS-HTTP
0,1,20,840,0,0,0,0,DoS-ICMP
80,6,20,1480,20,0,0,0,DoS-HTTP
80,6,20,1480,20,0,0,0,DoS-HTTP
80,6,20,1200,20,0,0,0,DoS-SYN-Flood
0,1,20,1200,0,0,0,0,DoS-ICMP
80,6,20,1480,20,0,0,0,DoS-HTTP
4865,6,4,240,4,0,0,0,PortScan
80,6,20,1480,20,0,0,0,DoS-HTTP
22,6,20,1200,0,0,20,0,SSH-Bruteforce
36520,17,20,27980,0,0,0,0,BENIGN
80,6,20,1480,20,0,0,0,DoS-HTTP
80,6,20,1200,20,0,0,0,DoS-SYN-Flood
22,6,20,1200,20,0,0,0,SSH-Bruteforce
47094,17,20,27980,0,0,0,0,BENIGN
80,6,20,1200,20,0,0,0,DoS-SYN-Flood
80,6,20,1200,20,0,0,0,DoS-SYN-Flood
80,6,20,1480,20,0,0,0,DoS-HTTP
0,1,20,840,0,0,0,0,DoS-ICMP
80,17,20,1200,0,0,0,0,DoS-UDP
80,6,20,1480,20,0,0,0,DoS-HTTP
43992,17,20,27980,0,0,0,0,BENIGN
0,1,20,840,0,0,0,0,DoS-ICMP
80,6,20,1480,20,0,0,0,DoS-HTTP
9921,6,4,240,4,0,0,0,PortScan
0,1,20,1200,0,0,0,0,DoS-ICMP
80,6,20,1200,20,0,0,0,DoS-SYN-Flood
443,6,20,3274,0,20,0,0,BENIGN
80,6,20,1200,20,0,0,0,DoS-SYN-Flood
0,1,20,840,0,0,0,0,DoS-ICMP
0,1,20,840,0,0,0,0,DoS-ICMP
3254,6,4,240,4,0,0,0,PortScan
64875,6,2,120,2,0,0,0,PortScan
22,6,20,1200,20,0,0,0,SSH-Bruteforce
80,6,20,1480,20,0,0,0,DoS-HTTP
80,17,20,1200,0,0,0,0,DoS-UDP
59249,6,2,120,2,0,0,0,PortScan
22,6,20,1200,20,0,0,0,SSH-Bruteforce
22,6,20,1200,2,0,18,0,SSH-Bruteforce
80,6,20,1480,20,0,0,0,DoS-HTTP
18890,6,7,406,7,7,0,0,SSH-Bruteforce
0,1,20,1200,0,0,0,0,DoS-ICMP
0,1,20,1200,0,0,0,0,DoS-ICMP
80,6,20,1480,20,0,0,0,DoS-HTTP
8282,6,8,464,8,8,0,0,SSH-Bruteforce
22,6,20,1200,0,0,20,0,SSH-Bruteforce
0,1,20,1200,0,0,0,0,DoS-ICMP
20690,6,10,580,10,10,0,0,SSH-Bruteforce
0,1,20,1200,0,0,0,0,DoS-ICMP
80,17,20,1200,0,0,0,0,DoS-UDP
80,6,20,1480,20,0,0,0,DoS-HTTP
80,6,20,1200,20,0,0,0,DoS-SYN-Flood
36520,17,20,27980,0,0,0,0,BENIGN
0,1,20,1200,0,0,0,0,DoS-ICMP
20666,6,9,522,9,9,0,0,SSH-Bruteforce
43201,17,2,256,0,0,0,0,BENIGN
0,1,20,840,0,0,0,0,DoS-ICMP
25470,6,2,120,2,0,0,0,PortScan
80,17,20,1200,0,0,0,0,DoS-UDP
7306,6,4,240,4,0,0,0,PortScan
80,6,20,1200,20,0,0,0,DoS-SYN-Flood
22,6,20,1200,20,0,0,0,SSH-Bruteforce
80,6,20,1200,20,0,0,0,DoS-SYN-Flood
0,1,20,1200,0,0,0,0,DoS-ICMP
80,6,20,1200,20,0,0,0,DoS-SYN-Flood
14468,6,4,240,4,0,0,0,PortScan
80,6,20,1480,20,0,0,0,DoS-HTTP
80,6,20,1480,20,0,0,0,DoS-HTTP
0,1,20,840,0,0,0,0,DoS-ICMP
59488,6,8,464,8,8,0,0,SSH-Bruteforce
18841,6,2,120,2,0,0,0,PortScan
0,1,20,840,0,0,0,0,DoS-ICMP
19502,6,4,240,4,0,0,0,PortScan
42904,17,20,15966,0,0,0,0,BENIGN
80,6,20,1200,20,0,0,0,DoS-SYN-Flood
443,6,20,2459,0,20,0,0,BENIGN
80,6,20,1200,20,0,0,0,DoS-SYN-Flood
0,1,20,1200,0,0,0,0,DoS-ICMP
80,6,20,1200,20,0,0,0,DoS-SYN-Flood
80,6,20,1480,20,0,0,0,DoS-HTTP
80,6,20,1200,20,0,0,0,DoS-SYN-Flood
80,17,20,1200,0,0,0,0,DoS-UDP
1838,6,4,240,4,0,0,0,PortScan
80,6,20,1480,20,0,0,0,DoS-HTTP
80,17,20,1200,0,0,0,0,DoS-UDP
80,6,20,1200,20,0,0,0,DoS-SYN-Flood
36520,17,20,27980,0,0,0,0,BENIGN
80,6,20,1200,20,0,0,0,DoS-SYN-Flood
80,17,20,1200,0,0,0,0,DoS-UDP
48043,6,2,120,2,0,0,0,PortScan
0,1,20,1200,0,0,0,0,DoS-ICMP
54829,17,20,27980,0,0,0,0,BENIGN
80,17,20,1200,0,0,0,0,DoS-UDP
80,17,20,1200,0,0,0,0,DoS-UDP
11656,6,4,240,4,0,0,0,PortScan
32615,6,4,240,4,0,0,0,PortScan
0,1,20,840,0,0,0,0,DoS-ICMP
54475,6,3,174,3,3,0,0,SSH-Bruteforce
0,1,20,840,0,0,0,0,DoS-ICMP
80,17,20,1200,0,0,0,0,DoS-UDP
53578,6,2,120,2,0,0,0,PortScan
80,17,20,1200,0,0,0,0,DoS-UDP
52469,6,4,240,4,0,0,0,PortScan
80,6,20,1480,20,0,0,0,DoS-HTTP
1534,6,6,360,6,0,0,0,PortScan
0,1,20,1200,0,0,0,0,DoS-ICMP
38943,6,6,348,6,6,0,0,SSH-Bruteforce
80,17,20,1200,0,0,0,0,DoS-UDP
22,6,20,1200,0,0,20,0,SSH-Bruteforce
57028,6,2,120,2,0,0,0,PortScan
80,6,20,1200,20,0,0,0,DoS-SYN-Flood
80,6,20,1200,20,0,0,0,DoS-SYN-Flood
62670,6,2,120,2,0,0,0,PortScan
59224,6,2,120,2,0,0,0,PortScan
80,6,20,1480,20,0,0,0,DoS-HTTP
80,17,20,1200,0,0,0,0,DoS-UDP
20022,6,2,120,2,0,0,0,PortScan
80,6,20,1480,20,0,0,0,DoS-HTTP
22,6,20,1200,1,0,19,0,SSH-Bruteforce
80,17,20,1200,0,0,0,0,DoS-UDP
36520,17,20,27980,0,0,0,0,BENIGN
80,17,20,1200,0,0,0,0,DoS-UDP
80,6,20,1200,20,0,0,0,DoS-SYN-Flood
0,1,20,840,0,0,0,0,DoS-ICMP
36520,17,20,27980,0,0,0,0,BENIGN
42904,17,20,21562,0,0,0,0,BENIGN
6251,6,6,360,6,0,0,0,PortScan
33240,6,20,29522,0,20,0,0,BENIGN
58399,6,9,522,9,9,0,0,SSH-Bruteforce
35854,6,20,12884,0,20,0,0,BENIGN
15635,6,2,120,2,0,0,0,PortScan
0,1,20,1200,0,0,0,0,DoS-ICMP
80,17,20,1200,0,0,0,0,DoS-UDP
22,6,20,1200,0,0,20,0,SSH-Bruteforce
80,6,20,1200,20,0,0,0,DoS-SYN-Flood
20354,6,4,240,4,0,0,0,PortScan
80,6,20,1200,20,0,0,0,DoS-SYN-Flood
80,6,20,1200,20,0,0,0,DoS-SYN-Flood
36520,17,20,27980,0,0,0,0,BENIGN
0,1,20,1200,0,0,0,0,DoS-ICMP
80,6,20,1480,20,0,0,0,DoS-HTTP
0,1,20,840,0,0,0,0,DoS-ICMP
80,6,20,1200,20,0,0,0,DoS-SYN-Flood
41308,17,20,27980,0,0,0,0,BENIGN
51666,17,8,7072,0,0,0,0,BENIGN
80,6,20,1200,20,0,0,0,DoS-SYN-Flood
22,6,20,1200,0,0,20,0,SSH-Bruteforce
30917,6,6,348,6,6,0,0,SSH-Bruteforce
80,6,20,1200,20,0,0,0,DoS-SYN-Flood
80,17,20,1200,0,0,0,0,DoS-UDP
43992,17,20,27980,0,0,0,0,BENIGN
80,6,20,1480,20,0,0,0,DoS-HTTP
80,6,20,1200,20,0,0,0,DoS-SYN-Flood
80,6,20,1480,20,0,0,0,DoS-HTTP
35854,6,20,29020,0,20,0,0,BENIGN
0,1,20,840,0,0,0,0,DoS-ICMP
10456,6,8,464,8,8,0,0,SSH-Bruteforce
52162,6,6,348,6,6,0,0,SSH-Bruteforce
80,6,20,1200,20,0,0,0,DoS-SYN-Flood
80,6,20,1200,20,0,0,0,DoS-SYN-Flood
22,6,20,1200,0,0,20,0,SSH-Bruteforce
80,6,20,1200,20,0,0,0,DoS-SYN-Flood
0,1,20,1200,0,0,0,0,DoS-ICMP
0,1,20,1200,0,0,0,0,DoS-ICMP
80,6,20,1200,20,0,0,0,DoS-SYN-Flood
80,6,20,1200,20,0,0,0,DoS-SYN-Flood
80,6,20,1200,20,0,0,0,DoS-SYN-Flood
80,6,20,1480,20,0,0,0,DoS-HTTP
80,6,20,1480,20,0,0,0,DoS-HTTP
80,17,20,1200,0,0,0,0,DoS-UDP
80,6,20,1200,20,0,0,0,DoS-SYN-Flood
80,17,20,1200,0,0,0,0,DoS-UDP
80,17,20,1200,0,0,0,0,DoS-UDP
80,6,20,1200,20,0,0,0,DoS-SYN-Flood
80,6,20,1200,20,0,0,0,DoS-SYN-Flood
80,6,20,1200,20,0,0,0,DoS-SYN-Flood
80,6,20,1200,20,0,0,0,DoS-SYN-Flood
80,17,20,1200,0,0,0,0,DoS-UDP
51251,6,10,580,10,10,0,0,SSH-Bruteforce
80,17,20,1200,0,0,0,0,DoS-UDP
21776,6,2,120,2,0,0,0,PortScan
80,6,20,1200,20,0,0,0,DoS-SYN-Flood
36520,17,20,27980,0,0,0,0,BENIGN
0,1,20,1200,0,0,0,0,DoS-ICMP
0,1,20,1200,0,0,0,0,DoS-ICMP
36520,17,20,27980,0,0,0,0,BENIGN
80,17,20,1200,0,0,0,0,DoS-UDP
80,6,20,1200,20,0,0,0,DoS-SYN-Flood
40775,6,9,522,9,9,0,0,SSH-Bruteforce
49022,6,2,120,2,0,0,0,PortScan
80,17,20,1200,0,0,0,0,DoS-UDP
80,6,20,1480,20,0,0,0,DoS-HTTP
61612,6,5,290,5,5,0,0,SSH-Bruteforce
4566,6,4,240,4,0,0,0,PortScan
80,6,20,1480,20,0,0,0,DoS-HTTP
80,17,20,1200,0,0,0,0,DoS-UDP
80,17,20,1200,0,0,0,0,DoS-UDP
80,6,20,1200,20,0,0,0,DoS-SYN-Flood
80,17,20,1200,0,0,0,0,DoS-UDP
80,17,20,1200,0,0,0,0,DoS-UDP
80,6,20,1200,20,0,0,0,DoS-SYN-Flood
80,6,20,1200,20,0,0,0,DoS-SYN-Flood
0,1,20,840,0,0,0,0,DoS-ICMP
80,17,20,1200,0,0,0,0,DoS-UDP
80,6,20,1200,20,0,0,0,DoS-SYN-Flood
53272,6,20,29080,0,20,0,0,BENIGN
50971,6,10,580,10,10,0,0,SSH-Bruteforce
80,6,20,1200,20,0,0,0,DoS-SYN-Flood
80,6,20,1480,20,0,0,0,DoS-HTTP
22,6,20,1200,20,0,0,0,SSH-Bruteforce
80,17,20,1200,0,0,0,0,DoS-UDP
80,6,20,1200,20,0,0,0,DoS-SYN-Flood
13635,6,4,240,4,0,0,0,PortScan
63922,6,2,120,2,0,0,0,PortScan
80,6,20,1200,20,0,0,0,DoS-SYN-Flood
58783,6,7,406,7,7,0,0,SSH-Bruteforce
80,6,20,1200,20,0,0,0,DoS-SYN-Flood
17873,6,2,120,2,0,0,0,PortScan
56672,6,1,54,0,1,1,0,BENIGN
0,1,20,1200,0,0,0,0,DoS-ICMP
80,17,20,1200,0,0,0,0,DoS-UDP
0,1,20,840,0,0,0,0,DoS-ICMP
0,1,20,840,0,0,0,0,DoS-ICMP
80,17,20,1200,0,0,0,0,DoS-UDP
0,1,20,840,0,0,0,0,DoS-ICMP
80,17,20,1200,0,0,0,0,DoS-UDP
11881,6,6,348,6,6,0,0,SSH-Bruteforce
80,6,20,1200,20,0,0,0,DoS-SYN-Flood
22,6,20,1200,20,0,0,0,SSH-Bruteforce
80,17,20,1200,0,0,0,0,DoS-UDP
80,6,20,1200,20,0,0,0,DoS-SYN-Flood
9106,6,9,522,9,9,0,0,SSH-Bruteforce
23267,6,5,290,5,5,0,0,SSH-Bruteforce
0,1,20,840,0,0,0,0,DoS-ICMP
0,1,20,1200,0,0,0,0,DoS-ICMP
6037,6,8,464,8,8,0,0,SSH-Bruteforce
22,6,20,1200,4,0,16,0,SSH-Bruteforce
0,1,20,840,0,0,0,0,DoS-ICMP
57335,6,5,290,5,5,0,0,SSH-Bruteforce
80,6,20,1200,20,0,0,0,DoS-SYN-Flood
80,6,20,1480,20,0,0,0,DoS-HTTP
80,17,20,1200,0,0,0,0,DoS-UDP
80,6,20,1480,20,0,0,0,DoS-HTTP
80,6,20,1200,20,0,0,0,DoS-SYN-Flood
11839,6,5,290,5,5,0,0,SSH-Bruteforce
80,6,20,1480,20,0,0,0,DoS-HTTP
80,17,20,1200,0,0,0,0,DoS-UDP
80,6,20,1200,20,0,0,0,DoS-SYN-Flood
6774,6,6,348,6,6,0,0,SSH-Bruteforce
48982,6,6,348,6,6,0,0,SSH-Bruteforce
1692,6,7,406,7,7,0,0,SSH-Bruteforce
80,17,20,1200,0,0,0,0,DoS-UDP
80,6,20,1200,20,0,0,0,DoS-SYN-Flood
48191,6,9,522,9,9,0,0,SSH-Bruteforce
0,1,20,1200,0,0,0,0,DoS-ICMP
43678,17,20,27980,0,0,0,0,BENIGN
0,1,20,1200,0,0,0,0,DoS-ICMP
80,17,20,1200,0,0,0,0,DoS-UDP
80,6,20,1200,20,0,0,0,DoS-SYN-Flood
80,17,20,1200,0,0,0,0,DoS-UDP
57894,6,2,120,2,0,0,0,PortScan
80,17,20,1200,0,0,0,0,DoS-UDP
80,6,20,1200,20,0,0,0,DoS-SYN-Flood
64681,6,2,120,2,0,0,0,PortScan
80,6,20,1480,20,0,0,0,DoS-HTTP
0,1,20,840,0,0,0,0,DoS-ICMP
36520,17,20,27980,0,0,0,0,BENIGN
22,6,20,1200,20,0,0,0,SSH-Bruteforce
80,6,20,1200,20,0,0,0,DoS-SYN-Flood
80,6,20,1480,20,0,0,0,DoS-HTTP
80,6,20,1200,20,0,0,0,DoS-SYN-Flood
80,6,20,1480,20,0,0,0,DoS-HTTP
25473,6,4,240,4,0,0,0,PortScan
22,6,20,1200,14,0,6,0,SSH-Bruteforce
60886,6,20,29200,0,20,0,0,BENIGN
33240,6,20,29800,0,20,0,0,BENIGN
39274,6,7,406,7,7,0,0,SSH-Bruteforce
17786,6,2,120,2,0,0,0,PortScan
22,6,20,1200,20,0,0,0,SSH-Bruteforce
10054,6,6,360,6,0,0,0,PortScan
80,6,20,1200,20,0,0,0,DoS-SYN-Flood
80,6,20,1200,20,0,0,0,DoS-SYN-Flood
10136,6,7,406,7,7,0,0,SSH-Bruteforce
80,6,20,1480,20,0,0,0,DoS-HTTP
37727,6,2,120,2,0,0,0,PortScan
39902,17,20,27980,0,0,0,0,BENIGN
58579,6,4,240,4,0,0,0,PortScan
14833,6,6,348,6,6,0,0,SSH-Bruteforce
0,1,20,840,0,0,0,0,DoS-ICMP
25497,6,9,522,9,9,0,0,SSH-Bruteforce
80,6,20,1200,20,0,0,0,DoS-SYN-Flood
0,1,20,1200,0,0,0,0,DoS-ICMP
42440,17,20,27980,0,0,0,0,BENIGN
80,6,20,1200,20,0,0,0,DoS-SYN-Flood
80,17,20,1200,0,0,0,0,DoS-UDP
22,6,20,1200,0,0,20,0,SSH-Bruteforce
80,6,20,1200,20,0,0,0,DoS-SYN-Flood
80,17,20,1200,0,0,0,0,DoS-UDP
49784,6,6,348,6,6,0,0,SSH-Bruteforce
80,6,20,1200,20,0,0,0,DoS-SYN-Flood
0,1,20,840,0,0,0,0,DoS-ICMP
80,6,20,1480,20,0,0,0,DoS-HTTP
47389,6,4,240,4,0,0,0,PortScan
22,6,20,1200,20,0,0,0,SSH-Bruteforce
80,17,20,1200,0,0,0,0,DoS-UDP
80,17,20,1200,0,0,0,0,DoS-UDP
22,6,20,1200,14,0,6,0,SSH-Bruteforce
0,1,20,1200,0,0,0,0,DoS-ICMP
45180,6,2,120,2,0,0,0,PortScan
13596,6,11,638,11,11,0,0,SSH-Bruteforce
0,1,20,840,0,0,0,0,DoS-ICMP
80,6,20,1480,20,0,0,0,DoS-HTTP
35406,6,4,240,4,0,0,0,PortScan
21329,6,4,240,4,0,0,0,PortScan
80,17,20,1200,0,0,0,0,DoS-UDP
80,6,20,1480,20,0,0,0,DoS-HTTP
80,6,20,1480,20,0,0,0,DoS-HTTP
0,1,20,840,0,0,0,0,DoS-ICMP
80,6,20,1480,20,0,0,0,DoS-HTTP
0,1,20,1200,0,0,0,0,DoS-ICMP
53258,6,20,28977,0,20,0,0,BENIGN
80,6,20,1200,20,0,0,0,DoS-SYN-Flood
18855,6,2,120,2,0,0,0,PortScan
36520,17,20,27980,0,0,0,0,BENIGN
11023,6,6,360,6,0,0,0,PortScan
80,17,20,1200,0,0,0,0,DoS-UDP
27176,6,6,348,6,6,0,0,SSH-Bruteforce
60292,6,4,240,4,0,0,0,PortScan
58306,6,4,232,4,4,0,0,SSH-Bruteforce
80,6,20,1200,20,0,0,0,DoS-SYN-Flood
80,17,20,1200,0,0,0,0,DoS-UDP
80,17,20,1200,0,0,0,0,DoS-UDP
53272,6,20,28900,0,20,0,0,BENIGN
0,1,20,840,0,0,0,0,DoS-ICMP
80,6,20,1200,20,0,0,0,DoS-SYN-Flood
0,1,20,840,0,0,0,0,DoS-ICMP
19411,6,7,406,7,7,0,0,SSH-Bruteforce
80,17,20,1200,0,0,0,0,DoS-UDP
34407,6,4,240,4,0,0,0,PortScan
80,6,20,1200,20,0,0,0,DoS-SYN-Flood
80,6,20,1480,20,0,0,0,DoS-HTTP
33240,6,20,29440,0,20,0,0,BENIGN
80,6,20,1480,20,0,0,0,DoS-HTTP
0,1,20,840,0,0,0,0,DoS-ICMP
80,17,20,1200,0,0,0,0,DoS-UDP
62695,6,4,240,4,0,0,0,PortScan
23674,6,4,240,4,0,0,0,PortScan
80,6,20,1480,20,0,0,0,DoS-HTTP
80,6,20,1480,20,0,0,0,DoS-HTTP
80,6,20,1200,20,0,0,0,DoS-SYN-Flood
80,6,20,1480,20,0,0,0,DoS-HTTP
0,1,20,840,0,0,0,0,DoS-ICMP
80,17,20,1200,0,0,0,0,DoS-UDP
0,1,20,840,0,0,0,0,DoS-ICMP
80,6,20,1480,20,0,0,0,DoS-HTTP
19215,6,10,580,10,10,0,0,SSH-Bruteforce
80,6,20,1200,20,0,0,0,DoS-SYN-Flood
80,6,20,1200,20,0,0,0,DoS-SYN-Flood
22385,6,10,580,10,10,0,0,SSH-Bruteforce
80,6,20,1480,20,0,0,0,DoS-HTTP
0,1,20,1200,0,0,0,0,DoS-ICMP
0,1,20,840,0,0,0,0,DoS-ICMP
46111,6,7,406,7,7,0,0,SSH-Bruteforce
80,17,20,1200,0,0,0,0,DoS-UDP
80,6,20,1200,20,0,0,0,DoS-SYN-Flood
11809,6,9,522,9,9,0,0,SSH-Bruteforce
80,6,20,1480,20,0,0,0,DoS-HTTP
80,6,20,1480,20,0,0,0,DoS-HTTP
80,6,20,1200,20,0,0,0,DoS-SYN-Flood
14000,6,6,360,6,0,0,0,PortScan
80,6,20,1200,20,0,0,0,DoS-SYN-Flood
0,1,20,1200,0,0,0,0,DoS-ICMP
57866,6,2,120,2,0,0,0,PortScan
0,1,20,1200,0,0,0,0,DoS-ICMP
37372,6,4,240,4,0,0,0,PortScan
80,6,20,1200,20,0,0,0,DoS-SYN-Flood
51949,17,2,194,0,0,0,0,BENIGN
80,17,20,1200,0,0,0,0,DoS-UDP
59789,6,6,348,6,6,0,0,SSH-Bruteforce
80,17,20,1200,0,0,0,0,DoS-UDP
22,6,20,1200,0,0,20,0,SSH-Bruteforce
80,6,20,1200,20,0,0,0,DoS-SYN-Flood
80,6,20,1480,20,0,0,0,DoS-HTTP
10073,6,6,360,6,0,0,0,PortScan
80,6,20,1480,20,0,0,0,DoS-HTTP
0,1,20,840,0,0,0,0,DoS-ICMP
0,1,20,840,0,0,0,0,DoS-ICMP
80,17,20,1200,0,0,0,0,DoS-UDP
80,6,20,1480,20,0,0,0,DoS-HTTP
32111,6,9,522,9,9,0,0,SSH-Bruteforce
80,6,20,1200,20,0,0,0,DoS-SYN-Flood
55551,17,10,9510,0,0,0,0,BENIGN
443,6,20,2464,1,19,0,0,BENIGN
41617,6,13,754,13,13,0,0,SSH-Bruteforce
80,6,20,1480,20,0,0,0,DoS-HTTP
6880,6,6,360,6,0,0,0,PortScan
80,6,20,1480,20,0,0,0,DoS-HTTP
53308,6,20,28960,0,20,0,0,BENIGN
47642,6,10,580,10,10,0,0,SSH-Bruteforce
80,17,20,1200,0,0,0,0,DoS-UDP
80,6,20,1480,20,0,0,0,DoS-HTTP
53308,6,20,29740,0,20,0,0,BENIGN
80,6,20,1480,20,0,0,0,DoS-HTTP
53272,6,20,29500,0,20,0,0,BENIGN
0,1,20,840,0,0,0,0,DoS-ICMP
43578,6,2,120,2,0,0,0,PortScan
80,6,20,1200,20,0,0,0,DoS-SYN-Flood
22,6,20,1200,20,0,0,0,SSH-Bruteforce
80,6,20,1480,20,0,0,0,DoS-HTTP
80,6,20,1480,20,0,0,0,DoS-HTTP
80,6,20,1200,20,0,0,0,DoS-SYN-Flood
80,17,20,1200,0,0,0,0,DoS-UDP
39837,6,9,522,9,9,0,0,SSH-Bruteforce
31446,6,6,348,6,6,0,0,SSH-Bruteforce
80,6,20,1200,20,0,0,0,DoS-SYN-Flood
80,17,20,1200,0,0,0,0,DoS-UDP
80,6,20,1480,20,0,0,0,DoS-HTTP
80,6,20,1480,20,0,0,0,DoS-HTTP
36520,17,20,27980,0,0,0,0,BENIGN
80,6,20,1200,20,0,0,0,DoS-SYN-Flood
80,6,20,1480,20,0,0,0,DoS-HTTP
80,6,20,1200,20,0,0,0,DoS-SYN-Flood
80,6,20,1200,20,0,0,0,DoS-SYN-Flood
0,1,20,1200,0,0,0,0,DoS-ICMP
34020,6,2,120,2,0,0,0,PortScan
80,6,20,1480,20,0,0,0,DoS-HTTP
80,6,20,1480,20,0,0,0,DoS-HTTP
80,17,20,1200,0,0,0,0,DoS-UDP
80,17,20,1200,0,0,0,0,DoS-UDP
0,1,20,1200,0,0,0,0,DoS-ICMP
0,1,20,1200,0,0,0,0,DoS-ICMP
58416,6,9,522,9,9,0,0,SSH-Bruteforce
80,6,20,1200,20,0,0,0,DoS-SYN-Flood
80,17,20,1200,0,0,0,0,DoS-UDP
22,6,20,1200,0,0,20,0,SSH-Bruteforce
80,17,20,1200,0,0,0,0,DoS-UDP
0,1,20,840,0,0,0,0,DoS-ICMP
22,6,20,1200,2,0,18,0,SSH-Bruteforce
80,6,20,1200,20,0,0,0,DoS-SYN-Flood
0,1,20,1200,0,0,0,0,DoS-ICMP
39509,6,7,406,7,7,0,0,SSH-Bruteforce
80,17,20,1200,0,0,0,0,DoS-UDP
80,6,20,1200,20,0,0,0,DoS-SYN-Flood
0,1,20,840,0,0,0,0,DoS-ICMP
22,6,20,1200,1,0,19,0,SSH-Bruteforce
22836,6,2,120,2,0,0,0,PortScan
22,6,20,1200,20,0,0,0,SSH-Bruteforce
27363,6,4,240,4,0,0,0,PortScan
55844,6,8,464,8,8,0,0,SSH-Bruteforce
80,6,20,1480,20,0,0,0,DoS-HTTP
64597,6,2,120,2,0,0,0,PortScan
0,1,20,1200,0,0,0,0,DoS-ICMP
22,6,20,1200,0,0,20,0,SSH-Bruteforce
80,17,20,1200,0,0,0,0,DoS-UDP
80,17,20,1200,0,0,0,0,DoS-UDP
80,6,20,1200,20,0,0,0,DoS-SYN-Flood
0,1,20,840,0,0,0,0,DoS-ICMP
0,1,20,1200,0,0,0,0,DoS-ICMP
22,6,20,1200,0,0,20,0,SSH-Bruteforce
19739,6,4,240,4,0,0,0,PortScan
80,17,20,1200,0,0,0,0,DoS-UDP
80,6,20,1200,20,0,0,0,DoS-SYN-Flood
0,1,20,1200,0,0,0,0,DoS-ICMP
80,6,20,1480,20,0,0,0,DoS-HTTP
80,6,20,1480,20,0,0,0,DoS-HTTP
80,6,20,1200,20,0,0,0,DoS-SYN-Flood
48947,6,6,348,6,6,0,0,SSH-Bruteforce
0,1,20,1200,0,0,0,0,DoS-ICMP
17535,6,6,348,6,6,0,0,SSH-Bruteforce
0,1,20,840,0,0,0,0,DoS-ICMP
80,17,20,1200,0,0,0,0,DoS-UDP
0,1,20,1200,0,0,0,0,DoS-ICMP
0,1,20,1200,0,0,0,0,DoS-ICMP
80,17,20,1200,0,0,0,0,DoS-UDP
26793,6,4,240,4,0,0,0,PortScan
80,6,20,1480,20,0,0,0,DoS-HTTP
80,17,20,1200,0,0,0,0,DoS-UDP
80,6,20,1200,20,0,0,0,DoS-SYN-Flood
80,6,20,1480,20,0,0,0,DoS-HTTP
39790,6,2,120,2,0,0,0,PortScan
80,6,20,1480,20,0,0,0,DoS-HTTP
80,6,20,1200,20,0,0,0,DoS-SYN-Flood
80,17,20,1200,0,0,0,0,DoS-UDP
57483,6,2,120,2,0,0,0,PortScan
80,6,20,1480,20,0,0,0,DoS-HTTP
22790,6,7,406,7,7,0,0,SSH-Bruteforce
0,1,20,1200,0,0,0,0,DoS-ICMP
33240,6,20,29380,0,20,0,0,BENIGN
22,6,20,1200,0,0,20,0,SSH-Bruteforce
80,17,20,1200,0,0,0,0,DoS-UDP
443,6,20,2394,1,19,0,0,BENIGN
31432,6,7,406,7,7,0,0,SSH-Bruteforce
21259,6,4,240,4,0,0,0,PortScan
61908,6,2,120,2,0,0,0,PortScan
80,6,20,1480,20,0,0,0,DoS-HTTP
0,1,20,1200,0,0,0,0,DoS-ICMP
16550,6,5,290,5,5,0,0,SSH-Bruteforce
0,1,20,1200,0,0,0,0,DoS-ICMP
38984,6,4,232,4,4,0,0,SSH-Bruteforce
80,17,20,1200,0,0,0,0,DoS-UDP
22,6,20,1200,20,0,0,0,SSH-Bruteforce
22,6,20,1200,20,0,0,0,SSH-Bruteforce
6280,6,9,522,9,9,0,0,SSH-Bruteforce
80,6,20,1480,20,0,0,0,DoS-HTTP
80,17,20,1200,0,0,0,0,DoS-UDP
80,6,20,1200,20,0,0,0,DoS-SYN-Flood
80,6,20,1480,20,0,0,0,DoS-HTTP
80,17,20,1200,0,0,0,0,DoS-UDP
61302,6,7,406,7,7,0,0,SSH-Bruteforce
80,17,20,1200,0,0,0,0,DoS-UDP
51412,6,5,290,5,5,0,0,SSH-Bruteforce
33956,6,4,240,4,0,0,0,PortScan
80,6,20,1200,20,0,0,0,DoS-SYN-Flood
80,6,20,1200,20,0,0,0,DoS-SYN-Flood
0,1,20,1200,0,0,0,0,DoS-ICMP
80,17,20,1200,0,0,0,0,DoS-UDP
42904,17,20,27585,0,0,0,0,BENIGN
55988,6,2,120,2,0,0,0,PortScan
0,1,20,840,0,0,0,0,DoS-ICMP
58657,6,4,240,4,0,0,0,PortScan
22,6,20,1200,16,0,4,0,SSH-Bruteforce
41308,17,20,27980,0,0,0,0,BENIGN
0,1,20,840,0,0,0,0,DoS-ICMP
80,6,20,1200,20,0,0,0,DoS-SYN-Flood
52036,6,7,406,7,7,0,0,SSH-Bruteforce
55957,6,9,522,9,9,0,0,SSH-Bruteforce
36520,17,20,27980,0,0,0,0,BENIGN
9856,6,4,240,4,0,0,0,PortScan
22,6,20,1200,0,0,20,0,SSH-Bruteforce
22,6,20,1200,1,0,19,0,SSH-Bruteforce
80,6,20,1200,20,0,0,0,DoS-SYN-Flood
0,1,20,1200,0,0,0,0,DoS-ICMP
80,17,20,1200,0,0,0,0,DoS-UDP
80,17,20,1200,0,0,0,0,DoS-UDP
80,6,20,1480,20,0,0,0,DoS-HTTP
80,17,20,1200,0,0,0,0,DoS-UDP
80,6,20,1200,20,0,0,0,DoS-SYN-Flood
80,17,20,1200,0,0,0,0,DoS-UDP
80,17,20,1200,0,0,0,0,DoS-UDP
22,6,20,1200,0,0,20,0,SSH-Bruteforce
80,17,20,1200,0,0,0,0,DoS-UDP
20345,6,2,120,2,0,0,0,PortScan
80,17,20,1200,0,0,0,0,DoS-UDP
80,17,20,1200,0,0,0,0,DoS-UDP
80,17,20,1200,0,0,0,0,DoS-UDP
80,17,20,1200,0,0,0,0,DoS-UDP
0,1,20,840,0,0,0,0,DoS-ICMP
80,6,20,1200,20,0,0,0,DoS-SYN-Flood
80,6,20,1480,20,0,0,0,DoS-HTTP
80,17,20,1200,0,0,0,0,DoS-UDP
52749,6,10,580,10,10,0,0,SSH-Bruteforce
0,1,20,1200,0,0,0,0,DoS-ICMP
0,1,20,1200,0,0,0,0,DoS-ICMP
25998,6,2,120,2,0,0,0,PortScan
0,1,20,1200,0,0,0,0,DoS-ICMP
80,6,20,1200,20,0,0,0,DoS-SYN-Flood
80,6,20,1200,20,0,0,0,DoS-SYN-Flood
80,6,20,1480,20,0,0,0,DoS-HTTP
80,6,20,1200,20,0,0,0,DoS-SYN-Flood
80,17,20,1200,0,0,0,0,DoS-UDP
37607,6,9,522,9,9,0,0,SSH-Bruteforce
0,1,20,840,0,0,0,0,DoS-ICMP
3894,6,4,240,4,0,0,0,PortScan
80,6,20,1200,20,0,0,0,DoS-SYN-Flood
80,6,20,1480,20,0,0,0,DoS-HTTP
80,6,20,1480,20,0,0,0,DoS-HTTP
80,17,20,1200,0,0,0,0,DoS-UDP
17744,6,4,240,4,0,0,0,PortScan
29061,6,10,580,10,10,0,0,SSH-Bruteforce
12108,6,7,406,7,7,0,0,SSH-Bruteforce
0,1,20,840,0,0,0,0,DoS-ICMP
61947,6,6,348,6,6,0,0,SSH-Bruteforce
41308,17,20,27980,0,0,0,0,BENIGN
80,6,20,1200,20,0,0,0,DoS-SYN-Flood
80,6,20,1480,20,0,0,0,DoS-HTTP
80,6,20,1200,20,0,0,0,DoS-SYN-Flood
80,6,20,1480,20,0,0,0,DoS-HTTP
32423,6,7,406,7,7,0,0,SSH-Bruteforce
80,6,20,1480,20,0,0,0,DoS-HTTP
80,17,20,1200,0,0,0,0,DoS-UDP
39920,6,5,290,5,5,0,0,SSH-Bruteforce
1281,6,6,348,6,6,0,0,SSH-Bruteforce
0,1,20,1200,0,0,0,0,DoS-ICMP
0,1,20,1200,0,0,0,0,DoS-ICMP
51222,6,4,240,4,0,0,0,PortScan
80,17,20,1200,0,0,0,0,DoS-UDP
40486,6,4,240,4,0,0,0,PortScan
80,6,20,1200,20,0,0,0,DoS-SYN-Flood
80,6,20,1200,20,0,0,0,DoS-SYN-Flood
80,6,20,1200,20,0,0,0,DoS-SYN-Flood
2003,6,6,348,6,6,0,0,SSH-Bruteforce
80,17,20,1200,0,0,0,0,DoS-UDP
53308,6,20,28900,0,20,0,0,BENIGN
14859,6,6,360,6,0,0,0,PortScan
16881,6,2,120,2,0,0,0,PortScan
80,17,20,1200,0,0,0,0,DoS-UDP
52129,6,4,240,4,0,0,0,PortScan
80,6,20,1480,20,0,0,0,DoS-HTTP
22410,6,10,580,10,10,0,0,SSH-Bruteforce
80,17,20,1200,0,0,0,0,DoS-UDP
80,6,20,1480,20,0,0,0,DoS-HTTP
61088,6,4,232,4,4,0,0,SSH-Bruteforce
60516,6,20,29080,0,20,0,0,BENIGN
61832,6,5,290,5,5,0,0,SSH-Bruteforce
957,6,6,360,6,0,0,0,PortScan
80,6,20,1200,20,0,0,0,DoS-SYN-Flood
80,6,20,1200,20,0,0,0,DoS-SYN-Flood
80,6,20,1200,20,0,0,0,DoS-SYN-Flood
80,17,20,1200,0,0,0,0,DoS-UDP
443,6,20,2460,0,20,0,0,BENIGN
0,1,20,840,0,0,0,0,DoS-ICMP
11059,6,4,240,4,0,0,0,PortScan
0,1,20,840,0,0,0,0,DoS-ICMP
80,17,20,1200,0,0,0,0,DoS-UDP
5105,6,4,240,4,0,0,0,PortScan
80,6,20,1200,20,0,0,0,DoS-SYN-Flood
80,6,20,1480,20,0,0,0,DoS-HTTP
9347,6,8,464,8,8,0,0,SSH-Bruteforce
80,17,20,1200,0,0,0,0,DoS-UDP
80,6,20,1200,20,0,0,0,DoS-SYN-Flood
21162,6,4,240,4,0,0,0,PortScan
80,6,20,1200,20,0,0,0,DoS-SYN-Flood
0,1,20,1200,0,0,0,0,DoS-ICMP
80,6,20,1480,20,0,0,0,DoS-HTTP
80,6,20,1480,20,0,0,0,DoS-HTTP
80,17,20,1200,0,0,0,0,DoS-UDP
80,6,20,1480,20,0,0,0,DoS-HTTP
80,6,20,1200,20,0,0,0,DoS-SYN-Flood
80,17,20,1200,0,0,0,0,DoS-UDP
80,17,20,1200,0,0,0,0,DoS-UDP
0,1,20,1200,0,0,0,0,DoS-ICMP
80,6,20,1480,20,0,0,0,DoS-HTTP
0,1,20,1200,0,0,0,0,DoS-ICMP
13541,6,7,406,7,7,0,0,SSH-Bruteforce
80,6,20,1200,20,0,0,0,DoS-SYN-Flood
14018,6,4,240,4,0,0,0,PortScan
63076,6,2,120,2,0,0,0,PortScan
80,6,20,1480,20,0,0,0,DoS-HTTP
80,17,20,1200,0,0,0,0,DoS-UDP
80,6,20,1200,20,0,0,0,DoS-SYN-Flood
80,17,20,1200,0,0,0,0,DoS-UDP
80,17,20,1200,0,0,0,0,DoS-UDP
80,6,20,1200,20,0,0,0,DoS-SYN-Flood
80,6,20,1200,20,0,0,0,DoS-SYN-Flood
80,6,20,1480,20,0,0,0,DoS-HTTP
80,17,20,1200,0,0,0,0,DoS-UDP
80,6,20,1480,20,0,0,0,DoS-HTTP
80,17,20,1200,0,0,0,0,DoS-UDP
0,1,20,840,0,0,0,0,DoS-ICMP
39902,17,20,27980,0,0,0,0,BENIGN
0,1,20,1200,0,0,0,0,DoS-ICMP
39324,6,2,120,2,0,0,0,PortScan
0,1,20,1200,0,0,0,0,DoS-ICMP
30866,6,8,464,8,8,0,0,SSH-Bruteforce
80,17,20,1200,0,0,0,0,DoS-UDP
0,1,20,840,0,0,0,0,DoS-ICMP
0,1,20,1200,0,0,0,0,DoS-ICMP
80,6,20,1480,20,0,0,0,DoS-HTTP
80,6,20,1200,20,0,0,0,DoS-SYN-Flood
0,1,20,1200,0,0,0,0,DoS-ICMP
33737,6,5,290,5,5,0,0,SSH-Bruteforce
80,6,20,1480,20,0,0,0,DoS-HTTP
80,6,20,1480,20,0,0,0,DoS-HTTP
80,6,20,1200,20,0,0,0,DoS-SYN-Flood
80,17,20,1200,0,0,0,0,DoS-UDP
0,1,20,1200,0,0,0,0,DoS-ICMP
80,17,20,1200,0,0,0,0,DoS-UDP
80,6,20,1200,20,0,0,0,DoS-SYN-Flood
0,1,20,1200,0,0,0,0,DoS-ICMP
80,17,20,1200,0,0,0,0,DoS-UDP
80,6,20,1200,20,0,0,0,DoS-SYN-Flood
0,1,20,840,0,0,0,0,DoS-ICMP
80,6,20,1200,20,0,0,0,DoS-SYN-Flood
80,6,20,1480,20,0,0,0,DoS-HTTP
22,6,20,1200,20,0,0,0,SSH-Bruteforce
80,6,20,1480,20,0,0,0,DoS-HTTP
22544,6,2,120,2,0,0,0,PortScan
17247,6,2,120,2,0,0,0,PortScan
0,1,20,840,0,0,0,0,DoS-ICMP
80,17,20,1200,0,0,0,0,DoS-UDP
80,6,20,1200,20,0,0,0,DoS-SYN-Flood
32982,6,8,464,8,8,0,0,SSH-Bruteforce
432,6,4,240,4,0,0,0,PortScan
80,6,20,1200,20,0,0,0,DoS-SYN-Flood
80,6,20,1480,20,0,0,0,DoS-HTTP
80,6,20,1200,20,0,0,0,DoS-SYN-Flood
80,17,20,1200,0,0,0,0,DoS-UDP
0,1,20,840,0,0,0,0,DoS-ICMP
80,6,20,1480,20,0,0,0,DoS-HTTP
0,1,20,1200,0,0,0,0,DoS-ICMP
34468,6,11,638,11,11,0,0,SSH-Bruteforce
0,1,20,840,0,0,0,0,DoS-ICMP
0,1,20,1200,0,0,0,0,DoS-ICMP
80,6,20,1480,20,0,0,0,DoS-HTTP
80,17,20,1200,0,0,0,0,DoS-UDP
13745,6,9,522,9,9,0,0,SSH-Bruteforce
17582,6,2,120,2,0,0,0,PortScan
60886,6,20,29020,0,20,0,0,BENIGN
80,17,20,1200,0,0,0,0,DoS-UDP
63481,6,4,240,4,0,0,0,PortScan
11003,6,7,406,7,7,0,0,SSH-Bruteforce
80,6,20,1480,20,0,0,0,DoS-HTTP
80,6,20,1480,20,0,0,0,DoS-HTTP
80,17,20,1200,0,0,0,0,DoS-UDP
80,6,20,1480,20,0,0,0,DoS-HTTP
80,17,20,1200,0,0,0,0,DoS-UDP
80,6,20,1480,20,0,0,0,DoS-HTTP
45447,17,20,27980,0,0,0,0,BENIGN
0,1,20,1200,0,0,0,0,DoS-ICMP
24099,6,5,290,5,5,0,0,SSH-Bruteforce
63468,6,2,120,2,0,0,0,PortScan
22,6,20,1200,20,0,0,0,SSH-Bruteforce
80,17,20,1200,0,0,0,0,DoS-UDP
80,6,20,1200,20,0,0,0,DoS-SYN-Flood
0,1,20,1200,0,0,0,0,DoS-ICMP
0,1,20,1200,0,0,0,0,DoS-ICMP
80,6,20,1480,20,0,0,0,DoS-HTTP
41308,17,20,27980,0,0,0,0,BENIGN
80,17,20,1200,0,0,0,0,DoS-UDP
15840,6,9,522,9,9,0,0,SSH-Bruteforce
45215,6,2,120,2,0,0,0,PortScan
80,6,20,1200,20,0,0,0,DoS-SYN-Flood
0,1,20,840,0,0,0,0,DoS-ICMP
80,6,20,1480,20,0,0,0,DoS-HTTP
80,17,20,1200,0,0,0,0,DoS-UDP
20364,6,2,120,2,0,0,0,PortScan
80,6,20,1480,20,0,0,0,DoS-HTTP
80,6,20,1200,20,0,0,0,DoS-SYN-Flood
80,17,20,1200,0,0,0,0,DoS-UDP
80,6,20,1480,20,0,0,0,DoS-HTTP
80,6,20,1480,20,0,0,0,DoS-HTTP
0,1,20,1200,0,0,0,0,DoS-ICMP
80,17,20,1200,0,0,0,0,DoS-UDP
80,6,20,1200,20,0,0,0,DoS-SYN-Flood
2773,6,4,240,4,0,0,0,PortScan
80,6,20,1200,20,0,0,0,DoS-SYN-Flood
80,6,20,1200,20,0,0,0,DoS-SYN-Flood
80,17,20,1200,0,0,0,0,DoS-UDP
33699,6,9,522,9,9,0,0,SSH-Bruteforce
80,17,20,1200,0,0,0,0,DoS-UDP
80,6,20,1480,20,0,0,0,DoS-HTTP
0,1,20,840,0,0,0,0,DoS-ICMP
80,6,20,1480,20,0,0,0,DoS-HTTP
80,17,20,1200,0,0,0,0,DoS-UDP
80,6,20,1480,20,0,0,0,DoS-HTTP
80,6,20,1480,20,0,0,0,DoS-HTTP
55553,6,4,240,4,0,0,0,PortScan
80,17,20,1200,0,0,0,0,DoS-UDP
7286,6,5,290,5,5,0,0,SSH-Bruteforce
20699,6,8,464,8,8,0,0,SSH-Bruteforce
33557,6,2,120,2,0,0,0,PortScan
33240,6,20,29380,0,20,0,0,BENIGN
61722,6,4,232,4,4,0,0,SSH-Bruteforce
80,17,20,1200,0,0,0,0,DoS-UDP
80,17,20,1200,0,0,0,0,DoS-UDP
64701,6,2,120,2,0,0,0,PortScan
0,1,20,840,0,0,0,0,DoS-ICMP
47094,17,20,27980,0,0,0,0,BENIGN
80,17,20,1200,0,0,0,0,DoS-UDP
3248,6,4,240,4,0,0,0,PortScan
47346,6,2,120,2,0,0,0,PortScan
80,6,20,1480,20,0,0,0,DoS-HTTP
0,1,20,840,0,0,0,0,DoS-ICMP
20854,6,2,120,2,0,0,0,PortScan
80,6,20,1480,20,0,0,0,DoS-HTTP
0,1,20,1200,0,0,0,0,DoS-ICMP
22,6,20,1200,20,0,0,0,SSH-Bruteforce
80,17,20,1200,0,0,0,0,DoS-UDP
42385,6,2,120,2,0,0,0,PortScan
1899,6,8,464,8,8,0,0,SSH-Bruteforce
36520,17,20,27980,0,0,0,0,BENIGN
80,6,20,1480,20,0,0,0,DoS-HTTP
80,6,20,1480,20,0,0,0,DoS-HTTP
1866,6,6,360,6,0,0,0,PortScan
80,6,20,1480,20,0,0,0,DoS-HTTP
80,17,20,1200,0,0,0,0,DoS-UDP
0,1,20,1200,0,0,0,0,DoS-ICMP
36520,17,20,27980,0,0,0,0,BENIGN
58673,6,2,120,2,0,0,0,PortScan
53272,6,20,29680,0,20,0,0,BENIGN
0,1,20,1200,0,0,0,0,DoS-ICMP
80,6,20,1480,20,0,0,0,DoS-HTTP
80,17,20,1200,0,0,0,0,DoS-UDP
61296,6,6,348,6,6,0,0,SSH-Bruteforce
80,17,20,1200,0,0,0,0,DoS-UDP
0,1,20,1200,0,0,0,0,DoS-ICMP
80,17,20,1200,0,0,0,0,DoS-UDP
4103,6,4,232,4,4,0,0,SSH-Bruteforce
22,6,20,1200,0,0,20,0,SSH-Bruteforce
80,17,20,1200,0,0,0,0,DoS-UDP
80,17,20,1200,0,0,0,0,DoS-UDP
22,6,20,1200,20,0,0,0,SSH-Bruteforce
80,6,20,1480,20,0,0,0,DoS-HTTP
80,17,20,1200,0,0,0,0,DoS-UDP
33240,6,20,29020,0,20,0,0,BENIGN
80,6,20,1480,20,0,0,0,DoS-HTTP
0,1,20,840,0,0,0,0,DoS-ICMP
22399,6,2,120,2,0,0,0,PortScan
45447,17,20,27980,0,0,0,0,BENIGN
0,1,20,840,0,0,0,0,DoS-ICMP
11723,6,6,360,6,0,0,0,PortScan
80,17,20,1200,0,0,0,0,DoS-UDP
0,1,20,840,0,0,0,0,DoS-ICMP
3896,6,4,240,4,0,0,0,PortScan
0,1,20,840,0,0,0,0,DoS-ICMP
22,6,20,1200,0,0,20,0,SSH-Bruteforce
80,17,20,1200,0,0,0,0,DoS-UDP
14926,6,4,240,4,0,0,0,PortScan
22,6,20,1200,20,0,0,0,SSH-Bruteforce
7986,6,4,240,4,0,0,0,PortScan
80,6,20,1480,20,0,0,0,DoS-HTTP
80,6,20,1200,20,0,0,0,DoS-SYN-Flood
80,6,20,1480,20,0,0,0,DoS-HTTP
80,17,20,1200,0,0,0,0,DoS-UDP
57878,6,2,120,2,0,0,0,PortScan
0,1,20,840,0,0,0,0,DoS-ICMP
80,17,20,1200,0,0,0,0,DoS-UDP
64369,6,2,120,2,0,0,0,PortScan
59804,6,20,15536,0,20,0,0,BENIGN
62205,6,9,522,9,9,0,0,SSH-Bruteforce
443,17,20,1504,0,0,0,0,BENIGN
80,6,20,1480,20,0,0,0,DoS-HTTP
0,1,20,840,0,0,0,0,DoS-ICMP
80,17,20,1200,0,0,0,0,DoS-UDP
52873,6,2,120,2,0,0,0,PortScan
6169,6,10,580,10,10,0,0,SSH-Bruteforce
42904,17,20,27980,0,0,0,0,BENIGN
36552,6,2,120,2,0,0,0,PortScan
80,6,20,1480,20,0,0,0,DoS-HTTP
47237,6,6,348,6,6,0,0,SSH-Bruteforce
35240,6,8,464,8,8,0,0,SSH-Bruteforce
80,6,20,1480,20,0,0,0,DoS-HTTP
80,6,20,1200,20,0,0,0,DoS-SYN-Flood
80,17,20,1200,0,0,0,0,DoS-UDP
22,6,20,1200,20,0,0,0,SSH-Bruteforce
35896,6,13,754,13,13,0,0,SSH-Bruteforce
80,6,20,1200,20,0,0,0,DoS-SYN-Flood
80,6,20,1200,20,0,0,0,DoS-SYN-Flood
0,1,20,840,0,0,0,0,DoS-ICMP
62408,6,4,232,4,4,0,0,SSH-Bruteforce
80,17,20,1200,0,0,0,0,DoS-UDP
0,1,20,840,0,0,0,0,DoS-ICMP
58680,6,4,232,4,4,0,0,SSH-Bruteforce
63130,6,4,240,4,0,0,0,PortScan
0,1,20,1200,0,0,0,0,DoS-ICMP
0,1,20,840,0,0,0,0,DoS-ICMP
50246,6,13,2198,1,13,0,1,BENIGN
80,17,20,1200,0,0,0,0,DoS-UDP
80,17,20,1200,0,0,0,0,DoS-UDP
80,6,20,1480,20,0,0,0,DoS-HTTP
80,6,20,1200,20,0,0,0,DoS-SYN-Flood
80,6,20,1200,20,0,0,0,DoS-SYN-Flood
80,6,20,1200,20,0,0,0,DoS-SYN-Flood
80,6,20,1200,20,0,0,0,DoS-SYN-Flood
80,6,20,1480,20,0,0,0,DoS-HTTP
80,6,20,1480,20,0,0,0,DoS-HTTP
80,6,20,1200,20,0,0,0,DoS-SYN-Flood
0,1,20,840,0,0,0,0,DoS-ICMP
9806,6,8,464,8,8,0,0,SSH-Bruteforce
80,6,20,1480,20,0,0,0,DoS-HTTP
443,6,20,3947,0,20,0,0,BENIGN
80,6,20,1200,20,0,0,0,DoS-SYN-Flood
0,1,20,840,0,0,0,0,DoS-ICMP
80,6,20,1480,20,0,0,0,DoS-HTTP
60394,17,20,24901,0,0,0,0,BENIGN
80,6,20,1480,20,0,0,0,DoS-HTTP
0,1,20,840,0,0,0,0,DoS-ICMP
0,1,20,1200,0,0,0,0,DoS-ICMP
29700,6,8,464,8,8,0,0,SSH-Bruteforce
80,6,20,1200,20,0,0,0,DoS-SYN-Flood
36520,17,20,27980,0,0,0,0,BENIGN
80,17,20,1200,0,0,0,0,DoS-UDP
0,1,20,1200,0,0,0,0,DoS-ICMP
80,6,20,1480,20,0,0,0,DoS-HTTP
48320,6,7,406,7,7,0,0,SSH-Bruteforce
32985,6,9,522,9,9,0,0,SSH-Bruteforce
28053,6,11,638,11,11,0,0,SSH-Bruteforce
80,17,20,1200,0,0,0,0,DoS-UDP
22,6,20,1200,20,0,0,0,SSH-Bruteforce
80,17,20,1200,0,0,0,0,DoS-UDP
32238,6,4,240,4,0,0,0,PortScan
19111,6,2,120,2,0,0,0,PortScan
80,6,20,1480,20,0,0,0,DoS-HTTP
12569,6,5,290,5,5,0,0,SSH-Bruteforce
80,6,20,1480,20,0,0,0,DoS-HTTP
27308,6,4,240,4,0,0,0,PortScan
80,6,20,1480,20,0,0,0,DoS-HTTP
0,1,20,1200,0,0,0,0,DoS-ICMP
22,6,20,1200,5,0,15,0,SSH-Bruteforce
80,17,20,1200,0,0,0,0,DoS-UDP
80,17,20,1200,0,0,0,0,DoS-UDP
41560,6,20,29080,0,20,0,0,BENIGN
80,17,20,1200,0,0,0,0,DoS-UDP
14884,6,6,348,6,6,0,0,SSH-Bruteforce
25750,6,9,522,9,9,0,0,SSH-Bruteforce
28831,6,2,120,2,0,0,0,PortScan
80,17,20,1200,0,0,0,0,DoS-UDP
0,1,20,840,0,0,0,0,DoS-ICMP
80,17,20,1200,0,0,0,0,DoS-UDP
0,1,20,1200,0,0,0,0,DoS-ICMP
58799,6,7,406,7,7,0,0,SSH-Bruteforce
80,17,20,1200,0,0,0,0,DoS-UDP
31523,6,4,240,4,0,0,0,PortScan
80,6,20,1200,20,0,0,0,DoS-SYN-Flood
80,17,20,1200,0,0,0,0,DoS-UDP
22,6,20,1200,0,0,20,0,SSH-Bruteforce
22,6,20,1200,20,0,0,0,SSH-Bruteforce
36520,17,20,27980,0,0,0,0,BENIGN
80,17,20,1200,0,0,0,0,DoS-UDP
0,1,20,840,0,0,0,0,DoS-ICMP
80,17,20,1200,0,0,0,0,DoS-UDP
80,17,20,1200,0,0,0,0,DoS-UDP
80,6,20,1480,20,0,0,0,DoS-HTTP
80,6,20,1200,20,0,0,0,DoS-SYN-Flood
22,6,20,1200,0,0,20,0,SSH-Bruteforce
3163,6,8,464,8,8,0,0,SSH-Bruteforce
80,6,20,1200,20,0,0,0,DoS-SYN-Flood
80,6,20,1200,20,0,0,0,DoS-SYN-Flood
80,6,20,1480,20,0,0,0,DoS-HTTP
0,1,20,1200,0,0,0,0,DoS-ICMP
80,6,20,1200,20,0,0,0,DoS-SYN-Flood
80,6,20,1200,20,0,0,0,DoS-SYN-Flood
80,17,20,1200,0,0,0,0,DoS-UDP
0,1,20,840,0,0,0,0,DoS-ICMP
80,17,20,1200,0,0,0,0,DoS-UDP
22,6,20,1200,0,0,20,0,SSH-Bruteforce
80,6,20,1480,20,0,0,0,DoS-HTTP
46398,17,20,27980,0,0,0,0,BENIGN
80,6,20,1200,20,0,0,0,DoS-SYN-Flood
80,6,20,1200,20,0,0,0,DoS-SYN-Flood
80,6,20,1480,20,0,0,0,DoS-HTTP
22,6,20,1200,0,0,20,0,SSH-Bruteforce
53983,6,4,240,4,0,0,0,PortScan
80,6,20,1480,20,0,0,0,DoS-HTTP
80,6,20,1200,20,0,0,0,DoS-SYN-Flood
0,1,20,1200,0,0,0,0,DoS-ICMP
80,6,20,1480,20,0,0,0,DoS-HTTP
0,1,20,1200,0,0,0,0,DoS-ICMP
0,1,20,840,0,0,0,0,DoS-ICMP
41782,6,10,580,10,10,0,0,SSH-Bruteforce
38644,6,4,240,4,0,0,0,PortScan
28691,6,4,240,4,0,0,0,PortScan
60885,6,4,240,4,0,0,0,PortScan
80,17,20,1200,0,0,0,0,DoS-UDP
0,1,20,840,0,0,0,0,DoS-ICMP
0,1,20,1200,0,0,0,0,DoS-ICMP
0,1,20,1200,0,0,0,0,DoS-ICMP
80,6,20,1200,20,0,0,0,DoS-SYN-Flood
31920,6,7,406,7,7,0,0,SSH-Bruteforce
80,17,20,1200,0,0,0,0,DoS-UDP
80,6,20,1200,20,0,0,0,DoS-SYN-Flood
37459,6,4,240,4,0,0,0,PortScan
80,17,20,1200,0,0,0,0,DoS-UDP
0,1,20,840,0,0,0,0,DoS-ICMP
8324,6,9,522,9,9,0,0,SSH-Bruteforce
0,1,20,1200,0,0,0,0,DoS-ICMP
8766,6,9,522,9,9,0,0,SSH-Bruteforce
16610,6,4,240,4,0,0,0,PortScan
35977,6,2,120,2,0,0,0,PortScan
80,6,20,1480,20,0,0,0,DoS-HTTP
15153,6,4,240,4,0,0,0,PortScan
80,17,20,1200,0,0,0,0,DoS-UDP
36064,6,2,120,2,0,0,0,PortScan
80,6,20,1480,20,0,0,0,DoS-HTTP
26591,6,4,232,4,4,0,0,SSH-Bruteforce
80,6,20,1480,20,0,0,0,DoS-HTTP
17574,6,4,240,4,0,0,0,PortScan
43678,17,20,27973,0,0,0,0,BENIGN
80,6,20,1200,20,0,0,0,DoS-SYN-Flood
80,6,20,1480,20,0,0,0,DoS-HTTP
80,17,20,1200,0,0,0,0,DoS-UDP
80,6,20,1480,20,0,0,0,DoS-HTTP
0,1,20,1200,0,0,0,0,DoS-ICMP
80,6,20,1200,20,0,0,0,DoS-SYN-Flood
80,6,20,1200,20,0,0,0,DoS-SYN-Flood
80,17,20,1200,0,0,0,0,DoS-UDP
16723,6,4,240,4,0,0,0,PortScan
0,1,20,840,0,0,0,0,DoS-ICMP
58087,6,2,120,2,0,0,0,PortScan
80,17,20,1200,0,0,0,0,DoS-UDP
3110,6,4,240,4,0,0,0,PortScan
80,6,20,1480,20,0,0,0,DoS-HTTP
0,1,20,840,0,0,0,0,DoS-ICMP
36520,17,20,27980,0,0,0,0,BENIGN
80,6,20,1200,20,0,0,0,DoS-SYN-Flood
23863,6,2,120,2,0,0,0,PortScan
45287,6,9,522,9,9,0,0,SSH-Bruteforce
41623,6,11,638,11,11,0,0,SSH-Bruteforce
0,1,20,1200,0,0,0,0,DoS-ICMP
80,6,20,1480,20,0,0,0,DoS-HTTP
80,6,20,1200,20,0,0,0,DoS-SYN-Flood
38160,6,10,580,10,10,0,0,SSH-Bruteforce
7738,6,4,240,4,0,0,0,PortScan
51217,6,2,120,2,0,0,0,PortScan
0,1,20,840,0,0,0,0,DoS-ICMP
80,6,20,1200,20,0,0,0,DoS-SYN-Flood
80,17,20,1200,0,0,0,0,DoS-UDP
80,6,20,1200,20,0,0,0,DoS-SYN-Flood
0,1,20,1200,0,0,0,0,DoS-ICMP
59646,6,20,29500,0,20,0,0,BENIGN
0,1,20,1200,0,0,0,0,DoS-ICMP
43620,6,2,120,2,0,0,0,PortScan
22,6,20,1200,20,0,0,0,SSH-Bruteforce
80,17,20,1200,0,0,0,0,DoS-UDP
22,6,20,1200,0,0,20,0,SSH-Bruteforce
80,17,20,1200,0,0,0,0,DoS-UDP
80,6,20,1200,20,0,0,0,DoS-SYN-Flood
80,6,20,1200,20,0,0,0,DoS-SYN-Flood
48570,6,6,348,6,6,0,0,SSH-Bruteforce
80,6,20,1480,20,0,0,0,DoS-HTTP
8405,6,4,240,4,0,0,0,PortScan
80,6,20,1200,20,0,0,0,DoS-SYN-Flood
80,6,20,1480,20,0,0,0,DoS-HTTP
80,6,20,1480,20,0,0,0,DoS-HTTP
22,6,20,1200,3,0,17,0,SSH-Bruteforce
80,6,20,1480,20,0,0,0,DoS-HTTP
0,1,20,840,0,0,0,0,DoS-ICMP
60886,6,20,27740,0,20,0,0,BENIGN
80,6,20,1200,20,0,0,0,DoS-SYN-Flood
26747,6,4,240,4,0,0,0,PortScan
80,17,20,1200,0,0,0,0,DoS-UDP
52649,6,4,240,4,0,0,0,PortScan
55370,6,6,348,6,6,0,0,SSH-Bruteforce
62737,6,6,348,6,6,0,0,SSH-Bruteforce
42782,6,4,240,4,0,0,0,PortScan
80,6,20,1200,20,0,0,0,DoS-SYN-Flood
31280,6,4,240,4,0,0,0,PortScan
80,6,20,1480,20,0,0,0,DoS-HTTP
80,6,20,1480,20,0,0,0,DoS-HTTP
80,6,20,1480,20,0,0,0,DoS-HTTP
80,6,20,1480,20,0,0,0,DoS-HTTP
80,6,20,1200,20,0,0,0,DoS-SYN-Flood
80,6,20,1200,20,0,0,0,DoS-SYN-Flood
60886,6,20,26280,0,20,0,0,BENIGN
80,17,20,1200,0,0,0,0,DoS-UDP
80,6,20,1480,20,0,0,0,DoS-HTTP
0,1,20,1200,0,0,0,0,DoS-ICMP
647,6,6,360,6,0,0,0,PortScan
22,6,20,1200,0,0,20,0,SSH-Bruteforce
63598,6,5,290,5,5,0,0,SSH-Bruteforce
50251,6,4,240,4,0,0,0,PortScan
0,1,20,1200,0,0,0,0,DoS-ICMP
80,6,20,1200,20,0,0,0,DoS-SYN-Flood
80,6,20,1480,20,0,0,0,DoS-HTTP
80,6,20,1200,20,0,0,0,DoS-SYN-Flood
80,17,20,1200,0,0,0,0,DoS-UDP
38856,6,2,120,2,0,0,0,PortScan
80,6,20,1200,20,0,0,0,DoS-SYN-Flood
53272,6,20,28900,0,20,0,0,BENIGN
80,6,20,1480,20,0,0,0,DoS-HTTP
338,6,4,240,4,0,0,0,PortScan
80,17,20,1200,0,0,0,0,DoS-UDP
80,6,20,1200,20,0,0,0,DoS-SYN-Flood
80,6,20,1200,20,0,0,0,DoS-SYN-Flood
80,6,20,1200,20,0,0,0,DoS-SYN-Flood
36520,17,20,27980,0,0,0,0,BENIGN
80,6,20,1200,20,0,0,0,DoS-SYN-Flood
8246,6,10,580,10,10,0,0,SSH-Bruteforce
0,1,20,1200,0,0,0,0,DoS-ICMP
80,6,20,1480,20,0,0,0,DoS-HTTP
22,6,20,1200,20,0,0,0,SSH-Bruteforce
0,1,20,1200,0,0,0,0,DoS-ICMP
0,1,20,1200,0,0,0,0,DoS-ICMP
0,1,20,840,0,0,0,0,DoS-ICMP
0,1,20,840,0,0,0,0,DoS-ICMP
22,6,20,1200,0,0,20,0,SSH-Bruteforce
535,6,7,406,7,7,0,0,SSH-Bruteforce
80,6,20,1200,20,0,0,0,DoS-SYN-Flood
9622,6,6,360,6,0,0,0,PortScan
0,1,20,840,0,0,0,0,DoS-ICMP
12804,6,9,522,9,9,0,0,SSH-Bruteforce
80,6,20,1480,20,0,0,0,DoS-HTTP
0,1,20,1200,0,0,0,0,DoS-ICMP
32515,6,8,464,8,8,0,0,SSH-Bruteforce
43734,6,7,406,7,7,0,0,SSH-Bruteforce
80,6,20,1200,20,0,0,0,DoS-SYN-Flood
80,6,20,1480,20,0,0,0,DoS-HTTP
55262,6,4,240,4,0,0,0,PortScan
80,17,20,1200,0,0,0,0,DoS-UDP
0,1,20,840,0,0,0,0,DoS-ICMP
0,1,20,1200,0,0,0,0,DoS-ICMP
80,17,20,1200,0,0,0,0,DoS-UDP
43449,6,4,240,4,0,0,0,PortScan
0,1,20,1200,0,0,0,0,DoS-ICMP
80,17,20,1200,0,0,0,0,DoS-UDP
0,1,20,1200,0,0,0,0,DoS-ICMP
51613,6,4,240,4,0,0,0,PortScan
0,1,20,1200,0,0,0,0,DoS-ICMP
52643,6,2,120,2,0,0,0,PortScan
0,1,20,840,0,0,0,0,DoS-ICMP
41559,6,4,240,4,0,0,0,PortScan
9613,6,8,464,8,8,0,0,SSH-Bruteforce
80,6,20,1200,20,0,0,0,DoS-SYN-Flood
80,6,20,1200,20,0,0,0,DoS-SYN-Flood
80,6,20,1480,20,0,0,0,DoS-HTTP
80,17,20,1200,0,0,0,0,DoS-UDP
80,6,20,1200,20,0,0,0,DoS-SYN-Flood
80,17,20,1200,0,0,0,0,DoS-UDP
80,6,20,1200,20,0,0,0,DoS-SYN-Flood
80,17,20,1200,0,0,0,0,DoS-UDP
80,17,20,1200,0,0,0,0,DoS-UDP
46398,17,20,27980,0,0,0,0,BENIGN
14452,6,4,240,4,0,0,0,PortScan
80,17,20,1200,0,0,0,0,DoS-UDP
80,6,20,1200,20,0,0,0,DoS-SYN-Flood
56670,6,4,240,4,0,0,0,PortScan
60886,6,20,29020,0,20,0,0,BENIGN
52725,6,4,240,4,0,0,0,PortScan
80,6,20,1480,20,0,0,0,DoS-HTTP
0,1,20,840,0,0,0,0,DoS-ICMP
22,6,20,1200,20,0,0,0,SSH-Bruteforce
42757,6,7,406,7,7,0,0,SSH-Bruteforce
0,1,20,840,0,0,0,0,DoS-ICMP
0,1,20,840,0,0,0,0,DoS-ICMP
80,17,20,1200,0,0,0,0,DoS-UDP
80,6,20,1200,20,0,0,0,DoS-SYN-Flood
80,6,20,1200,20,0,0,0,DoS-SYN-Flood
80,6,20,1200,20,0,0,0,DoS-SYN-Flood
22,6,20,1200,0,0,20,0,SSH-Bruteforce
80,17,20,1200,0,0,0,0,DoS-UDP
53258,6,20,28092,0,20,0,0,BENIGN
0,1,20,840,0,0,0,0,DoS-ICMP
80,6,20,1200,20,0,0,0,DoS-SYN-Flood
80,6,20,1200,20,0,0,0,DoS-SYN-Flood
80,6,20,1480,20,0,0,0,DoS-HTTP
80,17,20,1200,0,0,0,0,DoS-UDP
22734,6,2,120,2,0,0,0,PortScan
0,1,20,1200,0,0,0,0,DoS-ICMP
80,17,20,1200,0,0,0,0,DoS-UDP
58158,6,4,240,4,0,0,0,PortScan
22414,6,2,120,2,0,0,0,PortScan
14173,6,6,348,6,6,0,0,SSH-Bruteforce
80,6,20,1480,20,0,0,0,DoS-HTTP
80,6,20,1200,20,0,0,0,DoS-SYN-Flood
2509,6,4,240,4,0,0,0,PortScan
80,6,20,1480,20,0,0,0,DoS-HTTP
26415,6,2,120,2,0,0,0,PortScan
22,6,20,1200,20,0,0,0,SSH-Bruteforce
80,6,20,1480,20,0,0,0,DoS-HTTP
80,17,20,1200,0,0,0,0,DoS-UDP
80,6,20,1480,20,0,0,0,DoS-HTTP
27246,6,6,348,6,6,0,0,SSH-Bruteforce
80,6,20,1200,20,0,0,0,DoS-SYN-Flood
19674,6,9,518,8,8,1,0,SSH-Bruteforce
80,6,20,1480,20,0,0,0,DoS-HTTP
36520,17,20,27980,0,0,0,0,BENIGN
80,17,20,1200,0,0,0,0,DoS-UDP
22,6,20,1200,20,0,0,0,SSH-Bruteforce
22,6,20,1200,15,0,5,0,SSH-Bruteforce
54829,17,20,27980,0,0,0,0,BENIGN
0,1,20,840,0,0,0,0,DoS-ICMP
80,6,20,1200,20,0,0,0,DoS-SYN-Flood
0,1,20,840,0,0,0,0,DoS-ICMP
80,6,20,1200,20,0,0,0,DoS-SYN-Flood
0,1,20,840,0,0,0,0,DoS-ICMP
29320,6,2,120,2,0,0,0,PortScan
0,1,20,840,0,0,0,0,DoS-ICMP
80,6,20,1200,20,0,0,0,DoS-SYN-Flood
80,6,20,1480,20,0,0,0,DoS-HTTP
59979,6,6,348,6,6,0,0,SSH-Bruteforce
0,1,20,1200,0,0,0,0,DoS-ICMP
80,6,20,1480,20,0,0,0,DoS-HTTP
4999,6,4,240,4,0,0,0,PortScan
80,6,20,1480,20,0,0,0,DoS-HTTP
0,1,20,1200,0,0,0,0,DoS-ICMP
80,17,20,1200,0,0,0,0,DoS-UDP
60886,6,20,30280,0,20,0,0,BENIGN
0,1,20,840,0,0,0,0,DoS-ICMP
13748,6,10,580,10,10,0,0,SSH-Bruteforce
80,17,20,1200,0,0,0,0,DoS-UDP
22,6,20,1200,0,0,20,0,SSH-Bruteforce
80,17,20,1200,0,0,0,0,DoS-UDP
80,17,20,1200,0,0,0,0,DoS-UDP
80,17,20,1200,0,0,0,0,DoS-UDP
18701,6,9,522,9,9,0,0,SSH-Bruteforce
80,6,20,1200,20,0,0,0,DoS-SYN-Flood
80,6,20,1200,20,0,0,0,DoS-SYN-Flood
80,6,20,1480,20,0,0,0,DoS-HTTP
80,6,20,1480,20,0,0,0,DoS-HTTP
0,1,20,840,0,0,0,0,DoS-ICMP
80,6,20,1200,20,0,0,0,DoS-SYN-Flood
80,6,20,1480,20,0,0,0,DoS-HTTP
56404,6,2,120,2,0,0,0,PortScan
80,17,20,1200,0,0,0,0,DoS-UDP
80,6,20,1480,20,0,0,0,DoS-HTTP
32787,6,4,240,4,0,0,0,PortScan
80,6,20,1200,20,0,0,0,DoS-SYN-Flood
33576,6,9,522,9,9,0,0,SSH-Bruteforce
80,17,20,1200,0,0,0,0,DoS-UDP
80,17,20,1200,0,0,0,0,DoS-UDP
0,1,20,840,0,0,0,0,DoS-ICMP
80,6,20,1480,20,0,0,0,DoS-HTTP
80,17,20,1200,0,0,0,0,DoS-UDP
3107,6,4,240,4,0,0,0,PortScan
80,6,20,1200,20,0,0,0,DoS-SYN-Flood
594,6,5,290,5,5,0,0,SSH-Bruteforce
53413,6,4,240,4,0,0,0,PortScan
80,6,20,1200,20,0,0,0,DoS-SYN-Flood
45447,17,20,27980,0,0,0,0,BENIGN
15624,6,8,464,8,8,0,0,SSH-Bruteforce
80,6,20,1200,20,0,0,0,DoS-SYN-Flood
20158,6,7,406,7,7,0,0,SSH-Bruteforce
36520,17,20,27980,0,0,0,0,BENIGN
49459,6,2,120,2,0,0,0,PortScan
0,1,20,1200,0,0,0,0,DoS-ICMP
80,6,20,1200,20,0,0,0,DoS-SYN-Flood
45812,6,4,240,4,0,0,0,PortScan
57986,6,4,240,4,0,0,0,PortScan
22,6,20,1200,7,0,13,0,SSH-Bruteforce
31425,6,2,120,2,0,0,0,PortScan
0,1,20,1200,0,0,0,0,DoS-ICMP
80,17,20,1200,0,0,0,0,DoS-UDP
0,1,20,840,0,0,0,0,DoS-ICMP
443,6,20,12373,0,20,0,0,BENIGN
80,6,20,1480,20,0,0,0,DoS-HTTP
80,6,20,1480,20,0,0,0,DoS-HTTP
80,6,20,1200,20,0,0,0,DoS-SYN-Flood
43992,17,20,27980,0,0,0,0,BENIGN
80,17,20,1200,0,0,0,0,DoS-UDP
23397,6,10,580,10,10,0,0,SSH-Bruteforce
80,6,20,1480,20,0,0,0,DoS-HTTP
0,1,20,1200,0,0,0,0,DoS-ICMP
0,1,20,1200,0,0,0,0,DoS-ICMP
80,6,20,1200,20,0,0,0,DoS-SYN-Flood
80,6,20,1480,20,0,0,0,DoS-HTTP
80,6,20,1480,20,0,0,0,DoS-HTTP
80,17,20,1200,0,0,0,0,DoS-UDP
16482,6,2,120,2,0,0,0,PortScan
14185,6,4,232,4,4,0,0,SSH-Bruteforce
80,6,20,1200,20,0,0,0,DoS-SYN-Flood
80,6,20,1480,20,0,0,0,DoS-HTTP
13437,6,6,360,6,0,0,0,PortScan
80,6,20,1200,20,0,0,0,DoS-SYN-Flood
80,6,20,1200,20,0,0,0,DoS-SYN-Flood
43678,17,20,27980,0,0,0,0,BENIGN
0,1,20,1200,0,0,0,0,DoS-ICMP
0,1,20,840,0,0,0,0,DoS-ICMP
80,6,20,1200,20,0,0,0,DoS-SYN-Flood
0,1,20,840,0,0,0,0,DoS-ICMP
19919,6,5,290,5,5,0,0,SSH-Bruteforce
0,1,20,1200,0,0,0,0,DoS-ICMP
80,6,20,1200,20,0,0,0,DoS-SYN-Flood
0,1,20,1200,0,0,0,0,DoS-ICMP
8671,6,4,240,4,0,0,0,PortScan
80,17,20,1200,0,0,0,0,DoS-UDP
0,1,20,1200,0,0,0,0,DoS-ICMP
52342,6,2,120,2,0,0,0,PortScan
0,1,20,1200,0,0,0,0,DoS-ICMP
80,6,20,1200,20,0,0,0,DoS-SYN-Flood
29580,6,2,120,2,0,0,0,PortScan
22,6,20,1200,0,0,20,0,SSH-Bruteforce
80,6,20,1200,20,0,0,0,DoS-SYN-Flood
80,6,20,1480,20,0,0,0,DoS-HTTP
22,6,20,1200,20,0,0,0,SSH-Bruteforce
80,6,20,1200,20,0,0,0,DoS-SYN-Flood
80,6,20,1200,20,0,0,0,DoS-SYN-Flood
0,1,20,1200,0,0,0,0,DoS-ICMP
45262,6,2,120,2,0,0,0,PortScan
0,1,20,1200,0,0,0,0,DoS-ICMP
80,6,20,1200,20,0,0,0,DoS-SYN-Flood
80,17,20,1200,0,0,0,0,DoS-UDP
24980,6,2,120,2,0,0,0,PortScan
80,6,20,1200,20,0,0,0,DoS-SYN-Flood
11008,6,4,240,4,0,0,0,PortScan
40942,6,4,240,4,0,0,0,PortScan
60253,6,2,120,2,0,0,0,PortScan
80,17,20,1200,0,0,0,0,DoS-UDP
0,1,20,1200,0,0,0,0,DoS-ICMP
26483,6,8,464,8,8,0,0,SSH-Bruteforce
80,6,20,1200,20,0,0,0,DoS-SYN-Flood
80,17,20,1200,0,0,0,0,DoS-UDP
80,6,20,1480,20,0,0,0,DoS-HTTP
80,6,20,1200,20,0,0,0,DoS-SYN-Flood
80,17,20,1200,0,0,0,0,DoS-UDP
15269,6,5,290,5,5,0,0,SSH-Bruteforce
48905,6,4,240,4,0,0,0,PortScan
80,6,20,1480,20,0,0,0,DoS-HTTP
40166,6,2,120,2,0,0,0,PortScan
33979,6,5,290,5,5,0,0,SSH-Bruteforce
80,6,20,1200,20,0,0,0,DoS-SYN-Flood
80,6,20,1480,20,0,0,0,DoS-HTTP
22,6,20,1200,20,0,0,0,SSH-Bruteforce
0,1,20,840,0,0,0,0,DoS-ICMP
0,1,20,1200,0,0,0,0,DoS-ICMP
41770,6,2,120,2,0,0,0,PortScan
80,6,20,1200,20,0,0,0,DoS-SYN-Flood
80,6,20,1200,20,0,0,0,DoS-SYN-Flood
0,1,20,840,0,0,0,0,DoS-ICMP
80,6,20,1480,20,0,0,0,DoS-HTTP
7554,6,8,464,8,8,0,0,SSH-Bruteforce
80,6,20,1480,20,0,0,0,DoS-HTTP
53676,6,8,464,8,8,0,0,SSH-Bruteforce
0,1,20,1200,0,0,0,0,DoS-ICMP
0,1,20,840,0,0,0,0,DoS-ICMP
80,6,20,1480,20,0,0,0,DoS-HTTP
0,1,20,840,0,0,0,0,DoS-ICMP
29842,6,2,120,2,0,0,0,PortScan
80,17,20,1200,0,0,0,0,DoS-UDP
0,1,20,840,0,0,0,0,DoS-ICMP
80,17,20,1200,0,0,0,0,DoS-UDP
5356,6,7,406,7,7,0,0,SSH-Bruteforce
22,6,20,1200,20,0,0,0,SSH-Bruteforce
60886,6,20,30280,0,20,0,0,BENIGN
14678,6,4,240,4,0,0,0,PortScan
80,6,20,1480,20,0,0,0,DoS-HTTP
0,1,20,1200,0,0,0,0,DoS-ICMP
39609,6,7,406,7,7,0,0,SSH-Bruteforce
80,6,20,1200,20,0,0,0,DoS-SYN-Flood
3057,6,4,240,4,0,0,0,PortScan
80,6,20,1480,20,0,0,0,DoS-HTTP
80,6,20,1200,20,0,0,0,DoS-SYN-Flood
80,17,20,1200,0,0,0,0,DoS-UDP
80,6,20,1200,20,0,0,0,DoS-SYN-Flood
80,6,20,1480,20,0,0,0,DoS-HTTP
80,6,20,1200,20,0,0,0,DoS-SYN-Flood
22,6,20,1200,20,0,0,0,SSH-Bruteforce
0,1,20,1200,0,0,0,0,DoS-ICMP
80,6,20,1200,20,0,0,0,DoS-SYN-Flood
0,1,20,1200,0,0,0,0,DoS-ICMP
0,1,20,840,0,0,0,0,DoS-ICMP
80,6,20,1480,20,0,0,0,DoS-HTTP
80,6,20,1480,20,0,0,0,DoS-HTTP
0,1,20,840,0,0,0,0,DoS-ICMP
80,6,20,1200,20,0,0,0,DoS-SYN-Flood
0,1,20,840,0,0,0,0,DoS-ICMP
22,6,20,1200,0,0,20,0,SSH-Bruteforce
80,6,20,1200,20,0,0,0,DoS-SYN-Flood
58998,6,4,232,4,4,0,0,SSH-Bruteforce
2895,6,4,240,4,0,0,0,PortScan
80,6,20,1200,20,0,0,0,DoS-SYN-Flood
20196,6,9,522,9,9,0,0,SSH-Bruteforce
22,6,20,1200,18,0,2,0,SSH-Bruteforce
0,1,20,840,0,0,0,0,DoS-ICMP
13999,6,4,240,4,0,0,0,PortScan
80,17,20,1200,0,0,0,0,DoS-UDP
80,6,20,1480,20,0,0,0,DoS-HTTP
0,1,20,840,0,0,0,0,DoS-ICMP
80,6,20,1480,20,0,0,0,DoS-HTTP
0,1,20,1200,0,0,0,0,DoS-ICMP
80,17,20,1200,0,0,0,0,DoS-UDP
80,17,20,1200,0,0,0,0,DoS-UDP
6621,6,4,240,4,0,0,0,PortScan
80,6,20,1480,20,0,0,0,DoS-HTTP
80,6,20,1200,20,0,0,0,DoS-SYN-Flood
22,6,20,1200,20,0,0,0,SSH-Bruteforce
80,17,20,1200,0,0,0,0,DoS-UDP
80,6,20,1200,20,0,0,0,DoS-SYN-Flood
80,6,20,1200,20,0,0,0,DoS-SYN-Flood
80,6,20,1480,20,0,0,0,DoS-HTTP
0,1,20,1200,0,0,0,0,DoS-ICMP
80,6,20,1200,20,0,0,0,DoS-SYN-Flood
80,6,20,1200,20,0,0,0,DoS-SYN-Flood
80,6,20,1480,20,0,0,0,DoS-HTTP
58318,6,2,120,2,0,0,0,PortScan
80,6,20,1200,20,0,0,0,DoS-SYN-Flood
12765,6,7,406,7,7,0,0,SSH-Bruteforce
80,17,20,1200,0,0,0,0,DoS-UDP
80,6,20,1200,20,0,0,0,DoS-SYN-Flood
17794,6,2,120,2,0,0,0,PortScan
80,17,20,1200,0,0,0,0,DoS-UDP
80,6,20,1480,20,0,0,0,DoS-HTTP
1876,6,7,406,7,7,0,0,SSH-Bruteforce
10280,6,8,464,8,8,0,0,SSH-Bruteforce
36520,17,20,27980,0,0,0,0,BENIGN
80,6,20,1480,20,0,0,0,DoS-HTTP
0,1,20,840,0,0,0,0,DoS-ICMP
80,6,20,1480,20,0,0,0,DoS-HTTP
62866,6,4,240,4,0,0,0,PortScan
0,1,20,1200,0,0,0,0,DoS-ICMP
60886,6,20,29639,0,20,0,0,BENIGN
22,6,20,1200,6,0,14,0,SSH-Bruteforce
55245,6,7,406,7,7,0,0,SSH-Bruteforce
22,6,20,1200,20,0,0,0,SSH-Bruteforce
59769,17,20,26365,0,0,0,0,BENIGN
80,6,20,1200,20,0,0,0,DoS-SYN-Flood
43678,17,20,27980,0,0,0,0,BENIGN
22,6,20,1200,0,0,20,0,SSH-Bruteforce
80,17,20,1200,0,0,0,0,DoS-UDP
0,1,20,1200,0,0,0,0,DoS-ICMP
0,1,20,1200,0,0,0,0,DoS-ICMP
36423,6,7,406,7,7,0,0,SSH-Bruteforce
22,6,20,1200,0,0,20,0,SSH-Bruteforce
80,17,20,1200,0,0,0,0,DoS-UDP
0,1,20,1200,0,0,0,0,DoS-ICMP
80,17,20,1200,0,0,0,0,DoS-UDP
22,6,20,1200,20,0,0,0,SSH-Bruteforce
80,17,20,1200,0,0,0,0,DoS-UDP
53308,6,20,29080,0,20,0,0,BENIGN
80,6,20,1200,20,0,0,0,DoS-SYN-Flood
0,1,20,840,0,0,0,0,DoS-ICMP
80,6,20,1200,20,0,0,0,DoS-SYN-Flood
0,1,20,840,0,0,0,0,DoS-ICMP
80,6,20,1200,20,0,0,0,DoS-SYN-Flood
0,1,20,840,0,0,0,0,DoS-ICMP
31234,6,8,464,8,8,0,0,SSH-Bruteforce
60886,6,20,30280,0,20,0,0,BENIGN
80,6,20,1480,20,0,0,0,DoS-HTTP
80,6,20,1200,20,0,0,0,DoS-SYN-Flood
9748,6,4,240,4,0,0,0,PortScan
0,1,20,1200,0,0,0,0,DoS-ICMP
49757,6,5,290,5,5,0,0,SSH-Bruteforce
54602,6,4,240,4,0,0,0,PortScan
80,6,20,1200,20,0,0,0,DoS-SYN-Flood
22,6,20,1200,0,0,20,0,SSH-Bruteforce
80,6,20,1200,20,0,0,0,DoS-SYN-Flood
80,6,20,1480,20,0,0,0,BENIGN
36520,17,20,27980,0,0,0,0,BENIGN
80,6,20,1200,20,0,0,0,DoS-SYN-Flood
80,17,20,1200,0,0,0,0,DoS-UDP
80,6,20,1480,20,0,0,0,DoS-HTTP
8078,6,4,240,4,0,0,0,PortScan
80,6,20,1200,20,0,0,0,DoS-SYN-Flood
22,6,20,1200,0,0,20,0,SSH-Bruteforce
443,6,20,1200,0,20,0,0,BENIGN
80,6,20,1480,20,0,0,0,DoS-HTTP
3017,6,4,240,4,0,0,0,PortScan
80,17,20,1200,0,0,0,0,DoS-UDP
80,6,20,1480,20,0,0,0,DoS-HTTP
80,6,20,1480,20,0,0,0,DoS-HTTP
10525,6,6,348,6,6,0,0,SSH-Bruteforce
32719,6,2,120,2,0,0,0,PortScan
0,1,20,1200,0,0,0,0,DoS-ICMP
14683,6,10,580,10,10,0,0,SSH-Bruteforce
80,17,20,1200,0,0,0,0,DoS-UDP
80,17,20,1200,0,0,0,0,DoS-UDP
8294,6,4,232,4,4,0,0,SSH-Bruteforce
2912,6,4,240,4,0,0,0,PortScan
0,1,20,1200,0,0,0,0,DoS-ICMP
36520,17,20,27980,0,0,0,0,BENIGN
80,6,20,1200,20,0,0,0,DoS-SYN-Flood
80,17,20,1200,0,0,0,0,DoS-UDP
80,17,20,1200,0,0,0,0,DoS-UDP
80,6,20,1480,20,0,0,0,DoS-HTTP
80,17,20,1200,0,0,0,0,DoS-UDP
80,17,20,1200,0,0,0,0,DoS-UDP
0,1,20,840,0,0,0,0,DoS-ICMP
21257,6,6,348,6,6,0,0,SSH-Bruteforce
80,6,20,1480,20,0,0,0,DoS-HTTP
80,6,20,1200,20,0,0,0,DoS-SYN-Flood
80,6,20,1200,20,0,0,0,DoS-SYN-Flood
80,6,20,1480,20,0,0,0,DoS-HTTP
80,6,20,1480,20,0,0,0,DoS-HTTP
80,6,20,1200,20,0,0,0,DoS-SYN-Flood
80,6,20,1200,20,0,0,0,DoS-SYN-Flood
22,6,20,1200,0,0,20,0,SSH-Bruteforce
9702,6,10,580,10,10,0,0,SSH-Bruteforce
80,6,20,1480,20,0,0,0,DoS-HTTP
80,17,20,1200,0,0,0,0,DoS-UDP
80,6,20,1200,20,0,0,0,DoS-SYN-Flood
22,6,20,1200,0,0,20,0,SSH-Bruteforce
53092,17,20,27928,0,0,0,0,BENIGN
80,6,20,1480,20,0,0,0,DoS-HTTP
40854,6,2,120,2,0,0,0,PortScan
17967,6,2,120,2,0,0,0,PortScan
80,6,20,1200,20,0,0,0,DoS-SYN-Flood
0,1,20,1200,0,0,0,0,DoS-ICMP
0,1,20,1200,0,0,0,0,DoS-ICMP
80,6,20,1200,20,0,0,0,DoS-SYN-Flood
80,6,20,1480,20,0,0,0,DoS-HTTP
80,17,20,1200,0,0,0,0,DoS-UDP
20731,6,8,464,8,8,0,0,SSH-Bruteforce
22,6,20,1200,20,0,0,0,SSH-Bruteforce
33471,6,4,240,4,0,0,0,PortScan
49550,6,8,464,8,8,0,0,SSH-Bruteforce
39685,6,2,120,2,0,0,0,PortScan
1433,6,4,240,4,0,0,0,PortScan
34906,6,2,120,2,0,0,0,PortScan
80,17,20,1200,0,0,0,0,DoS-UDP
80,17,20,1200,0,0,0,0,DoS-UDP
38581,6,9,522,9,9,0,0,SSH-Bruteforce
80,6,20,1200,20,0,0,0,DoS-SYN-Flood
56379,6,4,240,4,0,0,0,PortScan
0,1,20,1200,0,0,0,0,DoS-ICMP
80,6,20,1480,20,0,0,0,DoS-HTTP
0,1,20,1200,0,0,0,0,DoS-ICMP
45440,6,8,464,8,8,0,0,SSH-Bruteforce
80,17,20,1200,0,0,0,0,DoS-UDP
80,6,20,1480,20,0,0,0,DoS-HTTP
54140,6,2,120,2,0,0,0,PortScan
80,17,20,1200,0,0,0,0,DoS-UDP
22,6,20,1200,0,0,20,0,SSH-Bruteforce
80,17,20,1200,0,0,0,0,DoS-UDP
8822,6,4,240,4,0,0,0,PortScan
80,6,20,1200,20,0,0,0,DoS-SYN-Flood
443,17,20,9513,0,0,0,0,BENIGN
0,1,20,1200,0,0,0,0,DoS-ICMP
80,6,20,1480,20,0,0,0,DoS-HTTP
80,6,20,1480,20,0,0,0,DoS-HTTP
0,1,20,1200,0,0,0,0,DoS-ICMP
80,6,20,1480,20,0,0,0,DoS-HTTP
80,6,20,1200,20,0,0,0,DoS-SYN-Flood
0,1,20,1200,0,0,0,0,DoS-ICMP
80,6,20,1480,20,0,0,0,DoS-HTTP
80,6,20,1480,20,0,0,0,DoS-HTTP
80,17,20,1200,0,0,0,0,DoS-UDP
80,6,20,1480,20,0,0,0,DoS-HTTP
80,17,20,1200,0,0,0,0,DoS-UDP
18423,6,4,240,4,0,0,0,PortScan
80,6,20,1480,20,0,0,0,DoS-HTTP
0,1,20,840,0,0,0,0,DoS-ICMP
80,6,20,1480,20,0,0,0,DoS-HTTP
80,17,20,1200,0,0,0,0,DoS-UDP
80,6,20,1480,20,0,0,0,DoS-HTTP
80,17,20,1200,0,0,0,0,DoS-UDP
0,1,20,840,0,0,0,0,DoS-ICMP
36520,17,20,27980,0,0,0,0,BENIGN
80,6,20,1200,20,0,0,0,DoS-SYN-Flood
80,6,20,1480,20,0,0,0,DoS-HTTP
80,6,20,1480,20,0,0,0,DoS-HTTP
80,6,20,1200,20,0,0,0,DoS-SYN-Flood
22,6,20,1200,1,0,19,0,SSH-Bruteforce
80,6,20,1200,20,0,0,0,DoS-SYN-Flood
80,17,20,1200,0,0,0,0,DoS-UDP
57422,6,8,464,8,8,0,0,SSH-Bruteforce
33167,6,9,522,9,9,0,0,SSH-Bruteforce
325,6,4,240,4,0,0,0,PortScan
60576,6,2,120,2,0,0,0,PortScan
0,1,20,1200,0,0,0,0,DoS-ICMP
80,17,20,1200,0,0,0,0,DoS-UDP
15848,6,2,120,2,0,0,0,PortScan
80,6,20,1200,20,0,0,0,DoS-SYN-Flood
22,6,20,1200,20,0,0,0,SSH-Bruteforce
35408,6,4,240,4,0,0,0,PortScan
80,17,20,1200,0,0,0,0,DoS-UDP
22,6,20,1200,20,0,0,0,SSH-Bruteforce
80,6,20,1480,20,0,0,0,DoS-HTTP
443,17,20,10456,0,0,0,0,BENIGN
80,6,20,1480,20,0,0,0,DoS-HTTP
0,1,20,1200,0,0,0,0,DoS-ICMP
0,1,20,840,0,0,0,0,DoS-ICMP
0,1,20,840,0,0,0,0,DoS-ICMP
80,17,20,1200,0,0,0,0,DoS-UDP
16784,6,9,522,9,9,0,0,SSH-Bruteforce
40617,6,6,348,6,6,0,0,SSH-Bruteforce
443,17,1,73,0,0,0,0,BENIGN
36520,17,20,27980,0,0,0,0,BENIGN
80,6,20,1480,20,0,0,0,DoS-HTTP
18143,6,2,120,2,0,0,0,PortScan
80,17,20,1200,0,0,0,0,DoS-UDP
61915,6,4,240,4,0,0,0,PortScan
60848,6,2,120,2,0,0,0,PortScan
11929,6,8,464,8,8,0,0,SSH-Bruteforce
0,1,20,840,0,0,0,0,DoS-ICMP
80,6,20,1480,20,0,0,0,DoS-HTTP
20372,6,6,348,6,6,0,0,SSH-Bruteforce
80,17,20,1200,0,0,0,0,DoS-UDP
80,6,20,1200,20,0,0,0,DoS-SYN-Flood
0,1,20,840,0,0,0,0,DoS-ICMP
33922,6,2,120,2,0,0,0,PortScan
29003,6,7,406,7,7,0,0,SSH-Bruteforce
0,1,20,1200,0,0,0,0,DoS-ICMP
0,1,20,1200,0,0,0,0,DoS-ICMP
0,1,20,1200,0,0,0,0,DoS-ICMP
80,6,20,1480,20,0,0,0,DoS-HTTP
80,6,20,1200,20,0,0,0,DoS-SYN-Flood
80,6,20,1480,20,0,0,0,DoS-HTTP
80,17,20,1200,0,0,0,0,DoS-UDP
80,6,20,1480,20,0,0,0,DoS-HTTP
80,6,20,1200,20,0,0,0,DoS-SYN-Flood
80,6,20,1480,20,0,0,0,DoS-HTTP
80,6,20,1480,20,0,0,0,DoS-HTTP
0,1,20,840,0,0,0,0,DoS-ICMP
22,6,20,1200,20,0,0,0,SSH-Bruteforce
4597,6,8,464,8,8,0,0,SSH-Bruteforce
10887,6,4,240,4,0,0,0,PortScan
80,17,20,1200,0,0,0,0,DoS-UDP
22498,6,4,240,4,0,0,0,PortScan
80,17,20,1200,0,0,0,0,DoS-UDP
80,6,20,1480,20,0,0,0,DoS-HTTP
39902,17,20,27980,0,0,0,0,BENIGN
80,6,20,1480,20,0,0,0,DoS-HTTP
80,6,20,1480,20,0,0,0,DoS-HTTP
80,6,20,1200,20,0,0,0,DoS-SYN-Flood
36170,6,4,240,4,0,0,0,PortScan
80,6,20,1480,20,0,0,0,DoS-HTTP
0,1,20,840,0,0,0,0,DoS-ICMP
41021,6,2,120,2,0,0,0,PortScan
22,6,20,1200,20,0,0,0,SSH-Bruteforce
80,17,20,1200,0,0,0,0,DoS-UDP
80,6,20,1200,20,0,0,0,DoS-SYN-Flood
80,6,20,1200,20,0,0,0,DoS-SYN-Flood
56226,6,4,240,4,0,0,0,PortScan
80,17,20,1200,0,0,0,0,DoS-UDP
63096,6,6,348,6,6,0,0,SSH-Bruteforce
61647,6,2,120,2,0,0,0,PortScan
0,1,20,1200,0,0,0,0,DoS-ICMP
80,17,20,1200,0,0,0,0,DoS-UDP
13267,6,11,638,11,11,0,0,SSH-Bruteforce
55372,6,4,240,4,0,0,0,PortScan
0,1,20,840,0,0,0,0,DoS-ICMP
0,1,20,840,0,0,0,0,DoS-ICMP
80,6,20,1480,20,0,0,0,DoS-HTTP
57851,6,4,240,4,0,0,0,PortScan
27938,6,7,406,7,7,0,0,SSH-Bruteforce
0,1,20,1200,0,0,0,0,DoS-ICMP
80,6,20,1200,20,0,0,0,DoS-SYN-Flood
80,6,20,1200,20,0,0,0,DoS-SYN-Flood
47226,6,7,585,1,7,0,1,BENIGN
80,6,20,1200,20,0,0,0,DoS-SYN-Flood
443,6,20,1783,0,19,1,3,BENIGN
80,17,20,1200,0,0,0,0,DoS-UDP
80,17,20,1200,0,0,0,0,DoS-UDP
28921,6,2,120,2,0,0,0,PortScan
25607,6,4,240,4,0,0,0,PortScan
80,17,20,1200,0,0,0,0,DoS-UDP
22,6,20,1200,0,0,20,0,SSH-Bruteforce
0,1,20,1200,0,0,0,0,DoS-ICMP
60886,6,20,29080,0,20,0,0,BENIGN
36520,17,20,27980,0,0,0,0,BENIGN
80,6,20,1480,20,0,0,0,DoS-HTTP
0,1,20,840,0,0,0,0,DoS-ICMP
0,1,20,1200,0,0,0,0,DoS-ICMP
0,1,20,840,0,0,0,0,DoS-ICMP
80,6,20,1480,20,0,0,0,DoS-HTTP
0,1,20,840,0,0,0,0,DoS-ICMP
0,1,20,840,0,0,0,0,DoS-ICMP
28769,6,2,120,2,0,0,0,PortScan
54561,6,6,348,6,6,0,0,SSH-Bruteforce
22,6,20,1200,20,0,0,0,SSH-Bruteforce
80,6,20,1200,20,0,0,0,DoS-SYN-Flood
80,17,20,1200,0,0,0,0,DoS-UDP
0,1,20,840,0,0,0,0,DoS-ICMP
80,6,20,1480,20,0,0,0,DoS-HTTP
19543,6,7,406,7,7,0,0,SSH-Bruteforce
19700,6,2,120,2,0,0,0,PortScan
57724,6,4,240,4,0,0,0,PortScan
59586,6,2,120,2,0,0,0,PortScan
53092,17,20,27980,0,0,0,0,BENIGN
80,6,20,1200,20,0,0,0,DoS-SYN-Flood
80,6,20,1480,20,0,0,0,DoS-HTTP
36520,17,20,27980,0,0,0,0,BENIGN
32229,6,9,522,9,9,0,0,SSH-Bruteforce
80,6,20,1200,20,0,0,0,DoS-SYN-Flood
0,1,20,840,0,0,0,0,DoS-ICMP
62802,6,4,240,4,0,0,0,PortScan
80,6,20,1200,20,0,0,0,DoS-SYN-Flood
56205,6,2,120,2,0,0,0,PortScan
6959,6,4,240,4,0,0,0,PortScan
0,1,20,1200,0,0,0,0,DoS-ICMP
40907,6,7,406,7,7,0,0,SSH-Bruteforce
80,6,20,1200,20,0,0,0,DoS-SYN-Flood
80,6,20,1200,20,0,0,0,DoS-SYN-Flood
80,6,20,1200,20,0,0,0,DoS-SYN-Flood
80,17,20,1200,0,0,0,0,DoS-UDP
40815,6,2,120,2,0,0,0,PortScan
51501,6,2,120,2,0,0,0,PortScan
80,6,20,1200,20,0,0,0,DoS-SYN-Flood
80,6,20,1200,20,0,0,0,DoS-SYN-Flood
14289,6,6,360,6,0,0,0,PortScan
80,6,20,1200,20,0,0,0,DoS-SYN-Flood
0,1,20,840,0,0,0,0,DoS-ICMP
80,6,20,1480,20,0,0,0,DoS-HTTP
80,6,20,1480,20,0,0,0,DoS-HTTP
80,6,20,1480,20,0,0,0,DoS-HTTP
80,6,20,1200,20,0,0,0,DoS-SYN-Flood
80,6,20,1200,20,0,0,0,DoS-SYN-Flood
0,1,20,1200,0,0,0,0,DoS-ICMP
80,17,20,1200,0,0,0,0,DoS-UDP
53258,6,20,29338,0,20,0,0,BENIGN
57522,6,1,58,1,1,0,0,PortScan
80,17,20,1200,0,0,0,0,DoS-UDP
29863,6,2,120,2,0,0,0,PortScan
0,1,20,1200,0,0,0,0,DoS-ICMP
43678,17,20,27980,0,0,0,0,BENIGN
49650,6,2,120,2,0,0,0,PortScan
80,6,20,1480,20,0,0,0,DoS-HTTP
44024,6,4,240,4,0,0,0,PortScan
48715,6,2,120,2,0,0,0,PortScan
80,17,20,1200,0,0,0,0,DoS-UDP
443,17,20,11884,0,0,0,0,BENIGN
58720,6,2,120,2,0,0,0,PortScan
64416,6,4,240,4,0,0,0,PortScan
36520,17,20,27980,0,0,0,0,BENIGN
80,6,20,1480,20,0,0,0,DoS-HTTP
38109,6,8,464,8,8,0,0,SSH-Bruteforce
19130,6,6,348,6,6,0,0,SSH-Bruteforce
22,6,20,1200,0,0,20,0,SSH-Bruteforce
80,6,20,1200,20,0,0,0,DoS-SYN-Flood
0,1,20,1200,0,0,0,0,DoS-ICMP
80,17,20,1200,0,0,0,0,DoS-UDP
80,17,20,1200,0,0,0,0,DoS-UDP
60886,6,20,29020,0,20,0,0,BENIGN
5145,6,9,522,9,9,0,0,SSH-Bruteforce
19365,6,4,240,4,0,0,0,PortScan
80,6,20,1480,20,0,0,0,DoS-HTTP
80,17,20,1200,0,0,0,0,DoS-UDP
53308,6,20,29200,0,20,0,0,BENIGN
80,17,20,1200,0,0,0,0,DoS-UDP
80,6,20,1200,20,0,0,0,DoS-SYN-Flood
80,17,20,1200,0,0,0,0,DoS-UDP
50975,6,7,406,7,7,0,0,SSH-Bruteforce
80,6,20,1480,20,0,0,0,DoS-HTTP
80,6,20,1200,20,0,0,0,DoS-SYN-Flood
22,6,20,1200,19,0,1,0,SSH-Bruteforce
80,17,20,1200,0,0,0,0,DoS-UDP
80,6,20,1480,20,0,0,0,DoS-HTTP
0,1,20,1200,0,0,0,0,DoS-ICMP
80,6,20,1200,20,0,0,0,DoS-SYN-Flood
80,6,20,1200,20,0,0,0,DoS-SYN-Flood
80,6,20,1200,20,0,0,0,DoS-SYN-Flood
53258,6,20,30280,0,20,0,0,BENIGN
80,17,20,1200,0,0,0,0,DoS-UDP
80,6,20,1480,20,0,0,0,DoS-HTTP
80,6,20,1480,20,0,0,0,DoS-HTTP
63419,6,4,240,4,0,0,0,PortScan
80,6,20,1200,20,0,0,0,DoS-SYN-Flood
22,6,20,1200,18,0,2,0,SSH-Bruteforce
54187,6,4,240,4,0,0,0,PortScan
45783,6,8,464,8,8,0,0,SSH-Bruteforce
443,6,20,1200,0,20,0,0,BENIGN
80,6,20,1200,20,0,0,0,DoS-SYN-Flood
80,6,20,1480,20,0,0,0,DoS-HTTP
20568,6,4,240,4,0,0,0,PortScan
0,1,20,1200,0,0,0,0,DoS-ICMP
36520,17,20,27980,0,0,0,0,BENIGN
36520,17,20,27980,0,0,0,0,BENIGN
41308,17,20,27980,0,0,0,0,BENIGN
62074,6,2,120,2,0,0,0,PortScan
22,6,20,1200,1,0,19,0,SSH-Bruteforce
80,6,20,1480,20,0,0,0,DoS-HTTP
80,17,20,1200,0,0,0,0,DoS-UDP
60886,6,20,28660,0,20,0,0,BENIGN
80,17,20,1200,0,0,0,0,DoS-UDP
443,6,20,2803,0,20,0,0,BENIGN
22,6,20,1200,20,0,0,0,SSH-Bruteforce
80,17,20,1200,0,0,0,0,DoS-UDP
80,6,20,1480,20,0,0,0,DoS-HTTP
80,17,20,1200,0,0,0,0,DoS-UDP
80,6,20,1200,20,0,0,0,DoS-SYN-Flood
80,6,20,1480,20,0,0,0,DoS-HTTP
35906,6,8,464,8,8,0,0,SSH-Bruteforce
80,6,20,1480,20,0,0,0,DoS-HTTP
53426,6,6,348,6,6,0,0,SSH-Bruteforce
80,17,20,1200,0,0,0,0,DoS-UDP
22,6,20,1200,10,0,10,0,SSH-Bruteforce
80,6,20,1200,20,0,0,0,DoS-SYN-Flood
80,6,20,1200,20,0,0,0,DoS-SYN-Flood
80,17,20,1200,0,0,0,0,DoS-UDP
49902,6,7,406,7,7,0,0,SSH-Bruteforce
443,6,20,1200,0,20,0,0,BENIGN
22,6,20,1200,0,0,20,0,SSH-Bruteforce
80,17,20,1200,0,0,0,0,DoS-UDP
0,1,20,840,0,0,0,0,DoS-ICMP
80,6,20,1200,20,0,0,0,DoS-SYN-Flood
14036,6,5,290,5,5,0,0,SSH-Bruteforce
80,6,20,1200,20,0,0,0,DoS-SYN-Flood
22,6,20,1200,2,0,18,0,SSH-Bruteforce
80,6,20,1200,20,0,0,0,DoS-SYN-Flood
80,6,20,1480,20,0,0,0,DoS-HTTP
22,6,20,1200,0,0,20,0,SSH-Bruteforce
80,6,20,1200,20,0,0,0,DoS-SYN-Flood
0,1,20,840,0,0,0,0,DoS-ICMP
80,17,20,1200,0,0,0,0,DoS-UDP
80,17,20,1200,0,0,0,0,DoS-UDP
0,1,20,1200,0,0,0,0,DoS-ICMP
80,6,20,1200,20,0,0,0,DoS-SYN-Flood
80,6,20,1200,20,0,0,0,DoS-SYN-Flood
80,17,20,1200,0,0,0,0,DoS-UDP
80,17,20,1200,0,0,0,0,DoS-UDP
18126,6,2,120,2,0,0,0,PortScan
16737,6,2,120,2,0,0,0,PortScan
80,17,20,1200,0,0,0,0,DoS-UDP
51494,6,4,240,4,0,0,0,PortScan
2559,6,4,240,4,0,0,0,PortScan
80,6,20,1480,20,0,0,0,DoS-HTTP
80,17,20,1200,0,0,0,0,DoS-UDP
0,1,20,840,0,0,0,0,DoS-ICMP
22,6,20,1200,16,0,4,0,SSH-Bruteforce
54910,6,2,120,2,0,0,0,PortScan
80,17,20,1200,0,0,0,0,DoS-UDP
41547,6,9,522,9,9,0,0,SSH-Bruteforce
80,17,20,1200,0,0,0,0,DoS-UDP
80,17,20,1200,0,0,0,0,DoS-UDP
0,1,20,1200,0,0,0,0,DoS-ICMP
80,17,20,1200,0,0,0,0,DoS-UDP
0,1,20,840,0,0,0,0,DoS-ICMP
80,6,20,1480,20,0,0,0,DoS-HTTP
80,17,20,1200,0,0,0,0,DoS-UDP
80,6,20,1480,20,0,0,0,DoS-HTTP
80,17,20,1200,0,0,0,0,DoS-UDP
22,6,20,1200,0,0,20,0,SSH-Bruteforce
80,17,20,1200,0,0,0,0,DoS-UDP
0,1,20,1200,0,0,0,0,DoS-ICMP
80,6,20,1200,20,0,0,0,DoS-SYN-Flood
80,6,20,1200,20,0,0,0,DoS-SYN-Flood
29550,6,2,120,2,0,0,0,PortScan
38151,6,9,522,9,9,0,0,SSH-Bruteforce
80,6,20,1480,20,0,0,0,DoS-HTTP
80,6,20,1200,20,0,0,0,DoS-SYN-Flood
25272,6,4,240,4,0,0,0,PortScan
80,17,20,1200,0,0,0,0,DoS-UDP
80,6,20,1480,20,0,0,0,DoS-HTTP
64723,6,4,240,4,0,0,0,PortScan
14535,6,4,240,4,0,0,0,PortScan
80,6,20,1200,20,0,0,0,DoS-SYN-Flood
54122,6,2,120,2,0,0,0,PortScan
80,6,20,1200,20,0,0,0,DoS-SYN-Flood
80,6,20,1480,20,0,0,0,DoS-HTTP
0,1,20,840,0,0,0,0,DoS-ICMP
80,17,20,1200,0,0,0,0,DoS-UDP
80,6,20,1200,20,0,0,0,DoS-SYN-Flood
0,1,20,1200,0,0,0,0,DoS-ICMP
80,6,20,1480,20,0,0,0,DoS-HTTP
80,6,20,1200,20,0,0,0,DoS-SYN-Flood
10489,6,4,240,4,0,0,0,PortScan
80,6,20,1200,20,0,0,0,DoS-SYN-Flood
0,1,20,1200,0,0,0,0,DoS-ICMP
0,1,20,840,0,0,0,0,DoS-ICMP
80,17,20,1200,0,0,0,0,DoS-UDP
63193,6,2,120,2,0,0,0,PortScan
80,6,20,1200,20,0,0,0,DoS-SYN-Flood
80,6,20,1200,20,0,0,0,DoS-SYN-Flood
61303,6,8,464,8,8,0,0,SSH-Bruteforce
80,6,20,1200,20,0,0,0,DoS-SYN-Flood
0,1,20,1200,0,0,0,0,DoS-ICMP
80,6,20,1480,20,0,0,0,DoS-HTTP
80,6,20,1200,20,0,0,0,DoS-SYN-Flood
13606,6,6,360,6,0,0,0,PortScan
80,6,20,1200,20,0,0,0,DoS-SYN-Flood
0,1,20,1200,0,0,0,0,DoS-ICMP
6549,6,4,240,4,0,0,0,PortScan
45492,6,2,120,2,0,0,0,PortScan
80,6,20,1480,20,0,0,0,DoS-HTTP
0,1,20,1200,0,0,0,0,DoS-ICMP
0,1,20,840,0,0,0,0,DoS-ICMP
29358,6,9,522,9,9,0,0,SSH-Bruteforce
22,6,20,1200,20,0,0,0,SSH-Bruteforce
2787,6,4,240,4,0,0,0,PortScan
50387,6,2,120,2,0,0,0,PortScan
80,6,20,1200,20,0,0,0,DoS-SYN-Flood
0,1,20,1200,0,0,0,0,DoS-ICMP
22,6,20,1200,0,0,20,0,SSH-Bruteforce
54829,17,20,27980,0,0,0,0,BENIGN
47520,17,17,21082,0,0,0,0,BENIGN
31091,6,4,240,4,0,0,0,PortScan
80,17,20,1200,0,0,0,0,DoS-UDP
80,6,20,1480,20,0,0,0,DoS-HTTP
55222,6,6,348,6,6,0,0,SSH-Bruteforce
80,17,20,1200,0,0,0,0,DoS-UDP
80,17,20,1200,0,0,0,0,DoS-UDP
80,17,20,1200,0,0,0,0,DoS-UDP
22,6,20,1200,20,0,0,0,SSH-Bruteforce
80,17,20,1200,0,0,0,0,DoS-UDP
54829,17,20,27980,0,0,0,0,BENIGN
80,17,20,1200,0,0,0,0,DoS-UDP
0,1,20,840,0,0,0,0,DoS-ICMP
0,1,20,1200,0,0,0,0,DoS-ICMP
80,17,20,1200,0,0,0,0,DoS-UDP
80,6,20,1480,20,0,0,0,DoS-HTTP
24472,6,2,120,2,0,0,0,PortScan
40729,6,2,120,2,0,0,0,PortScan
0,1,20,840,0,0,0,0,DoS-ICMP
0,1,20,1200,0,0,0,0,DoS-ICMP
43602,6,4,240,4,0,0,0,PortScan
12842,6,4,240,4,0,0,0,PortScan
80,6,20,1480,20,0,0,0,DoS-HTTP
80,6,20,1200,20,0,0,0,DoS-SYN-Flood
15594,6,8,464,8,8,0,0,SSH-Bruteforce
80,6,20,1200,20,0,0,0,DoS-SYN-Flood
80,6,20,1480,20,0,0,0,DoS-HTTP
63115,6,6,348,6,6,0,0,SSH-Bruteforce
36201,6,4,240,4,0,0,0,PortScan
80,6,20,1200,20,0,0,0,DoS-SYN-Flood
0,1,20,840,0,0,0,0,DoS-ICMP
45439,6,4,240,4,0,0,0,PortScan
64041,6,6,348,6,6,0,0,SSH-Bruteforce
0,1,20,1200,0,0,0,0,DoS-ICMP
15974,6,7,406,7,7,0,0,SSH-Bruteforce
80,6,20,1480,20,0,0,0,DoS-HTTP
58125,6,2,120,2,0,0,0,PortScan
80,6,20,1480,20,0,0,0,DoS-HTTP
0,1,20,840,0,0,0,0,DoS-ICMP
80,17,20,1200,0,0,0,0,DoS-UDP
0,1,20,1200,0,0,0,0,DoS-ICMP
80,17,20,1200,0,0,0,0,DoS-UDP
80,6,20,1200,20,0,0,0,DoS-SYN-Flood
9229,6,9,522,9,9,0,0,SSH-Bruteforce
0,1,20,1200,0,0,0,0,DoS-ICMP
40398,6,11,638,11,11,0,0,SSH-Bruteforce
80,6,20,1480,20,0,0,0,DoS-HTTP
7644,6,6,348,6,6,0,0,SSH-Bruteforce
80,17,20,1200,0,0,0,0,DoS-UDP
0,1,20,1200,0,0,0,0,DoS-ICMP
80,17,20,1200,0,0,0,0,DoS-UDP
59203,6,8,464,8,8,0,0,SSH-Bruteforce
0,1,20,1200,0,0,0,0,DoS-ICMP
80,6,20,1480,20,0,0,0,DoS-HTTP
43946,6,3,180,3,0,0,0,PortScan
80,6,20,1200,20,0,0,0,DoS-SYN-Flood
80,6,20,1200,20,0,0,0,DoS-SYN-Flood
53272,6,20,28900,0,20,0,0,BENIGN
443,6,20,1200,0,20,0,0,BENIGN
80,6,20,1200,20,0,0,0,DoS-SYN-Flood
0,1,20,840,0,0,0,0,DoS-ICMP
22,6,20,1200,20,0,0,0,SSH-Bruteforce
0,1,20,1200,0,0,0,0,DoS-ICMP
80,6,20,1200,20,0,0,0,DoS-SYN-Flood
80,17,20,1200,0,0,0,0,DoS-UDP
80,6,20,1200,20,0,0,0,DoS-SYN-Flood
0,1,20,840,0,0,0,0,DoS-ICMP
80,6,20,1480,20,0,0,0,DoS-HTTP
80,6,20,1200,20,0,0,0,DoS-SYN-Flood
80,6,20,1480,20,0,0,0,DoS-HTTP
39924,6,4,240,4,0,0,0,PortScan
18559,6,4,240,4,0,0,0,PortScan
80,6,20,1480,20,0,0,0,DoS-HTTP
80,17,20,1200,0,0,0,0,DoS-UDP
36268,17,20,27980,0,0,0,0,BENIGN
80,17,20,1200,0,0,0,0,DoS-UDP
80,6,20,1480,20,0,0,0,DoS-HTTP
22,6,20,1200,0,0,20,0,SSH-Bruteforce
0,1,20,840,0,0,0,0,DoS-ICMP
49317,6,11,638,11,11,0,0,SSH-Bruteforce
80,6,20,1200,20,0,0,0,DoS-SYN-Flood
63938,6,4,240,4,0,0,0,PortScan
0,1,20,840,0,0,0,0,DoS-ICMP
0,1,20,840,0,0,0,0,DoS-ICMP
18108,6,4,240,4,0,0,0,PortScan
60477,6,8,464,8,8,0,0,SSH-Bruteforce
45424,6,20,2109,0,20,0,0,BENIGN
1354,6,4,240,4,0,0,0,PortScan
0,1,20,1200,0,0,0,0,DoS-ICMP
0,1,20,1200,0,0,0,0,DoS-ICMP
49574,6,7,406,7,7,0,0,SSH-Bruteforce
80,17,20,1200,0,0,0,0,DoS-UDP
80,6,20,1200,20,0,0,0,DoS-SYN-Flood
80,6,20,1480,20,0,0,0,DoS-HTTP
19007,6,4,240,4,0,0,0,PortScan
80,6,20,1480,20,0,0,0,DoS-HTTP
0,1,20,840,0,0,0,0,DoS-ICMP
80,6,20,1200,20,0,0,0,DoS-SYN-Flood
80,6,20,1480,20,0,0,0,DoS-HTTP
80,17,20,1200,0,0,0,0,DoS-UDP
0,1,20,1200,0,0,0,0,DoS-ICMP
80,6,20,1480,20,0,0,0,DoS-HTTP
80,6,20,1480,20,0,0,0,DoS-HTTP
80,17,20,1200,0,0,0,0,DoS-UDP
35723,6,2,120,2,0,0,0,PortScan
60394,17,20,27980,0,0,0,0,BENIGN
80,17,20,1200,0,0,0,0,DoS-UDP
80,17,20,1200,0,0,0,0,DoS-UDP
80,17,20,1200,0,0,0,0,DoS-UDP
22,6,20,1200,0,0,20,0,SSH-Bruteforce
80,17,20,1200,0,0,0,0,DoS-UDP
443,17,20,1564,0,0,0,0,BENIGN
80,6,20,1200,20,0,0,0,DoS-SYN-Flood
237,6,6,360,6,0,0,0,PortScan
22,6,20,1200,0,0,20,0,SSH-Bruteforce
80,6,20,1480,20,0,0,0,DoS-HTTP
14967,6,8,464,8,8,0,0,SSH-Bruteforce
80,6,20,1200,20,0,0,0,DoS-SYN-Flood
11998,6,4,240,4,0,0,0,PortScan
80,6,20,1480,20,0,0,0,DoS-HTTP
45430,6,4,240,4,0,0,0,PortScan
31297,6,6,348,6,6,0,0,SSH-Bruteforce
4281,6,6,360,6,0,0,0,PortScan
7621,6,7,406,7,7,0,0,SSH-Bruteforce
53258,6,20,24470,0,20,0,0,BENIGN
0,1,20,840,0,0,0,0,DoS-ICMP
80,17,20,1200,0,0,0,0,DoS-UDP
80,6,20,1200,20,0,0,0,DoS-SYN-Flood
0,1,20,1200,0,0,0,0,DoS-ICMP
80,17,20,1200,0,0,0,0,DoS-UDP
80,6,20,1200,20,0,0,0,DoS-SYN-Flood
80,17,20,1200,0,0,0,0,DoS-UDP
24406,6,5,290,5,5,0,0,SSH-Bruteforce
59843,6,4,240,4,0,0,0,PortScan
80,6,20,1200,20,0,0,0,DoS-SYN-Flood
80,17,20,1200,0,0,0,0,DoS-UDP
80,17,20,1200,0,0,0,0,DoS-UDP
80,6,20,1200,20,0,0,0,DoS-SYN-Flood
80,17,20,1200,0,0,0,0,DoS-UDP
44280,6,9,522,9,9,0,0,SSH-Bruteforce
80,6,20,1200,20,0,0,0,DoS-SYN-Flood
22,6,20,1200,0,0,20,0,SSH-Bruteforce
54532,6,5,290,5,5,0,0,SSH-Bruteforce
80,6,20,1480,20,0,0,0,DoS-HTTP
22,6,20,1200,20,0,0,0,SSH-Bruteforce
0,1,20,1200,0,0,0,0,DoS-ICMP
36407,6,8,464,8,8,0,0,SSH-Bruteforce
23344,6,4,240,4,0,0,0,PortScan
80,6,20,1200,20,0,0,0,DoS-SYN-Flood
0,1,20,1200,0,0,0,0,DoS-ICMP
0,1,20,840,0,0,0,0,DoS-ICMP
80,6,20,1200,20,0,0,0,DoS-SYN-Flood
47407,6,2,120,2,0,0,0,PortScan
80,6,20,1200,20,0,0,0,DoS-SYN-Flood
0,1,20,840,0,0,0,0,DoS-ICMP
0,1,20,840,0,0,0,0,DoS-ICMP
0,1,20,1200,0,0,0,0,DoS-ICMP
10218,6,6,360,6,0,0,0,PortScan
22,6,20,1200,20,0,0,0,SSH-Bruteforce
0,1,20,840,0,0,0,0,DoS-ICMP
80,17,20,1200,0,0,0,0,DoS-UDP
0,1,20,840,0,0,0,0,DoS-ICMP
80,6,20,1200,20,0,0,0,DoS-SYN-Flood
14752,6,6,348,6,6,0,0,SSH-Bruteforce
22,6,20,1200,9,0,11,0,SSH-Bruteforce
53308,6,20,29260,0,20,0,0,BENIGN
80,6,20,1200,20,0,0,0,DoS-SYN-Flood
21179,6,8,464,8,8,0,0,SSH-Bruteforce
80,6,20,1200,20,0,0,0,DoS-SYN-Flood
80,6,20,1480,20,0,0,0,DoS-HTTP
80,6,20,1480,20,0,0,0,DoS-HTTP
18380,6,6,348,6,6,0,0,SSH-Bruteforce
0,1,20,840,0,0,0,0,DoS-ICMP
22,6,20,1200,20,0,0,0,SSH-Bruteforce
80,6,20,1200,20,0,0,0,DoS-SYN-Flood
57011,6,4,240,4,0,0,0,PortScan
0,1,20,1200,0,0,0,0,DoS-ICMP
80,17,20,1200,0,0,0,0,DoS-UDP
80,17,20,1200,0,0,0,0,DoS-UDP
80,6,20,1200,20,0,0,0,DoS-SYN-Flood
0,1,20,840,0,0,0,0,DoS-ICMP
80,17,20,1200,0,0,0,0,DoS-UDP
0,1,20,840,0,0,0,0,DoS-ICMP
0,1,20,840,0,0,0,0,DoS-ICMP
80,6,20,1480,20,0,0,0,DoS-HTTP
35887,6,2,120,2,0,0,0,PortScan
14086,6,4,240,4,0,0,0,PortScan
80,6,20,1200,20,0,0,0,DoS-SYN-Flood
80,17,20,1200,0,0,0,0,DoS-UDP
124,6,4,240,4,0,0,0,PortScan
0,1,20,840,0,0,0,0,DoS-ICMP
57779,6,5,290,5,5,0,0,SSH-Bruteforce
38645,6,7,406,7,7,0,0,SSH-Bruteforce
25512,6,2,120,2,0,0,0,PortScan
80,6,20,1200,20,0,0,0,DoS-SYN-Flood
53184,6,2,120,2,0,0,0,PortScan
32873,6,4,240,4,0,0,0,PortScan
80,17,20,1200,0,0,0,0,DoS-UDP
80,17,20,1200,0,0,0,0,DoS-UDP
0,1,20,840,0,0,0,0,DoS-ICMP
80,6,20,1200,20,0,0,0,DoS-SYN-Flood
56217,6,2,120,2,0,0,0,PortScan
80,6,20,1200,20,0,0,0,DoS-SYN-Flood
36520,17,20,27980,0,0,0,0,BENIGN
0,1,20,1200,0,0,0,0,DoS-ICMP
53,17,20,1627,0,0,0,0,BENIGN
80,17,20,1200,0,0,0,0,DoS-UDP
80,6,20,1200,20,0,0,0,DoS-SYN-Flood
0,1,20,840,0,0,0,0,DoS-ICMP
60886,6,20,27740,0,20,0,0,BENIGN
80,6,20,1200,20,0,0,0,DoS-SYN-Flood
0,1,20,840,0,0,0,0,DoS-ICMP
80,6,20,1200,20,0,0,0,DoS-SYN-Flood
80,6,20,1200,20,0,0,0,DoS-SYN-Flood
38773,6,2,120,2,0,0,0,PortScan
36520,17,20,27980,0,0,0,0,BENIGN
22,6,20,1200,5,0,15,0,SSH-Bruteforce
18992,6,4,240,4,0,0,0,PortScan
80,6,20,1480,20,0,0,0,DoS-HTTP
22,6,20,1200,0,0,20,0,SSH-Bruteforce
62950,6,2,120,2,0,0,0,PortScan
28832,6,8,464,8,8,0,0,SSH-Bruteforce
60009,6,6,348,6,6,0,0,SSH-Bruteforce
80,17,20,1200,0,0,0,0,DoS-UDP
80,6,20,1200,20,0,0,0,DoS-SYN-Flood
0,1,20,1200,0,0,0,0,DoS-ICMP
36954,6,9,522,9,9,0,0,SSH-Bruteforce
80,6,20,1480,20,0,0,0,DoS-HTTP
0,1,20,1200,0,0,0,0,DoS-ICMP
80,17,20,1200,0,0,0,0,DoS-UDP
0,1,20,840,0,0,0,0,DoS-ICMP
80,17,20,1200,0,0,0,0,DoS-UDP
80,6,20,1480,20,0,0,0,DoS-HTTP
80,6,20,1480,20,0,0,0,DoS-HTTP
44620,6,2,120,2,0,0,0,PortScan
0,1,20,840,0,0,0,0,DoS-ICMP
80,6,20,1200,20,0,0,0,DoS-SYN-Flood
80,17,20,1200,0,0,0,0,DoS-UDP
80,6,20,1480,20,0,0,0,DoS-HTTP
80,6,20,1480,20,0,0,0,DoS-HTTP
57006,6,9,522,9,9,0,0,SSH-Bruteforce
41,6,4,240,4,0,0,0,PortScan
19377,6,2,120,2,0,0,0,PortScan
80,6,20,1480,20,0,0,0,DoS-HTTP
59071,6,9,522,9,9,0,0,SSH-Bruteforce
47822,6,20,29400,0,20,0,0,BENIGN
80,6,20,1480,20,0,0,0,DoS-HTTP
80,17,20,1200,0,0,0,0,DoS-UDP
0,1,20,1200,0,0,0,0,DoS-ICMP
80,6,20,1200,20,0,0,0,DoS-SYN-Flood
80,17,20,1200,0,0,0,0,DoS-UDP
52303,6,6,348,6,6,0,0,SSH-Bruteforce
80,6,20,1200,20,0,0,0,DoS-SYN-Flood
0,1,20,1200,0,0,0,0,DoS-ICMP
80,6,20,1200,20,0,0,0,DoS-SYN-Flood
55755,6,2,120,2,0,0,0,PortScan
80,6,20,1480,20,0,0,0,DoS-HTTP
80,6,20,1200,20,0,0,0,DoS-SYN-Flood
80,17,20,1200,0,0,0,0,DoS-UDP
25525,6,2,120,2,0,0,0,PortScan
80,6,20,1480,20,0,0,0,DoS-HTTP
0,1,20,1200,0,0,0,0,DoS-ICMP
80,17,20,1200,0,0,0,0,DoS-UDP
80,6,20,1480,20,0,0,0,DoS-HTTP
80,17,20,1200,0,0,0,0,DoS-UDP
0,1,20,840,0,0,0,0,DoS-ICMP
80,17,20,1200,0,0,0,0,DoS-UDP
80,17,20,1200,0,0,0,0,DoS-UDP
42060,6,2,120,2,0,0,0,PortScan
0,1,20,840,0,0,0,0,DoS-ICMP
80,6,20,1200,20,0,0,0,DoS-SYN-Flood
39756,6,4,240,4,0,0,0,PortScan
80,17,20,1200,0,0,0,0,DoS-UDP
80,17,20,1200,0,0,0,0,DoS-UDP
56823,6,10,580,10,10,0,0,SSH-Bruteforce
0,1,20,1200,0,0,0,0,DoS-ICMP
0,1,20,840,0,0,0,0,DoS-ICMP
22,6,20,1200,0,0,20,0,SSH-Bruteforce
61715,6,5,290,5,5,0,0,SSH-Bruteforce
0,1,20,1200,0,0,0,0,DoS-ICMP
0,1,20,840,0,0,0,0,DoS-ICMP
80,6,20,1200,20,0,0,0,DoS-SYN-Flood
0,1,20,840,0,0,0,0,DoS-ICMP
49901,6,4,240,4,0,0,0,PortScan
80,6,20,1200,20,0,0,0,DoS-SYN-Flood
0,1,20,840,0,0,0,0,DoS-ICMP
80,6,20,1480,20,0,0,0,DoS-HTTP
30626,6,2,120,2,0,0,0,PortScan
24752,6,2,120,2,0,0,0,PortScan
80,6,20,1200,20,0,0,0,DoS-SYN-Flood
80,17,20,1200,0,0,0,0,DoS-UDP
42440,17,20,27980,0,0,0,0,BENIGN
80,6,20,1480,20,0,0,0,DoS-HTTP
80,17,20,1200,0,0,0,0,DoS-UDP
22,6,20,1200,1,0,19,0,SSH-Bruteforce
80,17,20,1200,0,0,0,0,DoS-UDP
0,1,20,840,0,0,0,0,DoS-ICMP
36969,6,2,120,2,0,0,0,PortScan
58369,17,19,8599,0,0,0,0,BENIGN
33267,6,7,406,7,7,0,0,SSH-Bruteforce
0,1,20,840,0,0,0,0,DoS-ICMP
29908,6,2,120,2,0,0,0,PortScan
0,1,20,1200,0,0,0,0,DoS-ICMP
0,1,20,840,0,0,0,0,DoS-ICMP
80,6,20,1480,20,0,0,0,DoS-HTTP
80,6,20,1200,20,0,0,0,DoS-SYN-Flood
80,17,20,1200,0,0,0,0,DoS-UDP
80,6,20,1200,20,0,0,0,DoS-SYN-Flood
30693,6,2,120,2,0,0,0,PortScan
80,6,20,1200,20,0,0,0,DoS-SYN-Flood
34981,6,2,120,2,0,0,0,PortScan
80,17,20,1200,0,0,0,0,DoS-UDP
80,17,20,1200,0,0,0,0,DoS-UDP
44799,6,8,464,8,8,0,0,SSH-Bruteforce
0,1,20,1200,0,0,0,0,DoS-ICMP
80,17,20,1200,0,0,0,0,DoS-UDP
31990,6,8,464,8,8,0,0,SSH-Bruteforce
3993,6,4,240,4,0,0,0,PortScan
0,1,20,840,0,0,0,0,DoS-ICMP
7346,6,7,406,7,7,0,0,SSH-Bruteforce
22,6,20,1200,5,0,15,0,SSH-Bruteforce
64191,6,5,290,5,5,0,0,SSH-Bruteforce
55360,6,2,120,2,0,0,0,PortScan
80,17,20,1200,0,0,0,0,DoS-UDP
80,6,20,1480,20,0,0,0,DoS-HTTP
80,6,20,1480,20,0,0,0,DoS-HTTP
22,6,20,1200,20,0,0,0,SSH-Bruteforce
80,17,20,1200,0,0,0,0,DoS-UDP
0,1,20,1200,0,0,0,0,DoS-ICMP
80,17,20,1200,0,0,0,0,DoS-UDP
80,6,20,1200,20,0,0,0,DoS-SYN-Flood
22,6,20,1200,13,0,7,0,SSH-Bruteforce
51028,6,2,120,2,0,0,0,PortScan
22,6,20,1200,0,0,20,0,SSH-Bruteforce
80,17,20,1200,0,0,0,0,DoS-UDP
80,6,20,1480,20,0,0,0,DoS-HTTP
0,1,20,840,0,0,0,0,DoS-ICMP
80,6,20,1200,20,0,0,0,DoS-SYN-Flood
53875,6,2,120,2,0,0,0,PortScan
22,6,20,1200,20,0,0,0,SSH-Bruteforce
80,6,20,1200,20,0,0,0,DoS-SYN-Flood
80,6,20,1480,20,0,0,0,DoS-HTTP
22320,6,7,406,7,7,0,0,SSH-Bruteforce
0,1,20,1200,0,0,0,0,DoS-ICMP
22,6,20,1200,20,0,0,0,SSH-Bruteforce
80,6,20,1480,20,0,0,0,DoS-HTTP
80,17,20,1200,0,0,0,0,DoS-UDP
80,6,20,1200,20,0,0,0,DoS-SYN-Flood
0,1,20,840,0,0,0,0,DoS-ICMP
33190,6,6,348,6,6,0,0,SSH-Bruteforce
0,1,20,1200,0,0,0,0,DoS-ICMP
80,6,20,1480,20,0,0,0,DoS-HTTP
26727,6,2,120,2,0,0,0,PortScan
0,1,20,840,0,0,0,0,DoS-ICMP
3773,6,6,348,6,6,0,0,SSH-Bruteforce
22,6,20,1200,1,0,19,0,SSH-Bruteforce
22,6,20,1200,18,0,2,0,SSH-Bruteforce
0,1,20,1200,0,0,0,0,DoS-ICMP
39260,6,2,120,2,0,0,0,PortScan
13573,6,10,580,10,10,0,0,SSH-Bruteforce
80,6,20,1480,20,0,0,0,DoS-HTTP
80,17,20,1200,0,0,0,0,DoS-UDP
44231,6,2,120,2,0,0,0,PortScan
80,6,20,1480,20,0,0,0,DoS-HTTP
61574,6,4,232,4,4,0,0,SSH-Bruteforce
22,6,20,1200,20,0,0,0,SSH-Bruteforce
5353,17,20,3357,0,0,0,0,DoS-HTTP
50118,6,2,120,2,0,0,0,PortScan
443,6,20,1200,0,20,0,0,BENIGN
22,6,20,1200,20,0,0,0,SSH-Bruteforce
22,6,20,1200,9,0,11,0,SSH-Bruteforce
58606,6,7,406,7,7,0,0,SSH-Bruteforce
80,17,20,1200,0,0,0,0,DoS-UDP
63573,6,2,120,2,0,0,0,PortScan
80,6,20,1480,20,0,0,0,DoS-HTTP
0,1,20,1200,0,0,0,0,DoS-ICMP
0,1,20,840,0,0,0,0,DoS-ICMP
62893,6,2,120,2,0,0,0,PortScan
80,6,20,1200,20,0,0,0,DoS-SYN-Flood
0,1,20,1200,0,0,0,0,DoS-ICMP
80,6,20,1480,20,0,0,0,DoS-HTTP
80,6,20,1480,20,0,0,0,DoS-HTTP
60886,6,20,27740,0,20,0,0,BENIGN
80,6,20,1200,20,0,0,0,DoS-SYN-Flood
80,6,20,1480,20,0,0,0,DoS-HTTP
0,1,20,840,0,0,0,0,DoS-ICMP
80,6,20,1200,20,0,0,0,DoS-SYN-Flood
0,1,20,1200,0,0,0,0,DoS-ICMP
80,17,20,1200,0,0,0,0,DoS-UDP
80,6,20,1480,20,0,0,0,DoS-HTTP
80,6,20,1480,20,0,0,0,DoS-HTTP
80,6,20,1200,20,0,0,0,DoS-SYN-Flood
80,6,20,1480,20,0,0,0,DoS-HTTP
59653,6,4,240,4,0,0,0,PortScan
80,6,20,1480,20,0,0,0,DoS-HTTP
80,17,20,1200,0,0,0,0,DoS-UDP
36520,17,20,27980,0,0,0,0,BENIGN
22,6,20,1200,1,0,19,0,SSH-Bruteforce
80,17,20,1200,0,0,0,0,DoS-UDP
80,6,20,1480,20,0,0,0,DoS-HTTP
35271,6,10,580,10,10,0,0,SSH-Bruteforce
0,1,20,1200,0,0,0,0,DoS-ICMP
40369,6,2,120,2,0,0,0,PortScan
80,6,20,1480,20,0,0,0,DoS-HTTP
80,6,20,1200,20,0,0,0,DoS-SYN-Flood
32181,6,8,464,8,8,0,0,SSH-Bruteforce
3407,6,4,240,4,0,0,0,PortScan
80,6,20,1480,20,0,0,0,DoS-HTTP
62406,6,4,240,4,0,0,0,PortScan
80,17,20,1200,0,0,0,0,DoS-UDP
9654,6,6,348,6,6,0,0,SSH-Bruteforce
48806,17,20,15302,0,0,0,0,BENIGN
12343,6,7,406,7,7,0,0,SSH-Bruteforce
41412,6,11,638,11,11,0,0,SSH-Bruteforce
43363,6,2,120,2,0,0,0,PortScan
14768,6,6,360,6,0,0,0,PortScan
0,1,20,840,0,0,0,0,DoS-ICMP
25098,6,2,120,2,0,0,0,PortScan
80,6,20,1200,20,0,0,0,DoS-SYN-Flood
80,17,20,1200,0,0,0,0,DoS-UDP
47822,6,20,29279,0,20,0,0,BENIGN
17465,6,2,120,2,0,0,0,PortScan
0,1,20,1200,0,0,0,0,DoS-ICMP
80,6,20,1200,20,0,0,0,DoS-SYN-Flood
80,6,20,1200,20,0,0,0,DoS-SYN-Flood
0,1,20,1200,0,0,0,0,DoS-ICMP
80,6,20,1200,20,0,0,0,DoS-SYN-Flood
16528,6,2,120,2,0,0,0,PortScan
33240,6,20,29200,0,20,0,0,BENIGN
80,6,20,1200,20,0,0,0,DoS-SYN-Flood
443,17,20,9226,0,0,0,0,BENIGN
24253,6,4,240,4,0,0,0,PortScan
0,1,20,1200,0,0,0,0,DoS-ICMP
80,17,20,1200,0,0,0,0,DoS-UDP
80,6,20,1480,20,0,0,0,DoS-HTTP
80,6,20,1480,20,0,0,0,DoS-HTTP
22,6,20,1200,0,0,20,0,SSH-Bruteforce
33814,6,7,406,7,7,0,0,SSH-Bruteforce
28242,6,2,120,2,0,0,0,PortScan
30522,6,2,120,2,0,0,0,PortScan
0,1,20,840,0,0,0,0,DoS-ICMP
80,17,20,1200,0,0,0,0,DoS-UDP
80,6,20,1480,20,0,0,0,DoS-HTTP
36520,17,20,27980,0,0,0,0,BENIGN
80,6,20,1480,20,0,0,0,DoS-HTTP
22,6,20,1200,0,0,20,0,SSH-Bruteforce
14334,6,6,360,6,0,0,0,PortScan
0,1,20,840,0,0,0,0,DoS-ICMP
80,6,20,1480,20,0,0,0,DoS-HTTP
80,6,20,1480,20,0,0,0,DoS-HTTP
3675,6,4,240,4,0,0,0,PortScan
80,6,20,1480,20,0,0,0,DoS-HTTP
80,6,20,1480,20,0,0,0,DoS-HTTP
9977,6,4,240,4,0,0,0,PortScan
9048,6,5,290,5,5,0,0,SSH-Bruteforce
80,17,20,1200,0,0,0,0,DoS-UDP
80,17,20,1200,0,0,0,0,DoS-UDP
24636,6,5,290,5,5,0,0,SSH-Bruteforce
33540,17,2,212,0,0,0,0,BENIGN
49551,6,4,240,4,0,0,0,PortScan
36208,6,4,240,4,0,0,0,PortScan
80,6,20,1480,20,0,0,0,DoS-HTTP
80,17,20,1200,0,0,0,0,DoS-UDP
61527,6,6,348,6,6,0,0,SSH-Bruteforce
80,17,20,1200,0,0,0,0,DoS-UDP
80,6,20,1480,20,0,0,0,DoS-HTTP
80,6,20,1200,20,0,0,0,DoS-SYN-Flood
0,1,20,840,0,0,0,0,DoS-ICMP
2718,6,4,240,4,0,0,0,PortScan
0,1,20,840,0,0,0,0,DoS-ICMP
0,1,20,1200,0,0,0,0,DoS-ICMP
80,6,20,1480,20,0,0,0,DoS-HTTP
80,6,20,1480,20,0,0,0,DoS-HTTP
22,6,20,1200,0,0,20,0,SSH-Bruteforce
80,6,20,1480,20,0,0,0,DoS-HTTP
42440,17,20,27980,0,0,0,0,BENIGN
80,17,20,1200,0,0,0,0,DoS-UDP
80,6,20,1200,20,0,0,0,DoS-SYN-Flood
0,1,20,840,0,0,0,0,DoS-ICMP
19952,6,4,240,4,0,0,0,PortScan
80,6,20,1200,20,0,0,0,DoS-SYN-Flood
80,6,20,1480,20,0,0,0,DoS-HTTP
22,6,20,1200,20,0,0,0,SSH-Bruteforce
80,17,20,1200,0,0,0,0,DoS-UDP
57526,6,1,58,1,1,0,0,PortScan
80,6,20,1480,20,0,0,0,DoS-HTTP
80,6,20,1480,20,0,0,0,DoS-HTTP
22,6,20,1200,0,0,20,0,SSH-Bruteforce
53479,6,2,120,2,0,0,0,PortScan
54586,6,4,240,4,0,0,0,PortScan
0,1,20,1200,0,0,0,0,DoS-ICMP
80,17,20,1200,0,0,0,0,DoS-UDP
80,17,20,1200,0,0,0,0,DoS-UDP
0,1,20,840,0,0,0,0,DoS-ICMP
29525,6,2,120,2,0,0,0,PortScan
23556,6,5,290,5,5,0,0,SSH-Bruteforce
0,1,20,1200,0,0,0,0,DoS-ICMP
80,6,20,1480,20,0,0,0,DoS-HTTP
4250,6,8,464,8,8,0,0,SSH-Bruteforce
37345,6,2,120,2,0,0,0,PortScan
80,17,20,1200,0,0,0,0,DoS-UDP
80,6,20,1480,20,0,0,0,DoS-HTTP
80,6,20,1200,20,0,0,0,DoS-SYN-Flood
80,6,20,1200,20,0,0,0,DoS-SYN-Flood
0,1,20,840,0,0,0,0,DoS-ICMP
80,6,20,1480,20,0,0,0,DoS-HTTP
29127,6,5,290,5,5,0,0,SSH-Bruteforce
80,17,20,1200,0,0,0,0,DoS-UDP
45847,6,4,240,4,0,0,0,PortScan
63531,6,2,120,2,0,0,0,PortScan
80,6,20,1200,20,0,0,0,DoS-SYN-Flood
80,17,20,1200,0,0,0,0,DoS-UDP
80,6,20,1200,20,0,0,0,DoS-SYN-Flood
80,6,20,1480,20,0,0,0,DoS-HTTP
80,6,20,1200,20,0,0,0,DoS-SYN-Flood
80,6,20,1480,20,0,0,0,DoS-HTTP
61791,6,2,120,2,0,0,0,PortScan
80,6,20,1480,20,0,0,0,DoS-HTTP
80,6,20,1200,20,0,0,0,DoS-SYN-Flood
36520,17,20,27980,0,0,0,0,BENIGN
64925,6,2,120,2,0,0,0,PortScan
80,6,20,1200,20,0,0,0,DoS-SYN-Flood
5511,6,8,464,8,8,0,0,SSH-Bruteforce
80,6,20,1200,20,0,0,0,DoS-SYN-Flood
80,6,20,1480,20,0,0,0,DoS-HTTP
80,6,20,1480,20,0,0,0,DoS-HTTP
80,17,20,1200,0,0,0,0,DoS-UDP
39902,17,20,27980,0,0,0,0,BENIGN
10223,6,9,522,9,9,0,0,SSH-Bruteforce
80,17,20,1200,0,0,0,0,DoS-UDP
27669,6,4,240,4,0,0,0,PortScan
80,17,20,1200,0,0,0,0,DoS-UDP
0,1,20,840,0,0,0,0,DoS-ICMP
22,6,20,1200,0,0,20,0,SSH-Bruteforce
10871,6,6,360,6,0,0,0,PortScan
80,6,20,1480,20,0,0,0,DoS-HTTP
80,6,20,1480,20,0,0,0,DoS-HTTP
80,6,20,1480,20,0,0,0,DoS-HTTP
80,17,20,1200,0,0,0,0,DoS-UDP
80,6,20,1200,20,0,0,0,DoS-SYN-Flood
80,17,20,1200,0,0,0,0,DoS-UDP
0,1,20,840,0,0,0,0,DoS-ICMP
63029,6,2,120,2,0,0,0,PortScan
41696,6,4,240,4,0,0,0,PortScan
29775,6,2,120,2,0,0,0,PortScan
80,6,20,1200,20,0,0,0,DoS-SYN-Flood
80,6,20,1200,20,0,0,0,DoS-SYN-Flood
80,6,20,1200,20,0,0,0,DoS-SYN-Flood
22,6,20,1200,7,0,13,0,SSH-Bruteforce
80,6,20,1200,20,0,0,0,DoS-SYN-Flood
80,6,20,1480,20,0,0,0,DoS-HTTP
22,6,20,1200,12,0,8,0,SSH-Bruteforce
80,6,20,1480,20,0,0,0,DoS-HTTP
9867,6,6,360,6,0,0,0,PortScan
57844,6,2,120,2,0,0,0,PortScan
31419,6,6,348,6,6,0,0,SSH-Bruteforce
6810,6,7,406,7,7,0,0,SSH-Bruteforce
80,6,20,1480,20,0,0,0,DoS-HTTP
0,1,20,840,0,0,0,0,DoS-ICMP
64524,6,5,290,5,5,0,0,SSH-Bruteforce
22,6,20,1200,20,0,0,0,SSH-Bruteforce
19927,6,2,120,2,0,0,0,PortScan
0,1,20,840,0,0,0,0,DoS-ICMP
80,17,20,1200,0,0,0,0,DoS-UDP
80,17,20,1200,0,0,0,0,DoS-UDP
22,6,20,1200,15,0,5,0,SSH-Bruteforce
0,1,20,840,0,0,0,0,DoS-ICMP
0,1,20,1200,0,0,0,0,DoS-ICMP
51139,6,2,120,2,0,0,0,PortScan
59259,6,2,120,2,0,0,0,PortScan
45264,6,2,120,2,0,0,0,PortScan
0,1,20,840,0,0,0,0,DoS-ICMP
46710,6,7,406,7,7,0,0,SSH-Bruteforce
60001,6,5,290,5,5,0,0,SSH-Bruteforce
80,6,20,1200,20,0,0,0,DoS-SYN-Flood
80,6,20,1480,20,0,0,0,DoS-HTTP
80,6,20,1200,20,0,0,0,DoS-SYN-Flood
80,6,20,1480,20,0,0,0,DoS-HTTP
80,6,20,1200,20,0,0,0,DoS-SYN-Flood
80,17,20,1200,0,0,0,0,DoS-UDP
0,1,20,840,0,0,0,0,DoS-ICMP
39902,17,20,27980,0,0,0,0,BENIGN
80,17,20,1200,0,0,0,0,DoS-UDP
80,6,20,1200,20,0,0,0,DoS-SYN-Flood
0,1,20,1200,0,0,0,0,DoS-ICMP
17437,6,4,240,4,0,0,0,PortScan
0,1,20,1200,0,0,0,0,DoS-ICMP
22611,6,2,120,2,0,0,0,PortScan
80,17,20,1200,0,0,0,0,DoS-UDP
57778,6,6,348,6,6,0,0,SSH-Bruteforce
80,17,20,1200,0,0,0,0,DoS-UDP
80,6,20,1200,20,0,0,0,DoS-SYN-Flood
0,1,20,1200,0,0,0,0,DoS-ICMP
80,17,20,1200,0,0,0,0,DoS-UDP
80,17,20,1200,0,0,0,0,DoS-UDP
80,6,20,1200,20,0,0,0,DoS-SYN-Flood
29907,6,2,120,2,0,0,0,PortScan
80,17,20,1200,0,0,0,0,DoS-UDP
13968,6,7,406,7,7,0,0,SSH-Bruteforce
35215,6,8,464,8,8,0,0,SSH-Bruteforce
80,6,20,1480,20,0,0,0,DoS-HTTP
80,17,20,1200,0,0,0,0,DoS-UDP
80,17,20,1200,0,0,0,0,DoS-UDP
80,6,20,1200,20,0,0,0,DoS-SYN-Flood
80,17,20,1200,0,0,0,0,DoS-UDP
15070,6,2,120,2,0,0,0,PortScan
80,17,20,1200,0,0,0,0,DoS-UDP
80,17,20,1200,0,0,0,0,DoS-UDP
80,6,20,1480,20,0,0,0,DoS-HTTP
80,6,20,1200,20,0,0,0,DoS-SYN-Flood
80,6,20,1200,20,0,0,0,DoS-SYN-Flood
0,1,20,1200,0,0,0,0,DoS-ICMP
80,6,20,1480,20,0,0,0,DoS-HTTP
17982,6,10,580,10,10,0,0,SSH-Bruteforce
60328,6,2,120,2,0,0,0,PortScan
80,17,20,1200,0,0,0,0,DoS-UDP
80,17,20,1200,0,0,0,0,DoS-UDP
80,6,20,1200,20,0,0,0,DoS-SYN-Flood
80,6,20,1480,20,0,0,0,DoS-HTTP
80,6,20,1480,20,0,0,0,DoS-HTTP
0,1,20,1200,0,0,0,0,DoS-ICMP
22,6,20,1200,20,0,0,0,SSH-Bruteforce
80,6,20,1200,20,0,0,0,DoS-SYN-Flood
80,17,20,1200,0,0,0,0,DoS-UDP
80,17,20,1200,0,0,0,0,DoS-UDP
80,17,20,1200,0,0,0,0,DoS-UDP
80,6,20,1200,20,0,0,0,DoS-SYN-Flood
26810,6,8,464,8,8,0,0,SSH-Bruteforce
80,6,20,1200,20,0,0,0,DoS-SYN-Flood
80,6,20,1200,20,0,0,0,DoS-SYN-Flood
80,6,20,1480,20,0,0,0,DoS-HTTP
80,6,20,1200,20,0,0,0,DoS-SYN-Flood
46791,6,10,580,10,10,0,0,SSH-Bruteforce
0,1,20,1200,0,0,0,0,DoS-ICMP
0,1,20,1200,0,0,0,0,DoS-ICMP
0,1,20,1200,0,0,0,0,DoS-ICMP
0,1,20,1200,0,0,0,0,DoS-ICMP
80,6,20,1480,20,0,0,0,DoS-HTTP
80,17,20,1200,0,0,0,0,DoS-UDP
22,6,20,1200,0,0,20,0,SSH-Bruteforce
80,6,20,1200,20,0,0,0,DoS-SYN-Flood
80,6,20,1480,20,0,0,0,DoS-HTTP
80,6,20,1200,20,0,0,0,DoS-SYN-Flood
80,6,20,1200,20,0,0,0,DoS-SYN-Flood
65420,6,6,348,6,6,0,0,SSH-Bruteforce
80,6,20,1480,20,0,0,0,DoS-HTTP
80,6,20,1480,20,0,0,0,DoS-HTTP
0,1,20,1200,0,0,0,0,DoS-ICMP
31521,6,4,240,4,0,0,0,PortScan
0,1,20,1200,0,0,0,0,DoS-ICMP
0,1,20,1200,0,0,0,0,DoS-ICMP
80,6,20,1200,20,0,0,0,DoS-SYN-Flood
22,6,20,1200,0,0,20,0,SSH-Bruteforce
22,6,20,1200,3,0,17,0,SSH-Bruteforce
80,17,20,1200,0,0,0,0,DoS-UDP
80,6,20,1480,20,0,0,0,DoS-HTTP
80,6,20,1480,20,0,0,0,DoS-HTTP
80,6,20,1200,20,0,0,0,DoS-SYN-Flood
80,17,20,1200,0,0,0,0,DoS-UDP
80,17,20,1200,0,0,0,0,DoS-UDP
80,17,20,1200,0,0,0,0,DoS-UDP
38611,6,9,522,9,9,0,0,SSH-Bruteforce
80,17,20,1200,0,0,0,0,DoS-UDP
33240,6,20,29080,0,20,0,0,BENIGN
0,1,20,840,0,0,0,0,DoS-ICMP
80,6,20,1480,20,0,0,0,DoS-HTTP
0,1,20,1200,0,0,0,0,DoS-ICMP
80,17,20,1200,0,0,0,0,DoS-UDP
48182,6,2,120,2,0,0,0,PortScan
22,6,20,1200,20,0,0,0,SSH-Bruteforce
22,6,20,1200,20,0,0,0,SSH-Bruteforce
63977,6,4,240,4,0,0,0,PortScan
80,17,20,1200,0,0,0,0,DoS-UDP
80,6,20,1200,20,0,0,0,DoS-SYN-Flood
80,6,20,1480,20,0,0,0,DoS-HTTP
78,6,4,240,4,0,0,0,PortScan
60516,6,20,28739,0,20,0,0,BENIGN
8751,6,7,406,7,7,0,0,SSH-Bruteforce
33068,17,10,7533,0,0,0,0,BENIGN
80,17,20,1200,0,0,0,0,DoS-UDP
36042,6,4,240,4,0,0,0,PortScan
32710,6,2,120,2,0,0,0,PortScan
0,1,20,840,0,0,0,0,DoS-ICMP
28296,6,9,522,9,9,0,0,SSH-Bruteforce
42867,6,2,120,2,0,0,0,PortScan
0,1,20,840,0,0,0,0,DoS-ICMP
0,1,20,840,0,0,0,0,DoS-ICMP
43769,6,2,120,2,0,0,0,PortScan
46259,6,2,120,2,0,0,0,PortScan
80,6,20,1200,20,0,0,0,DoS-SYN-Flood
22617,6,6,348,6,6,0,0,SSH-Bruteforce
20337,6,4,240,4,0,0,0,PortScan
80,17,20,1200,0,0,0,0,DoS-UDP
22,6,20,1200,20,0,0,0,SSH-Bruteforce
443,6,20,2100,0,20,0,0,BENIGN
80,6,20,1480,20,0,0,0,DoS-HTTP
0,1,20,840,0,0,0,0,DoS-ICMP
80,17,20,1200,0,0,0,0,DoS-UDP
0,1,20,1200,0,0,0,0,DoS-ICMP
80,6,20,1200,20,0,0,0,DoS-SYN-Flood
0,1,20,840,0,0,0,0,DoS-ICMP
80,17,20,1200,0,0,0,0,DoS-UDP
53201,6,4,240,4,0,0,0,PortScan
3500,6,4,240,4,0,0,0,PortScan
22,6,20,1200,0,0,20,0,SSH-Bruteforce
0,1,20,1200,0,0,0,0,DoS-ICMP
22,6,20,1200,5,0,15,0,SSH-Bruteforce
35422,6,8,464,8,8,0,0,SSH-Bruteforce
80,6,20,1200,20,0,0,0,DoS-SYN-Flood
80,6,20,1200,20,0,0,0,DoS-SYN-Flood
16457,6,2,120,2,0,0,0,PortScan
0,1,20,1200,0,0,0,0,DoS-ICMP
80,17,20,1200,0,0,0,0,DoS-UDP
20872,6,4,240,4,0,0,0,PortScan
37453,6,4,240,4,0,0,0,PortScan
0,1,20,1200,0,0,0,0,DoS-ICMP
0,1,20,1200,0,0,0,0,DoS-ICMP
80,17,20,1200,0,0,0,0,DoS-UDP
51862,6,2,120,2,0,0,0,PortScan
29526,6,10,580,10,10,0,0,SSH-Bruteforce
23876,6,4,240,4,0,0,0,PortScan
24988,6,4,240,4,0,0,0,PortScan
35854,6,20,23839,0,20,0,0,BENIGN
80,17,20,1200,0,0,0,0,DoS-UDP
80,6,20,1200,20,0,0,0,DoS-SYN-Flood
80,6,20,1200,20,0,0,0,DoS-SYN-Flood
36520,17,20,27980,0,0,0,0,BENIGN
60886,6,20,28601,0,20,0,0,BENIGN
80,6,20,1480,20,0,0,0,DoS-HTTP
80,6,20,1200,20,0,0,0,DoS-SYN-Flood
80,6,20,1200,20,0,0,0,DoS-SYN-Flood
80,6,20,1480,20,0,0,0,DoS-HTTP
61763,6,2,120,2,0,0,0,PortScan
80,17,20,1200,0,0,0,0,DoS-UDP
80,6,20,1200,20,0,0,0,DoS-SYN-Flood
80,6,20,1200,20,0,0,0,DoS-SYN-Flood
80,6,20,1200,20,0,0,0,DoS-SYN-Flood
22,6,20,1200,0,0,20,0,SSH-Bruteforce
80,6,20,1480,20,0,0,0,DoS-HTTP
22,6,20,1200,20,0,0,0,SSH-Bruteforce
80,6,20,1480,20,0,0,0,DoS-HTTP
0,1,20,840,0,0,0,0,DoS-ICMP
36520,17,20,27980,0,0,0,0,BENIGN
80,6,20,1200,20,0,0,0,DoS-SYN-Flood
80,17,20,1200,0,0,0,0,DoS-UDP
80,6,20,1480,20,0,0,0,DoS-HTTP
80,6,20,1200,20,0,0,0,DoS-SYN-Flood
80,17,20,1200,0,0,0,0,DoS-UDP
0,1,20,1200,0,0,0,0,DoS-ICMP
38329,6,4,240,4,0,0,0,PortScan
80,6,20,1200,20,0,0,0,DoS-SYN-Flood
22,6,20,1200,0,0,20,0,SSH-Bruteforce
0,1,20,1200,0,0,0,0,DoS-ICMP
60886,6,20,29020,0,20,0,0,BENIGN
80,6,20,1200,20,0,0,0,DoS-SYN-Flood
0,1,20,840,0,0,0,0,DoS-ICMP
0,1,20,840,0,0,0,0,DoS-ICMP
30498,6,5,290,5,5,0,0,SSH-Bruteforce
80,6,20,1200,20,0,0,0,DoS-SYN-Flood
20592,6,5,290,5,5,0,0,SSH-Bruteforce
52615,6,4,240,4,0,0,0,PortScan
48788,6,3,166,1,3,1,0,BENIGN
46534,6,2,120,2,0,0,0,PortScan
33654,6,9,522,9,9,0,0,SSH-Bruteforce
30794,6,7,406,7,7,0,0,SSH-Bruteforce
0,1,20,840,0,0,0,0,DoS-ICMP
28763,6,4,240,4,0,0,0,PortScan
80,6,20,1480,20,0,0,0,DoS-HTTP
80,6,20,1200,20,0,0,0,DoS-SYN-Flood
0,1,20,840,0,0,0,0,DoS-ICMP
7979,6,4,240,4,0,0,0,PortScan
80,6,20,1480,20,0,0,0,DoS-HTTP
80,17,20,1200,0,0,0,0,DoS-UDP
80,17,20,1200,0,0,0,0,DoS-UDP
80,6,20,1200,20,0,0,0,DoS-SYN-Flood
17130,6,2,120,2,0,0,0,PortScan
80,17,20,1200,0,0,0,0,DoS-UDP
0,1,20,840,0,0,0,0,DoS-ICMP
36520,17,20,27980,0,0,0,0,BENIGN
80,6,20,1200,20,0,0,0,DoS-SYN-Flood
13901,6,6,360,6,0,0,0,PortScan
80,6,20,1480,20,0,0,0,DoS-HTTP
22,6,20,1200,1,0,19,0,SSH-Bruteforce
80,6,20,1480,20,0,0,0,DoS-HTTP
80,6,20,1200,20,0,0,0,DoS-SYN-Flood
80,6,20,1480,20,0,0,0,DoS-HTTP
0,1,20,1200,0,0,0,0,DoS-ICMP
57596,6,2,120,2,0,0,0,PortScan
45251,6,2,120,2,0,0,0,PortScan
0,1,20,840,0,0,0,0,DoS-ICMP
80,6,20,1200,20,0,0,0,DoS-SYN-Flood
80,6,20,1200,20,0,0,0,DoS-SYN-Flood
80,6,20,1200,20,0,0,0,DoS-SYN-Flood
443,6,20,1200,0,20,0,0,BENIGN
9292,6,8,464,8,8,0,0,SSH-Bruteforce
22,6,20,1200,0,0,20,0,SSH-Bruteforce
80,17,20,1200,0,0,0,0,DoS-UDP
0,1,20,1200,0,0,0,0,DoS-ICMP
53064,6,11,638,11,11,0,0,SSH-Bruteforce
80,6,20,1480,20,0,0,0,DoS-HTTP
443,17,20,13702,0,0,0,0,BENIGN
80,17,20,1200,0,0,0,0,DoS-UDP
80,17,20,1200,0,0,0,0,DoS-UDP
51157,6,2,120,2,0,0,0,PortScan
0,1,20,840,0,0,0,0,DoS-ICMP
31561,6,4,240,4,0,0,0,PortScan
80,17,20,1200,0,0,0,0,DoS-UDP
80,6,20,1200,20,0,0,0,DoS-SYN-Flood
30176,6,2,120,2,0,0,0,PortScan
80,6,20,1480,20,0,0,0,DoS-HTTP
51376,6,9,522,9,9,0,0,SSH-Bruteforce
33240,6,20,28360,0,20,0,0,BENIGN
80,6,20,1200,20,0,0,0,DoS-SYN-Flood
0,1,20,840,0,0,0,0,DoS-ICMP
80,6,20,1200,20,0,0,0,DoS-SYN-Flood
51697,6,2,120,2,0,0,0,PortScan
80,17,20,1200,0,0,0,0,DoS-UDP
44625,6,4,240,4,0,0,0,PortScan
22011,6,6,348,6,6,0,0,SSH-Bruteforce
80,6,20,1480,20,0,0,0,DoS-HTTP
36520,17,20,27980,0,0,0,0,BENIGN
33731,6,2,120,2,0,0,0,PortScan
0,1,20,840,0,0,0,0,DoS-ICMP
32820,6,4,240,4,0,0,0,PortScan
54112,6,2,120,2,0,0,0,PortScan
0,1,20,1200,0,0,0,0,DoS-ICMP
7247,6,4,240,4,0,0,0,PortScan
15798,6,9,522,9,9,0,0,SSH-Bruteforce
80,6,20,1480,20,0,0,0,DoS-HTTP
12401,6,8,464,8,8,0,0,SSH-Bruteforce
0,1,20,840,0,0,0,0,DoS-ICMP
0,1,20,840,0,0,0,0,DoS-ICMP
1904,6,4,240,4,0,0,0,PortScan
11554,6,6,360,6,0,0,0,PortScan
0,1,20,840,0,0,0,0,DoS-ICMP
80,6,20,1480,20,0,0,0,DoS-HTTP
80,17,20,1200,0,0,0,0,DoS-UDP
0,1,20,1200,0,0,0,0,DoS-ICMP
80,6,20,1200,20,0,0,0,DoS-SYN-Flood
43678,17,20,27980,0,0,0,0,BENIGN
80,17,20,1200,0,0,0,0,DoS-UDP
80,17,20,1200,0,0,0,0,DoS-UDP
80,6,20,1200,20,0,0,0,DoS-SYN-Flood
0,1,20,840,0,0,0,0,DoS-ICMP
80,6,20,1480,20,0,0,0,DoS-HTTP
42113,6,4,240,4,0,0,0,PortScan
0,1,20,840,0,0,0,0,DoS-ICMP
28955,6,2,120,2,0,0,0,PortScan
41224,6,2,120,2,0,0,0,PortScan
80,6,20,1200,20,0,0,0,DoS-SYN-Flood
80,6,20,1480,20,0,0,0,DoS-HTTP
80,6,20,1480,20,0,0,0,DoS-HTTP
80,6,20,1200,20,0,0,0,DoS-SYN-Flood
0,1,20,840,0,0,0,0,DoS-ICMP
15026,6,4,240,4,0,0,0,PortScan
22,6,20,1200,20,0,0,0,SSH-Bruteforce
80,17,20,1200,0,0,0,0,DoS-UDP
0,1,20,840,0,0,0,0,DoS-ICMP
22,6,20,1200,20,0,0,0,SSH-Bruteforce
80,17,20,1200,0,0,0,0,DoS-UDP
80,6,20,1480,20,0,0,0,DoS-HTTP
443,6,3,231,0,3,0,1,BENIGN
80,17,20,1200,0,0,0,0,DoS-UDP
80,6,20,1480,20,0,0,0,DoS-HTTP
80,17,20,1200,0,0,0,0,DoS-UDP
47822,6,20,29980,0,20,0,0,BENIGN
80,6,20,1480,20,0,0,0,DoS-HTTP
9479,6,3,174,3,3,0,0,SSH-Bruteforce
56846,6,2,120,2,0,0,0,PortScan
80,6,20,1480,20,0,0,0,DoS-HTTP
80,17,20,1200,0,0,0,0,DoS-UDP
0,1,20,840,0,0,0,0,DoS-ICMP
80,17,20,1200,0,0,0,0,DoS-UDP
80,6,20,1200,20,0,0,0,DoS-SYN-Flood
15369,6,2,120,2,0,0,0,PortScan
0,1,20,1200,0,0,0,0,DoS-ICMP
22,6,20,1200,20,0,0,0,SSH-Bruteforce
80,6,20,1200,20,0,0,0,DoS-SYN-Flood
56574,6,4,240,4,0,0,0,PortScan
80,17,20,1200,0,0,0,0,DoS-UDP
80,17,20,1200,0,0,0,0,DoS-UDP
45447,17,20,27980,0,0,0,0,BENIGN
45424,6,20,1593,0,20,0,0,BENIGN
0,1,20,1200,0,0,0,0,DoS-ICMP
36268,17,20,27980,0,0,0,0,BENIGN
80,17,20,1200,0,0,0,0,DoS-UDP
0,1,20,840,0,0,0,0,DoS-ICMP
80,6,20,1200,20,0,0,0,DoS-SYN-Flood
80,6,20,1200,20,0,0,0,DoS-SYN-Flood
80,6,20,1200,20,0,0,0,DoS-SYN-Flood
80,6,20,1200,20,0,0,0,DoS-SYN-Flood
60566,6,7,406,7,7,0,0,SSH-Bruteforce
21663,6,4,240,4,0,0,0,PortScan
80,6,20,1480,20,0,0,0,DoS-HTTP
80,6,20,1200,20,0,0,0,DoS-SYN-Flood
22891,6,5,290,5,5,0,0,SSH-Bruteforce
80,6,20,1200,20,0,0,0,DoS-SYN-Flood
80,6,20,1480,20,0,0,0,DoS-HTTP
64208,6,6,348,6,6,0,0,SSH-Bruteforce
80,6,20,1480,20,0,0,0,DoS-HTTP
0,1,20,840,0,0,0,0,DoS-ICMP
80,6,20,1480,20,0,0,0,DoS-HTTP
80,17,20,1200,0,0,0,0,DoS-UDP
80,6,20,1480,20,0,0,0,DoS-HTTP
0,1,20,840,0,0,0,0,DoS-ICMP
8433,6,9,522,9,9,0,0,SSH-Bruteforce
58932,6,10,580,10,10,0,0,SSH-Bruteforce
80,6,20,1200,20,0,0,0,DoS-SYN-Flood
80,6,20,1480,20,0,0,0,DoS-HTTP
80,17,20,1200,0,0,0,0,DoS-UDP
0,1,20,1200,0,0,0,0,DoS-ICMP
80,6,20,1200,20,0,0,0,DoS-SYN-Flood
80,17,20,1200,0,0,0,0,DoS-UDP
0,1,20,1200,0,0,0,0,DoS-ICMP
80,17,20,1200,0,0,0,0,DoS-UDP
0,1,20,840,0,0,0,0,DoS-ICMP
80,6,20,1200,20,0,0,0,DoS-SYN-Flood
46803,6,2,120,2,0,0,0,PortScan
57489,6,2,120,2,0,0,0,PortScan
80,6,20,1200,20,0,0,0,DoS-SYN-Flood
55266,6,2,120,2,0,0,0,PortScan
0,1,20,1200,0,0,0,0,DoS-ICMP
0,1,20,840,0,0,0,0,DoS-ICMP
80,6,20,1200,20,0,0,0,DoS-SYN-Flood
65183,6,8,464,8,8,0,0,SSH-Bruteforce
39902,17,20,27980,0,0,0,0,BENIGN
80,6,20,1480,20,0,0,0,DoS-HTTP
10753,6,4,240,4,0,0,0,PortScan
22,6,20,1200,1,0,19,0,SSH-Bruteforce
38448,6,2,120,2,0,0,0,PortScan
46568,6,2,120,2,0,0,0,PortScan
80,6,20,1480,20,0,0,0,DoS-HTTP
80,17,20,1200,0,0,0,0,DoS-UDP
35891,6,2,120,2,0,0,0,PortScan
0,1,20,1200,0,0,0,0,DoS-ICMP
7598,6,8,464,8,8,0,0,SSH-Bruteforce
19037,6,6,348,6,6,0,0,SSH-Bruteforce
80,17,20,1200,0,0,0,0,DoS-UDP
80,6,20,1480,20,0,0,0,DoS-HTTP
80,6,20,1480,20,0,0,0,DoS-HTTP
80,6,20,1480,20,0,0,0,DoS-HTTP
22,6,20,1200,0,0,20,0,SSH-Bruteforce
80,6,20,1200,20,0,0,0,DoS-SYN-Flood
80,6,20,1200,20,0,0,0,DoS-SYN-Flood
80,6,20,1200,20,0,0,0,DoS-SYN-Flood
80,6,20,1480,20,0,0,0,DoS-HTTP
33976,6,4,240,4,0,0,0,PortScan
26848,6,4,240,4,0,0,0,PortScan
3815,6,6,360,6,0,0,0,PortScan
57367,6,2,120,2,0,0,0,PortScan
80,6,20,1480,20,0,0,0,DoS-HTTP
0,1,20,1200,0,0,0,0,DoS-ICMP
80,6,20,1480,20,0,0,0,DoS-HTTP
25324,6,2,120,2,0,0,0,PortScan
0,1,20,1200,0,0,0,0,DoS-ICMP
80,6,20,1200,20,0,0,0,DoS-SYN-Flood
80,6,20,1480,20,0,0,0,DoS-HTTP
53624,6,2,120,2,0,0,0,PortScan
0,1,20,1200,0,0,0,0,DoS-ICMP
80,6,20,1200,20,0,0,0,DoS-SYN-Flood
80,6,20,1480,20,0,0,0,DoS-HTTP
80,6,20,1200,20,0,0,0,DoS-SYN-Flood
59427,6,2,120,2,0,0,0,PortScan
80,17,20,1200,0,0,0,0,DoS-UDP
0,1,20,840,0,0,0,0,DoS-ICMP
80,17,20,1200,0,0,0,0,DoS-UDP
80,17,20,1200,0,0,0,0,DoS-UDP
63874,6,4,232,4,4,0,0,SSH-Bruteforce
0,1,20,840,0,0,0,0,DoS-ICMP
22,6,20,1200,0,0,20,0,SSH-Bruteforce
80,6,20,1200,20,0,0,0,DoS-SYN-Flood
60704,6,2,120,2,0,0,0,PortScan
80,6,20,1480,20,0,0,0,DoS-HTTP
43801,6,7,406,7,7,0,0,SSH-Bruteforce
18417,6,4,240,4,0,0,0,PortScan
16374,6,2,120,2,0,0,0,PortScan
80,6,20,1200,20,0,0,0,DoS-SYN-Flood
33240,6,20,29080,0,20,0,0,BENIGN
80,6,20,1480,20,0,0,0,DoS-HTTP
443,6,20,4028,0,20,0,0,BENIGN
80,6,20,1480,20,0,0,0,DoS-HTTP
80,6,20,1480,20,0,0,0,DoS-HTTP
15977,6,4,240,4,0,0,0,PortScan
443,6,20,1200,0,20,0,0,BENIGN
45447,17,20,27980,0,0,0,0,BENIGN
33240,6,20,29080,0,20,0,0,BENIGN
36520,17,20,27980,0,0,0,0,BENIGN
80,6,20,1200,20,0,0,0,DoS-SYN-Flood
80,6,20,1480,20,0,0,0,DoS-HTTP
80,6,20,1200,20,0,0,0,DoS-SYN-Flood
80,6,20,1480,20,0,0,0,DoS-HTTP
80,17,20,1200,0,0,0,0,DoS-UDP
80,17,20,1200,0,0,0,0,DoS-UDP
22,6,20,1200,0,0,20,0,SSH-Bruteforce
636,6,4,232,4,4,0,0,SSH-Bruteforce
80,17,20,1200,0,0,0,0,DoS-UDP
43093,6,8,464,8,8,0,0,SSH-Bruteforce
22,6,20,1200,0,0,20,0,SSH-Bruteforce
45204,6,11,638,11,11,0,0,SSH-Bruteforce
80,6,20,1200,20,0,0,0,DoS-SYN-Flood
22,6,20,1200,20,0,0,0,SSH-Bruteforce
39902,17,20,27980,0,0,0,0,BENIGN
0,1,20,1200,0,0,0,0,DoS-ICMP
21696,6,4,240,4,0,0,0,PortScan
5935,6,11,638,11,11,0,0,SSH-Bruteforce
0,1,20,840,0,0,0,0,DoS-ICMP
80,6,20,1200,20,0,0,0,DoS-SYN-Flood
80,6,20,1480,20,0,0,0,DoS-HTTP
36520,17,20,27980,0,0,0,0,BENIGN
80,17,20,1200,0,0,0,0,DoS-UDP
55393,6,2,120,2,0,0,0,PortScan
3160,6,6,360,6,0,0,0,PortScan
19721,6,4,240,4,0,0,0,PortScan
0,1,20,840,0,0,0,0,DoS-ICMP
80,6,20,1480,20,0,0,0,DoS-HTTP
80,6,20,1480,20,0,0,0,DoS-HTTP
20174,6,2,120,2,0,0,0,PortScan
80,6,20,1480,20,0,0,0,DoS-HTTP
80,6,20,1200,20,0,0,0,DoS-SYN-Flood
37363,6,2,120,2,0,0,0,PortScan
51557,6,4,240,4,0,0,0,PortScan
0,1,20,1200,0,0,0,0,DoS-ICMP
0,1,20,1200,0,0,0,0,DoS-ICMP
80,6,20,1200,20,0,0,0,DoS-SYN-Flood
80,6,20,1200,20,0,0,0,DoS-SYN-Flood
80,17,20,1200,0,0,0,0,DoS-UDP
59486,6,9,522,9,9,0,0,SSH-Bruteforce
45247,6,4,240,4,0,0,0,PortScan
80,6,20,1480,20,0,0,0,DoS-HTTP
0,1,20,840,0,0,0,0,DoS-ICMP
80,6,20,1480,20,0,0,0,DoS-HTTP
80,17,20,1200,0,0,0,0,DoS-UDP
0,1,20,1200,0,0,0,0,DoS-ICMP
23177,6,8,464,8,8,0,0,SSH-Bruteforce
0,1,20,1200,0,0,0,0,DoS-ICMP
80,6,20,1200,20,0,0,0,DoS-SYN-Flood
80,6,20,1480,20,0,0,0,DoS-HTTP
80,17,20,1200,0,0,0,0,DoS-UDP
80,17,20,1200,0,0,0,0,DoS-UDP
80,6,20,1200,20,0,0,0,DoS-SYN-Flood
80,17,20,1200,0,0,0,0,DoS-UDP
80,17,20,1200,0,0,0,0,DoS-UDP
80,17,20,1200,0,0,0,0,DoS-UDP
80,6,20,1200,20,0,0,0,DoS-SYN-Flood
22,6,20,1200,20,0,0,0,SSH-Bruteforce
80,6,20,1200,20,0,0,0,DoS-SYN-Flood
0,1,20,840,0,0,0,0,DoS-ICMP
80,6,20,1480,20,0,0,0,DoS-HTTP
0,1,20,1200,0,0,0,0,DoS-ICMP
80,17,20,1200,0,0,0,0,DoS-UDP
80,17,20,1200,0,0,0,0,DoS-UDP
80,17,20,1200,0,0,0,0,DoS-UDP
80,6,20,1200,20,0,0,0,DoS-SYN-Flood
80,6,20,1200,20,0,0,0,DoS-SYN-Flood
46467,6,2,120,2,0,0,0,PortScan
33240,6,20,28960,0,20,0,0,BENIGN
25945,6,4,240,4,0,0,0,PortScan
80,6,20,1480,20,0,0,0,DoS-HTTP
52048,6,4,240,4,0,0,0,PortScan
31538,6,7,406,7,7,0,0,SSH-Bruteforce
59646,6,20,27380,0,20,0,0,BENIGN
0,1,20,1200,0,0,0,0,DoS-ICMP
58851,6,4,240,4,0,0,0,PortScan
80,6,20,1480,20,0,0,0,DoS-HTTP
0,1,20,1200,0,0,0,0,DoS-ICMP
8340,6,4,240,4,0,0,0,PortScan
31935,6,6,348,6,6,0,0,SSH-Bruteforce
80,6,20,1200,20,0,0,0,DoS-SYN-Flood
80,6,20,1200,20,0,0,0,DoS-SYN-Flood
0,1,20,1200,0,0,0,0,DoS-ICMP
443,17,20,5971,0,0,0,0,BENIGN
80,6,20,1200,20,0,0,0,DoS-SYN-Flood
80,6,20,1480,20,0,0,0,DoS-HTTP
0,1,20,1200,0,0,0,0,DoS-ICMP
49021,6,7,406,7,7,0,0,SSH-Bruteforce
80,6,20,1480,20,0,0,0,DoS-HTTP
80,17,20,1200,0,0,0,0,DoS-UDP
54348,6,2,120,2,0,0,0,PortScan
0,1,20,840,0,0,0,0,DoS-ICMP
35227,6,6,348,6,6,0,0,SSH-Bruteforce
80,6,20,1200,20,0,0,0,DoS-SYN-Flood
11404,6,4,240,4,0,0,0,PortScan
36520,17,20,27980,0,0,0,0,BENIGN
28682,6,4,240,4,0,0,0,PortScan
80,6,20,1480,20,0,0,0,DoS-HTTP
80,17,20,1200,0,0,0,0,DoS-UDP
80,6,20,1200,20,0,0,0,DoS-SYN-Flood
8284,6,4,240,4,0,0,0,PortScan
0,1,20,840,0,0,0,0,DoS-ICMP
8992,6,6,348,6,6,0,0,SSH-Bruteforce
80,6,20,1200,20,0,0,0,DoS-SYN-Flood
59010,6,10,580,10,10,0,0,SSH-Bruteforce
80,17,20,1200,0,0,0,0,DoS-UDP
80,6,20,1480,20,0,0,0,DoS-HTTP
80,17,20,1200,0,0,0,0,DoS-UDP
58856,6,4,240,4,0,0,0,PortScan
80,17,20,1200,0,0,0,0,DoS-UDP
0,1,20,1200,0,0,0,0,DoS-ICMP
0,1,20,1200,0,0,0,0,DoS-ICMP
0,1,20,840,0,0,0,0,DoS-ICMP
80,17,20,1200,0,0,0,0,DoS-UDP
43992,17,20,27980,0,0,0,0,BENIGN
36520,17,20,27980,0,0,0,0,BENIGN
57845,6,12,696,12,12,0,0,SSH-Bruteforce
22,6,20,1200,20,0,0,0,SSH-Bruteforce
80,6,20,1480,20,0,0,0,DoS-HTTP
80,6,20,1200,20,0,0,0,DoS-SYN-Flood
22,6,20,1200,20,0,0,0,SSH-Bruteforce
54829,17,20,27980,0,0,0,0,BENIGN
80,17,20,1200,0,0,0,0,DoS-UDP
0,1,20,840,0,0,0,0,DoS-ICMP
0,1,20,1200,0,0,0,0,DoS-ICMP
4201,6,4,240,4,0,0,0,PortScan
80,6,20,1200,20,0,0,0,DoS-SYN-Flood
80,17,20,1200,0,0,0,0,DoS-UDP
80,17,20,1200,0,0,0,0,DoS-UDP
80,6,20,1480,20,0,0,0,DoS-HTTP
63974,6,2,120,2,0,0,0,PortScan
80,17,20,1200,0,0,0,0,DoS-UDP
80,17,20,1200,0,0,0,0,DoS-UDP
38266,6,2,120,2,0,0,0,PortScan
3404,6,6,360,6,0,0,0,PortScan
19596,6,7,406,7,7,0,0,SSH-Bruteforce
80,6,20,1480,20,0,0,0,DoS-HTTP
3634,6,8,464,8,8,0,0,SSH-Bruteforce
0,1,20,1200,0,0,0,0,DoS-ICMP
80,6,20,1200,20,0,0,0,DoS-SYN-Flood
80,6,20,1480,20,0,0,0,DoS-HTTP
33240,6,20,29560,0,20,0,0,BENIGN
0,1,20,840,0,0,0,0,DoS-ICMP
80,6,20,1480,20,0,0,0,DoS-HTTP
80,17,20,1200,0,0,0,0,DoS-UDP
42834,6,2,120,2,0,0,0,PortScan
80,6,20,1480,20,0,0,0,DoS-HTTP
0,1,20,840,0,0,0,0,DoS-ICMP
80,6,20,1200,20,0,0,0,DoS-SYN-Flood
22,6,20,1200,20,0,0,0,SSH-Bruteforce
0,1,20,1200,0,0,0,0,DoS-ICMP
0,1,20,1200,0,0,0,0,DoS-ICMP
80,17,20,1200,0,0,0,0,DoS-UDP
80,17,20,1200,0,0,0,0,DoS-UDP
2429,6,5,290,5,5,0,0,SSH-Bruteforce
6094,6,4,240,4,0,0,0,PortScan
80,17,20,1200,0,0,0,0,DoS-UDP
80,6,20,1480,20,0,0,0,DoS-HTTP
64177,6,2,120,2,0,0,0,PortScan
80,6,20,1200,20,0,0,0,DoS-SYN-Flood
443,17,7,2007,0,0,0,0,BENIGN
36520,17,20,27980,0,0,0,0,BENIGN
22,6,20,1200,20,0,0,0,SSH-Bruteforce
0,1,20,1200,0,0,0,0,DoS-ICMP
80,6,20,1200,20,0,0,0,DoS-SYN-Flood
80,17,20,1200,0,0,0,0,DoS-UDP
80,6,20,1200,20,0,0,0,DoS-SYN-Flood
0,1,20,1200,0,0,0,0,DoS-ICMP
60534,6,2,120,2,0,0,0,PortScan
80,17,20,1200,0,0,0,0,DoS-UDP
80,6,20,1200,20,0,0,0,DoS-SYN-Flood
80,6,20,1480,20,0,0,0,DoS-HTTP
61090,6,5,290,5,5,0,0,SSH-Bruteforce
80,6,20,1480,20,0,0,0,DoS-HTTP
80,6,20,1480,20,0,0,0,DoS-HTTP
49635,6,8,464,8,8,0,0,SSH-Bruteforce
80,6,20,1200,20,0,0,0,DoS-SYN-Flood
80,17,20,1200,0,0,0,0,DoS-UDP
80,17,20,1200,0,0,0,0,DoS-UDP
80,6,20,1480,20,0,0,0,DoS-HTTP
60886,6,20,29140,0,20,0,0,BENIGN
0,1,20,1200,0,0,0,0,DoS-ICMP
80,6,20,1200,20,0,0,0,DoS-SYN-Flood
80,17,20,1200,0,0,0,0,DoS-UDP
0,1,20,840,0,0,0,0,DoS-ICMP
80,6,20,1480,20,0,0,0,DoS-HTTP
0,1,20,1200,0,0,0,0,DoS-ICMP
80,6,20,1480,20,0,0,0,DoS-HTTP
0,1,20,840,0,0,0,0,DoS-ICMP
0,1,20,1200,0,0,0,0,DoS-ICMP
45704,6,2,120,2,0,0,0,PortScan
80,6,20,1480,20,0,0,0,DoS-HTTP
10246,6,11,638,11,11,0,0,SSH-Bruteforce
80,17,20,1200,0,0,0,0,DoS-UDP
0,1,20,1200,0,0,0,0,DoS-ICMP
80,6,20,1480,20,0,0,0,DoS-HTTP
80,6,20,1200,20,0,0,0,DoS-SYN-Flood
80,17,20,1200,0,0,0,0,DoS-UDP
30995,6,2,120,2,0,0,0,PortScan
49689,6,8,464,8,8,0,0,SSH-Bruteforce
80,6,20,1480,20,0,0,0,DoS-HTTP
80,6,20,1200,20,0,0,0,DoS-SYN-Flood
22,6,20,1200,20,0,0,0,SSH-Bruteforce
80,17,20,1200,0,0,0,0,DoS-UDP
30636,6,2,120,2,0,0,0,PortScan
54746,6,20,29200,0,20,0,0,BENIGN
80,6,20,1480,20,0,0,0,DoS-HTTP
80,17,20,1200,0,0,0,0,DoS-UDP
80,6,20,1200,20,0,0,0,DoS-SYN-Flood
8404,6,9,522,9,9,0,0,SSH-Bruteforce
0,1,20,840,0,0,0,0,DoS-ICMP
61650,6,5,290,5,5,0,0,SSH-Bruteforce
37058,6,2,120,2,0,0,0,PortScan
80,6,20,1480,20,0,0,0,DoS-HTTP
80,6,20,1200,20,0,0,0,DoS-SYN-Flood
80,17,20,1200,0,0,0,0,DoS-UDP
22,6,20,1200,0,0,20,0,SSH-Bruteforce
49270,6,2,120,2,0,0,0,PortScan
22108,6,2,120,2,0,0,0,PortScan
80,6,20,1200,20,0,0,0,DoS-SYN-Flood
22,6,20,1200,0,0,20,0,SSH-Bruteforce
80,17,20,1200,0,0,0,0,DoS-UDP
22803,6,4,240,4,0,0,0,PortScan
80,17,20,1200,0,0,0,0,DoS-UDP
22,6,20,1200,0,0,20,0,SSH-Bruteforce
80,6,20,1480,20,0,0,0,DoS-HTTP
80,17,20,1200,0,0,0,0,DoS-UDP
0,1,20,840,0,0,0,0,DoS-ICMP
80,17,20,1200,0,0,0,0,DoS-UDP
59044,6,4,240,4,0,0,0,PortScan
58652,6,7,406,7,7,0,0,SSH-Bruteforce
80,17,20,1200,0,0,0,0,DoS-UDP
80,6,20,1200,20,0,0,0,DoS-SYN-Flood
80,6,20,1200,20,0,0,0,DoS-SYN-Flood
80,6,20,1200,20,0,0,0,DoS-SYN-Flood
80,6,20,1200,20,0,0,0,DoS-SYN-Flood
22,6,20,1200,13,0,7,0,SSH-Bruteforce
0,1,20,1200,0,0,0,0,DoS-ICMP
0,1,20,1200,0,0,0,0,DoS-ICMP
0,1,20,1200,0,0,0,0,DoS-ICMP
80,6,20,1480,20,0,0,0,DoS-HTTP
80,17,20,1200,0,0,0,0,DoS-UDP
80,6,20,1480,20,0,0,0,DoS-HTTP
80,6,20,1480,20,0,0,0,DoS-HTTP
4656,6,4,240,4,0,0,0,PortScan
80,17,20,1200,0,0,0,0,DoS-UDP
80,6,20,1480,20,0,0,0,DoS-HTTP
80,6,20,1480,20,0,0,0,DoS-HTTP
80,6,20,1200,20,0,0,0,DoS-SYN-Flood
80,6,20,1480,20,0,0,0,DoS-HTTP
46303,6,2,120,2,0,0,0,PortScan
80,6,20,1480,20,0,0,0,DoS-HTTP
80,17,20,1200,0,0,0,0,DoS-UDP
51694,6,4,240,4,0,0,0,PortScan
24880,6,8,464,8,8,0,0,SSH-Bruteforce
4739,6,4,240,4,0,0,0,PortScan
0,1,20,1200,0,0,0,0,DoS-ICMP
20363,6,4,232,4,4,0,0,SSH-Bruteforce
48550,6,7,406,7,7,0,0,SSH-Bruteforce
0,1,20,1200,0,0,0,0,DoS-ICMP
35742,6,2,120,2,0,0,0,PortScan
54882,6,4,240,4,0,0,0,PortScan
43992,17,20,27980,0,0,0,0,BENIGN
80,17,20,1200,0,0,0,0,DoS-UDP
80,6,20,1200,20,0,0,0,DoS-SYN-Flood
0,1,20,840,0,0,0,0,DoS-ICMP
54829,17,20,27980,0,0,0,0,BENIGN
0,1,20,1200,0,0,0,0,DoS-ICMP
80,6,20,1200,20,0,0,0,DoS-SYN-Flood
80,6,20,1200,20,0,0,0,DoS-SYN-Flood
80,17,20,1200,0,0,0,0,DoS-UDP
80,6,20,1480,20,0,0,0,DoS-HTTP
80,17,20,1200,0,0,0,0,DoS-UDP
80,6,20,1480,20,0,0,0,DoS-HTTP
0,1,20,1200,0,0,0,0,DoS-ICMP
80,6,20,1480,20,0,0,0,DoS-HTTP
80,6,20,1480,20,0,0,0,DoS-HTTP
80,17,20,1200,0,0,0,0,DoS-UDP
80,6,20,1200,20,0,0,0,DoS-SYN-Flood
8909,6,8,464,8,8,0,0,SSH-Bruteforce
80,6,20,1480,20,0,0,0,DoS-HTTP
43237,6,7,406,7,7,0,0,SSH-Bruteforce
80,6,20,1480,20,0,0,0,DoS-HTTP
22,6,20,1200,0,0,20,0,SSH-Bruteforce
54188,6,2,120,2,0,0,0,PortScan
0,1,20,1200,0,0,0,0,DoS-ICMP
80,6,20,1480,20,0,0,0,DoS-HTTP
80,17,20,1200,0,0,0,0,DoS-UDP
0,1,20,1200,0,0,0,0,DoS-ICMP
51186,6,2,120,2,0,0,0,PortScan
80,6,20,1200,20,0,0,0,DoS-SYN-Flood
22,6,20,1200,14,0,6,0,SSH-Bruteforce
13539,6,8,464,8,8,0,0,SSH-Bruteforce
5007,6,6,360,6,0,0,0,PortScan
80,17,20,1200,0,0,0,0,DoS-UDP
22,6,20,1200,20,0,0,0,SSH-Bruteforce
52946,6,4,240,4,0,0,0,PortScan
0,1,20,1200,0,0,0,0,DoS-ICMP
0,1,20,1200,0,0,0,0,DoS-ICMP
80,6,20,1200,20,0,0,0,DoS-SYN-Flood
57669,6,4,240,4,0,0,0,PortScan
80,6,20,1200,20,0,0,0,DoS-SYN-Flood
12040,6,5,290,5,5,0,0,SSH-Bruteforce
20388,6,2,120,2,0,0,0,PortScan
80,6,20,1200,20,0,0,0,DoS-SYN-Flood
80,6,20,1200,20,0,0,0,DoS-SYN-Flood
0,1,20,1200,0,0,0,0,DoS-ICMP
80,6,20,1480,20,0,0,0,DoS-HTTP
80,6,20,1480,20,0,0,0,DoS-HTTP
0,1,20,1200,0,0,0,0,DoS-ICMP
443,6,20,2067,1,19,0,0,BENIGN
55840,6,2,120,2,0,0,0,PortScan
80,17,20,1200,0,0,0,0,DoS-UDP
38462,6,4,232,4,4,0,0,SSH-Bruteforce
80,17,20,1200,0,0,0,0,DoS-UDP
80,6,20,1200,20,0,0,0,DoS-SYN-Flood
80,6,20,1200,20,0,0,0,DoS-SYN-Flood
36520,17,20,27980,0,0,0,0,BENIGN
41337,6,10,580,10,10,0,0,SSH-Bruteforce
80,17,20,1200,0,0,0,0,DoS-UDP
2555,6,4,240,4,0,0,0,PortScan
443,6,20,9641,0,20,0,0,BENIGN
0,1,20,840,0,0,0,0,DoS-ICMP
80,17,20,1200,0,0,0,0,DoS-UDP
22,6,20,1200,3,0,17,0,SSH-Bruteforce
45424,6,20,27023,0,20,0,0,BENIGN
20884,6,2,120,2,0,0,0,PortScan
0,1,20,1200,0,0,0,0,DoS-ICMP
0,1,20,840,0,0,0,0,DoS-ICMP
12728,6,11,638,11,11,0,0,SSH-Bruteforce
60119,6,10,580,10,10,0,0,SSH-Bruteforce
80,17,20,1200,0,0,0,0,DoS-UDP
53258,6,20,27881,0,20,0,0,BENIGN
65354,6,7,406,7,7,0,0,SSH-Bruteforce
0,1,20,1200,0,0,0,0,DoS-ICMP
0,1,20,1200,0,0,0,0,DoS-ICMP
80,6,20,1480,20,0,0,0,DoS-HTTP
80,17,20,1200,0,0,0,0,DoS-UDP
31063,6,2,120,2,0,0,0,PortScan
35854,6,20,23889,0,20,0,0,BENIGN
80,17,20,1200,0,0,0,0,DoS-UDP
53272,6,20,27922,0,20,0,0,BENIGN
80,17,20,1200,0,0,0,0,DoS-UDP
17131,6,8,464,8,8,0,0,SSH-Bruteforce
22,6,20,1200,0,0,20,0,SSH-Bruteforce
80,17,20,1200,0,0,0,0,DoS-UDP
0,1,20,840,0,0,0,0,DoS-ICMP
0,1,20,1200,0,0,0,0,DoS-ICMP
62542,6,8,464,8,8,0,0,SSH-Bruteforce
0,1,20,1200,0,0,0,0,DoS-ICMP
22,6,20,1200,13,0,7,0,SSH-Bruteforce
22,6,20,1200,20,0,0,0,SSH-Bruteforce
80,17,20,1200,0,0,0,0,DoS-UDP
80,6,20,1480,20,0,0,0,DoS-HTTP
59397,6,2,120,2,0,0,0,PortScan
80,6,20,1200,20,0,0,0,DoS-SYN-Flood
80,6,20,1480,20,0,0,0,DoS-HTTP
55687,6,6,348,6,6,0,0,SSH-Bruteforce
0,1,20,840,0,0,0,0,DoS-ICMP
0,1,20,840,0,0,0,0,DoS-ICMP
50216,6,4,240,4,0,0,0,PortScan
80,6,20,1480,20,0,0,0,DoS-HTTP
80,6,20,1480,20,0,0,0,DoS-HTTP
80,17,20,1200,0,0,0,0,DoS-UDP
31023,6,6,348,6,6,0,0,SSH-Bruteforce
59646,6,20,28960,0,20,0,0,BENIGN
36520,17,20,27980,0,0,0,0,BENIGN
22,6,20,1200,5,0,15,0,SSH-Bruteforce
0,1,20,1200,0,0,0,0,DoS-ICMP
80,6,20,1480,20,0,0,0,DoS-HTTP
80,6,20,1200,20,0,0,0,DoS-SYN-Flood
80,17,20,1200,0,0,0,0,DoS-UDP
59011,6,4,240,4,0,0,0,PortScan
80,17,20,1200,0,0,0,0,DoS-UDP
80,6,20,1200,20,0,0,0,DoS-SYN-Flood
0,1,20,1200,0,0,0,0,DoS-ICMP
54829,17,20,27980,0,0,0,0,BENIGN
80,17,20,1200,0,0,0,0,DoS-UDP
80,17,20,1200,0,0,0,0,DoS-UDP
0,1,20,840,0,0,0,0,DoS-ICMP
0,1,20,1200,0,0,0,0,DoS-ICMP
80,17,20,1200,0,0,0,0,DoS-UDP
19919,6,4,240,4,0,0,0,PortScan
19006,6,6,348,6,6,0,0,SSH-Bruteforce
18575,6,6,348,6,6,0,0,SSH-Bruteforce
80,17,20,1200,0,0,0,0,DoS-UDP
48576,17,7,3549,0,0,0,0,BENIGN
80,6,20,1200,20,0,0,0,DoS-SYN-Flood
80,6,20,1480,20,0,0,0,DoS-HTTP
80,17,20,1200,0,0,0,0,DoS-UDP
0,1,20,1200,0,0,0,0,DoS-ICMP
80,6,20,1480,20,0,0,0,DoS-HTTP
60216,6,2,120,2,0,0,0,PortScan
1856,6,6,348,6,6,0,0,SSH-Bruteforce
80,17,20,1200,0,0,0,0,DoS-UDP
80,6,20,1200,20,0,0,0,DoS-SYN-Flood
80,6,20,1200,20,0,0,0,DoS-SYN-Flood
40131,6,2,120,2,0,0,0,PortScan
80,6,20,1480,20,0,0,0,DoS-HTTP
80,6,20,1480,20,0,0,0,DoS-HTTP
80,17,20,1200,0,0,0,0,DoS-UDP
0,1,20,1200,0,0,0,0,DoS-ICMP
39902,17,20,27980,0,0,0,0,BENIGN
54829,17,20,17249,0,0,0,0,BENIGN
80,6,20,1200,20,0,0,0,DoS-SYN-Flood
80,6,20,1200,20,0,0,0,DoS-SYN-Flood
0,1,20,1200,0,0,0,0,DoS-ICMP
80,6,20,1200,20,0,0,0,DoS-SYN-Flood
443,17,20,2483,0,0,0,0,BENIGN
80,6,20,1480,20,0,0,0,DoS-HTTP
80,17,20,1200,0,0,0,0,DoS-UDP
0,1,20,840,0,0,0,0,DoS-ICMP
44499,6,2,120,2,0,0,0,PortScan
80,6,20,1480,20,0,0,0,DoS-HTTP
22,6,20,1200,20,0,0,0,SSH-Bruteforce
31440,6,2,120,2,0,0,0,PortScan
80,6,20,1200,20,0,0,0,DoS-SYN-Flood
0,1,20,840,0,0,0,0,DoS-ICMP
80,6,20,1480,20,0,0,0,DoS-HTTP
47774,17,20,26690,0,0,0,0,BENIGN
53308,6,20,28780,0,20,0,0,BENIGN
40616,6,9,522,9,9,0,0,SSH-Bruteforce
22,6,20,1200,0,0,20,0,SSH-Bruteforce
8961,6,6,348,6,6,0,0,SSH-Bruteforce
80,6,20,1200,20,0,0,0,DoS-SYN-Flood
0,1,20,840,0,0,0,0,DoS-ICMP
0,1,20,1200,0,0,0,0,DoS-ICMP
80,6,20,1200,20,0,0,0,DoS-SYN-Flood
0,1,20,1200,0,0,0,0,DoS-ICMP
80,17,20,1200,0,0,0,0,DoS-UDP
0,1,20,840,0,0,0,0,DoS-ICMP
80,6,20,1480,20,0,0,0,DoS-HTTP
80,6,20,1480,20,0,0,0,DoS-HTTP
80,6,20,1480,20,0,0,0,DoS-HTTP
0,1,20,840,0,0,0,0,DoS-ICMP
0,1,20,1200,0,0,0,0,DoS-ICMP
80,6,20,1480,20,0,0,0,DoS-HTTP
38498,6,7,406,7,7,0,0,SSH-Bruteforce
23186,6,2,120,2,0,0,0,PortScan
80,17,20,1200,0,0,0,0,DoS-UDP
80,6,20,1480,20,0,0,0,DoS-HTTP
60662,6,3,174,3,3,0,0,SSH-Bruteforce
80,6,20,1200,20,0,0,0,DoS-SYN-Flood
80,6,20,1200,20,0,0,0,DoS-SYN-Flood
0,1,20,840,0,0,0,0,DoS-ICMP
21397,6,8,464,8,8,0,0,SSH-Bruteforce
80,17,20,1200,0,0,0,0,DoS-UDP
80,6,20,1480,20,0,0,0,DoS-HTTP
64366,6,5,290,5,5,0,0,SSH-Bruteforce
28687,6,6,348,6,6,0,0,SSH-Bruteforce
63295,6,2,120,2,0,0,0,PortScan
0,1,20,840,0,0,0,0,DoS-ICMP
80,6,20,1200,20,0,0,0,DoS-SYN-Flood
80,6,20,1200,20,0,0,0,DoS-SYN-Flood
80,6,20,1200,20,0,0,0,DoS-SYN-Flood
0,1,20,840,0,0,0,0,DoS-ICMP
63250,6,6,348,6,6,0,0,SSH-Bruteforce
80,6,20,1200,20,0,0,0,DoS-SYN-Flood
8576,6,4,240,4,0,0,0,PortScan
22942,6,7,406,7,7,0,0,SSH-Bruteforce
0,1,20,840,0,0,0,0,DoS-ICMP
80,6,17,1920,2,15,0,1,BENIGN
36520,17,20,27980,0,0,0,0,BENIGN
56887,6,6,348,6,6,0,0,SSH-Bruteforce
80,6,20,1200,20,0,0,0,DoS-SYN-Flood
22,6,20,1200,20,0,0,0,SSH-Bruteforce
80,6,20,1200,20,0,0,0,DoS-SYN-Flood
0,1,20,1200,0,0,0,0,DoS-ICMP
29681,6,2,120,2,0,0,0,PortScan
80,6,20,1480,20,0,0,0,DoS-HTTP
80,17,20,1200,0,0,0,0,DoS-UDP
443,17,20,1506,0,0,0,0,BENIGN
61384,6,4,240,4,0,0,0,PortScan
80,6,20,1200,20,0,0,0,DoS-SYN-Flood
80,17,20,1200,0,0,0,0,DoS-UDP
80,6,20,1200,20,0,0,0,DoS-SYN-Flood
80,17,20,1200,0,0,0,0,DoS-UDP
0,1,20,1200,0,0,0,0,DoS-ICMP
80,6,20,1480,20,0,0,0,DoS-HTTP
0,1,20,840,0,0,0,0,DoS-ICMP
0,1,20,1200,0,0,0,0,DoS-ICMP
46415,6,2,120,2,0,0,0,PortScan
80,17,20,1200,0,0,0,0,DoS-UDP
80,6,20,1480,20,0,0,0,DoS-HTTP
80,17,20,1200,0,0,0,0,DoS-UDP
53282,6,2,120,2,0,0,0,PortScan
0,1,20,840,0,0,0,0,DoS-ICMP
80,17,20,1200,0,0,0,0,DoS-UDP
16320,6,4,240,4,0,0,0,PortScan
80,6,20,1200,20,0,0,0,DoS-SYN-Flood
64264,6,8,464,8,8,0,0,SSH-Bruteforce
11616,6,6,348,6,6,0,0,SSH-Bruteforce
80,6,20,1200,20,0,0,0,DoS-SYN-Flood
0,1,20,840,0,0,0,0,DoS-ICMP
24130,6,2,120,2,0,0,0,PortScan
80,17,20,1200,0,0,0,0,DoS-UDP
80,17,20,1200,0,0,0,0,DoS-UDP
0,1,20,1200,0,0,0,0,DoS-ICMP
39251,6,2,120,2,0,0,0,PortScan
80,17,20,1200,0,0,0,0,DoS-UDP
0,1,20,840,0,0,0,0,DoS-ICMP
0,1,20,1200,0,0,0,0,DoS-ICMP
80,6,20,1200,20,0,0,0,DoS-SYN-Flood
80,6,20,1200,20,0,0,0,DoS-SYN-Flood
80,6,20,1480,20,0,0,0,DoS-HTTP
16903,6,7,406,7,7,0,0,SSH-Bruteforce
0,1,20,840,0,0,0,0,DoS-ICMP
22,6,20,1200,20,0,0,0,SSH-Bruteforce
36520,17,20,27980,0,0,0,0,BENIGN
80,6,20,1480,20,0,0,0,DoS-HTTP
80,6,20,1200,20,0,0,0,DoS-SYN-Flood
32200,6,2,120,2,0,0,0,PortScan
80,6,20,1200,20,0,0,0,DoS-SYN-Flood
80,6,20,1480,20,0,0,0,DoS-HTTP
0,1,20,840,0,0,0,0,DoS-ICMP
80,6,20,1200,20,0,0,0,DoS-SYN-Flood
9138,6,5,290,5,5,0,0,SSH-Bruteforce
80,17,20,1200,0,0,0,0,DoS-UDP
0,1,20,1200,0,0,0,0,DoS-ICMP
443,17,20,2721,0,0,0,0,BENIGN
38229,6,4,240,4,0,0,0,PortScan
22,6,20,1200,20,0,0,0,SSH-Bruteforce
36520,17,20,20100,0,0,0,0,BENIGN
80,6,20,1480,20,0,0,0,DoS-HTTP
0,1,20,1200,0,0,0,0,DoS-ICMP
10922,6,4,240,4,0,0,0,PortScan
63,6,4,240,4,0,0,0,PortScan
12887,6,9,522,9,9,0,0,SSH-Bruteforce
44514,6,4,240,4,0,0,0,PortScan
37811,6,4,240,4,0,0,0,PortScan
35854,6,20,26537,0,20,0,0,BENIGN
0,1,20,1200,0,0,0,0,DoS-ICMP
41161,6,2,120,2,0,0,0,PortScan
15528,6,2,120,2,0,0,0,PortScan
0,1,20,840,0,0,0,0,DoS-ICMP
36520,17,20,27980,0,0,0,0,BENIGN
80,6,20,1480,20,0,0,0,DoS-HTTP
80,6,20,1200,20,0,0,0,DoS-SYN-Flood
28307,6,4,240,4,0,0,0,PortScan
10324,6,8,464,8,8,0,0,SSH-Bruteforce
80,6,20,1480,20,0,0,0,DoS-HTTP
80,6,20,1480,20,0,0,0,DoS-HTTP
80,6,20,1200,20,0,0,0,DoS-SYN-Flood
0,1,20,840,0,0,0,0,DoS-ICMP
80,6,20,1200,20,0,0,0,DoS-SYN-Flood
15461,6,2,120,2,0,0,0,PortScan
80,6,20,1200,20,0,0,0,DoS-SYN-Flood
80,6,20,1200,20,0,0,0,DoS-SYN-Flood
0,1,20,1200,0,0,0,0,DoS-ICMP
0,1,20,1200,0,0,0,0,DoS-ICMP
0,1,20,1200,0,0,0,0,DoS-ICMP
80,6,20,1480,20,0,0,0,DoS-HTTP
80,6,20,1480,20,0,0,0,DoS-HTTP
80,6,20,1480,20,0,0,0,DoS-HTTP
6711,6,4,240,4,0,0,0,PortScan
80,17,20,1200,0,0,0,0,DoS-UDP
0,1,20,840,0,0,0,0,DoS-ICMP
8964,6,8,464,8,8,0,0,SSH-Bruteforce
80,17,20,1200,0,0,0,0,DoS-UDP
57222,17,2,234,0,0,0,0,BENIGN
0,1,20,840,0,0,0,0,DoS-ICMP
80,6,20,1480,20,0,0,0,DoS-HTTP
80,17,20,1200,0,0,0,0,DoS-UDP
80,6,20,1200,20,0,0,0,DoS-SYN-Flood
0,1,20,840,0,0,0,0,DoS-ICMP
35331,6,9,522,9,9,0,0,SSH-Bruteforce
80,6,20,1480,20,0,0,0,DoS-HTTP
0,1,20,840,0,0,0,0,DoS-ICMP
80,17,20,1200,0,0,0,0,DoS-UDP
80,6,20,1200,20,0,0,0,DoS-SYN-Flood
45432,6,2,120,2,0,0,0,PortScan
53308,6,20,29020,0,20,0,0,BENIGN
80,6,20,1480,20,0,0,0,DoS-HTTP
80,6,20,1480,20,0,0,0,DoS-HTTP
80,17,20,1200,0,0,0,0,DoS-UDP
80,17,20,1200,0,0,0,0,DoS-UDP
23980,6,2,120,2,0,0,0,PortScan
0,1,20,1200,0,0,0,0,DoS-ICMP
443,6,20,2871,0,20,0,0,BENIGN
80,6,20,1480,20,0,0,0,DoS-HTTP
40242,6,7,406,7,7,0,0,SSH-Bruteforce
0,1,20,1200,0,0,0,0,DoS-ICMP
80,6,20,1480,20,0,0,0,DoS-HTTP
80,6,20,1480,20,0,0,0,DoS-HTTP
0,1,20,840,0,0,0,0,DoS-ICMP
80,17,20,1200,0,0,0,0,DoS-UDP
80,6,20,1480,20,0,0,0,DoS-HTTP
80,17,20,1200,0,0,0,0,DoS-UDP
0,1,20,840,0,0,0,0,DoS-ICMP
60291,6,2,120,2,0,0,0,PortScan
0,1,20,840,0,0,0,0,DoS-ICMP
34270,6,2,120,2,0,0,0,PortScan
80,17,20,1200,0,0,0,0,DoS-UDP
80,17,20,1200,0,0,0,0,DoS-UDP
19797,6,5,290,5,5,0,0,SSH-Bruteforce
80,17,20,1200,0,0,0,0,DoS-UDP
3080,6,8,464,8,8,0,0,SSH-Bruteforce
80,17,20,1200,0,0,0,0,DoS-UDP
80,6,20,1200,20,0,0,0,DoS-SYN-Flood
17268,6,2,120,2,0,0,0,PortScan
80,6,20,1480,20,0,0,0,DoS-HTTP
80,6,20,1200,20,0,0,0,DoS-SYN-Flood
80,6,20,1200,20,0,0,0,DoS-SYN-Flood
80,6,20,1200,20,0,0,0,DoS-SYN-Flood
0,1,20,840,0,0,0,0,DoS-ICMP
53568,6,20,28014,0,20,0,0,BENIGN
80,6,20,1480,20,0,0,0,DoS-HTTP
80,6,20,1480,20,0,0,0,DoS-HTTP
0,1,20,1200,0,0,0,0,DoS-ICMP
36520,17,20,27980,0,0,0,0,BENIGN
80,6,20,1480,20,0,0,0,DoS-HTTP
6085,6,6,360,6,0,0,0,PortScan
80,17,20,1200,0,0,0,0,DoS-UDP
80,17,20,1200,0,0,0,0,DoS-UDP
80,17,20,1200,0,0,0,0,DoS-UDP
80,6,20,1480,20,0,0,0,DoS-HTTP
80,6,20,1200,20,0,0,0,DoS-SYN-Flood
80,17,20,1200,0,0,0,0,DoS-UDP
31489,6,4,240,4,0,0,0,PortScan
21349,6,2,120,2,0,0,0,PortScan
80,6,20,1480,20,0,0,0,DoS-HTTP
80,6,20,1200,20,0,0,0,DoS-SYN-Flood
62112,6,6,348,6,6,0,0,SSH-Bruteforce
46235,6,6,348,6,6,0,0,SSH-Bruteforce
80,6,20,1480,20,0,0,0,DoS-HTTP
61861,6,2,120,2,0,0,0,PortScan
0,1,20,1200,0,0,0,0,DoS-ICMP
11017,6,7,406,7,7,0,0,SSH-Bruteforce
12441,6,6,360,6,0,0,0,PortScan
59948,6,2,120,2,0,0,0,PortScan
80,17,20,1200,0,0,0,0,DoS-UDP
80,6,20,1200,20,0,0,0,DoS-SYN-Flood
80,17,20,1200,0,0,0,0,DoS-UDP
20303,6,4,240,4,0,0,0,PortScan
36520,17,20,27980,0,0,0,0,BENIGN
8300,6,4,240,4,0,0,0,PortScan
33941,6,2,120,2,0,0,0,PortScan
80,17,20,1200,0,0,0,0,DoS-UDP
80,6,20,1480,20,0,0,0,DoS-HTTP
80,17,20,1200,0,0,0,0,DoS-UDP
80,6,20,1480,20,0,0,0,DoS-HTTP
80,17,20,1200,0,0,0,0,DoS-UDP
80,6,20,1480,20,0,0,0,DoS-HTTP
58129,6,4,240,4,0,0,0,PortScan
29506,6,6,348,6,6,0,0,SSH-Bruteforce
80,6,20,1200,20,0,0,0,DoS-SYN-Flood
10675,6,4,240,4,0,0,0,PortScan
80,6,20,1480,20,0,0,0,DoS-HTTP
41670,6,4,240,4,0,0,0,PortScan
80,6,20,1200,20,0,0,0,DoS-SYN-Flood
46529,6,2,120,2,0,0,0,PortScan
80,17,20,1200,0,0,0,0,DoS-UDP
0,1,20,1200,0,0,0,0,DoS-ICMP
80,17,20,1200,0,0,0,0,DoS-UDP
22,6,20,1200,20,0,0,0,SSH-Bruteforce
80,6,20,1480,20,0,0,0,DoS-HTTP
80,6,20,1480,20,0,0,0,DoS-HTTP
10939,6,6,360,6,0,0,0,PortScan
8821,6,5,290,5,5,0,0,SSH-Bruteforce
80,6,20,1480,20,0,0,0,DoS-HTTP
80,6,20,1480,20,0,0,0,DoS-HTTP
80,17,20,1200,0,0,0,0,DoS-UDP
6218,6,4,240,4,0,0,0,PortScan
80,6,20,1200,20,0,0,0,DoS-SYN-Flood
41106,6,12,696,12,12,0,0,SSH-Bruteforce
80,17,20,1200,0,0,0,0,DoS-UDP
80,6,20,1480,20,0,0,0,DoS-HTTP
80,17,20,1200,0,0,0,0,DoS-UDP
22,6,20,1200,20,0,0,0,SSH-Bruteforce
16876,6,4,240,4,0,0,0,PortScan
80,6,20,1200,20,0,0,0,DoS-SYN-Flood
0,1,20,1200,0,0,0,0,DoS-ICMP
80,6,20,1200,20,0,0,0,DoS-SYN-Flood
80,17,20,1200,0,0,0,0,DoS-UDP
22,6,20,1200,0,0,20,0,SSH-Bruteforce
51337,6,4,240,4,0,0,0,PortScan
0,1,20,840,0,0,0,0,DoS-ICMP
80,6,20,1480,20,0,0,0,DoS-HTTP
10587,6,6,360,6,0,0,0,PortScan
80,17,20,1200,0,0,0,0,DoS-UDP
0,1,20,1200,0,0,0,0,DoS-ICMP
60886,6,20,28158,0,20,0,0,BENIGN
80,6,20,1200,20,0,0,0,DoS-SYN-Flood
80,6,20,1480,20,0,0,0,DoS-HTTP
36268,17,20,27980,0,0,0,0,BENIGN
7376,6,8,464,8,8,0,0,SSH-Bruteforce
80,6,20,1480,20,0,0,0,DoS-HTTP
80,6,20,1480,20,0,0,0,DoS-HTTP
60530,6,2,120,2,0,0,0,PortScan
0,1,20,1200,0,0,0,0,DoS-ICMP
22,6,20,1200,0,0,20,0,SSH-Bruteforce
25279,6,6,348,6,6,0,0,SSH-Bruteforce
22,6,20,1200,20,0,0,0,SSH-Bruteforce
80,17,20,1200,0,0,0,0,DoS-UDP
80,6,20,1480,20,0,0,0,DoS-HTTP
33240,6,20,28900,0,20,0,0,BENIGN
80,17,20,1200,0,0,0,0,DoS-UDP
80,6,20,1200,20,0,0,0,DoS-SYN-Flood
0,1,20,1200,0,0,0,0,DoS-ICMP
0,1,20,840,0,0,0,0,DoS-ICMP
63813,6,2,120,2,0,0,0,PortScan
80,6,20,1480,20,0,0,0,DoS-HTTP
28413,6,4,240,4,0,0,0,PortScan
45098,6,4,240,4,0,0,0,PortScan
80,6,20,1480,20,0,0,0,DoS-HTTP
61293,6,4,240,4,0,0,0,PortScan
0,1,20,1200,0,0,0,0,DoS-ICMP
0,1,20,1200,0,0,0,0,DoS-ICMP
80,6,20,1200,20,0,0,0,DoS-SYN-Flood
43598,6,2,120,2,0,0,0,PortScan
26183,6,6,348,6,6,0,0,SSH-Bruteforce
0,1,20,840,0,0,0,0,DoS-ICMP
80,17,20,1200,0,0,0,0,DoS-UDP
41746,6,11,638,11,11,0,0,SSH-Bruteforce
0,1,20,1200,0,0,0,0,DoS-ICMP
80,6,20,1200,20,0,0,0,DoS-SYN-Flood
0,1,20,840,0,0,0,0,DoS-ICMP
80,17,20,1200,0,0,0,0,DoS-UDP
8108,6,4,240,4,0,0,0,PortScan
9882,6,7,406,7,7,0,0,SSH-Bruteforce
80,6,20,1200,20,0,0,0,DoS-SYN-Flood
0,1,20,1200,0,0,0,0,DoS-ICMP
80,17,20,1200,0,0,0,0,DoS-UDP
80,6,20,1480,20,0,0,0,DoS-HTTP
0,1,20,1200,0,0,0,0,DoS-ICMP
80,17,20,1200,0,0,0,0,DoS-UDP
22,6,20,1200,0,0,20,0,SSH-Bruteforce
22,6,20,1200,12,0,8,0,SSH-Bruteforce
80,6,20,1200,20,0,0,0,DoS-SYN-Flood
80,6,20,1480,20,0,0,0,DoS-HTTP
0,1,20,840,0,0,0,0,DoS-ICMP
80,17,20,1200,0,0,0,0,DoS-UDP
80,6,20,1200,20,0,0,0,DoS-SYN-Flood
80,17,20,1200,0,0,0,0,DoS-UDP
61636,6,6,348,6,6,0,0,SSH-Bruteforce
22,6,20,1200,20,0,0,0,SSH-Bruteforce
80,17,20,1200,0,0,0,0,DoS-UDP
0,1,20,1200,0,0,0,0,DoS-ICMP
0,1,20,840,0,0,0,0,DoS-ICMP
0,1,20,1200,0,0,0,0,DoS-ICMP
45154,6,5,290,5,5,0,0,SSH-Bruteforce
58349,6,2,120,2,0,0,0,PortScan
80,6,20,1480,20,0,0,0,DoS-HTTP
80,6,20,1200,20,0,0,0,DoS-SYN-Flood
80,17,20,1200,0,0,0,0,DoS-UDP
80,17,20,1200,0,0,0,0,DoS-UDP
80,17,20,1200,0,0,0,0,DoS-UDP
7357,6,7,406,7,7,0,0,SSH-Bruteforce
80,17,20,1200,0,0,0,0,DoS-UDP
18194,6,2,120,2,0,0,0,PortScan
53308,6,20,29080,0,20,0,0,BENIGN
36520,17,20,27980,0,0,0,0,BENIGN
34544,6,3,166,1,3,1,0,BENIGN
80,6,20,1480,20,0,0,0,DoS-HTTP
60321,6,2,120,2,0,0,0,PortScan
80,6,20,1200,20,0,0,0,DoS-SYN-Flood
22,6,20,1200,4,0,16,0,SSH-Bruteforce
0,1,20,840,0,0,0,0,DoS-ICMP
80,6,20,1200,20,0,0,0,DoS-SYN-Flood
57694,6,7,406,7,7,0,0,SSH-Bruteforce
42960,6,2,120,2,0,0,0,PortScan
44541,6,9,522,9,9,0,0,SSH-Bruteforce
80,17,20,1200,0,0,0,0,DoS-UDP
22,6,20,1200,20,0,0,0,SSH-Bruteforce
80,6,20,1200,20,0,0,0,DoS-SYN-Flood
0,1,20,840,0,0,0,0,DoS-ICMP
47114,6,2,120,2,0,0,0,PortScan
80,6,20,1480,20,0,0,0,DoS-HTTP
35679,6,4,240,4,0,0,0,PortScan
80,6,20,1480,20,0,0,0,DoS-HTTP
80,17,20,1200,0,0,0,0,DoS-UDP
0,1,20,840,0,0,0,0,DoS-ICMP
80,6,20,1200,20,0,0,0,DoS-SYN-Flood
80,6,20,1480,20,0,0,0,DoS-HTTP
80,6,20,1480,20,0,0,0,DoS-HTTP
43992,17,20,27980,0,0,0,0,BENIGN
22,6,20,1200,20,0,0,0,SSH-Bruteforce
0,1,20,1200,0,0,0,0,DoS-ICMP
36785,6,2,120,2,0,0,0,PortScan
58750,6,6,348,6,6,0,0,SSH-Bruteforce
0,1,20,840,0,0,0,0,DoS-ICMP
80,6,20,1200,20,0,0,0,DoS-SYN-Flood
80,17,20,1200,0,0,0,0,DoS-UDP
80,17,20,1200,0,0,0,0,DoS-UDP
80,17,20,1200,0,0,0,0,DoS-UDP
80,17,20,1200,0,0,0,0,DoS-UDP
80,17,20,1200,0,0,0,0,DoS-UDP
80,6,20,1480,20,0,0,0,DoS-HTTP
80,6,20,1480,20,0,0,0,DoS-HTTP
80,6,20,1200,20,0,0,0,DoS-SYN-Flood
80,6,20,1200,20,0,0,0,DoS-SYN-Flood
80,6,20,1200,20,0,0,0,DoS-SYN-Flood
80,6,20,1200,20,0,0,0,DoS-SYN-Flood
0,1,20,1200,0,0,0,0,DoS-ICMP
48115,6,10,580,10,10,0,0,SSH-Bruteforce
80,6,20,1480,20,0,0,0,DoS-HTTP
36520,17,20,27980,0,0,0,0,BENIGN
53765,6,2,120,2,0,0,0,PortScan
0,1,20,1200,0,0,0,0,DoS-ICMP
0,1,20,840,0,0,0,0,DoS-ICMP
22,6,20,1200,0,0,20,0,SSH-Bruteforce
50952,6,2,120,2,0,0,0,PortScan
80,6,20,1200,20,0,0,0,DoS-SYN-Flood
80,6,20,1480,20,0,0,0,DoS-HTTP
80,17,20,1200,0,0,0,0,DoS-UDP
80,6,20,1200,20,0,0,0,DoS-SYN-Flood
20448,6,2,120,2,0,0,0,PortScan
0,1,20,1200,0,0,0,0,DoS-ICMP
61184,6,2,120,2,0,0,0,PortScan
11444,6,6,348,6,6,0,0,SSH-Bruteforce
24387,6,4,240,4,0,0,0,PortScan
80,6,20,1200,20,0,0,0,DoS-SYN-Flood
80,6,20,1480,20,0,0,0,DoS-HTTP
0,1,20,1200,0,0,0,0,DoS-ICMP
80,17,20,1200,0,0,0,0,DoS-UDP
10134,6,4,240,4,0,0,0,PortScan
57922,6,4,240,4,0,0,0,PortScan
41182,6,9,522,9,9,0,0,SSH-Bruteforce
23921,6,4,240,4,0,0,0,PortScan
80,6,20,1200,20,0,0,0,DoS-SYN-Flood
40293,6,7,406,7,7,0,0,SSH-Bruteforce
0,1,20,840,0,0,0,0,DoS-ICMP
80,6,20,1200,20,0,0,0,DoS-SYN-Flood
0,1,20,1200,0,0,0,0,DoS-ICMP
22,6,20,1200,20,0,0,0,SSH-Bruteforce
80,6,20,1200,20,0,0,0,DoS-SYN-Flood
0,1,20,1200,0,0,0,0,DoS-ICMP
22,6,20,1200,0,0,20,0,SSH-Bruteforce
0,1,20,840,0,0,0,0,DoS-ICMP
80,6,20,1200,20,0,0,0,DoS-SYN-Flood
80,6,20,1480,20,0,0,0,DoS-HTTP
80,6,20,1200,20,0,0,0,DoS-SYN-Flood
35854,6,20,28600,0,20,0,0,BENIGN
443,6,20,8229,0,20,0,0,BENIGN
11845,6,5,290,5,5,0,0,SSH-Bruteforce
22,6,20,1200,0,0,20,0,SSH-Bruteforce
80,6,20,1480,20,0,0,0,DoS-HTTP
80,17,20,1200,0,0,0,0,DoS-UDP
41628,6,2,120,2,0,0,0,PortScan
80,17,20,1200,0,0,0,0,DoS-UDP
36520,17,20,27980,0,0,0,0,BENIGN
22434,6,7,406,7,7,0,0,SSH-Bruteforce
0,1,20,840,0,0,0,0,DoS-ICMP
80,17,20,1200,0,0,0,0,DoS-UDP
1841,6,4,240,4,0,0,0,PortScan
0,1,20,1200,0,0,0,0,DoS-ICMP
80,6,20,1200,20,0,0,0,DoS-SYN-Flood
35593,6,4,240,4,0,0,0,PortScan
32357,6,6,348,6,6,0,0,SSH-Bruteforce
80,6,20,1200,20,0,0,0,DoS-SYN-Flood
80,6,20,1200,20,0,0,0,DoS-SYN-Flood
36520,17,20,27980,0,0,0,0,BENIGN
45669,6,4,240,4,0,0,0,PortScan
58865,6,2,120,2,0,0,0,PortScan
3517,6,4,240,4,0,0,0,PortScan
80,6,20,1480,20,0,0,0,DoS-HTTP
40275,6,2,120,2,0,0,0,PortScan
0,1,20,1200,0,0,0,0,DoS-ICMP
80,6,20,1480,20,0,0,0,DoS-HTTP
35066,6,4,240,4,0,0,0,PortScan
80,6,20,1200,20,0,0,0,DoS-SYN-Flood
22,6,20,1200,0,0,20,0,SSH-Bruteforce
2321,6,4,240,4,0,0,0,PortScan
80,17,20,1200,0,0,0,0,DoS-UDP
80,6,20,1480,20,0,0,0,DoS-HTTP
80,6,20,1200,20,0,0,0,DoS-SYN-Flood
0,1,20,840,0,0,0,0,DoS-ICMP
80,6,20,1480,20,0,0,0,DoS-HTTP
22,6,20,1200,10,0,10,0,SSH-Bruteforce
80,6,20,1200,20,0,0,0,DoS-SYN-Flood
80,6,20,1480,20,0,0,0,DoS-HTTP
0,1,20,1200,0,0,0,0,DoS-ICMP
80,17,20,1200,0,0,0,0,DoS-UDP
13465,6,11,638,11,11,0,0,SSH-Bruteforce
59688,6,15,1753,1,15,0,1,BENIGN
22,6,20,1200,8,0,12,0,SSH-Bruteforce
22,6,20,1200,20,0,0,0,SSH-Bruteforce
22,6,20,1200,0,0,20,0,SSH-Bruteforce
57902,6,4,240,4,0,0,0,PortScan
917,6,4,240,4,0,0,0,PortScan
48590,6,6,348,6,6,0,0,SSH-Bruteforce
80,6,20,1480,20,0,0,0,DoS-HTTP
22,6,20,1200,20,0,0,0,SSH-Bruteforce
443,6,20,2143,19,1,0,0,BENIGN
52924,6,6,348,6,6,0,0,SSH-Bruteforce
36318,6,4,240,4,0,0,0,PortScan
0,1,20,840,0,0,0,0,DoS-ICMP
0,1,20,1200,0,0,0,0,DoS-ICMP
80,6,20,1200,20,0,0,0,DoS-SYN-Flood
80,6,20,1480,20,0,0,0,DoS-HTTP
0,1,20,1200,0,0,0,0,DoS-ICMP
80,6,20,1200,20,0,0,0,DoS-SYN-Flood
0,1,20,840,0,0,0,0,DoS-ICMP
80,17,20,1200,0,0,0,0,DoS-UDP
80,6,20,1480,20,0,0,0,DoS-HTTP
33703,17,7,2862,0,0,0,0,BENIGN
80,6,20,1200,20,0,0,0,DoS-SYN-Flood
80,6,20,1200,20,0,0,0,DoS-SYN-Flood
10070,6,8,464,8,8,0,0,SSH-Bruteforce
62239,6,2,120,2,0,0,0,PortScan
0,1,20,1200,0,0,0,0,DoS-ICMP
15539,6,6,348,6,6,0,0,SSH-Bruteforce
56838,6,2,120,2,0,0,0,PortScan
0,1,20,840,0,0,0,0,DoS-ICMP
80,17,20,1200,0,0,0,0,DoS-UDP
80,6,20,1200,20,0,0,0,DoS-SYN-Flood
80,17,20,1200,0,0,0,0,DoS-UDP
22575,6,6,348,6,6,0,0,SSH-Bruteforce
80,6,20,1480,20,0,0,0,DoS-HTTP
2876,6,4,240,4,0,0,0,PortScan
43678,17,20,27980,0,0,0,0,BENIGN
0,1,20,1200,0,0,0,0,DoS-ICMP
80,6,20,1480,20,0,0,0,DoS-HTTP
22,6,20,1200,0,0,20,0,SSH-Bruteforce
80,6,20,1480,20,0,0,0,DoS-HTTP
0,1,20,1200,0,0,0,0,DoS-ICMP
80,6,20,1480,20,0,0,0,DoS-HTTP
0,1,20,1200,0,0,0,0,DoS-ICMP
22,6,20,1200,0,0,20,0,SSH-Bruteforce
80,17,20,1200,0,0,0,0,DoS-UDP
0,1,20,1200,0,0,0,0,DoS-ICMP
7078,6,4,240,4,0,0,0,PortScan
42440,17,20,26786,0,0,0,0,BENIGN
0,1,20,1200,0,0,0,0,DoS-ICMP
80,17,20,1200,0,0,0,0,DoS-UDP
80,6,20,1480,20,0,0,0,DoS-HTTP
80,17,20,1200,0,0,0,0,DoS-UDP
13580,6,4,240,4,0,0,0,PortScan
43678,17,20,27980,0,0,0,0,BENIGN
0,1,20,1200,0,0,0,0,DoS-ICMP
80,6,20,1200,20,0,0,0,DoS-SYN-Flood
10971,6,4,240,4,0,0,0,PortScan
80,6,20,1200,20,0,0,0,DoS-SYN-Flood
80,6,20,1200,20,0,0,0,DoS-SYN-Flood
36520,17,20,27980,0,0,0,0,BENIGN
80,6,20,1480,20,0,0,0,DoS-HTTP
80,6,20,1480,20,0,0,0,DoS-HTTP
17690,6,2,120,2,0,0,0,PortScan
80,6,20,1480,20,0,0,0,DoS-HTTP
80,6,20,1200,20,0,0,0,DoS-SYN-Flood
80,6,20,1200,20,0,0,0,DoS-SYN-Flood
44907,6,6,348,6,6,0,0,SSH-Bruteforce
80,17,20,1200,0,0,0,0,DoS-UDP
34205,6,6,348,6,6,0,0,SSH-Bruteforce
39902,17,20,27980,0,0,0,0,BENIGN
80,6,20,1200,20,0,0,0,DoS-SYN-Flood
34042,6,4,240,4,0,0,0,PortScan
22,6,20,1200,1,0,19,0,SSH-Bruteforce
80,17,20,1200,0,0,0,0,DoS-UDP
0,1,20,1200,0,0,0,0,DoS-ICMP
0,1,20,1200,0,0,0,0,DoS-ICMP
80,17,20,1200,0,0,0,0,DoS-UDP
27055,6,2,120,2,0,0,0,PortScan
43992,17,20,27980,0,0,0,0,BENIGN
80,17,20,1200,0,0,0,0,DoS-UDP
80,17,20,1200,0,0,0,0,DoS-UDP
80,6,20,1480,20,0,0,0,DoS-HTTP
80,17,20,1200,0,0,0,0,DoS-UDP
80,6,20,1480,20,0,0,0,DoS-HTTP
80,17,20,1200,0,0,0,0,DoS-UDP
30124,6,4,240,4,0,0,0,PortScan
9554,6,6,348,6,6,0,0,SSH-Bruteforce
2974,6,4,240,4,0,0,0,PortScan
23119,6,7,406,7,7,0,0,SSH-Bruteforce
80,17,20,1200,0,0,0,0,DoS-UDP
0,1,20,840,0,0,0,0,DoS-ICMP
80,6,20,1480,20,0,0,0,DoS-HTTP
32969,6,2,120,2,0,0,0,PortScan
64720,6,4,240,4,0,0,0,PortScan
80,17,20,1200,0,0,0,0,DoS-UDP
80,6,20,1200,20,0,0,0,DoS-SYN-Flood
0,1,20,1200,0,0,0,0,DoS-ICMP
80,6,20,1480,20,0,0,0,DoS-HTTP
80,6,20,1200,20,0,0,0,DoS-SYN-Flood
80,6,20,1480,20,0,0,0,DoS-HTTP
13194,6,11,638,11,11,0,0,SSH-Bruteforce
0,1,20,1200,0,0,0,0,DoS-ICMP
22,6,20,1200,0,0,20,0,SSH-Bruteforce
80,17,20,1200,0,0,0,0,DoS-UDP
80,6,20,1480,20,0,0,0,DoS-HTTP
22,6,20,1200,0,0,20,0,SSH-Bruteforce
57000,6,6,348,6,6,0,0,SSH-Bruteforce
80,17,20,1200,0,0,0,0,DoS-UDP
22,6,20,1200,0,0,20,0,SSH-Bruteforce
80,6,20,1200,20,0,0,0,DoS-SYN-Flood
80,17,20,1200,0,0,0,0,DoS-UDP
0,1,20,1200,0,0,0,0,DoS-ICMP
0,1,20,1200,0,0,0,0,DoS-ICMP
80,17,20,1200,0,0,0,0,DoS-UDP
80,6,20,1480,20,0,0,0,DoS-HTTP
80,6,20,1480,20,0,0,0,DoS-HTTP
80,17,20,1200,0,0,0,0,DoS-UDP
53308,6,20,29020,0,20,0,0,BENIGN
80,17,20,1200,0,0,0,0,DoS-UDP
22,6,20,1200,19,0,1,0,SSH-Bruteforce
80,6,20,1480,20,0,0,0,DoS-HTTP
6503,6,6,360,6,0,0,0,PortScan
80,6,20,1480,20,0,0,0,DoS-HTTP
51752,6,6,348,6,6,0,0,SSH-Bruteforce
80,17,20,1200,0,0,0,0,DoS-UDP
80,17,20,1200,0,0,0,0,DoS-UDP
0,1,20,1200,0,0,0,0,DoS-ICMP
80,17,20,1200,0,0,0,0,DoS-UDP
54860,6,5,290,5,5,0,0,SSH-Bruteforce
0,1,20,1200,0,0,0,0,DoS-ICMP
47422,6,7,406,7,7,0,0,SSH-Bruteforce
36878,6,2,120,2,0,0,0,PortScan
61607,6,5,290,5,5,0,0,SSH-Bruteforce
80,17,20,1200,0,0,0,0,DoS-UDP
7351,6,7,406,7,7,0,0,SSH-Bruteforce
80,17,20,1200,0,0,0,0,DoS-UDP
80,6,20,1200,20,0,0,0,DoS-SYN-Flood
80,6,20,1480,20,0,0,0,DoS-HTTP
80,6,20,1200,20,0,0,0,DoS-SYN-Flood
80,6,20,1200,20,0,0,0,DoS-SYN-Flood
0,1,20,1200,0,0,0,0,DoS-ICMP
10857,6,8,464,8,8,0,0,SSH-Bruteforce
80,17,20,1200,0,0,0,0,DoS-UDP
80,6,20,1480,20,0,0,0,DoS-HTTP
59398,6,6,348,6,6,0,0,SSH-Bruteforce
80,6,20,1200,20,0,0,0,DoS-SYN-Flood
80,17,20,1200,0,0,0,0,DoS-UDP
0,1,20,1200,0,0,0,0,DoS-ICMP
80,17,20,1200,0,0,0,0,DoS-UDP
0,1,20,1200,0,0,0,0,DoS-ICMP
0,1,20,1200,0,0,0,0,DoS-ICMP
80,6,20,1200,20,0,0,0,DoS-SYN-Flood
80,6,20,1480,20,0,0,0,DoS-HTTP
8795,6,4,240,4,0,0,0,PortScan
45424,6,20,1646,0,20,0,0,BENIGN
80,17,20,1200,0,0,0,0,DoS-UDP
0,1,20,840,0,0,0,0,DoS-ICMP
44542,6,4,240,4,0,0,0,PortScan
53278,6,20,29260,0,20,0,0,BENIGN
80,6,20,1200,20,0,0,0,DoS-SYN-Flood
0,1,20,840,0,0,0,0,DoS-ICMP
35829,6,9,522,9,9,0,0,SSH-Bruteforce
0,1,20,840,0,0,0,0,DoS-ICMP
43678,17,20,27980,0,0,0,0,BENIGN
80,17,20,1200,0,0,0,0,DoS-UDP
80,17,20,1200,0,0,0,0,DoS-UDP
62538,6,6,348,6,6,0,0,SSH-Bruteforce
48165,6,9,522,9,9,0,0,SSH-Bruteforce
51315,6,4,240,4,0,0,0,PortScan
60886,6,20,28960,0,20,0,0,BENIGN
80,6,20,1480,20,0,0,0,DoS-HTTP
60837,6,2,120,2,0,0,0,PortScan
80,6,20,1200,20,0,0,0,DoS-SYN-Flood
80,17,20,1200,0,0,0,0,DoS-UDP
54829,17,20,27980,0,0,0,0,BENIGN
80,17,20,1200,0,0,0,0,DoS-UDP
80,6,20,1200,20,0,0,0,DoS-SYN-Flood
51130,6,2,120,2,0,0,0,PortScan
80,6,16,960,0,16,0,2,BENIGN
29023,6,2,120,2,0,0,0,PortScan
80,6,20,1200,20,0,0,0,DoS-SYN-Flood
64245,6,2,120,2,0,0,0,PortScan
52571,6,2,120,2,0,0,0,PortScan
80,17,20,1200,0,0,0,0,DoS-UDP
20181,6,4,240,4,0,0,0,PortScan
80,6,20,1200,20,0,0,0,DoS-SYN-Flood
80,6,20,1480,20,0,0,0,DoS-HTTP
80,6,20,1480,20,0,0,0,DoS-HTTP
80,6,20,1200,20,0,0,0,DoS-SYN-Flood
46398,17,20,27980,0,0,0,0,BENIGN
80,6,20,1200,20,0,0,0,DoS-SYN-Flood
80,17,20,1200,0,0,0,0,DoS-UDP
80,17,20,1200,0,0,0,0,DoS-UDP
80,17,20,1200,0,0,0,0,DoS-UDP
80,6,20,1200,20,0,0,0,DoS-SYN-Flood
80,17,20,1200,0,0,0,0,DoS-UDP
39914,6,2,120,2,0,0,0,PortScan
22440,6,10,580,10,10,0,0,SSH-Bruteforce
0,1,20,1200,0,0,0,0,DoS-ICMP
80,6,20,1480,20,0,0,0,DoS-HTTP
36520,17,20,27980,0,0,0,0,BENIGN
80,6,20,1480,20,0,0,0,DoS-HTTP
80,17,20,1200,0,0,0,0,DoS-UDP
0,1,20,840,0,0,0,0,DoS-ICMP
80,17,20,1200,0,0,0,0,DoS-UDP
0,1,20,840,0,0,0,0,DoS-ICMP
0,1,20,840,0,0,0,0,DoS-ICMP
80,6,20,1480,20,0,0,0,DoS-HTTP
5389,6,4,240,4,0,0,0,PortScan
80,6,20,1200,20,0,0,0,DoS-SYN-Flood
55601,6,2,120,2,0,0,0,PortScan
33240,6,20,29020,0,20,0,0,BENIGN
32898,6,2,120,2,0,0,0,PortScan
25899,6,8,464,8,8,0,0,SSH-Bruteforce
16035,6,9,522,9,9,0,0,SSH-Bruteforce
80,6,20,1480,20,0,0,0,DoS-HTTP
2883,6,6,360,6,0,0,0,PortScan
0,1,20,840,0,0,0,0,DoS-ICMP
44198,6,6,348,6,6,0,0,SSH-Bruteforce
29632,6,4,240,4,0,0,0,PortScan
80,17,20,1200,0,0,0,0,DoS-UDP
36268,17,20,27980,0,0,0,0,BENIGN
80,6,20,1200,20,0,0,0,DoS-SYN-Flood
0,1,20,840,0,0,0,0,DoS-ICMP
55581,6,2,120,2,0,0,0,PortScan
80,6,20,1480,20,0,0,0,DoS-HTTP
1892,6,8,464,8,8,0,0,SSH-Bruteforce
0,1,20,1200,0,0,0,0,DoS-ICMP
54829,17,20,27980,0,0,0,0,BENIGN
0,1,20,1200,0,0,0,0,DoS-ICMP
80,17,20,1200,0,0,0,0,DoS-UDP
36520,17,20,27980,0,0,0,0,BENIGN
0,1,20,1200,0,0,0,0,DoS-ICMP
80,6,20,1480,20,0,0,0,DoS-HTTP
0,1,20,840,0,0,0,0,DoS-ICMP
22,6,20,1200,20,0,0,0,SSH-Bruteforce
36520,17,20,27980,0,0,0,0,BENIGN
443,6,20,1200,0,20,0,0,BENIGN
80,17,20,1200,0,0,0,0,DoS-UDP
56762,6,2,120,2,0,0,0,PortScan
0,1,20,840,0,0,0,0,DoS-ICMP
80,6,20,1480,20,0,0,0,DoS-HTTP
0,1,20,840,0,0,0,0,DoS-ICMP
80,6,20,1200,20,0,0,0,DoS-SYN-Flood
80,6,20,1200,20,0,0,0,DoS-SYN-Flood
0,1,20,840,0,0,0,0,DoS-ICMP
80,6,20,1200,20,0,0,0,DoS-SYN-Flood
22,6,20,1200,0,0,20,0,SSH-Bruteforce
80,17,20,1200,0,0,0,0,DoS-UDP
0,1,20,1200,0,0,0,0,DoS-ICMP
45831,6,2,120,2,0,0,0,PortScan
63940,6,2,120,2,0,0,0,PortScan
80,6,20,1200,20,0,0,0,DoS-SYN-Flood
0,1,20,1200,0,0,0,0,DoS-ICMP
38622,6,2,120,2,0,0,0,PortScan
0,1,20,840,0,0,0,0,DoS-ICMP
46412,6,8,464,8,8,0,0,SSH-Bruteforce
22,6,20,1200,0,0,20,0,SSH-Bruteforce
80,17,20,1200,0,0,0,0,DoS-UDP
80,17,20,1200,0,0,0,0,DoS-UDP
0,1,20,840,0,0,0,0,DoS-ICMP
80,6,20,1480,20,0,0,0,DoS-HTTP
80,17,20,1200,0,0,0,0,DoS-UDP
80,6,20,1480,20,0,0,0,DoS-HTTP
30923,6,4,240,4,0,0,0,PortScan
0,1,20,840,0,0,0,0,DoS-ICMP
80,17,20,1200,0,0,0,0,DoS-UDP
0,1,20,840,0,0,0,0,DoS-ICMP
80,6,20,1480,20,0,0,0,DoS-HTTP
0,1,20,840,0,0,0,0,DoS-ICMP
0,1,20,1200,0,0,0,0,DoS-ICMP
47575,6,4,240,4,0,0,0,PortScan
33240,6,20,29140,0,20,0,0,BENIGN
80,6,20,1480,20,0,0,0,DoS-HTTP
0,1,20,1200,0,0,0,0,DoS-ICMP
80,6,20,1200,20,0,0,0,DoS-SYN-Flood
57703,6,2,120,2,0,0,0,PortScan
21812,6,7,406,7,7,0,0,SSH-Bruteforce
80,17,20,1200,0,0,0,0,DoS-UDP
80,6,20,1480,20,0,0,0,DoS-HTTP
36520,17,20,27980,0,0,0,0,BENIGN
63303,6,8,464,8,8,0,0,SSH-Bruteforce
31937,6,5,290,5,5,0,0,SSH-Bruteforce
59278,6,2,120,2,0,0,0,PortScan
0,1,20,840,0,0,0,0,DoS-ICMP
59345,6,2,120,2,0,0,0,PortScan
17733,6,5,290,5,5,0,0,SSH-Bruteforce
80,6,20,1480,20,0,0,0,DoS-HTTP
80,6,20,1200,20,0,0,0,DoS-SYN-Flood
80,17,20,1200,0,0,0,0,DoS-UDP
80,6,20,1480,20,0,0,0,DoS-HTTP
80,17,20,1200,0,0,0,0,DoS-UDP
80,17,20,1200,0,0,0,0,DoS-UDP
55456,6,2,120,2,0,0,0,PortScan
0,1,20,1200,0,0,0,0,DoS-ICMP
61882,6,4,232,4,4,0,0,SSH-Bruteforce
80,6,20,1480,20,0,0,0,DoS-HTTP
80,6,20,1200,20,0,0,0,DoS-SYN-Flood
19439,6,2,120,2,0,0,0,PortScan
0,1,20,1200,0,0,0,0,DoS-ICMP
80,6,20,1200,20,0,0,0,DoS-SYN-Flood
80,17,20,1200,0,0,0,0,DoS-UDP
990,6,6,348,6,6,0,0,SSH-Bruteforce
0,1,20,840,0,0,0,0,DoS-ICMP
0,1,20,840,0,0,0,0,DoS-ICMP
80,17,20,1200,0,0,0,0,DoS-UDP
0,1,20,1200,0,0,0,0,DoS-ICMP
0,1,20,1200,0,0,0,0,DoS-ICMP
80,17,20,1200,0,0,0,0,DoS-UDP
80,6,20,1480,20,0,0,0,DoS-HTTP
22,6,20,1200,0,0,20,0,SSH-Bruteforce
80,6,20,1480,20,0,0,0,DoS-HTTP
80,6,20,1480,20,0,0,0,DoS-HTTP
64857,6,2,120,2,0,0,0,PortScan
80,17,20,1200,0,0,0,0,DoS-UDP
0,1,20,840,0,0,0,0,DoS-ICMP
80,17,20,1200,0,0,0,0,DoS-UDP
80,17,20,1200,0,0,0,0,DoS-UDP
64244,6,5,290,5,5,0,0,SSH-Bruteforce
8912,6,6,360,6,0,0,0,PortScan
80,6,20,1480,20,0,0,0,DoS-HTTP
0,1,20,840,0,0,0,0,DoS-ICMP
80,17,20,1200,0,0,0,0,DoS-UDP
80,17,20,1200,0,0,0,0,DoS-UDP
80,17,20,1200,0,0,0,0,DoS-UDP
80,6,20,1200,20,0,0,0,DoS-SYN-Flood
22,6,20,1200,20,0,0,0,SSH-Bruteforce
47602,6,2,120,2,0,0,0,PortScan
21990,6,4,240,4,0,0,0,PortScan
80,6,20,1200,20,0,0,0,DoS-SYN-Flood
0,1,20,1200,0,0,0,0,DoS-ICMP
5357,6,7,406,7,7,0,0,SSH-Bruteforce
0,1,20,1200,0,0,0,0,DoS-ICMP
80,17,20,1200,0,0,0,0,DoS-UDP
0,1,20,1200,0,0,0,0,DoS-ICMP
80,6,20,1200,20,0,0,0,DoS-SYN-Flood
80,6,20,1480,20,0,0,0,DoS-HTTP
80,6,20,1200,20,0,0,0,DoS-SYN-Flood
28379,6,2,120,2,0,0,0,PortScan
80,6,20,1480,20,0,0,0,DoS-HTTP
9888,6,4,240,4,0,0,0,PortScan
57687,6,2,120,2,0,0,0,PortScan
80,17,20,1200,0,0,0,0,DoS-UDP
80,6,20,1200,20,0,0,0,DoS-SYN-Flood
80,6,20,1200,20,0,0,0,DoS-SYN-Flood
80,6,20,1480,20,0,0,0,DoS-HTTP
80,17,20,1200,0,0,0,0,DoS-UDP
54829,17,20,27980,0,0,0,0,BENIGN
80,6,20,1200,20,0,0,0,DoS-SYN-Flood
19762,6,6,348,6,6,0,0,SSH-Bruteforce
8194,6,11,638,11,11,0,0,SSH-Bruteforce
3659,6,4,240,4,0,0,0,PortScan
443,6,20,5187,0,20,0,0,BENIGN
27664,6,2,120,2,0,0,0,PortScan
31597,6,2,120,2,0,0,0,PortScan
80,6,20,1480,20,0,0,0,DoS-HTTP
0,1,20,1200,0,0,0,0,DoS-ICMP
0,1,20,840,0,0,0,0,DoS-ICMP
35918,6,2,120,2,0,0,0,PortScan
80,17,20,1200,0,0,0,0,DoS-UDP
60222,6,5,290,5,5,0,0,SSH-Bruteforce
80,17,20,1200,0,0,0,0,DoS-UDP
0,1,20,840,0,0,0,0,DoS-ICMP
30486,6,2,120,2,0,0,0,PortScan
26585,6,2,120,2,0,0,0,PortScan
46167,6,4,240,4,0,0,0,PortScan
0,1,20,840,0,0,0,0,DoS-ICMP
41308,17,20,27980,0,0,0,0,BENIGN
80,17,20,1200,0,0,0,0,DoS-UDP
80,6,20,1480,20,0,0,0,DoS-HTTP
30756,6,4,240,4,0,0,0,PortScan
80,6,20,1200,20,0,0,0,DoS-SYN-Flood
53225,6,9,522,9,9,0,0,SSH-Bruteforce
80,6,20,1200,20,0,0,0,DoS-SYN-Flood
80,17,20,1200,0,0,0,0,DoS-UDP
80,6,20,1200,20,0,0,0,DoS-SYN-Flood
55619,6,5,290,5,5,0,0,SSH-Bruteforce
80,6,20,1200,20,0,0,0,DoS-SYN-Flood
60828,6,6,348,6,6,0,0,SSH-Bruteforce
17442,6,4,240,4,0,0,0,PortScan
22,6,20,1200,0,0,20,0,SSH-Bruteforce
80,17,20,1200,0,0,0,0,DoS-UDP
64980,6,4,240,4,0,0,0,PortScan
80,6,20,1480,20,0,0,0,DoS-HTTP
80,6,20,1200,20,0,0,0,DoS-SYN-Flood
80,6,20,1480,20,0,0,0,DoS-HTTP
80,17,20,1200,0,0,0,0,DoS-UDP
80,6,20,1480,20,0,0,0,DoS-HTTP
0,1,20,1200,0,0,0,0,DoS-ICMP
80,17,20,1200,0,0,0,0,DoS-UDP
80,6,20,1200,20,0,0,0,DoS-SYN-Flood
23449,6,4,240,4,0,0,0,PortScan
22,6,20,1200,20,0,0,0,SSH-Bruteforce
30458,6,2,120,2,0,0,0,PortScan
80,6,20,1480,20,0,0,0,DoS-HTTP
80,6,20,1480,20,0,0,0,DoS-HTTP
80,17,20,1200,0,0,0,0,DoS-UDP
0,1,20,1200,0,0,0,0,DoS-ICMP
0,1,20,1200,0,0,0,0,DoS-ICMP
80,6,20,1480,20,0,0,0,DoS-HTTP
80,6,20,1200,20,0,0,0,DoS-SYN-Flood
31768,6,4,240,4,0,0,0,PortScan
80,17,20,1200,0,0,0,0,DoS-UDP
80,17,20,1200,0,0,0,0,DoS-UDP
32290,6,2,120,2,0,0,0,PortScan
8895,6,4,240,4,0,0,0,PortScan
80,17,20,1200,0,0,0,0,DoS-UDP
80,17,20,1200,0,0,0,0,DoS-UDP
80,6,20,1200,20,0,0,0,DoS-SYN-Flood
31501,6,9,522,9,9,0,0,SSH-Bruteforce
80,6,20,1200,20,0,0,0,DoS-SYN-Flood
52804,6,2,120,2,0,0,0,PortScan
80,17,20,1200,0,0,0,0,DoS-UDP
47094,17,20,27980,0,0,0,0,BENIGN
80,6,20,1480,20,0,0,0,DoS-HTTP
80,6,20,1480,20,0,0,0,DoS-HTTP
18458,6,2,120,2,0,0,0,PortScan
80,17,20,1200,0,0,0,0,DoS-UDP
0,1,20,840,0,0,0,0,DoS-ICMP
80,6,20,1200,20,0,0,0,DoS-SYN-Flood
80,6,20,1480,20,0,0,0,DoS-HTTP
80,6,20,1200,20,0,0,0,DoS-SYN-Flood
22,6,20,1200,0,0,20,0,SSH-Bruteforce
80,6,20,1200,20,0,0,0,DoS-SYN-Flood
80,6,20,1480,20,0,0,0,DoS-HTTP
0,1,20,840,0,0,0,0,DoS-ICMP
39902,17,20,27980,0,0,0,0,BENIGN
80,6,20,1480,20,0,0,0,DoS-HTTP
22,6,20,1200,0,0,20,0,SSH-Bruteforce
80,17,20,1200,0,0,0,0,DoS-UDP
15664,6,2,120,2,0,0,0,PortScan
56366,6,6,348,6,6,0,0,SSH-Bruteforce
80,6,20,1480,20,0,0,0,DoS-HTTP
80,6,20,1480,20,0,0,0,DoS-HTTP
80,6,20,1480,20,0,0,0,DoS-HTTP
80,17,20,1200,0,0,0,0,DoS-UDP
80,6,20,1200,20,0,0,0,DoS-SYN-Flood
80,6,20,1200,20,0,0,0,DoS-SYN-Flood
80,17,20,1200,0,0,0,0,DoS-UDP
22,6,20,1200,20,0,0,0,SSH-Bruteforce
59139,6,6,348,6,6,0,0,SSH-Bruteforce
80,6,20,1200,20,0,0,0,DoS-SYN-Flood
0,1,20,1200,0,0,0,0,DoS-ICMP
60886,6,20,7865,0,20,0,0,BENIGN
80,17,20,1200,0,0,0,0,DoS-UDP
80,17,20,1200,0,0,0,0,DoS-UDP
80,6,20,1480,20,0,0,0,DoS-HTTP
80,6,20,1200,20,0,0,0,DoS-SYN-Flood
48806,17,20,27980,0,0,0,0,BENIGN
0,1,20,840,0,0,0,0,DoS-ICMP
80,6,20,1200,20,0,0,0,DoS-SYN-Flood
80,6,20,1200,20,0,0,0,DoS-SYN-Flood
22,6,20,1200,20,0,0,0,SSH-Bruteforce
22,6,20,1200,13,0,7,0,SSH-Bruteforce
80,17,20,1200,0,0,0,0,DoS-UDP
80,6,20,1200,20,0,0,0,DoS-SYN-Flood
0,1,20,840,0,0,0,0,DoS-ICMP
80,6,20,1480,20,0,0,0,DoS-HTTP
80,6,20,1480,20,0,0,0,DoS-HTTP
80,17,20,1200,0,0,0,0,DoS-UDP
80,6,20,1480,20,0,0,0,DoS-HTTP
20366,6,4,240,4,0,0,0,PortScan
41434,6,2,120,2,0,0,0,PortScan
80,6,20,1480,20,0,0,0,DoS-HTTP
80,6,20,1480,20,0,0,0,DoS-HTTP
80,17,20,1200,0,0,0,0,DoS-UDP
80,17,20,1200,0,0,0,0,DoS-UDP
54829,17,20,27980,0,0,0,0,BENIGN
80,6,20,1480,20,0,0,0,DoS-HTTP
80,17,20,1200,0,0,0,0,DoS-UDP
80,17,20,1200,0,0,0,0,DoS-UDP
30910,6,2,120,2,0,0,0,PortScan
80,6,20,1480,20,0,0,0,DoS-HTTP
80,6,20,1480,20,0,0,0,DoS-HTTP
22,6,20,1200,20,0,0,0,SSH-Bruteforce
80,6,20,1480,20,0,0,0,DoS-HTTP
16706,6,2,120,2,0,0,0,PortScan
80,6,20,1480,20,0,0,0,DoS-HTTP
5138,6,8,464,8,8,0,0,SSH-Bruteforce
80,17,20,1200,0,0,0,0,DoS-UDP
25935,6,2,120,2,0,0,0,PortScan
36520,17,20,27980,0,0,0,0,BENIGN
0,1,20,1200,0,0,0,0,DoS-ICMP
22,6,20,1200,20,0,0,0,SSH-Bruteforce
80,17,20,1200,0,0,0,0,DoS-UDP
80,17,20,1200,0,0,0,0,DoS-UDP
48552,6,5,290,5,5,0,0,SSH-Bruteforce
80,6,20,1480,20,0,0,0,DoS-HTTP
80,6,20,1200,20,0,0,0,DoS-SYN-Flood
80,6,20,1480,20,0,0,0,DoS-HTTP
0,1,20,1200,0,0,0,0,DoS-ICMP
80,6,20,1200,20,0,0,0,DoS-SYN-Flood
22,6,20,1200,20,0,0,0,SSH-Bruteforce
80,6,20,1480,20,0,0,0,DoS-HTTP
80,6,20,1200,20,0,0,0,DoS-SYN-Flood
28744,6,4,240,4,0,0,0,PortScan
80,6,20,1200,20,0,0,0,DoS-SYN-Flood
0,1,20,1200,0,0,0,0,DoS-ICMP
0,1,20,840,0,0,0,0,DoS-ICMP
80,6,20,1200,20,0,0,0,DoS-SYN-Flood
80,6,20,1200,20,0,0,0,DoS-SYN-Flood
80,6,20,1480,20,0,0,0,DoS-HTTP
80,6,20,1480,20,0,0,0,DoS-HTTP
80,6,20,1200,20,0,0,0,DoS-SYN-Flood
20189,6,4,240,4,0,0,0,PortScan
80,6,20,1480,20,0,0,0,DoS-HTTP
41709,6,2,120,2,0,0,0,PortScan
22956,6,2,120,2,0,0,0,PortScan
0,1,20,1200,0,0,0,0,DoS-ICMP
80,6,20,1200,20,0,0,0,DoS-SYN-Flood
80,6,20,1480,20,0,0,0,DoS-HTTP
22,6,20,1200,20,0,0,0,SSH-Bruteforce
41308,17,20,27980,0,0,0,0,BENIGN
80,17,20,1200,0,0,0,0,DoS-UDP
80,6,20,1480,20,0,0,0,DoS-HTTP
40058,6,11,638,11,11,0,0,SSH-Bruteforce
80,6,20,1200,20,0,0,0,DoS-SYN-Flood
80,17,20,1200,0,0,0,0,DoS-UDP
80,17,20,1200,0,0,0,0,DoS-UDP
8427,6,7,406,7,7,0,0,SSH-Bruteforce
11553,6,6,360,6,0,0,0,PortScan
25452,6,8,464,8,8,0,0,SSH-Bruteforce
43033,6,2,120,2,0,0,0,PortScan
14221,6,7,406,7,7,0,0,SSH-Bruteforce
22,6,20,1200,0,0,20,0,SSH-Bruteforce
80,17,20,1200,0,0,0,0,DoS-UDP
11873,6,6,360,6,0,0,0,PortScan
80,17,20,1200,0,0,0,0,DoS-UDP
80,6,20,1480,20,0,0,0,DoS-HTTP
61404,6,4,240,4,0,0,0,PortScan
55656,6,4,240,4,0,0,0,PortScan
80,17,20,1200,0,0,0,0,DoS-UDP
80,17,20,1200,0,0,0,0,DoS-UDP
0,1,20,1200,0,0,0,0,DoS-ICMP
80,6,20,1200,20,0,0,0,DoS-SYN-Flood
58746,6,2,120,2,0,0,0,PortScan
80,6,20,1200,20,0,0,0,DoS-SYN-Flood
80,6,20,1480,20,0,0,0,DoS-HTTP
80,17,20,1200,0,0,0,0,DoS-UDP
80,6,20,1200,20,0,0,0,DoS-SYN-Flood
0,1,20,840,0,0,0,0,DoS-ICMP
22,6,20,1200,0,0,20,0,SSH-Bruteforce
80,6,20,1200,20,0,0,0,DoS-SYN-Flood
80,17,20,1200,0,0,0,0,DoS-UDP
0,1,20,840,0,0,0,0,DoS-ICMP
0,1,20,1200,0,0,0,0,DoS-ICMP
22,6,20,1200,20,0,0,0,SSH-Bruteforce
443,6,20,7080,0,20,0,0,BENIGN
80,6,20,1200,20,0,0,0,DoS-SYN-Flood
0,1,20,840,0,0,0,0,DoS-ICMP
0,1,20,840,0,0,0,0,DoS-ICMP
0,1,20,1200,0,0,0,0,DoS-ICMP
55040,6,7,406,7,7,0,0,SSH-Bruteforce
80,6,20,1200,20,0,0,0,DoS-SYN-Flood
55013,6,6,348,6,6,0,0,SSH-Bruteforce
443,6,20,2869,0,20,0,0,BENIGN
80,6,20,1200,20,0,0,0,DoS-SYN-Flood
0,1,20,1200,0,0,0,0,DoS-ICMP
27236,6,2,120,2,0,0,0,PortScan
80,6,20,1200,20,0,0,0,DoS-SYN-Flood
80,6,20,1200,20,0,0,0,DoS-SYN-Flood
0,1,20,840,0,0,0,0,DoS-ICMP
30877,6,4,240,4,0,0,0,PortScan
80,6,20,1480,20,0,0,0,DoS-HTTP
80,17,20,1200,0,0,0,0,DoS-UDP
8622,6,4,240,4,0,0,0,PortScan
80,6,20,1200,20,0,0,0,DoS-SYN-Flood
80,17,20,1200,0,0,0,0,DoS-UDP
80,17,20,1200,0,0,0,0,DoS-UDP
55610,6,6,348,6,6,0,0,SSH-Bruteforce
22,6,20,1200,20,0,0,0,SSH-Bruteforce
0,1,20,1200,0,0,0,0,DoS-ICMP
0,1,20,1200,0,0,0,0,DoS-ICMP
80,17,20,1200,0,0,0,0,DoS-UDP
80,17,20,1200,0,0,0,0,DoS-UDP
80,6,20,1200,20,0,0,0,DoS-SYN-Flood
80,6,20,1480,20,0,0,0,DoS-HTTP
0,1,20,840,0,0,0,0,DoS-ICMP
33774,6,4,240,4,0,0,0,PortScan
59610,6,5,290,5,5,0,0,SSH-Bruteforce
443,6,20,1395,0,20,0,0,BENIGN
22,6,20,1200,20,0,0,0,SSH-Bruteforce
49899,6,2,120,2,0,0,0,PortScan
80,17,20,1200,0,0,0,0,DoS-UDP
80,6,20,1480,20,0,0,0,DoS-HTTP
0,1,20,1200,0,0,0,0,DoS-ICMP
80,6,20,1480,20,0,0,0,DoS-HTTP
13831,6,12,696,12,12,0,0,SSH-Bruteforce
80,6,20,1200,20,0,0,0,DoS-SYN-Flood
80,6,20,1480,20,0,0,0,DoS-HTTP
60886,6,20,14582,0,20,0,0,BENIGN
80,6,20,1200,20,0,0,0,DoS-SYN-Flood
0,1,20,840,0,0,0,0,DoS-ICMP
8482,6,6,360,6,0,0,0,PortScan
0,1,20,840,0,0,0,0,DoS-ICMP
20809,6,2,120,2,0,0,0,PortScan
80,6,20,1480,20,0,0,0,DoS-HTTP
80,6,20,1200,20,0,0,0,DoS-SYN-Flood
18976,6,6,348,6,6,0,0,SSH-Bruteforce
0,1,20,1200,0,0,0,0,DoS-ICMP
80,6,20,1200,20,0,0,0,DoS-SYN-Flood
27787,6,8,464,8,8,0,0,SSH-Bruteforce
80,17,20,1200,0,0,0,0,DoS-UDP
80,6,20,1200,20,0,0,0,DoS-SYN-Flood
80,17,20,1200,0,0,0,0,DoS-UDP
18977,6,2,120,2,0,0,0,PortScan
22,6,20,1200,20,0,0,0,SSH-Bruteforce
80,17,20,1200,0,0,0,0,DoS-UDP
0,1,20,840,0,0,0,0,DoS-ICMP
80,17,20,1200,0,0,0,0,DoS-UDP
80,6,20,1200,20,0,0,0,DoS-SYN-Flood
45447,17,20,27980,0,0,0,0,BENIGN
80,6,20,1200,20,0,0,0,DoS-SYN-Flood
80,6,20,1480,20,0,0,0,DoS-HTTP
22,6,20,1200,20,0,0,0,SSH-Bruteforce
43670,6,9,522,9,9,0,0,SSH-Bruteforce
21104,6,2,120,2,0,0,0,PortScan
80,6,20,1200,20,0,0,0,DoS-SYN-Flood
34342,6,10,580,10,10,0,0,SSH-Bruteforce
36520,17,20,27980,0,0,0,0,BENIGN
0,1,20,840,0,0,0,0,DoS-ICMP
80,6,20,1200,20,0,0,0,DoS-SYN-Flood
3762,6,6,348,6,6,0,0,SSH-Bruteforce
64145,6,6,348,6,6,0,0,SSH-Bruteforce
80,17,20,1200,0,0,0,0,DoS-UDP
0,1,20,840,0,0,0,0,DoS-ICMP
80,6,20,1480,20,0,0,0,DoS-HTTP
80,17,20,1200,0,0,0,0,DoS-UDP
47652,6,4,240,4,0,0,0,PortScan
34823,6,2,120,2,0,0,0,PortScan
80,17,20,1200,0,0,0,0,DoS-UDP
54828,6,2,120,2,0,0,0,PortScan
80,6,20,1200,20,0,0,0,DoS-SYN-Flood
80,17,20,1200,0,0,0,0,DoS-UDP
80,6,20,1200,20,0,0,0,DoS-SYN-Flood
80,6,20,1480,20,0,0,0,DoS-HTTP
35355,6,2,120,2,0,0,0,PortScan
80,6,20,1480,20,0,0,0,DoS-HTTP
0,1,20,840,0,0,0,0,DoS-ICMP
80,6,20,1480,20,0,0,0,DoS-HTTP
80,17,20,1200,0,0,0,0,DoS-UDP
80,17,20,1200,0,0,0,0,DoS-UDP
443,17,20,2590,0,0,0,0,BENIGN
80,6,20,1480,20,0,0,0,DoS-HTTP
80,6,20,1200,20,0,0,0,DoS-SYN-Flood
33240,6,20,28780,0,20,0,0,BENIGN
80,6,20,1480,20,0,0,0,DoS-HTTP
33614,6,8,464,8,8,0,0,SSH-Bruteforce
0,1,20,1200,0,0,0,0,DoS-ICMP
80,6,20,1480,20,0,0,0,DoS-HTTP
80,6,20,1200,20,0,0,0,DoS-SYN-Flood
0,1,20,840,0,0,0,0,DoS-ICMP
80,6,20,1200,20,0,0,0,DoS-SYN-Flood
4788,6,4,240,4,0,0,0,PortScan
12183,6,6,348,6,6,0,0,SSH-Bruteforce
80,17,20,1200,0,0,0,0,DoS-UDP
20021,6,6,348,6,6,0,0,SSH-Bruteforce
80,6,20,1200,20,0,0,0,DoS-SYN-Flood
0,1,20,1200,0,0,0,0,DoS-ICMP
80,6,20,1480,20,0,0,0,DoS-HTTP
80,17,20,1200,0,0,0,0,DoS-UDP
80,6,20,1480,20,0,0,0,DoS-HTTP
80,6,20,1200,20,0,0,0,DoS-SYN-Flood
0,1,20,1200,0,0,0,0,DoS-ICMP
80,17,20,1200,0,0,0,0,DoS-UDP
80,6,20,1200,20,0,0,0,DoS-SYN-Flood
46650,6,4,240,4,0,0,0,PortScan
80,6,20,1200,20,0,0,0,DoS-SYN-Flood
80,6,20,1200,20,0,0,0,DoS-SYN-Flood
80,6,20,1480,20,0,0,0,DoS-HTTP
34013,6,11,638,11,11,0,0,SSH-Bruteforce
0,1,20,1200,0,0,0,0,DoS-ICMP
0,1,20,840,0,0,0,0,DoS-ICMP
80,6,20,1200,20,0,0,0,DoS-SYN-Flood
53948,6,8,464,8,8,0,0,SSH-Bruteforce
80,17,20,1200,0,0,0,0,DoS-UDP
80,17,20,1200,0,0,0,0,DoS-UDP
34897,6,8,464,8,8,0,0,SSH-Bruteforce
80,17,20,1200,0,0,0,0,DoS-UDP
10107,6,4,240,4,0,0,0,PortScan
80,17,20,1200,0,0,0,0,DoS-UDP
80,6,20,1200,20,0,0,0,DoS-SYN-Flood
80,17,20,1200,0,0,0,0,DoS-UDP
80,6,20,1480,20,0,0,0,DoS-HTTP
58840,6,5,290,5,5,0,0,SSH-Bruteforce
33240,6,20,29380,0,20,0,0,BENIGN
36520,17,20,27980,0,0,0,0,BENIGN
0,1,20,840,0,0,0,0,DoS-ICMP
80,6,20,1480,20,0,0,0,DoS-HTTP
80,6,20,1480,20,0,0,0,DoS-HTTP
80,6,20,1200,20,0,0,0,DoS-SYN-Flood
54829,17,20,27495,0,0,0,0,BENIGN
0,1,20,1200,0,0,0,0,DoS-ICMP
80,6,20,1480,20,0,0,0,DoS-HTTP
80,6,20,1200,20,0,0,0,DoS-SYN-Flood
0,1,20,1200,0,0,0,0,DoS-ICMP
80,17,20,1200,0,0,0,0,DoS-UDP
80,6,20,1200,20,0,0,0,DoS-SYN-Flood
93,6,9,522,9,9,0,0,SSH-Bruteforce
0,1,20,840,0,0,0,0,DoS-ICMP
80,6,20,1200,20,0,0,0,DoS-SYN-Flood
80,17,20,1200,0,0,0,0,DoS-UDP
260,6,4,240,4,0,0,0,PortScan
22,6,20,1200,0,0,20,0,SSH-Bruteforce
80,6,20,1480,20,0,0,0,DoS-HTTP
0,1,20,1200,0,0,0,0,DoS-ICMP
0,1,20,840,0,0,0,0,DoS-ICMP
80,6,20,1200,20,0,0,0,DoS-SYN-Flood
1553,6,5,290,5,5,0,0,SSH-Bruteforce
0,1,20,1200,0,0,0,0,DoS-ICMP
22,6,20,1200,20,0,0,0,SSH-Bruteforce
39836,6,4,240,4,0,0,0,PortScan
46044,6,2,120,2,0,0,0,PortScan
80,6,20,1480,20,0,0,0,DoS-HTTP
22,6,20,1200,20,0,0,0,SSH-Bruteforce
0,1,20,840,0,0,0,0,DoS-ICMP
9970,6,9,522,9,9,0,0,SSH-Bruteforce
3998,6,5,290,5,5,0,0,SSH-Bruteforce
443,6,20,1200,0,20,0,0,BENIGN
30804,6,2,120,2,0,0,0,PortScan
0,1,20,1200,0,0,0,0,DoS-ICMP
61991,6,7,406,7,7,0,0,SSH-Bruteforce
33240,6,20,29200,0,20,0,0,BENIGN
54829,17,20,27980,0,0,0,0,BENIGN
22898,6,7,406,7,7,0,0,SSH-Bruteforce
80,17,20,1200,0,0,0,0,DoS-UDP
80,6,20,1200,20,0,0,0,DoS-SYN-Flood
80,6,20,1480,20,0,0,0,DoS-HTTP
41080,6,10,580,10,10,0,0,SSH-Bruteforce
0,1,20,840,0,0,0,0,DoS-ICMP
27701,6,6,348,6,6,0,0,SSH-Bruteforce
80,17,20,1200,0,0,0,0,DoS-UDP
80,6,20,1200,20,0,0,0,DoS-SYN-Flood
80,17,20,1200,0,0,0,0,DoS-UDP
62428,6,5,290,5,5,0,0,SSH-Bruteforce
80,17,20,1200,0,0,0,0,DoS-UDP
80,6,20,1480,20,0,0,0,DoS-HTTP
22,6,20,1200,0,0,20,0,SSH-Bruteforce
80,6,20,1480,20,0,0,0,DoS-HTTP
80,6,20,1200,20,0,0,0,DoS-SYN-Flood
0,1,20,1200,0,0,0,0,DoS-ICMP
80,17,20,1200,0,0,0,0,DoS-UDP
0,1,20,1200,0,0,0,0,DoS-ICMP
80,6,20,1480,20,0,0,0,DoS-HTTP
80,6,20,1480,20,0,0,0,DoS-HTTP
80,6,20,1200,20,0,0,0,DoS-SYN-Flood
80,6,20,1200,20,0,0,0,DoS-SYN-Flood
47238,6,7,406,7,7,0,0,SSH-Bruteforce
0,1,20,1200,0,0,0,0,DoS-ICMP
80,6,20,1480,20,0,0,0,DoS-HTTP
0,1,20,1200,0,0,0,0,DoS-ICMP
80,6,20,1200,20,0,0,0,DoS-SYN-Flood
53931,6,4,240,4,0,0,0,PortScan
0,1,20,1200,0,0,0,0,DoS-ICMP
80,17,20,1200,0,0,0,0,DoS-UDP
80,6,20,1200,20,0,0,0,DoS-SYN-Flood
18452,6,2,120,2,0,0,0,PortScan
80,6,20,1200,20,0,0,0,DoS-SYN-Flood
80,17,20,1200,0,0,0,0,DoS-UDP
54801,6,4,240,4,0,0,0,PortScan
42904,17,20,27980,0,0,0,0,BENIGN
38803,6,8,464,8,8,0,0,SSH-Bruteforce
80,6,20,1480,20,0,0,0,DoS-HTTP
0,1,20,840,0,0,0,0,DoS-ICMP
80,6,20,1480,20,0,0,0,DoS-HTTP
0,1,20,1200,0,0,0,0,DoS-ICMP
52500,6,2,120,2,0,0,0,PortScan
0,1,20,840,0,0,0,0,DoS-ICMP
44728,6,2,120,2,0,0,0,PortScan
14389,6,5,290,5,5,0,0,SSH-Bruteforce
80,17,20,1200,0,0,0,0,DoS-UDP
80,6,20,1200,20,0,0,0,DoS-SYN-Flood
22,6,20,1200,20,0,0,0,SSH-Bruteforce
1478,6,4,240,4,0,0,0,PortScan
0,1,20,840,0,0,0,0,DoS-ICMP
36520,17,20,27980,0,0,0,0,BENIGN
80,17,20,1200,0,0,0,0,DoS-UDP
80,6,20,1480,20,0,0,0,DoS-HTTP
80,6,20,1480,20,0,0,0,DoS-HTTP
0,1,20,840,0,0,0,0,DoS-ICMP
80,6,20,1480,20,0,0,0,DoS-HTTP
5396,6,7,406,7,7,0,0,SSH-Bruteforce
0,1,20,1200,0,0,0,0,DoS-ICMP
57532,6,1,58,1,1,0,0,PortScan
80,6,20,1480,20,0,0,0,DoS-HTTP
80,6,20,1480,20,0,0,0,DoS-HTTP
80,17,20,1200,0,0,0,0,DoS-UDP
80,17,20,1200,0,0,0,0,DoS-UDP
80,17,20,1200,0,0,0,0,DoS-UDP
60886,6,20,29200,0,20,0,0,BENIGN
80,6,20,1480,20,0,0,0,DoS-HTTP
80,6,20,1480,20,0,0,0,DoS-HTTP
7658,6,8,464,8,8,0,0,SSH-Bruteforce
80,6,20,1200,20,0,0,0,DoS-SYN-Flood
22502,6,4,240,4,0,0,0,PortScan
15383,6,6,348,6,6,0,0,SSH-Bruteforce
22,6,20,1200,0,0,20,0,SSH-Bruteforce
36292,6,4,240,4,0,0,0,PortScan
80,6,20,1480,20,0,0,0,DoS-HTTP
80,6,20,1480,20,0,0,0,DoS-HTTP
80,6,20,1200,20,0,0,0,DoS-SYN-Flood
80,6,20,1200,20,0,0,0,DoS-SYN-Flood
80,17,20,1200,0,0,0,0,DoS-UDP
0,1,20,1200,0,0,0,0,DoS-ICMP
80,17,20,1200,0,0,0,0,DoS-UDP
20928,6,6,348,6,6,0,0,SSH-Bruteforce
80,17,20,1200,0,0,0,0,DoS-UDP
45401,6,4,240,4,0,0,0,PortScan
22,6,20,1200,20,0,0,0,SSH-Bruteforce
80,6,20,1480,20,0,0,0,DoS-HTTP
32146,6,8,464,8,8,0,0,SSH-Bruteforce
80,6,20,1200,20,0,0,0,DoS-SYN-Flood
0,1,20,1200,0,0,0,0,DoS-ICMP
22,6,20,1200,10,0,10,0,SSH-Bruteforce
56596,6,2,120,2,0,0,0,PortScan
54829,17,20,27980,0,0,0,0,BENIGN
80,17,20,1200,0,0,0,0,DoS-UDP
43086,6,2,120,2,0,0,0,PortScan
80,17,20,1200,0,0,0,0,DoS-UDP
59800,6,6,348,6,6,0,0,SSH-Bruteforce
53272,6,20,29020,0,20,0,0,BENIGN
80,6,20,1480,20,0,0,0,DoS-HTTP
46398,17,20,27980,0,0,0,0,BENIGN
80,6,20,1200,20,0,0,0,DoS-SYN-Flood
0,1,20,840,0,0,0,0,DoS-ICMP
80,6,20,1200,20,0,0,0,DoS-SYN-Flood
443,17,20,9449,0,0,0,0,BENIGN
80,6,20,1200,20,0,0,0,DoS-SYN-Flood
60886,6,4,279,0,4,0,1,BENIGN
47822,6,6,324,0,6,0,1,BENIGN
22,6,20,1200,0,0,20,0,SSH-Bruteforce
80,6,20,1480,20,0,0,0,DoS-HTTP
80,17,20,1200,0,0,0,0,DoS-UDP
2585,6,7,406,7,7,0,0,SSH-Bruteforce
80,6,20,1200,20,0,0,0,DoS-SYN-Flood
64348,6,2,120,2,0,0,0,PortScan
0,1,20,1200,0,0,0,0,DoS-ICMP
36515,6,2,120,2,0,0,0,PortScan
0,1,20,840,0,0,0,0,DoS-ICMP
80,6,20,1200,20,0,0,0,DoS-SYN-Flood
51264,6,2,120,2,0,0,0,PortScan
80,6,20,1200,20,0,0,0,DoS-SYN-Flood
51536,6,2,120,2,0,0,0,PortScan
80,6,20,1480,20,0,0,0,DoS-HTTP
22,6,20,1200,13,0,7,0,SSH-Bruteforce
19355,6,10,580,10,10,0,0,SSH-Bruteforce
34301,6,5,290,5,5,0,0,SSH-Bruteforce
80,6,20,1200,20,0,0,0,DoS-SYN-Flood
22,6,20,1200,0,0,20,0,SSH-Bruteforce
80,17,20,1200,0,0,0,0,DoS-UDP
80,6,20,1200,20,0,0,0,DoS-SYN-Flood
80,17,20,1200,0,0,0,0,DoS-UDP
0,1,20,840,0,0,0,0,DoS-ICMP
80,6,20,1200,20,0,0,0,DoS-SYN-Flood
0,1,20,840,0,0,0,0,DoS-ICMP
80,6,20,1200,20,0,0,0,DoS-SYN-Flood
22,6,20,1200,0,0,20,0,SSH-Bruteforce
45904,6,10,1279,0,10,0,1,BENIGN
63814,6,5,290,5,5,0,0,SSH-Bruteforce
80,6,20,1480,20,0,0,0,DoS-HTTP
80,17,20,1200,0,0,0,0,DoS-UDP
80,17,20,1200,0,0,0,0,DoS-UDP
20804,6,2,120,2,0,0,0,PortScan
0,1,20,840,0,0,0,0,DoS-ICMP
80,6,20,1200,20,0,0,0,DoS-SYN-Flood
0,1,20,840,0,0,0,0,DoS-ICMP
80,6,20,1480,20,0,0,0,DoS-HTTP
36520,17,20,27980,0,0,0,0,BENIGN
0,1,20,840,0,0,0,0,DoS-ICMP
0,1,20,1200,0,0,0,0,DoS-ICMP
80,17,20,1200,0,0,0,0,DoS-UDP
0,1,20,1200,0,0,0,0,DoS-ICMP
443,17,20,1510,0,0,0,0,BENIGN
24136,6,2,120,2,0,0,0,PortScan
0,1,20,840,0,0,0,0,DoS-ICMP
80,17,20,1200,0,0,0,0,DoS-UDP
28439,6,4,240,4,0,0,0,PortScan
80,17,20,1200,0,0,0,0,DoS-UDP
80,6,20,1200,20,0,0,0,DoS-SYN-Flood
80,6,20,1200,20,0,0,0,DoS-SYN-Flood
80,6,20,1200,20,0,0,0,DoS-SYN-Flood
0,1,20,1200,0,0,0,0,DoS-ICMP
80,6,20,1200,20,0,0,0,DoS-SYN-Flood
80,17,20,1200,0,0,0,0,DoS-UDP
60886,6,20,29080,0,20,0,0,BENIGN
80,17,20,1200,0,0,0,0,DoS-UDP
80,6,20,1480,20,0,0,0,DoS-HTTP
0,1,20,1200,0,0,0,0,DoS-ICMP
80,17,20,1200,0,0,0,0,DoS-UDP
35948,6,4,240,4,0,0,0,PortScan
80,17,20,1200,0,0,0,0,DoS-UDP
22,6,20,1200,20,0,0,0,SSH-Bruteforce
0,1,20,840,0,0,0,0,DoS-ICMP
22,6,20,1200,20,0,0,0,SSH-Bruteforce
38845,6,6,348,6,6,0,0,SSH-Bruteforce
35086,6,4,240,4,0,0,0,PortScan
12917,6,9,522,9,9,0,0,SSH-Bruteforce
63158,6,6,348,6,6,0,0,SSH-Bruteforce
53278,6,20,29320,0,20,0,0,BENIGN
80,6,20,1200,20,0,0,0,DoS-SYN-Flood
22,6,20,1200,0,0,20,0,SSH-Bruteforce
23778,6,7,406,7,7,0,0,SSH-Bruteforce
80,6,20,1200,20,0,0,0,DoS-SYN-Flood
0,1,20,1200,0,0,0,0,DoS-ICMP
80,6,20,1200,20,0,0,0,DoS-SYN-Flood
80,6,20,1200,20,0,0,0,DoS-SYN-Flood
0,1,20,840,0,0,0,0,DoS-ICMP
80,6,20,1200,20,0,0,0,DoS-SYN-Flood
80,17,20,1200,0,0,0,0,DoS-UDP
80,6,20,1480,20,0,0,0,DoS-HTTP
0,1,20,1200,0,0,0,0,DoS-ICMP
80,17,20,1200,0,0,0,0,DoS-UDP
23763,6,4,240,4,0,0,0,PortScan
80,6,20,1200,20,0,0,0,DoS-SYN-Flood
0,1,20,840,0,0,0,0,DoS-ICMP
0,1,20,840,0,0,0,0,DoS-ICMP
419,6,6,348,6,6,0,0,SSH-Bruteforce
443,17,20,11394,0,0,0,0,BENIGN
37166,6,6,348,6,6,0,0,SSH-Bruteforce
13065,6,10,580,10,10,0,0,SSH-Bruteforce
0,1,20,1200,0,0,0,0,DoS-ICMP
80,6,20,1480,20,0,0,0,DoS-HTTP
80,6,20,1200,20,0,0,0,DoS-SYN-Flood
80,17,20,1200,0,0,0,0,DoS-UDP
80,6,20,1480,20,0,0,0,DoS-HTTP
59646,6,20,30280,0,20,0,0,BENIGN
0,1,20,1200,0,0,0,0,DoS-ICMP
0,1,20,840,0,0,0,0,DoS-ICMP
80,17,20,1200,0,0,0,0,DoS-UDP
33240,6,20,29080,0,20,0,0,BENIGN
63978,6,2,120,2,0,0,0,PortScan
80,17,20,1200,0,0,0,0,DoS-UDP
80,6,20,1200,20,0,0,0,DoS-SYN-Flood
80,6,20,1480,20,0,0,0,DoS-HTTP
36520,17,20,27980,0,0,0,0,BENIGN
80,6,20,1480,20,0,0,0,DoS-HTTP
22,6,20,1200,1,0,19,0,SSH-Bruteforce
80,17,20,1200,0,0,0,0,DoS-UDP
0,1,20,1200,0,0,0,0,DoS-ICMP
80,17,20,1200,0,0,0,0,DoS-UDP
80,6,20,1200,20,0,0,0,DoS-SYN-Flood
80,17,20,1200,0,0,0,0,DoS-UDP
42140,6,4,240,4,0,0,0,PortScan
9736,6,4,240,4,0,0,0,PortScan
80,6,20,1200,20,0,0,0,DoS-SYN-Flood
49093,6,9,522,9,9,0,0,SSH-Bruteforce
22,6,20,1200,5,0,15,0,SSH-Bruteforce
0,1,20,840,0,0,0,0,DoS-ICMP
37830,6,2,120,2,0,0,0,PortScan
80,6,20,1200,20,0,0,0,DoS-SYN-Flood
41308,17,20,27980,0,0,0,0,BENIGN
0,1,20,1200,0,0,0,0,DoS-ICMP
9797,6,4,240,4,0,0,0,PortScan
53258,6,20,29140,0,20,0,0,BENIGN
46055,6,2,120,2,0,0,0,PortScan
80,6,20,1480,20,0,0,0,DoS-HTTP
22,6,20,1200,12,0,8,0,SSH-Bruteforce
0,1,20,840,0,0,0,0,DoS-ICMP
22,6,20,1200,0,0,20,0,SSH-Bruteforce
0,1,20,1200,0,0,0,0,DoS-ICMP
80,6,20,1200,20,0,0,0,DoS-SYN-Flood
80,17,20,1200,0,0,0,0,DoS-UDP
80,17,20,1200,0,0,0,0,DoS-UDP
33240,6,20,29080,0,20,0,0,BENIGN
19240,6,2,120,2,0,0,0,PortScan
80,6,20,1200,20,0,0,0,DoS-SYN-Flood
80,6,20,1480,20,0,0,0,DoS-HTTP
17364,6,7,406,7,7,0,0,SSH-Bruteforce
80,6,20,1480,20,0,0,0,DoS-HTTP
80,6,20,1200,20,0,0,0,DoS-SYN-Flood
0,1,20,1200,0,0,0,0,DoS-ICMP
32178,6,4,240,4,0,0,0,PortScan
60046,6,2,120,2,0,0,0,PortScan
80,17,20,1200,0,0,0,0,DoS-UDP
44537,6,2,120,2,0,0,0,PortScan
80,6,20,1200,20,0,0,0,DoS-SYN-Flood
54438,6,2,120,2,0,0,0,PortScan
80,6,20,1480,20,0,0,0,DoS-HTTP
80,6,20,1200,20,0,0,0,DoS-SYN-Flood
80,6,20,1480,20,0,0,0,DoS-HTTP
22,6,20,1200,14,0,6,0,SSH-Bruteforce
80,6,20,1480,20,0,0,0,DoS-HTTP
80,6,20,1480,20,0,0,0,DoS-HTTP
80,6,20,1200,20,0,0,0,DoS-SYN-Flood
0,1,20,1200,0,0,0,0,DoS-ICMP
80,6,20,1200,20,0,0,0,DoS-SYN-Flood
80,6,20,1200,20,0,0,0,DoS-SYN-Flood
80,6,20,1480,20,0,0,0,DoS-HTTP
80,17,20,1200,0,0,0,0,DoS-UDP
80,17,20,1200,0,0,0,0,DoS-UDP
32156,6,4,240,4,0,0,0,PortScan
153,6,4,240,4,0,0,0,PortScan
80,17,20,1200,0,0,0,0,DoS-UDP
63661,6,2,120,2,0,0,0,PortScan
42738,6,7,406,7,7,0,0,SSH-Bruteforce
80,6,20,1480,20,0,0,0,DoS-HTTP
57674,6,2,120,2,0,0,0,PortScan
0,1,20,1200,0,0,0,0,DoS-ICMP
56342,6,6,348,6,6,0,0,SSH-Bruteforce
80,17,20,1200,0,0,0,0,DoS-UDP
0,1,20,1200,0,0,0,0,DoS-ICMP
80,6,20,1200,20,0,0,0,DoS-SYN-Flood
80,6,20,1480,20,0,0,0,DoS-HTTP
80,6,20,1200,20,0,0,0,DoS-SYN-Flood
80,6,20,1200,20,0,0,0,DoS-SYN-Flood
0,1,20,840,0,0,0,0,DoS-ICMP
61000,6,2,120,2,0,0,0,PortScan
18249,6,2,120,2,0,0,0,PortScan
21030,6,7,406,7,7,0,0,SSH-Bruteforce
80,6,20,1480,20,0,0,0,DoS-HTTP
42484,6,7,406,7,7,0,0,SSH-Bruteforce
80,6,20,1200,20,0,0,0,DoS-SYN-Flood
80,6,20,1200,20,0,0,0,DoS-SYN-Flood
80,17,20,1200,0,0,0,0,DoS-UDP
80,6,20,1200,20,0,0,0,DoS-SYN-Flood
60537,6,4,240,4,0,0,0,PortScan
0,1,20,1200,0,0,0,0,DoS-ICMP
80,6,20,1480,20,0,0,0,DoS-HTTP
80,6,20,1480,20,0,0,0,DoS-HTTP
80,6,20,1480,20,0,0,0,DoS-HTTP
80,6,20,1200,20,0,0,0,DoS-SYN-Flood
80,17,20,1200,0,0,0,0,DoS-UDP
80,6,20,1200,20,0,0,0,DoS-SYN-Flood
80,6,20,1480,20,0,0,0,DoS-HTTP
80,6,20,1480,20,0,0,0,DoS-HTTP
80,6,20,1200,20,0,0,0,DoS-SYN-Flood
20748,6,6,348,6,6,0,0,SSH-Bruteforce
61627,6,2,120,2,0,0,0,PortScan
22,6,20,1200,20,0,0,0,SSH-Bruteforce
80,6,20,1200,20,0,0,0,DoS-SYN-Flood
0,1,20,840,0,0,0,0,DoS-ICMP
80,6,20,1480,20,0,0,0,DoS-HTTP
0,1,20,840,0,0,0,0,DoS-ICMP
0,1,20,1200,0,0,0,0,DoS-ICMP
22,6,20,1200,15,0,5,0,SSH-Bruteforce
53153,6,10,580,10,10,0,0,SSH-Bruteforce
80,17,20,1200,0,0,0,0,DoS-UDP
3323,6,4,240,4,0,0,0,PortScan
80,6,20,1200,20,0,0,0,DoS-SYN-Flood
80,17,20,1200,0,0,0,0,DoS-UDP
80,17,20,1200,0,0,0,0,DoS-UDP
6597,6,6,348,6,6,0,0,SSH-Bruteforce
80,6,20,1480,20,0,0,0,DoS-HTTP
22,6,20,1200,20,0,0,0,SSH-Bruteforce
13548,6,6,360,6,0,0,0,PortScan
22,6,20,1200,0,0,20,0,SSH-Bruteforce
80,17,20,1200,0,0,0,0,DoS-UDP
80,6,20,1480,20,0,0,0,DoS-HTTP
0,1,20,840,0,0,0,0,DoS-ICMP
80,6,20,1200,20,0,0,0,DoS-SYN-Flood
80,17,20,1200,0,0,0,0,DoS-UDP
0,1,20,840,0,0,0,0,DoS-ICMP
80,6,20,1480,20,0,0,0,DoS-HTTP
80,17,20,1200,0,0,0,0,DoS-UDP
80,6,20,1200,20,0,0,0,DoS-SYN-Flood
80,17,20,1200,0,0,0,0,DoS-UDP
52747,6,8,464,8,8,0,0,SSH-Bruteforce
80,6,20,1480,20,0,0,0,DoS-HTTP
63707,6,5,290,5,5,0,0,SSH-Bruteforce
41308,17,20,27826,0,0,0,0,BENIGN
80,6,20,1480,20,0,0,0,DoS-HTTP
80,6,20,1480,20,0,0,0,DoS-HTTP
80,6,20,1480,20,0,0,0,DoS-HTTP
8130,6,6,360,6,0,0,0,PortScan
80,17,20,1200,0,0,0,0,DoS-UDP
20928,6,2,120,2,0,0,0,PortScan
80,6,20,1480,20,0,0,0,DoS-HTTP
0,1,20,1200,0,0,0,0,DoS-ICMP
80,6,20,1200,20,0,0,0,DoS-SYN-Flood
80,17,20,1200,0,0,0,0,DoS-UDP
80,6,20,1200,20,0,0,0,DoS-SYN-Flood
54829,17,20,27980,0,0,0,0,BENIGN
44374,6,2,116,2,2,0,0,SSH-Bruteforce
0,1,20,1200,0,0,0,0,DoS-ICMP
80,17,20,1200,0,0,0,0,DoS-UDP
819,6,8,464,8,8,0,0,SSH-Bruteforce
80,6,20,1480,20,0,0,0,DoS-HTTP
0,1,20,1200,0,0,0,0,DoS-ICMP
80,6,20,1480,20,0,0,0,DoS-HTTP
80,17,20,1200,0,0,0,0,DoS-UDP
29764,6,4,240,4,0,0,0,PortScan
58443,6,4,240,4,0,0,0,PortScan
80,6,20,1200,20,0,0,0,DoS-SYN-Flood
80,6,20,1200,20,0,0,0,DoS-SYN-Flood
0,1,20,840,0,0,0,0,DoS-ICMP
80,6,20,1480,20,0,0,0,DoS-HTTP
80,6,20,1200,20,0,0,0,DoS-SYN-Flood
0,1,20,840,0,0,0,0,DoS-ICMP
80,6,20,1200,20,0,0,0,DoS-SYN-Flood
32307,6,2,120,2,0,0,0,PortScan
62915,6,8,464,8,8,0,0,SSH-Bruteforce
10817,6,4,240,4,0,0,0,PortScan
30110,6,2,120,2,0,0,0,PortScan
80,6,20,1200,20,0,0,0,DoS-SYN-Flood
0,1,20,840,0,0,0,0,DoS-ICMP
80,6,20,1480,20,0,0,0,DoS-HTTP
0,1,20,1200,0,0,0,0,DoS-ICMP
80,6,20,1200,20,0,0,0,DoS-SYN-Flood
0,1,20,1200,0,0,0,0,DoS-ICMP
80,6,20,1200,20,0,0,0,DoS-SYN-Flood
22,6,20,1200,0,0,20,0,SSH-Bruteforce
80,6,20,1200,20,0,0,0,DoS-SYN-Flood
22,6,20,1200,20,0,0,0,SSH-Bruteforce
52352,6,8,464,8,8,0,0,SSH-Bruteforce
80,17,20,1200,0,0,0,0,DoS-UDP
80,17,20,1200,0,0,0,0,DoS-UDP
33240,6,20,29140,0,20,0,0,BENIGN
33240,6,20,29080,0,20,0,0,BENIGN
8410,6,4,240,4,0,0,0,PortScan
80,17,20,1200,0,0,0,0,DoS-UDP
80,6,20,1200,20,0,0,0,DoS-SYN-Flood
80,6,20,1480,20,0,0,0,DoS-HTTP
80,17,20,1200,0,0,0,0,DoS-UDP
22,6,20,1200,20,0,0,0,SSH-Bruteforce
80,17,20,1200,0,0,0,0,DoS-UDP
57988,6,8,464,8,8,0,0,SSH-Bruteforce
0,1,20,840,0,0,0,0,DoS-ICMP
80,6,20,1480,20,0,0,0,DoS-HTTP
36520,17,20,27980,0,0,0,0,BENIGN
0,1,20,1200,0,0,0,0,DoS-ICMP
80,6,20,1200,20,0,0,0,DoS-SYN-Flood
52301,6,4,240,4,0,0,0,PortScan
80,6,20,1480,20,0,0,0,DoS-HTTP
80,6,20,1480,20,0,0,0,DoS-HTTP
61830,6,4,240,4,0,0,0,PortScan
80,6,20,1200,20,0,0,0,DoS-SYN-Flood
80,6,20,1480,20,0,0,0,DoS-HTTP
60989,6,5,290,5,5,0,0,SSH-Bruteforce
50369,6,5,290,5,5,0,0,SSH-Bruteforce
0,1,20,1200,0,0,0,0,DoS-ICMP
80,6,20,1200,20,0,0,0,DoS-SYN-Flood
21478,6,9,522,9,9,0,0,SSH-Bruteforce
80,6,20,1200,20,0,0,0,DoS-SYN-Flood
80,6,20,1480,20,0,0,0,DoS-HTTP
80,6,20,1480,20,0,0,0,DoS-HTTP
80,6,20,1200,20,0,0,0,DoS-SYN-Flood
0,1,20,840,0,0,0,0,DoS-ICMP
80,6,20,1480,20,0,0,0,DoS-HTTP
80,6,20,1200,20,0,0,0,DoS-SYN-Flood
63451,6,9,522,9,9,0,0,SSH-Bruteforce
28560,6,7,406,7,7,0,0,SSH-Bruteforce
22,6,20,1200,20,0,0,0,SSH-Bruteforce
25419,6,7,406,7,7,0,0,SSH-Bruteforce
0,1,20,840,0,0,0,0,DoS-ICMP
14816,6,4,240,4,0,0,0,PortScan
80,6,20,1200,20,0,0,0,DoS-SYN-Flood
80,17,20,1200,0,0,0,0,DoS-UDP
39249,6,4,240,4,0,0,0,PortScan
80,6,20,1480,20,0,0,0,DoS-HTTP
60886,6,20,28600,0,20,0,0,BENIGN
60394,17,20,27980,0,0,0,0,BENIGN
36520,17,20,27980,0,0,0,0,BENIGN
80,17,20,1200,0,0,0,0,DoS-UDP
80,6,20,1200,20,0,0,0,DoS-SYN-Flood
6021,6,8,464,8,8,0,0,SSH-Bruteforce
0,1,20,1200,0,0,0,0,DoS-ICMP
80,6,20,1200,20,0,0,0,DoS-SYN-Flood
36520,17,20,27980,0,0,0,0,BENIGN
893,6,4,240,4,0,0,0,PortScan
80,6,20,1480,20,0,0,0,DoS-HTTP
0,1,20,840,0,0,0,0,DoS-ICMP
80,6,20,1480,20,0,0,0,DoS-HTTP
80,6,20,1480,20,0,0,0,DoS-HTTP
22,6,20,1200,19,0,1,0,SSH-Bruteforce
9310,6,5,290,5,5,0,0,SSH-Bruteforce
80,17,20,1200,0,0,0,0,DoS-UDP
80,6,20,1200,20,0,0,0,DoS-SYN-Flood
0,1,20,1200,0,0,0,0,DoS-ICMP
80,17,20,1200,0,0,0,0,DoS-UDP
18712,6,9,522,9,9,0,0,SSH-Bruteforce
80,6,20,1200,20,0,0,0,DoS-SYN-Flood
80,6,20,1480,20,0,0,0,DoS-HTTP
0,1,20,1200,0,0,0,0,DoS-ICMP
80,6,20,1200,20,0,0,0,DoS-SYN-Flood
22,6,20,1200,20,0,0,0,SSH-Bruteforce
24357,6,2,120,2,0,0,0,PortScan
80,17,20,1200,0,0,0,0,DoS-UDP
0,1,20,1200,0,0,0,0,DoS-ICMP
6990,6,4,240,4,0,0,0,PortScan
9937,6,4,240,4,0,0,0,PortScan
80,6,20,1480,20,0,0,0,DoS-HTTP
80,6,20,1200,20,0,0,0,DoS-SYN-Flood
31124,6,2,120,2,0,0,0,PortScan
0,1,20,1200,0,0,0,0,DoS-ICMP
0,1,20,1200,0,0,0,0,DoS-ICMP
80,17,20,1200,0,0,0,0,DoS-UDP
80,6,20,1480,20,0,0,0,DoS-HTTP
80,17,20,1200,0,0,0,0,DoS-UDP
48302,6,8,464,8,8,0,0,SSH-Bruteforce
80,6,20,1480,20,0,0,0,DoS-HTTP
0,1,20,1200,0,0,0,0,DoS-ICMP
80,17,20,1200,0,0,0,0,DoS-UDP
60048,6,2,120,2,0,0,0,PortScan
43678,17,20,27980,0,0,0,0,BENIGN
31337,6,4,240,4,0,0,0,PortScan
0,1,20,840,0,0,0,0,DoS-ICMP
22,6,20,1200,10,0,10,0,SSH-Bruteforce
80,6,20,1200,20,0,0,0,DoS-SYN-Flood
50282,6,2,120,2,0,0,0,PortScan
80,6,20,1200,20,0,0,0,DoS-SYN-Flood
80,6,20,1200,20,0,0,0,DoS-SYN-Flood
80,6,20,1480,20,0,0,0,DoS-HTTP
60607,6,4,240,4,0,0,0,PortScan
2173,6,4,240,4,0,0,0,PortScan
7484,6,4,240,4,0,0,0,PortScan
80,6,20,1480,20,0,0,0,DoS-HTTP
48222,6,9,522,9,9,0,0,SSH-Bruteforce
80,17,20,1200,0,0,0,0,DoS-UDP
80,6,20,1480,20,0,0,0,DoS-HTTP
80,6,20,1480,20,0,0,0,DoS-HTTP
58179,6,4,240,4,0,0,0,PortScan
80,6,20,1200,20,0,0,0,DoS-SYN-Flood
80,6,20,1480,20,0,0,0,DoS-HTTP
38422,6,4,240,4,0,0,0,PortScan
80,6,20,1200,20,0,0,0,DoS-SYN-Flood
0,1,20,840,0,0,0,0,DoS-ICMP
80,6,20,1200,20,0,0,0,DoS-SYN-Flood
80,6,20,1480,20,0,0,0,DoS-HTTP
8249,6,8,464,8,8,0,0,SSH-Bruteforce
16994,6,2,120,2,0,0,0,PortScan
80,17,20,1200,0,0,0,0,DoS-UDP
80,6,20,1480,20,0,0,0,DoS-HTTP
80,17,20,1200,0,0,0,0,DoS-UDP
30986,6,6,348,6,6,0,0,SSH-Bruteforce
80,6,20,1200,20,0,0,0,DoS-SYN-Flood
19646,6,7,406,7,7,0,0,SSH-Bruteforce
52021,6,9,522,9,9,0,0,SSH-Bruteforce
80,17,20,1200,0,0,0,0,DoS-UDP
16680,6,5,290,5,5,0,0,SSH-Bruteforce
33551,6,4,240,4,0,0,0,PortScan
40851,6,4,240,4,0,0,0,PortScan
0,1,20,840,0,0,0,0,DoS-ICMP
9224,6,6,360,6,0,0,0,PortScan
22,6,20,1200,0,0,20,0,SSH-Bruteforce
80,17,20,1200,0,0,0,0,DoS-UDP
20473,6,2,120,2,0,0,0,PortScan
80,17,20,1200,0,0,0,0,DoS-UDP
29059,6,7,406,7,7,0,0,SSH-Bruteforce
80,17,20,1200,0,0,0,0,DoS-UDP
0,1,20,840,0,0,0,0,DoS-ICMP
16429,6,2,120,2,0,0,0,PortScan
0,1,20,1200,0,0,0,0,DoS-ICMP
80,6,20,1480,20,0,0,0,DoS-HTTP
7358,6,4,240,4,0,0,0,PortScan
63134,6,6,348,6,6,0,0,SSH-Bruteforce
80,17,20,1200,0,0,0,0,DoS-UDP
80,17,20,1200,0,0,0,0,DoS-UDP
0,1,20,1200,0,0,0,0,DoS-ICMP
80,6,20,1200,20,0,0,0,DoS-SYN-Flood
80,6,20,1200,20,0,0,0,DoS-SYN-Flood
80,6,20,1200,20,0,0,0,DoS-SYN-Flood
42068,6,2,120,2,0,0,0,PortScan
80,6,20,1480,20,0,0,0,DoS-HTTP
0,1,20,1200,0,0,0,0,DoS-ICMP
61371,6,6,348,6,6,0,0,SSH-Bruteforce
80,6,20,1480,20,0,0,0,DoS-HTTP
0,1,20,840,0,0,0,0,DoS-ICMP
50471,6,2,120,2,0,0,0,PortScan
80,6,20,1480,20,0,0,0,DoS-HTTP
34390,6,2,120,2,0,0,0,PortScan
19445,6,7,406,7,7,0,0,SSH-Bruteforce
80,17,20,1200,0,0,0,0,DoS-UDP
80,17,20,1200,0,0,0,0,DoS-UDP
80,6,20,1480,20,0,0,0,DoS-HTTP
80,6,20,1480,20,0,0,0,DoS-HTTP
0,1,20,840,0,0,0,0,DoS-ICMP
19476,6,2,120,2,0,0,0,PortScan
59646,6,20,28780,0,20,0,0,BENIGN
0,1,20,1200,0,0,0,0,DoS-ICMP
0,1,20,840,0,0,0,0,DoS-ICMP
80,6,20,1200,20,0,0,0,DoS-SYN-Flood
56143,6,2,120,2,0,0,0,PortScan
80,17,20,1200,0,0,0,0,DoS-UDP
0,1,20,840,0,0,0,0,DoS-ICMP
80,6,20,1480,20,0,0,0,DoS-HTTP
46116,6,7,406,7,7,0,0,SSH-Bruteforce
0,1,20,840,0,0,0,0,DoS-ICMP
23576,6,2,120,2,0,0,0,PortScan
63305,6,2,120,2,0,0,0,PortScan
80,17,20,1200,0,0,0,0,DoS-UDP
37341,6,13,754,13,13,0,0,SSH-Bruteforce
80,17,20,1200,0,0,0,0,DoS-UDP
80,6,20,1480,20,0,0,0,DoS-HTTP
20792,6,6,348,6,6,0,0,SSH-Bruteforce
12032,6,7,406,7,7,0,0,SSH-Bruteforce
80,6,20,1480,20,0,0,0,DoS-HTTP
22,6,20,1200,0,0,20,0,SSH-Bruteforce
36520,17,20,27980,0,0,0,0,BENIGN
80,17,20,1200,0,0,0,0,DoS-UDP
443,17,20,13700,0,0,0,0,BENIGN
80,6,20,1200,20,0,0,0,DoS-SYN-Flood
52751,6,9,522,9,9,0,0,SSH-Bruteforce
80,17,20,1200,0,0,0,0,DoS-UDP
80,17,20,1200,0,0,0,0,DoS-UDP
80,17,20,1200,0,0,0,0,DoS-UDP
0,1,20,1200,0,0,0,0,DoS-ICMP
80,6,20,1200,20,0,0,0,DoS-SYN-Flood
12569,6,4,240,4,0,0,0,PortScan
80,6,20,1480,20,0,0,0,DoS-HTTP
30989,6,2,120,2,0,0,0,PortScan
0,1,20,840,0,0,0,0,DoS-ICMP
80,6,20,1200,20,0,0,0,DoS-SYN-Flood
22,6,20,1200,0,0,20,0,SSH-Bruteforce
80,6,20,1480,20,0,0,0,DoS-HTTP
40259,6,7,406,7,7,0,0,SSH-Bruteforce
0,1,20,1200,0,0,0,0,DoS-ICMP
80,6,20,1480,20,0,0,0,DoS-HTTP
0,1,20,840,0,0,0,0,DoS-ICMP
80,6,20,1480,20,0,0,0,DoS-HTTP
0,1,20,1200,0,0,0,0,DoS-ICMP
80,6,20,1200,20,0,0,0,DoS-SYN-Flood
0,1,20,840,0,0,0,0,DoS-ICMP
48481,6,2,120,2,0,0,0,PortScan
29918,6,2,120,2,0,0,0,PortScan
80,6,20,1480,20,0,0,0,DoS-HTTP
80,17,20,1200,0,0,0,0,DoS-UDP
0,1,20,840,0,0,0,0,DoS-ICMP
10298,6,4,240,4,0,0,0,PortScan
0,1,20,840,0,0,0,0,DoS-ICMP
80,6,20,1200,20,0,0,0,DoS-SYN-Flood
80,17,20,1200,0,0,0,0,DoS-UDP
22,6,20,1200,0,0,20,0,SSH-Bruteforce
80,6,20,1480,20,0,0,0,DoS-HTTP
45447,17,20,27980,0,0,0,0,BENIGN
80,17,20,1200,0,0,0,0,DoS-UDP
0,1,20,840,0,0,0,0,DoS-ICMP
80,17,20,1200,0,0,0,0,DoS-UDP
80,6,20,1200,20,0,0,0,DoS-SYN-Flood
21720,6,2,120,2,0,0,0,PortScan
80,6,20,1480,20,0,0,0,DoS-HTTP
80,17,20,1200,0,0,0,0,DoS-UDP
80,6,20,1480,20,0,0,0,DoS-HTTP
80,17,20,1200,0,0,0,0,DoS-UDP
51767,17,20,26481,0,0,0,0,BENIGN
80,6,20,1200,20,0,0,0,DoS-SYN-Flood
80,17,20,1200,0,0,0,0,DoS-UDP
21778,6,2,120,2,0,0,0,PortScan
80,17,20,1200,0,0,0,0,DoS-UDP
80,17,20,1200,0,0,0,0,DoS-UDP
50420,6,2,120,2,0,0,0,PortScan
80,6,20,1200,20,0,0,0,DoS-SYN-Flood
80,6,20,1200,20,0,0,0,DoS-SYN-Flood
80,6,20,1480,20,0,0,0,DoS-HTTP
0,1,20,1200,0,0,0,0,DoS-ICMP
0,1,20,1200,0,0,0,0,DoS-ICMP
80,17,20,1200,0,0,0,0,DoS-UDP
61367,6,2,120,2,0,0,0,PortScan
80,6,20,1200,20,0,0,0,DoS-SYN-Flood
80,17,20,1200,0,0,0,0,DoS-UDP
80,17,20,1200,0,0,0,0,DoS-UDP
36984,6,20,7136,1,20,0,0,BENIGN
60886,6,20,29200,0,20,0,0,BENIGN
0,1,20,1200,0,0,0,0,DoS-ICMP
80,6,20,1200,20,0,0,0,DoS-SYN-Flood
22,6,20,1200,0,0,20,0,SSH-Bruteforce
54736,6,1,93,0,1,0,0,BENIGN
80,6,20,1200,20,0,0,0,DoS-SYN-Flood
0,1,20,840,0,0,0,0,DoS-ICMP
0,1,20,840,0,0,0,0,DoS-ICMP
0,1,20,840,0,0,0,0,DoS-ICMP
22,6,20,1200,12,0,8,0,SSH-Bruteforce
0,1,20,840,0,0,0,0,DoS-ICMP
36520,17,20,27980,0,0,0,0,BENIGN
22,6,20,1200,0,0,20,0,SSH-Bruteforce
80,6,20,1200,20,0,0,0,DoS-SYN-Flood
44699,6,5,290,5,5,0,0,SSH-Bruteforce
80,6,20,1200,20,0,0,0,DoS-SYN-Flood
80,6,20,1200,20,0,0,0,DoS-SYN-Flood
2019,6,5,290,5,5,0,0,SSH-Bruteforce
53272,6,20,28660,0,20,0,0,BENIGN
80,6,20,1480,20,0,0,0,DoS-HTTP
22,6,20,1200,11,0,9,0,SSH-Bruteforce
0,1,20,840,0,0,0,0,DoS-ICMP
3124,6,4,240,4,0,0,0,PortScan
40159,6,8,464,8,8,0,0,SSH-Bruteforce
26940,6,4,240,4,0,0,0,PortScan
80,6,20,1480,20,0,0,0,DoS-HTTP
80,6,20,1200,20,0,0,0,DoS-SYN-Flood
0,1,20,1200,0,0,0,0,DoS-ICMP
45541,6,7,406,7,7,0,0,SSH-Bruteforce
872,6,6,348,6,6,0,0,SSH-Bruteforce
3561,6,4,240,4,0,0,0,PortScan
80,17,20,1200,0,0,0,0,DoS-UDP
80,6,20,1200,20,0,0,0,DoS-SYN-Flood
0,1,20,840,0,0,0,0,DoS-ICMP
20172,6,6,348,6,6,0,0,SSH-Bruteforce
22,6,20,1200,1,0,19,0,SSH-Bruteforce
80,6,20,1200,20,0,0,0,DoS-SYN-Flood
54733,6,3,174,3,3,0,0,SSH-Bruteforce
80,17,20,1200,0,0,0,0,DoS-UDP
80,6,20,1480,20,0,0,0,DoS-HTTP
0,1,20,1200,0,0,0,0,DoS-ICMP
22,6,20,1200,18,0,2,0,SSH-Bruteforce
44931,6,9,522,9,9,0,0,SSH-Bruteforce
0,1,20,840,0,0,0,0,DoS-ICMP
80,6,20,1200,20,0,0,0,DoS-SYN-Flood
42935,6,2,120,2,0,0,0,PortScan
22,6,20,1200,0,0,20,0,SSH-Bruteforce
40300,6,10,580,10,10,0,0,SSH-Bruteforce
80,6,20,1480,20,0,0,0,DoS-HTTP
46414,6,15,1753,1,15,0,1,BENIGN
80,6,20,1200,20,0,0,0,DoS-SYN-Flood
22,6,20,1200,2,0,18,0,SSH-Bruteforce
80,6,20,1200,20,0,0,0,DoS-SYN-Flood
80,6,20,1480,20,0,0,0,DoS-HTTP
80,6,20,1200,20,0,0,0,DoS-SYN-Flood
80,17,20,1200,0,0,0,0,DoS-UDP
80,6,20,1200,20,0,0,0,DoS-SYN-Flood
80,6,20,1480,20,0,0,0,DoS-HTTP
45785,6,4,240,4,0,0,0,PortScan
80,6,20,1480,20,0,0,0,DoS-HTTP
0,1,20,840,0,0,0,0,DoS-ICMP
63663,6,6,348,6,6,0,0,SSH-Bruteforce
36520,17,20,27980,0,0,0,0,BENIGN
80,6,20,1480,20,0,0,0,DoS-HTTP
35881,6,9,522,9,9,0,0,SSH-Bruteforce
40039,6,10,580,10,10,0,0,SSH-Bruteforce
22,6,20,1200,10,0,10,0,SSH-Bruteforce
80,17,20,1200,0,0,0,0,DoS-UDP
80,6,20,1200,20,0,0,0,DoS-SYN-Flood
80,6,20,1480,20,0,0,0,DoS-HTTP
0,1,20,1200,0,0,0,0,DoS-ICMP
80,6,20,1200,20,0,0,0,DoS-SYN-Flood
80,6,20,1480,20,0,0,0,DoS-HTTP
56491,6,7,406,7,7,0,0,SSH-Bruteforce
80,6,20,1200,20,0,0,0,DoS-SYN-Flood
80,17,20,1200,0,0,0,0,DoS-UDP
36995,6,4,240,4,0,0,0,PortScan
0,1,20,1200,0,0,0,0,DoS-ICMP
0,1,20,1200,0,0,0,0,DoS-ICMP
27252,6,2,120,2,0,0,0,PortScan
0,1,20,840,0,0,0,0,DoS-ICMP
22,6,20,1200,19,0,1,0,SSH-Bruteforce
80,6,20,1200,20,0,0,0,DoS-SYN-Flood
22,6,20,1200,0,0,20,0,SSH-Bruteforce
80,17,20,1200,0,0,0,0,DoS-UDP
80,6,20,1200,20,0,0,0,DoS-SYN-Flood
22,6,20,1200,19,0,1,0,SSH-Bruteforce
80,6,20,1200,20,0,0,0,DoS-SYN-Flood
0,1,20,840,0,0,0,0,DoS-ICMP
30986,6,2,120,2,0,0,0,PortScan
53476,6,4,240,4,0,0,0,PortScan
42201,6,6,348,6,6,0,0,SSH-Bruteforce
80,17,20,1200,0,0,0,0,DoS-UDP
41101,6,2,120,2,0,0,0,PortScan
0,1,20,1200,0,0,0,0,DoS-ICMP
80,6,20,1480,20,0,0,0,DoS-HTTP
799,6,4,240,4,0,0,0,PortScan
80,6,20,1200,20,0,0,0,DoS-SYN-Flood
22,6,20,1200,20,0,0,0,SSH-Bruteforce
80,6,20,1200,20,0,0,0,DoS-SYN-Flood
80,6,20,1200,20,0,0,0,DoS-SYN-Flood
80,6,20,1200,20,0,0,0,DoS-SYN-Flood
50466,6,5,290,5,5,0,0,SSH-Bruteforce
80,6,20,1480,20,0,0,0,DoS-HTTP
37205,6,2,120,2,0,0,0,PortScan
45331,6,6,348,6,6,0,0,SSH-Bruteforce
36520,17,20,27980,0,0,0,0,BENIGN
80,17,20,1200,0,0,0,0,DoS-UDP
56757,6,9,522,9,9,0,0,SSH-Bruteforce
14236,6,6,360,6,0,0,0,PortScan
80,6,20,1480,20,0,0,0,DoS-HTTP
41301,6,2,120,2,0,0,0,PortScan
80,17,20,1200,0,0,0,0,DoS-UDP
80,6,20,1480,20,0,0,0,DoS-HTTP
80,6,20,1480,20,0,0,0,DoS-HTTP
80,6,20,1480,20,0,0,0,DoS-HTTP
80,6,20,1200,20,0,0,0,DoS-SYN-Flood
80,6,20,1200,20,0,0,0,DoS-SYN-Flood
0,1,20,1200,0,0,0,0,DoS-ICMP
80,6,20,1200,20,0,0,0,DoS-SYN-Flood
61529,6,2,120,2,0,0,0,PortScan
0,1,20,1200,0,0,0,0,DoS-ICMP
0,1,20,1200,0,0,0,0,DoS-ICMP
80,6,20,1200,20,0,0,0,DoS-SYN-Flood
0,1,20,1200,0,0,0,0,DoS-ICMP
1102,6,6,360,6,0,0,0,PortScan
80,17,20,1200,0,0,0,0,DoS-UDP
80,17,20,1200,0,0,0,0,DoS-UDP
22273,6,2,120,2,0,0,0,PortScan
22,6,20,1200,20,0,0,0,SSH-Bruteforce
80,6,20,1200,20,0,0,0,DoS-SYN-Flood
80,6,20,1480,20,0,0,0,DoS-HTTP
39175,6,2,120,2,0,0,0,PortScan
22,6,20,1200,20,0,0,0,SSH-Bruteforce
0,1,20,840,0,0,0,0,DoS-ICMP
5371,6,6,360,6,0,0,0,PortScan
80,6,20,1480,20,0,0,0,DoS-HTTP
9676,6,11,638,11,11,0,0,SSH-Bruteforce
80,17,20,1200,0,0,0,0,DoS-UDP
80,17,20,1200,0,0,0,0,DoS-UDP
47671,6,8,464,8,8,0,0,SSH-Bruteforce
80,6,20,1480,20,0,0,0,DoS-HTTP
80,17,20,1200,0,0,0,0,DoS-UDP
80,17,20,1200,0,0,0,0,DoS-UDP
80,6,20,1200,20,0,0,0,DoS-SYN-Flood
27065,6,6,348,6,6,0,0,SSH-Bruteforce
80,6,20,1200,20,0,0,0,DoS-SYN-Flood
22615,6,4,240,4,0,0,0,PortScan
80,17,20,1200,0,0,0,0,DoS-UDP
80,6,20,1480,20,0,0,0,DoS-HTTP
31677,6,2,120,2,0,0,0,PortScan
22,6,20,1200,20,0,0,0,SSH-Bruteforce
80,6,20,1480,20,0,0,0,DoS-HTTP
22807,6,4,240,4,0,0,0,PortScan
63239,6,6,348,6,6,0,0,SSH-Bruteforce
37602,6,2,120,2,0,0,0,PortScan
0,1,20,1200,0,0,0,0,DoS-ICMP
80,6,20,1200,20,0,0,0,DoS-SYN-Flood
80,6,20,1480,20,0,0,0,DoS-HTTP
60886,6,20,28840,0,20,0,0,BENIGN
41652,6,10,5058,1,10,0,1,BENIGN
0,1,20,840,0,0,0,0,DoS-ICMP
18962,6,7,406,7,7,0,0,SSH-Bruteforce
80,17,20,1200,0,0,0,0,DoS-UDP
80,6,20,1200,20,0,0,0,DoS-SYN-Flood
80,6,20,1480,20,0,0,0,DoS-HTTP
13657,6,11,638,11,11,0,0,SSH-Bruteforce
719,6,6,360,6,0,0,0,PortScan
80,17,20,1200,0,0,0,0,DoS-UDP
0,1,20,1200,0,0,0,0,DoS-ICMP
31135,6,2,120,2,0,0,0,PortScan
80,17,20,1200,0,0,0,0,DoS-UDP
2301,6,6,360,6,0,0,0,PortScan
3979,6,8,464,8,8,0,0,SSH-Bruteforce
22,6,20,1200,20,0,0,0,SSH-Bruteforce
80,6,20,1480,20,0,0,0,DoS-HTTP
80,17,20,1200,0,0,0,0,DoS-UDP
80,6,20,1480,20,0,0,0,DoS-HTTP
0,1,20,1200,0,0,0,0,DoS-ICMP
80,17,20,1200,0,0,0,0,DoS-UDP
80,17,20,1200,0,0,0,0,DoS-UDP
9709,6,9,522,9,9,0,0,SSH-Bruteforce
5293,6,9,522,9,9,0,0,SSH-Bruteforce
80,17,20,1200,0,0,0,0,DoS-UDP
0,1,20,1200,0,0,0,0,DoS-ICMP
0,1,20,840,0,0,0,0,DoS-ICMP
53670,6,4,240,4,0,0,0,PortScan
80,6,20,1200,20,0,0,0,DoS-SYN-Flood
25195,6,2,120,2,0,0,0,PortScan
0,1,20,840,0,0,0,0,DoS-ICMP
22,6,20,1200,19,0,1,0,SSH-Bruteforce
80,17,20,1200,0,0,0,0,DoS-UDP
0,1,20,840,0,0,0,0,DoS-ICMP
80,6,20,1200,20,0,0,0,DoS-SYN-Flood
80,6,20,1200,20,0,0,0,DoS-SYN-Flood
12804,6,4,240,4,0,0,0,PortScan
0,1,20,1200,0,0,0,0,DoS-ICMP
80,17,20,1200,0,0,0,0,DoS-UDP
22,6,20,1200,3,0,17,0,SSH-Bruteforce
0,1,20,840,0,0,0,0,DoS-ICMP
0,1,20,840,0,0,0,0,DoS-ICMP
36209,6,4,240,4,0,0,0,PortScan
80,6,20,1200,20,0,0,0,DoS-SYN-Flood
0,1,20,1200,0,0,0,0,DoS-ICMP
80,17,20,1200,0,0,0,0,DoS-UDP
80,6,20,1200,20,0,0,0,DoS-SYN-Flood
53895,6,2,120,2,0,0,0,PortScan
40281,6,2,120,2,0,0,0,PortScan
0,1,20,840,0,0,0,0,DoS-ICMP
80,6,20,1200,20,0,0,0,DoS-SYN-Flood
0,1,20,1200,0,0,0,0,DoS-ICMP
80,6,20,1480,20,0,0,0,DoS-HTTP
0,1,20,1200,0,0,0,0,DoS-ICMP
80,6,20,1480,20,0,0,0,DoS-HTTP
46852,6,4,240,4,0,0,0,PortScan
40481,6,4,240,4,0,0,0,PortScan
80,6,20,1480,20,0,0,0,DoS-HTTP
80,6,20,1480,20,0,0,0,DoS-HTTP
80,17,20,1200,0,0,0,0,DoS-UDP
0,1,20,1200,0,0,0,0,DoS-ICMP
80,6,20,1200,20,0,0,0,DoS-SYN-Flood
80,6,20,1200,20,0,0,0,DoS-SYN-Flood
80,6,20,1200,20,0,0,0,DoS-SYN-Flood
0,1,20,840,0,0,0,0,DoS-ICMP
80,6,20,1200,20,0,0,0,DoS-SYN-Flood
80,6,20,1200,20,0,0,0,DoS-SYN-Flood
80,6,20,1480,20,0,0,0,DoS-HTTP
80,6,20,1200,20,0,0,0,DoS-SYN-Flood
80,6,20,1480,20,0,0,0,DoS-HTTP
0,1,20,840,0,0,0,0,DoS-ICMP
80,17,20,1200,0,0,0,0,DoS-UDP
80,6,20,1480,20,0,0,0,DoS-HTTP
80,6,20,1480,20,0,0,0,DoS-HTTP
22,6,20,1200,7,0,13,0,SSH-Bruteforce
80,6,20,1480,20,0,0,0,DoS-HTTP
80,6,20,1200,20,0,0,0,DoS-SYN-Flood
80,6,20,1480,20,0,0,0,DoS-HTTP
80,6,20,1200,20,0,0,0,DoS-SYN-Flood
8471,6,4,240,4,0,0,0,PortScan
0,1,20,1200,0,0,0,0,DoS-ICMP
80,17,20,1200,0,0,0,0,DoS-UDP
80,6,20,1480,20,0,0,0,DoS-HTTP
80,6,20,1480,20,0,0,0,DoS-HTTP
0,1,20,840,0,0,0,0,DoS-ICMP
80,17,20,1200,0,0,0,0,DoS-UDP
28241,6,4,240,4,0,0,0,PortScan
36520,17,20,20416,0,0,0,0,BENIGN
80,6,20,1480,20,0,0,0,DoS-HTTP
63705,6,4,240,4,0,0,0,PortScan
0,1,20,840,0,0,0,0,DoS-ICMP
80,6,20,1200,20,0,0,0,DoS-SYN-Flood
80,6,20,1480,20,0,0,0,DoS-HTTP
80,6,20,1480,20,0,0,0,DoS-HTTP
80,6,20,1480,20,0,0,0,DoS-HTTP
34104,6,2,120,2,0,0,0,PortScan
80,6,20,1200,20,0,0,0,DoS-SYN-Flood
80,6,20,1480,20,0,0,0,DoS-HTTP
80,6,20,1200,20,0,0,0,DoS-SYN-Flood
80,6,20,1480,20,0,0,0,DoS-HTTP
80,6,20,1480,20,0,0,0,DoS-HTTP
80,6,20,1480,20,0,0,0,DoS-HTTP
80,6,20,1200,20,0,0,0,DoS-SYN-Flood
80,6,20,1480,20,0,0,0,DoS-HTTP
80,17,20,1200,0,0,0,0,DoS-UDP
0,1,20,840,0,0,0,0,DoS-ICMP
80,6,20,1480,20,0,0,0,DoS-HTTP
5973,6,4,240,4,0,0,0,PortScan
80,6,20,1480,20,0,0,0,DoS-HTTP
0,1,20,840,0,0,0,0,DoS-ICMP
80,6,20,1200,20,0,0,0,DoS-SYN-Flood
32701,6,11,638,11,11,0,0,SSH-Bruteforce
80,6,20,1480,20,0,0,0,DoS-HTTP
54829,17,20,27980,0,0,0,0,BENIGN
0,1,20,1200,0,0,0,0,DoS-ICMP
22,6,20,1200,20,0,0,0,SSH-Bruteforce
20461,6,4,240,4,0,0,0,PortScan
80,6,20,1200,20,0,0,0,DoS-SYN-Flood
18522,6,7,406,7,7,0,0,SSH-Bruteforce
0,1,20,1200,0,0,0,0,DoS-ICMP
80,17,20,1200,0,0,0,0,DoS-UDP
80,6,20,1200,20,0,0,0,DoS-SYN-Flood
51517,6,2,120,2,0,0,0,PortScan
80,6,20,1480,20,0,0,0,DoS-HTTP
43992,17,20,27980,0,0,0,0,BENIGN
0,1,20,1200,0,0,0,0,DoS-ICMP
42642,6,10,580,10,10,0,0,SSH-Bruteforce
80,6,20,1200,20,0,0,0,DoS-SYN-Flood
0,1,20,1200,0,0,0,0,DoS-ICMP
60097,6,2,120,2,0,0,0,PortScan
0,1,20,1200,0,0,0,0,DoS-ICMP
52330,6,2,120,2,0,0,0,PortScan
58161,6,2,120,2,0,0,0,PortScan
80,6,20,1200,20,0,0,0,DoS-SYN-Flood
80,6,20,1200,20,0,0,0,DoS-SYN-Flood
80,6,20,1200,20,0,0,0,DoS-SYN-Flood
46398,17,20,27980,0,0,0,0,BENIGN
80,17,20,1200,0,0,0,0,DoS-UDP
80,6,20,1200,20,0,0,0,DoS-SYN-Flood
22,6,20,1200,20,0,0,0,SSH-Bruteforce
23576,6,6,348,6,6,0,0,SSH-Bruteforce
80,17,20,1200,0,0,0,0,DoS-UDP
10644,6,4,240,4,0,0,0,PortScan
2676,6,7,406,7,7,0,0,SSH-Bruteforce
59738,6,4,240,4,0,0,0,PortScan
80,6,20,1480,20,0,0,0,DoS-HTTP
22,6,20,1200,10,0,10,0,SSH-Bruteforce
80,17,20,1200,0,0,0,0,DoS-UDP
53258,6,20,28960,0,20,0,0,BENIGN
33302,6,4,240,4,0,0,0,PortScan
0,1,20,840,0,0,0,0,DoS-ICMP
60886,6,20,29140,0,20,0,0,BENIGN
80,6,20,1480,20,0,0,0,DoS-HTTP
80,17,20,1200,0,0,0,0,DoS-UDP
80,6,20,1480,20,0,0,0,DoS-HTTP
80,6,20,1480,20,0,0,0,DoS-HTTP
0,1,20,840,0,0,0,0,DoS-ICMP
0,1,20,1200,0,0,0,0,DoS-ICMP
34408,6,4,240,4,0,0,0,PortScan
80,17,20,1200,0,0,0,0,DoS-UDP
80,6,20,1200,20,0,0,0,DoS-SYN-Flood
80,17,20,1200,0,0,0,0,DoS-UDP
0,1,20,840,0,0,0,0,DoS-ICMP
80,6,20,1480,20,0,0,0,DoS-HTTP
80,6,20,1480,20,0,0,0,DoS-HTTP
41308,17,20,27980,0,0,0,0,BENIGN
443,6,16,1993,1,15,0,1,BENIGN
80,6,20,1200,20,0,0,0,DoS-SYN-Flood
80,6,20,1480,20,0,0,0,DoS-HTTP
443,17,20,1501,0,0,0,0,BENIGN
80,6,20,1480,20,0,0,0,DoS-HTTP
46398,17,20,27980,0,0,0,0,BENIGN
80,6,20,1480,20,0,0,0,DoS-HTTP
80,6,20,1480,20,0,0,0,DoS-HTTP
50548,6,4,240,4,0,0,0,PortScan
19613,6,2,120,2,0,0,0,PortScan
32675,6,11,638,11,11,0,0,SSH-Bruteforce
36520,17,20,27980,0,0,0,0,BENIGN
80,6,20,1480,20,0,0,0,DoS-HTTP
9372,6,7,406,7,7,0,0,SSH-Bruteforce
80,6,20,1200,20,0,0,0,DoS-SYN-Flood
80,6,20,1480,20,0,0,0,DoS-HTTP
29349,6,9,522,9,9,0,0,SSH-Bruteforce
26619,6,7,406,7,7,0,0,SSH-Bruteforce
80,17,20,1200,0,0,0,0,DoS-UDP
80,17,20,1200,0,0,0,0,DoS-UDP
45424,6,20,1939,0,20,0,0,BENIGN
80,6,20,1480,20,0,0,0,DoS-HTTP
80,17,20,1200,0,0,0,0,DoS-UDP
0,1,20,840,0,0,0,0,DoS-ICMP
64477,6,4,232,4,4,0,0,SSH-Bruteforce
80,17,20,1200,0,0,0,0,DoS-UDP
28616,6,2,120,2,0,0,0,PortScan
14447,6,10,580,10,10,0,0,SSH-Bruteforce
0,1,20,840,0,0,0,0,DoS-ICMP
37721,6,2,120,2,0,0,0,PortScan
80,6,20,1200,20,0,0,0,DoS-SYN-Flood
3240,6,5,290,5,5,0,0,SSH-Bruteforce
1106,6,4,240,4,0,0,0,PortScan
56491,6,2,120,2,0,0,0,PortScan
22054,6,6,348,6,6,0,0,SSH-Bruteforce
9184,6,10,580,10,10,0,0,SSH-Bruteforce
80,6,20,1480,20,0,0,0,DoS-HTTP
80,17,20,1200,0,0,0,0,DoS-UDP
80,17,20,1200,0,0,0,0,DoS-UDP
80,6,20,1480,20,0,0,0,DoS-HTTP
10122,6,4,240,4,0,0,0,PortScan
5203,6,4,240,4,0,0,0,PortScan
5876,6,10,580,10,10,0,0,SSH-Bruteforce
39902,17,20,27980,0,0,0,0,BENIGN
53308,6,20,29260,0,20,0,0,BENIGN
80,6,20,1480,20,0,0,0,DoS-HTTP
46171,6,7,406,7,7,0,0,SSH-Bruteforce
80,6,20,1480,20,0,0,0,DoS-HTTP
80,6,20,1200,20,0,0,0,DoS-SYN-Flood
80,17,20,1200,0,0,0,0,DoS-UDP
80,6,20,1480,20,0,0,0,DoS-HTTP
33240,6,20,29140,0,20,0,0,BENIGN
0,1,20,840,0,0,0,0,DoS-ICMP
49640,6,4,240,4,0,0,0,PortScan
80,6,20,1480,20,0,0,0,DoS-HTTP
80,6,20,1200,20,0,0,0,DoS-SYN-Flood
80,6,20,1480,20,0,0,0,DoS-HTTP
62416,6,5,290,5,5,0,0,SSH-Bruteforce
80,6,20,1200,20,0,0,0,DoS-SYN-Flood
80,6,20,1200,20,0,0,0,DoS-SYN-Flood
80,6,20,1200,20,0,0,0,DoS-SYN-Flood
36520,17,20,27980,0,0,0,0,BENIGN
80,6,20,1200,20,0,0,0,DoS-SYN-Flood
62307,6,7,406,7,7,0,0,SSH-Bruteforce
0,1,20,840,0,0,0,0,DoS-ICMP
80,17,20,1200,0,0,0,0,DoS-UDP
80,6,20,1480,20,0,0,0,DoS-HTTP
4585,6,7,406,7,7,0,0,SSH-Bruteforce
52728,6,2,120,2,0,0,0,PortScan
80,17,20,1200,0,0,0,0,DoS-UDP
80,6,20,1200,20,0,0,0,DoS-SYN-Flood
44175,6,4,240,4,0,0,0,PortScan
80,6,20,1480,20,0,0,0,DoS-HTTP
36940,6,2,120,2,0,0,0,PortScan
80,6,20,1200,20,0,0,0,DoS-SYN-Flood
0,1,20,840,0,0,0,0,DoS-ICMP
36520,17,20,27196,0,0,0,0,BENIGN
0,1,20,1200,0,0,0,0,DoS-ICMP
80,6,20,1480,20,0,0,0,DoS-HTTP
0,1,20,840,0,0,0,0,DoS-ICMP
12213,6,4,240,4,0,0,0,PortScan
0,1,20,840,0,0,0,0,DoS-ICMP
37895,6,2,120,2,0,0,0,PortScan
0,1,20,840,0,0,0,0,DoS-ICMP
80,6,20,1200,20,0,0,0,DoS-SYN-Flood
80,17,20,1200,0,0,0,0,DoS-UDP
0,1,20,840,0,0,0,0,DoS-ICMP
80,17,20,1200,0,0,0,0,DoS-UDP
80,6,20,1200,20,0,0,0,DoS-SYN-Flood
80,6,20,1480,20,0,0,0,DoS-HTTP
80,6,20,1480,20,0,0,0,DoS-HTTP
53258,6,20,29088,0,20,0,0,BENIGN
60244,6,2,120,2,0,0,0,PortScan
80,6,20,1200,20,0,0,0,DoS-SYN-Flood
0,1,20,840,0,0,0,0,DoS-ICMP
80,17,20,1200,0,0,0,0,DoS-UDP
63494,6,2,120,2,0,0,0,PortScan
54829,17,20,27980,0,0,0,0,BENIGN
0,1,20,840,0,0,0,0,DoS-ICMP
22,6,20,1200,0,0,20,0,SSH-Bruteforce
0,1,20,840,0,0,0,0,DoS-ICMP
22,6,20,1200,0,0,20,0,SSH-Bruteforce
0,1,20,1200,0,0,0,0,DoS-ICMP
80,6,20,1480,20,0,0,0,DoS-HTTP
22,6,20,1200,7,0,13,0,SSH-Bruteforce
80,6,20,1200,20,0,0,0,DoS-SYN-Flood
65098,6,8,464,8,8,0,0,SSH-Bruteforce
80,6,20,1200,20,0,0,0,DoS-SYN-Flood
22,6,20,1200,0,0,20,0,SSH-Bruteforce
443,6,20,1200,0,20,0,0,BENIGN
80,6,20,1480,20,0,0,0,DoS-HTTP
52434,6,4,240,4,0,0,0,PortScan
80,6,20,1480,20,0,0,0,DoS-HTTP
0,1,20,1200,0,0,0,0,DoS-ICMP
48566,6,6,348,6,6,0,0,SSH-Bruteforce
80,6,20,1480,20,0,0,0,DoS-HTTP
80,17,20,1200,0,0,0,0,DoS-UDP
80,6,20,1200,20,0,0,0,DoS-SYN-Flood
41450,6,4,240,4,0,0,0,PortScan
48266,6,10,580,10,10,0,0,SSH-Bruteforce
56640,6,7,406,7,7,0,0,SSH-Bruteforce
42554,6,2,120,2,0,0,0,PortScan
0,1,20,1200,0,0,0,0,DoS-ICMP
23452,6,2,120,2,0,0,0,PortScan
22,6,20,1200,20,0,0,0,SSH-Bruteforce
0,1,20,840,0,0,0,0,DoS-ICMP
22,6,20,1200,0,0,20,0,SSH-Bruteforce
22065,6,2,120,2,0,0,0,PortScan
245,6,9,522,9,9,0,0,SSH-Bruteforce
80,6,20,1480,20,0,0,0,DoS-HTTP
29432,6,2,120,2,0,0,0,PortScan
0,1,20,1200,0,0,0,0,DoS-ICMP
80,6,20,1480,20,0,0,0,DoS-HTTP
80,6,20,1200,20,0,0,0,DoS-SYN-Flood
0,1,20,1200,0,0,0,0,DoS-ICMP
80,6,20,1480,20,0,0,0,DoS-HTTP
0,1,20,840,0,0,0,0,DoS-ICMP
0,1,20,840,0,0,0,0,DoS-ICMP
80,6,20,1480,20,0,0,0,DoS-HTTP
50277,6,9,522,9,9,0,0,SSH-Bruteforce
80,17,20,1200,0,0,0,0,DoS-UDP
0,1,20,1200,0,0,0,0,DoS-ICMP
1067,6,7,406,7,7,0,0,SSH-Bruteforce
80,17,20,1200,0,0,0,0,DoS-UDP
80,6,20,1200,20,0,0,0,DoS-SYN-Flood
80,17,20,1200,0,0,0,0,DoS-UDP
60287,6,4,240,4,0,0,0,PortScan
80,6,20,1480,20,0,0,0,DoS-HTTP
80,6,20,1200,20,0,0,0,DoS-SYN-Flood
0,1,20,1200,0,0,0,0,DoS-ICMP
0,1,20,1200,0,0,0,0,DoS-ICMP
80,6,20,1480,20,0,0,0,DoS-HTTP
33240,6,20,29380,0,20,0,0,BENIGN
20736,6,4,240,4,0,0,0,PortScan
80,6,20,1200,20,0,0,0,DoS-SYN-Flood
48660,6,2,120,2,0,0,0,PortScan
0,1,20,840,0,0,0,0,DoS-ICMP
1016,6,4,240,4,0,0,0,PortScan
80,6,20,1200,20,0,0,0,DoS-SYN-Flood
0,1,20,840,0,0,0,0,DoS-ICMP
39902,17,20,27980,0,0,0,0,BENIGN
21795,6,4,240,4,0,0,0,PortScan
80,6,20,1480,20,0,0,0,DoS-HTTP
0,1,20,1200,0,0,0,0,DoS-ICMP
80,6,20,1200,20,0,0,0,DoS-SYN-Flood
5734,6,4,240,4,0,0,0,PortScan
0,1,20,840,0,0,0,0,DoS-ICMP
0,1,20,840,0,0,0,0,DoS-ICMP
43777,6,2,120,2,0,0,0,PortScan
31674,6,4,240,4,0,0,0,PortScan
80,17,20,1200,0,0,0,0,DoS-UDP
80,17,20,1200,0,0,0,0,DoS-UDP
443,6,20,11146,0,20,0,0,BENIGN
55862,6,7,406,7,7,0,0,SSH-Bruteforce
28933,6,7,406,7,7,0,0,SSH-Bruteforce
0,1,20,840,0,0,0,0,DoS-ICMP
0,1,20,840,0,0,0,0,DoS-ICMP
0,1,20,840,0,0,0,0,DoS-ICMP
80,6,20,1480,20,0,0,0,DoS-HTTP
22,6,20,1200,19,0,1,0,SSH-Bruteforce
236,6,9,522,9,9,0,0,SSH-Bruteforce
80,17,20,1200,0,0,0,0,DoS-UDP
38389,6,8,464,8,8,0,0,SSH-Bruteforce
31009,6,6,348,6,6,0,0,SSH-Bruteforce
80,6,20,1200,20,0,0,0,DoS-SYN-Flood
35198,6,11,638,11,11,0,0,SSH-Bruteforce
80,17,20,1200,0,0,0,0,DoS-UDP
32275,6,2,120,2,0,0,0,PortScan
80,17,20,1200,0,0,0,0,DoS-UDP
0,1,20,1200,0,0,0,0,DoS-ICMP
80,6,20,1480,20,0,0,0,DoS-HTTP
40080,6,2,120,2,0,0,0,PortScan
80,6,20,1480,20,0,0,0,DoS-HTTP
6262,6,10,580,10,10,0,0,SSH-Bruteforce
22,6,20,1200,20,0,0,0,SSH-Bruteforce
80,17,20,1200,0,0,0,0,DoS-UDP
80,17,20,1200,0,0,0,0,DoS-UDP
80,17,20,1200,0,0,0,0,DoS-UDP
80,17,20,1200,0,0,0,0,DoS-UDP
26313,6,2,120,2,0,0,0,PortScan
0,1,20,1200,0,0,0,0,DoS-ICMP
36520,17,20,27980,0,0,0,0,BENIGN
80,6,20,1200,20,0,0,0,DoS-SYN-Flood
80,6,20,1480,20,0,0,0,DoS-HTTP
63421,6,7,406,7,7,0,0,SSH-Bruteforce
80,6,20,1200,20,0,0,0,DoS-SYN-Flood
443,17,20,6001,0,0,0,0,BENIGN
80,17,20,1200,0,0,0,0,DoS-UDP
36520,17,20,27980,0,0,0,0,BENIGN
27605,6,2,120,2,0,0,0,PortScan
80,6,20,1200,20,0,0,0,DoS-SYN-Flood
80,17,20,1200,0,0,0,0,DoS-UDP
0,1,20,1200,0,0,0,0,DoS-ICMP
32980,6,2,120,2,0,0,0,PortScan
2300,6,4,240,4,0,0,0,PortScan
80,17,20,1200,0,0,0,0,DoS-UDP
22828,6,4,240,4,0,0,0,PortScan
0,1,20,840,0,0,0,0,DoS-ICMP
80,6,20,1480,20,0,0,0,DoS-HTTP
31744,6,4,240,4,0,0,0,PortScan
80,6,20,1200,20,0,0,0,DoS-SYN-Flood
21425,6,2,120,2,0,0,0,PortScan
8633,6,6,360,6,0,0,0,PortScan
0,1,20,840,0,0,0,0,DoS-ICMP
80,17,20,1200,0,0,0,0,DoS-UDP
22,6,20,1200,20,0,0,0,SSH-Bruteforce
80,17,20,1200,0,0,0,0,DoS-UDP
80,17,20,1200,0,0,0,0,DoS-UDP
60886,6,20,29260,0,20,0,0,BENIGN
0,1,20,1200,0,0,0,0,DoS-ICMP
80,6,20,1200,20,0,0,0,DoS-SYN-Flood
80,6,20,1200,20,0,0,0,DoS-SYN-Flood
15958,6,2,120,2,0,0,0,PortScan
0,1,20,840,0,0,0,0,DoS-ICMP
0,1,20,840,0,0,0,0,DoS-ICMP
9832,6,5,290,5,5,0,0,SSH-Bruteforce
80,6,20,1200,20,0,0,0,DoS-SYN-Flood
80,6,20,1200,20,0,0,0,DoS-SYN-Flood
80,17,20,1200,0,0,0,0,DoS-UDP
22,6,20,1200,20,0,0,0,SSH-Bruteforce
80,6,20,1480,20,0,0,0,DoS-HTTP
32447,6,9,522,9,9,0,0,SSH-Bruteforce
80,6,20,1200,20,0,0,0,DoS-SYN-Flood
80,6,20,1200,20,0,0,0,DoS-SYN-Flood
50042,6,10,580,10,10,0,0,SSH-Bruteforce
80,17,20,1200,0,0,0,0,DoS-UDP
80,17,20,1200,0,0,0,0,DoS-UDP
80,17,20,1200,0,0,0,0,DoS-UDP
0,1,20,840,0,0,0,0,DoS-ICMP
47460,6,2,120,2,0,0,0,PortScan
55960,6,2,120,2,0,0,0,PortScan
45810,6,4,240,4,0,0,0,PortScan
0,1,20,1200,0,0,0,0,DoS-ICMP
80,17,20,1200,0,0,0,0,DoS-UDP
80,6,20,1200,20,0,0,0,DoS-SYN-Flood
80,17,20,1200,0,0,0,0,DoS-UDP
62012,6,4,240,4,0,0,0,PortScan
22,6,20,1200,13,0,7,0,SSH-Bruteforce
80,6,20,1200,20,0,0,0,DoS-SYN-Flood
80,6,20,1480,20,0,0,0,DoS-HTTP
47475,6,9,522,9,9,0,0,SSH-Bruteforce
45447,17,20,27980,0,0,0,0,BENIGN
80,17,20,1200,0,0,0,0,DoS-UDP
0,1,20,1200,0,0,0,0,DoS-ICMP
80,17,20,1200,0,0,0,0,DoS-UDP
80,6,20,1480,20,0,0,0,DoS-HTTP
80,17,20,1200,0,0,0,0,DoS-UDP
80,6,20,1200,20,0,0,0,DoS-SYN-Flood
2613,6,6,360,6,0,0,0,PortScan
80,6,20,1480,20,0,0,0,DoS-HTTP
0,1,20,1200,0,0,0,0,DoS-ICMP
26366,6,8,464,8,8,0,0,SSH-Bruteforce
80,6,20,1200,20,0,0,0,DoS-SYN-Flood
46398,17,20,27980,0,0,0,0,BENIGN
80,6,20,1480,20,0,0,0,DoS-HTTP
22,6,20,1200,0,0,20,0,SSH-Bruteforce
80,17,20,1200,0,0,0,0,DoS-UDP
80,6,20,1480,20,0,0,0,DoS-HTTP
46398,17,20,27980,0,0,0,0,BENIGN
80,6,20,1200,20,0,0,0,DoS-SYN-Flood
80,17,20,1200,0,0,0,0,DoS-UDP
31442,6,4,240,4,0,0,0,PortScan
80,6,20,1200,20,0,0,0,DoS-SYN-Flood
9682,6,4,240,4,0,0,0,PortScan
80,6,20,1480,20,0,0,0,DoS-HTTP
0,1,20,1200,0,0,0,0,DoS-ICMP
80,6,20,1480,20,0,0,0,DoS-HTTP
0,1,20,840,0,0,0,0,DoS-ICMP
44999,6,2,120,2,0,0,0,PortScan
0,1,20,1200,0,0,0,0,DoS-ICMP
0,1,20,840,0,0,0,0,DoS-ICMP
443,6,7,504,0,7,0,1,BENIGN
80,6,20,1200,20,0,0,0,DoS-SYN-Flood
80,6,20,1200,20,0,0,0,DoS-SYN-Flood
42353,6,6,348,6,6,0,0,SSH-Bruteforce
36520,17,20,27980,0,0,0,0,BENIGN
31092,6,2,120,2,0,0,0,PortScan
80,17,20,1200,0,0,0,0,DoS-UDP
0,1,20,840,0,0,0,0,DoS-ICMP
80,6,20,1200,20,0,0,0,DoS-SYN-Flood
24341,6,2,120,2,0,0,0,PortScan
9866,6,4,240,4,0,0,0,PortScan
80,6,20,1200,20,0,0,0,DoS-SYN-Flood
1059,6,6,360,6,0,0,0,PortScan
443,6,20,1734,0,19,1,1,BENIGN
22,6,20,1200,20,0,0,0,SSH-Bruteforce
80,17,20,1200,0,0,0,0,DoS-UDP
49373,6,2,120,2,0,0,0,PortScan
42570,6,7,406,7,7,0,0,SSH-Bruteforce
80,6,20,1480,20,0,0,0,DoS-HTTP
80,6,20,1480,20,0,0,0,DoS-HTTP
80,17,20,1200,0,0,0,0,DoS-UDP
80,6,20,1200,20,0,0,0,DoS-SYN-Flood
80,6,20,1200,20,0,0,0,DoS-SYN-Flood
31160,6,4,240,4,0,0,0,PortScan
63334,6,7,406,7,7,0,0,SSH-Bruteforce
45424,6,20,1540,0,20,0,0,BENIGN
80,6,20,1200,20,0,0,0,DoS-SYN-Flood
11730,6,5,290,5,5,0,0,SSH-Bruteforce
80,17,20,1200,0,0,0,0,DoS-UDP
80,6,20,1200,20,0,0,0,DoS-SYN-Flood
28600,6,2,120,2,0,0,0,PortScan
80,6,20,1200,20,0,0,0,DoS-SYN-Flood
80,17,20,1200,0,0,0,0,DoS-UDP
80,6,20,1480,20,0,0,0,DoS-HTTP
0,1,20,1200,0,0,0,0,DoS-ICMP
31867,6,2,120,2,0,0,0,PortScan
0,1,20,1200,0,0,0,0,DoS-ICMP
80,6,20,1480,20,0,0,0,DoS-HTTP
46834,6,4,240,4,0,0,0,PortScan
80,6,20,1480,20,0,0,0,DoS-HTTP
80,6,20,1480,20,0,0,0,DoS-HTTP
25051,6,5,290,5,5,0,0,SSH-Bruteforce
80,17,20,1200,0,0,0,0,DoS-UDP
80,17,20,1200,0,0,0,0,DoS-UDP
0,1,20,840,0,0,0,0,DoS-ICMP
80,6,20,1200,20,0,0,0,DoS-SYN-Flood
17754,6,6,348,6,6,0,0,SSH-Bruteforce
80,6,20,1200,20,0,0,0,DoS-SYN-Flood
9886,6,6,360,6,0,0,0,PortScan
57199,6,6,348,6,6,0,0,SSH-Bruteforce
80,6,20,1200,20,0,0,0,DoS-SYN-Flood
80,6,20,1200,20,0,0,0,DoS-SYN-Flood
22,6,20,1200,0,0,20,0,SSH-Bruteforce
9644,6,9,522,9,9,0,0,SSH-Bruteforce
80,6,20,1200,20,0,0,0,DoS-SYN-Flood
80,6,20,1480,20,0,0,0,DoS-HTTP
39172,6,20,6281,1,20,0,0,BENIGN
80,17,20,1200,0,0,0,0,DoS-UDP
36018,6,11,638,11,11,0,0,SSH-Bruteforce
0,1,20,840,0,0,0,0,DoS-ICMP
17717,6,2,120,2,0,0,0,PortScan
33240,6,20,28840,0,20,0,0,BENIGN
80,17,20,1200,0,0,0,0,DoS-UDP
19273,6,2,120,2,0,0,0,PortScan
80,17,20,1200,0,0,0,0,DoS-UDP
80,6,20,1200,20,0,0,0,DoS-SYN-Flood
38503,6,4,240,4,0,0,0,PortScan
80,6,20,1480,20,0,0,0,DoS-HTTP
80,6,20,1200,20,0,0,0,DoS-SYN-Flood
80,17,20,1200,0,0,0,0,DoS-UDP
4817,6,8,464,8,8,0,0,SSH-Bruteforce
80,17,20,1200,0,0,0,0,DoS-UDP
80,17,20,1200,0,0,0,0,DoS-UDP
0,1,20,1200,0,0,0,0,DoS-ICMP
80,6,20,1200,20,0,0,0,DoS-SYN-Flood
32671,6,2,120,2,0,0,0,PortScan
80,17,20,1200,0,0,0,0,DoS-UDP
0,1,20,840,0,0,0,0,DoS-ICMP
48815,6,6,348,6,6,0,0,SSH-Bruteforce
22,6,20,1200,0,0,20,0,SSH-Bruteforce
55115,6,7,406,7,7,0,0,SSH-Bruteforce
62280,6,2,120,2,0,0,0,PortScan
80,6,20,1480,20,0,0,0,DoS-HTTP
0,1,20,1200,0,0,0,0,DoS-ICMP
80,17,20,1200,0,0,0,0,DoS-UDP
80,17,20,1200,0,0,0,0,DoS-UDP
39932,6,4,240,4,0,0,0,PortScan
24682,6,4,240,4,0,0,0,PortScan
80,6,20,1480,20,0,0,0,DoS-HTTP
0,1,20,840,0,0,0,0,DoS-ICMP
0,1,20,1200,0,0,0,0,DoS-ICMP
80,6,20,1480,20,0,0,0,DoS-HTTP
36520,17,20,27980,0,0,0,0,BENIGN
53272,6,20,19586,0,20,0,0,BENIGN
0,1,20,840,0,0,0,0,DoS-ICMP
19719,6,9,522,9,9,0,0,SSH-Bruteforce
60274,6,2,120,2,0,0,0,PortScan
80,6,20,1480,20,0,0,0,DoS-HTTP
0,1,20,1200,0,0,0,0,DoS-ICMP
37437,6,9,522,9,9,0,0,SSH-Bruteforce
80,6,20,1480,20,0,0,0,DoS-HTTP
80,17,20,1200,0,0,0,0,DoS-UDP
31732,6,8,464,8,8,0,0,SSH-Bruteforce
80,6,20,1480,20,0,0,0,DoS-HTTP
0,1,20,840,0,0,0,0,DoS-ICMP
80,17,20,1200,0,0,0,0,DoS-UDP
80,6,20,1200,20,0,0,0,DoS-SYN-Flood
22,6,20,1200,0,0,20,0,SSH-Bruteforce
80,6,20,1200,20,0,0,0,DoS-SYN-Flood
35854,6,20,27908,0,20,0,0,BENIGN
80,6,20,1480,20,0,0,0,DoS-HTTP
0,1,20,1200,0,0,0,0,DoS-ICMP
80,6,20,1480,20,0,0,0,DoS-HTTP
21186,6,2,120,2,0,0,0,PortScan
80,17,20,1200,0,0,0,0,DoS-UDP
53682,6,11,638,11,11,0,0,SSH-Bruteforce
80,6,20,1480,20,0,0,0,DoS-HTTP
80,17,20,1200,0,0,0,0,DoS-UDP
0,1,20,840,0,0,0,0,DoS-ICMP
0,1,20,1200,0,0,0,0,DoS-ICMP
0,1,20,840,0,0,0,0,DoS-ICMP
49102,6,4,240,4,0,0,0,PortScan
80,6,20,1200,20,0,0,0,DoS-SYN-Flood
0,1,20,840,0,0,0,0,DoS-ICMP
0,1,20,1200,0,0,0,0,DoS-ICMP
80,17,20,1200,0,0,0,0,DoS-UDP
80,17,20,1200,0,0,0,0,DoS-UDP
22189,6,4,240,4,0,0,0,PortScan
0,1,20,1200,0,0,0,0,DoS-ICMP
0,1,20,1200,0,0,0,0,DoS-ICMP
80,6,20,1480,20,0,0,0,DoS-HTTP
80,6,20,1480,20,0,0,0,DoS-HTTP
80,6,20,1200,20,0,0,0,DoS-SYN-Flood
62761,6,5,290,5,5,0,0,SSH-Bruteforce
55751,6,2,120,2,0,0,0,PortScan
1607,6,6,348,6,6,0,0,SSH-Bruteforce
80,17,20,1200,0,0,0,0,DoS-UDP
17118,6,9,522,9,9,0,0,SSH-Bruteforce
23788,6,2,120,2,0,0,0,PortScan
50510,6,2,120,2,0,0,0,PortScan
36520,17,20,27980,0,0,0,0,BENIGN
22,6,20,1200,0,0,20,0,SSH-Bruteforce
0,1,20,1200,0,0,0,0,DoS-ICMP
80,17,20,1200,0,0,0,0,DoS-UDP
25167,6,2,120,2,0,0,0,PortScan
80,17,20,1200,0,0,0,0,DoS-UDP
80,17,20,1200,0,0,0,0,DoS-UDP
22,6,20,1200,7,0,13,0,SSH-Bruteforce
80,17,20,1200,0,0,0,0,DoS-UDP
36520,17,20,27980,0,0,0,0,BENIGN
22,6,20,1200,0,0,20,0,SSH-Bruteforce
30698,6,6,348,6,6,0,0,SSH-Bruteforce
33240,6,20,29200,0,20,0,0,BENIGN
80,17,20,1200,0,0,0,0,DoS-UDP
59508,6,9,522,9,9,0,0,SSH-Bruteforce
80,17,20,1200,0,0,0,0,DoS-UDP
34627,6,2,120,2,0,0,0,PortScan
80,6,20,1200,20,0,0,0,DoS-SYN-Flood
63814,6,2,120,2,0,0,0,PortScan
80,17,20,1200,0,0,0,0,DoS-UDP
0,1,20,840,0,0,0,0,DoS-ICMP
44106,6,7,406,7,7,0,0,SSH-Bruteforce
80,6,20,1480,20,0,0,0,DoS-HTTP
10618,6,9,522,9,9,0,0,SSH-Bruteforce
80,6,20,1480,20,0,0,0,DoS-HTTP
22,6,20,1200,18,0,2,0,SSH-Bruteforce
80,17,20,1200,0,0,0,0,DoS-UDP
80,17,20,1200,0,0,0,0,DoS-UDP
443,17,20,8405,0,0,0,0,BENIGN
80,6,20,1480,20,0,0,0,DoS-HTTP
9418,6,9,522,9,9,0,0,SSH-Bruteforce
80,6,20,1200,20,0,0,0,DoS-SYN-Flood
80,17,20,1200,0,0,0,0,DoS-UDP
80,6,20,1200,20,0,0,0,DoS-SYN-Flood
22,6,20,1200,0,0,20,0,SSH-Bruteforce
80,6,20,1480,20,0,0,0,DoS-HTTP
80,17,20,1200,0,0,0,0,DoS-UDP
80,6,20,1480,20,0,0,0,DoS-HTTP
80,6,20,1200,20,0,0,0,DoS-SYN-Flood
80,6,20,1480,20,0,0,0,DoS-HTTP
80,6,20,1200,20,0,0,0,DoS-SYN-Flood
0,1,20,1200,0,0,0,0,DoS-ICMP
60886,6,20,29200,0,20,0,0,BENIGN
80,6,20,1200,20,0,0,0,DoS-SYN-Flood
80,6,20,1200,20,0,0,0,DoS-SYN-Flood
80,6,20,1480,20,0,0,0,DoS-HTTP
17478,6,7,406,7,7,0,0,SSH-Bruteforce
12664,6,6,360,6,0,0,0,PortScan
29017,6,2,120,2,0,0,0,PortScan
31467,6,2,120,2,0,0,0,PortScan
36908,6,8,464,8,8,0,0,SSH-Bruteforce
80,6,20,1480,20,0,0,0,DoS-HTTP
19737,6,4,240,4,0,0,0,PortScan
36520,17,20,27980,0,0,0,0,BENIGN
80,17,20,1200,0,0,0,0,DoS-UDP
80,6,20,1200,20,0,0,0,DoS-SYN-Flood
80,6,20,1200,20,0,0,0,DoS-SYN-Flood
4058,6,8,464,8,8,0,0,SSH-Bruteforce
80,17,20,1200,0,0,0,0,DoS-UDP
41966,6,6,348,6,6,0,0,SSH-Bruteforce
80,6,20,1480,20,0,0,0,DoS-HTTP
0,1,20,840,0,0,0,0,DoS-ICMP
80,6,20,1200,20,0,0,0,DoS-SYN-Flood
443,6,19,3562,2,17,0,3,BENIGN
54829,17,20,27980,0,0,0,0,BENIGN
80,6,20,1480,20,0,0,0,DoS-HTTP
80,17,20,1200,0,0,0,0,DoS-UDP
80,17,20,1200,0,0,0,0,DoS-UDP
80,17,20,1200,0,0,0,0,DoS-UDP
80,6,20,1480,20,0,0,0,DoS-HTTP
80,17,20,1200,0,0,0,0,DoS-UDP
80,6,20,1200,20,0,0,0,DoS-SYN-Flood
80,17,20,1200,0,0,0,0,DoS-UDP
80,6,20,1200,20,0,0,0,DoS-SYN-Flood
80,17,20,1200,0,0,0,0,DoS-UDP
47822,6,20,29080,0,20,0,0,BENIGN
17917,6,12,696,12,12,0,0,SSH-Bruteforce
80,6,20,1200,20,0,0,0,DoS-SYN-Flood
80,6,20,1200,20,0,0,0,DoS-SYN-Flood
54415,6,4,240,4,0,0,0,PortScan
15868,6,2,120,2,0,0,0,PortScan
0,1,20,1200,0,0,0,0,DoS-ICMP
80,17,20,1200,0,0,0,0,DoS-UDP
80,6,20,1200,20,0,0,0,DoS-SYN-Flood
80,6,20,1480,20,0,0,0,DoS-HTTP
80,6,20,1200,20,0,0,0,DoS-SYN-Flood
420,6,4,240,4,0,0,0,PortScan
22684,6,2,120,2,0,0,0,PortScan
36268,17,20,20627,0,0,0,0,BENIGN
0,1,20,1200,0,0,0,0,DoS-ICMP
80,17,20,1200,0,0,0,0,DoS-UDP
80,6,20,1200,20,0,0,0,DoS-SYN-Flood
80,6,20,1480,20,0,0,0,DoS-HTTP
35265,6,2,120,2,0,0,0,PortScan
443,6,20,1200,0,20,0,0,BENIGN
54751,6,2,120,2,0,0,0,PortScan
80,6,20,1200,20,0,0,0,DoS-SYN-Flood
80,17,20,1200,0,0,0,0,DoS-UDP
80,17,20,1200,0,0,0,0,DoS-UDP
0,1,20,840,0,0,0,0,DoS-ICMP
33240,6,20,29200,0,20,0,0,BENIGN
80,6,20,1480,20,0,0,0,DoS-HTTP
80,6,20,1200,20,0,0,0,DoS-SYN-Flood
42637,6,2,120,2,0,0,0,PortScan
51215,6,10,580,10,10,0,0,SSH-Bruteforce
80,6,20,1200,20,0,0,0,DoS-SYN-Flood
28484,6,2,120,2,0,0,0,PortScan
0,1,20,1200,0,0,0,0,DoS-ICMP
80,17,20,1200,0,0,0,0,DoS-UDP
53,17,20,1567,0,0,0,0,BENIGN
0,1,20,1200,0,0,0,0,DoS-ICMP
80,6,20,1200,20,0,0,0,DoS-SYN-Flood
80,17,20,1200,0,0,0,0,DoS-UDP
80,6,20,1480,20,0,0,0,DoS-HTTP
0,1,20,1200,0,0,0,0,DoS-ICMP
22,6,20,1200,7,0,13,0,SSH-Bruteforce
80,6,20,1200,20,0,0,0,DoS-SYN-Flood
54829,17,20,27980,0,0,0,0,BENIGN
80,6,20,1200,20,0,0,0,DoS-SYN-Flood
46255,6,8,464,8,8,0,0,SSH-Bruteforce
36520,17,20,27980,0,0,0,0,BENIGN
20488,6,4,240,4,0,0,0,PortScan
80,6,20,1480,20,0,0,0,DoS-HTTP
80,6,20,1200,20,0,0,0,DoS-SYN-Flood
2183,6,5,290,5,5,0,0,SSH-Bruteforce
80,17,20,1200,0,0,0,0,DoS-UDP
39902,17,20,27980,0,0,0,0,BENIGN
59117,6,4,240,4,0,0,0,PortScan
80,17,20,1200,0,0,0,0,DoS-UDP
1586,6,6,360,6,0,0,0,PortScan
80,6,20,1480,20,0,0,0,DoS-HTTP
22,6,20,1200,0,0,20,0,SSH-Bruteforce
80,6,20,1200,20,0,0,0,DoS-SYN-Flood
0,1,20,1200,0,0,0,0,DoS-ICMP
80,6,20,1200,20,0,0,0,DoS-SYN-Flood
80,17,20,1200,0,0,0,0,DoS-UDP
0,1,20,840,0,0,0,0,DoS-ICMP
60886,6,20,29260,0,20,0,0,BENIGN
52611,6,4,240,4,0,0,0,PortScan
33686,6,2,120,2,0,0,0,PortScan
80,6,20,1200,20,0,0,0,DoS-SYN-Flood
80,6,20,1480,20,0,0,0,DoS-HTTP
80,17,20,1200,0,0,0,0,DoS-UDP
0,1,20,1200,0,0,0,0,DoS-ICMP
80,6,20,1200,20,0,0,0,DoS-SYN-Flood
80,6,20,1480,20,0,0,0,DoS-HTTP
80,6,20,1200,20,0,0,0,DoS-SYN-Flood
80,6,20,1480,20,0,0,0,DoS-HTTP
80,17,20,1200,0,0,0,0,DoS-UDP
80,17,20,1200,0,0,0,0,DoS-UDP
80,6,20,1200,20,0,0,0,DoS-SYN-Flood
38073,6,2,120,2,0,0,0,PortScan
60886,6,20,29320,0,20,0,0,BENIGN
0,1,20,840,0,0,0,0,DoS-ICMP
0,1,20,1200,0,0,0,0,DoS-ICMP
34047,6,6,348,6,6,0,0,SSH-Bruteforce
80,17,20,1200,0,0,0,0,DoS-UDP
80,6,20,1480,20,0,0,0,DoS-HTTP
12323,6,8,464,8,8,0,0,SSH-Bruteforce
58712,6,8,464,8,8,0,0,SSH-Bruteforce
60058,6,4,240,4,0,0,0,PortScan
18781,6,4,240,4,0,0,0,PortScan
3517,6,8,464,8,8,0,0,SSH-Bruteforce
80,6,20,1200,20,0,0,0,DoS-SYN-Flood
80,6,20,1480,20,0,0,0,DoS-HTTP
80,6,20,1200,20,0,0,0,DoS-SYN-Flood
0,1,20,840,0,0,0,0,DoS-ICMP
80,6,20,1480,20,0,0,0,DoS-HTTP
80,17,20,1200,0,0,0,0,DoS-UDP
22,6,20,1200,20,0,0,0,SSH-Bruteforce
80,6,20,1200,20,0,0,0,DoS-SYN-Flood
2095,6,6,360,6,0,0,0,PortScan
2283,6,8,464,8,8,0,0,SSH-Bruteforce
80,6,20,1480,20,0,0,0,DoS-HTTP
0,1,20,840,0,0,0,0,DoS-ICMP
80,6,20,1200,20,0,0,0,DoS-SYN-Flood
22,6,20,1200,0,0,20,0,SSH-Bruteforce
54106,6,5,290,5,5,0,0,SSH-Bruteforce
22863,6,2,120,2,0,0,0,PortScan
22,6,20,1200,0,0,20,0,SSH-Bruteforce
0,1,20,1200,0,0,0,0,DoS-ICMP
0,1,20,840,0,0,0,0,DoS-ICMP
55507,6,2,120,2,0,0,0,PortScan
80,17,20,1200,0,0,0,0,DoS-UDP
23657,6,2,120,2,0,0,0,PortScan
80,17,20,1200,0,0,0,0,DoS-UDP
9899,6,4,240,4,0,0,0,PortScan
54552,6,2,120,2,0,0,0,PortScan
11863,6,4,240,4,0,0,0,PortScan
61494,6,4,240,4,0,0,0,PortScan
22,6,20,1200,20,0,0,0,SSH-Bruteforce
0,1,20,1200,0,0,0,0,DoS-ICMP
36604,6,2,120,2,0,0,0,PortScan
80,6,20,1200,20,0,0,0,DoS-SYN-Flood
12784,6,4,240,4,0,0,0,PortScan
80,6,20,1200,20,0,0,0,DoS-SYN-Flood
0,2,11,594,0,0,0,0,BENIGN
59527,6,2,120,2,0,0,0,PortScan
19995,6,6,348,6,6,0,0,SSH-Bruteforce
80,6,20,1480,20,0,0,0,DoS-HTTP
0,1,20,840,0,0,0,0,DoS-ICMP
80,6,20,1480,20,0,0,0,DoS-HTTP
80,6,20,1480,20,0,0,0,DoS-HTTP
80,17,20,1200,0,0,0,0,DoS-UDP
80,6,20,1480,20,0,0,0,DoS-HTTP
22,6,20,1200,20,0,0,0,SSH-Bruteforce
80,6,20,1480,20,0,0,0,DoS-HTTP
80,17,20,1200,0,0,0,0,DoS-UDP
0,1,20,1200,0,0,0,0,DoS-ICMP
10094,6,4,240,4,0,0,0,PortScan
29435,6,4,240,4,0,0,0,PortScan
80,6,20,1480,20,0,0,0,DoS-HTTP
80,17,20,1200,0,0,0,0,DoS-UDP
80,6,20,1480,20,0,0,0,DoS-HTTP
0,1,20,1200,0,0,0,0,DoS-ICMP
60427,6,4,240,4,0,0,0,PortScan
46348,6,4,240,4,0,0,0,PortScan
5353,17,6,576,0,0,0,0,DoS-SYN-Flood
47145,6,9,522,9,9,0,0,SSH-Bruteforce
80,6,20,1200,20,0,0,0,DoS-SYN-Flood
80,17,20,1200,0,0,0,0,DoS-UDP
80,6,20,1480,20,0,0,0,DoS-HTTP
0,1,20,1200,0,0,0,0,DoS-ICMP
80,17,20,1200,0,0,0,0,DoS-UDP
11499,6,6,348,6,6,0,0,SSH-Bruteforce
80,17,20,1200,0,0,0,0,DoS-UDP
80,6,20,1480,20,0,0,0,DoS-HTTP
8365,6,4,240,4,0,0,0,PortScan
22,6,20,1200,0,0,20,0,SSH-Bruteforce
80,17,20,1200,0,0,0,0,DoS-UDP
80,6,20,1480,20,0,0,0,DoS-HTTP
5610,6,6,360,6,0,0,0,PortScan
34450,6,4,240,4,0,0,0,PortScan
0,1,20,1200,0,0,0,0,DoS-ICMP
80,6,20,1480,20,0,0,0,DoS-HTTP
22,6,20,1200,0,0,20,0,SSH-Bruteforce
0,1,20,1200,0,0,0,0,DoS-ICMP
2948,6,4,240,4,0,0,0,PortScan
61437,6,4,240,4,0,0,0,PortScan
80,17,20,1200,0,0,0,0,DoS-UDP
27347,6,4,240,4,0,0,0,PortScan
80,17,20,1200,0,0,0,0,DoS-UDP
80,17,20,1200,0,0,0,0,DoS-UDP
0,1,20,1200,0,0,0,0,DoS-ICMP
5016,6,4,240,4,0,0,0,PortScan
36306,6,11,638,11,11,0,0,SSH-Bruteforce
0,1,20,1200,0,0,0,0,DoS-ICMP
56263,6,6,348,6,6,0,0,SSH-Bruteforce
17653,6,2,120,2,0,0,0,PortScan
80,6,20,1200,20,0,0,0,DoS-SYN-Flood
80,6,20,1200,20,0,0,0,DoS-SYN-Flood
80,6,20,1200,20,0,0,0,DoS-SYN-Flood
80,6,20,1480,20,0,0,0,DoS-HTTP
80,17,20,1200,0,0,0,0,DoS-UDP
80,17,20,1200,0,0,0,0,DoS-UDP
0,1,20,1200,0,0,0,0,DoS-ICMP
80,17,20,1200,0,0,0,0,DoS-UDP
4514,6,5,290,5,5,0,0,SSH-Bruteforce
19571,6,4,240,4,0,0,0,PortScan
22,6,20,1200,0,0,20,0,SSH-Bruteforce
80,6,20,1200,20,0,0,0,DoS-SYN-Flood
80,6,20,1480,20,0,0,0,DoS-HTTP
80,17,20,1200,0,0,0,0,DoS-UDP
0,1,20,840,0,0,0,0,DoS-ICMP
51302,6,2,120,2,0,0,0,PortScan
80,6,20,1200,20,0,0,0,DoS-SYN-Flood
80,6,20,1200,20,0,0,0,DoS-SYN-Flood
0,1,20,840,0,0,0,0,DoS-ICMP
80,6,20,1200,20,0,0,0,DoS-SYN-Flood
0,1,20,1200,0,0,0,0,DoS-ICMP
22,6,20,1200,0,0,20,0,SSH-Bruteforce
80,6,20,1200,20,0,0,0,DoS-SYN-Flood
80,6,20,1480,20,0,0,0,DoS-HTTP
35854,6,20,28709,0,20,0,0,BENIGN
48806,17,20,27980,0,0,0,0,BENIGN
0,1,20,840,0,0,0,0,DoS-ICMP
80,17,20,1200,0,0,0,0,DoS-UDP
80,17,20,1200,0,0,0,0,DoS-UDP
80,6,20,1200,20,0,0,0,DoS-SYN-Flood
22,6,20,1200,20,0,0,0,SSH-Bruteforce
62697,6,6,348,6,6,0,0,SSH-Bruteforce
80,6,20,1480,20,0,0,0,DoS-HTTP
8542,6,4,240,4,0,0,0,PortScan
22,6,20,1200,20,0,0,0,SSH-Bruteforce
80,17,20,1200,0,0,0,0,DoS-UDP
0,1,20,840,0,0,0,0,DoS-ICMP
80,6,20,1480,20,0,0,0,DoS-HTTP
7419,6,6,360,6,0,0,0,PortScan
80,17,20,1200,0,0,0,0,DoS-UDP
80,6,20,1480,20,0,0,0,DoS-HTTP
43992,17,20,27980,0,0,0,0,BENIGN
80,17,20,1200,0,0,0,0,DoS-UDP
80,17,20,1200,0,0,0,0,DoS-UDP
80,6,20,1200,20,0,0,0,DoS-SYN-Flood
80,6,20,1480,20,0,0,0,DoS-HTTP
80,17,20,1200,0,0,0,0,DoS-UDP
36482,6,4,240,4,0,0,0,PortScan
22,6,20,1200,20,0,0,0,SSH-Bruteforce
80,17,20,1200,0,0,0,0,DoS-UDP
80,6,20,1480,20,0,0,0,DoS-HTTP
80,6,20,1200,20,0,0,0,DoS-SYN-Flood
80,6,20,1480,20,0,0,0,DoS-HTTP
47371,6,4,240,4,0,0,0,PortScan
32259,6,4,240,4,0,0,0,PortScan
80,6,20,1480,20,0,0,0,DoS-HTTP
80,17,20,1200,0,0,0,0,DoS-UDP
80,17,20,1200,0,0,0,0,DoS-UDP
80,6,20,1200,20,0,0,0,DoS-SYN-Flood
0,1,20,1200,0,0,0,0,DoS-ICMP
12476,6,6,360,6,0,0,0,PortScan
0,1,20,840,0,0,0,0,DoS-ICMP
80,6,20,1480,20,0,0,0,DoS-HTTP
80,17,20,1200,0,0,0,0,DoS-UDP
50024,6,12,696,12,12,0,0,SSH-Bruteforce
22,6,20,1200,2,0,18,0,SSH-Bruteforce
6862,6,4,240,4,0,0,0,PortScan
22,6,20,1200,20,0,0,0,SSH-Bruteforce
8553,6,4,240,4,0,0,0,PortScan
0,1,20,840,0,0,0,0,DoS-ICMP
80,17,20,1200,0,0,0,0,DoS-UDP
80,6,20,1200,20,0,0,0,DoS-SYN-Flood
80,6,20,1480,20,0,0,0,DoS-HTTP
80,17,20,1200,0,0,0,0,DoS-UDP
36520,17,20,27980,0,0,0,0,BENIGN
46398,17,20,27980,0,0,0,0,BENIGN
80,6,20,1200,20,0,0,0,DoS-SYN-Flood
64220,6,2,120,2,0,0,0,PortScan
1410,6,4,240,4,0,0,0,PortScan
80,17,20,1200,0,0,0,0,DoS-UDP
80,17,20,1200,0,0,0,0,DoS-UDP
36520,17,20,27980,0,0,0,0,BENIGN
22,6,20,1200,0,0,20,0,SSH-Bruteforce
30802,6,8,464,8,8,0,0,SSH-Bruteforce
80,17,20,1200,0,0,0,0,DoS-UDP
80,6,20,1480,20,0,0,0,DoS-HTTP
0,1,20,1200,0,0,0,0,DoS-ICMP
26232,6,8,464,8,8,0,0,SSH-Bruteforce
80,6,20,1200,20,0,0,0,DoS-SYN-Flood
80,6,20,1480,20,0,0,0,DoS-HTTP
36520,17,20,27980,0,0,0,0,BENIGN
6490,6,4,240,4,0,0,0,PortScan
80,6,20,1480,20,0,0,0,DoS-HTTP
36520,17,20,27980,0,0,0,0,BENIGN
22,6,20,1200,20,0,0,0,SSH-Bruteforce
22,6,20,1200,20,0,0,0,SSH-Bruteforce
58573,6,4,240,4,0,0,0,PortScan
41308,17,20,27980,0,0,0,0,BENIGN
11108,6,4,240,4,0,0,0,PortScan
50818,6,8,464,8,8,0,0,SSH-Bruteforce
80,6,20,1200,20,0,0,0,DoS-SYN-Flood
80,6,20,1200,20,0,0,0,DoS-SYN-Flood
36007,6,2,120,2,0,0,0,PortScan
22,6,20,1200,19,0,1,0,SSH-Bruteforce
80,6,20,1480,20,0,0,0,DoS-HTTP
25360,6,2,120,2,0,0,0,PortScan
80,6,20,1200,20,0,0,0,DoS-SYN-Flood
0,1,20,840,0,0,0,0,DoS-ICMP
80,6,20,1200,20,0,0,0,DoS-SYN-Flood
46210,6,2,120,2,0,0,0,PortScan
80,17,20,1200,0,0,0,0,DoS-UDP
22,6,20,1200,0,0,20,0,SSH-Bruteforce
80,17,20,1200,0,0,0,0,DoS-UDP
22,6,20,1200,8,0,12,0,SSH-Bruteforce
80,6,20,1480,20,0,0,0,DoS-HTTP
80,6,20,1480,20,0,0,0,DoS-HTTP
80,6,20,1480,20,0,0,0,DoS-HTTP
5982,6,6,360,6,0,0,0,PortScan
0,1,20,1200,0,0,0,0,DoS-ICMP
80,6,20,1480,20,0,0,0,DoS-HTTP
24102,6,2,120,2,0,0,0,PortScan
41990,6,2,120,2,0,0,0,PortScan
80,17,20,1200,0,0,0,0,DoS-UDP
80,6,20,1200,20,0,0,0,DoS-SYN-Flood
80,6,20,1200,20,0,0,0,DoS-SYN-Flood
80,6,20,1480,20,0,0,0,DoS-HTTP
80,17,20,1200,0,0,0,0,DoS-UDP
80,17,20,1200,0,0,0,0,DoS-UDP
80,6,20,1200,20,0,0,0,DoS-SYN-Flood
22,6,20,1200,16,0,4,0,SSH-Bruteforce
80,6,20,1480,20,0,0,0,DoS-HTTP
22,6,20,1200,20,0,0,0,SSH-Bruteforce
80,17,20,1200,0,0,0,0,DoS-UDP
22,6,20,1200,20,0,0,0,SSH-Bruteforce
80,6,20,1480,20,0,0,0,DoS-HTTP
49360,6,2,120,2,0,0,0,PortScan
80,6,20,1200,20,0,0,0,DoS-SYN-Flood
22,6,20,1200,0,0,20,0,SSH-Bruteforce
80,6,20,1200,20,0,0,0,DoS-SYN-Flood
0,1,20,1200,0,0,0,0,DoS-ICMP
22,6,20,1200,20,0,0,0,SSH-Bruteforce
80,17,20,1200,0,0,0,0,DoS-UDP
0,1,20,1200,0,0,0,0,DoS-ICMP
0,1,20,1200,0,0,0,0,DoS-ICMP
2631,6,7,406,7,7,0,0,SSH-Bruteforce
123,17,1,90,0,0,0,0,BENIGN
22,6,20,1200,14,0,6,0,SSH-Bruteforce
80,6,20,1200,20,0,0,0,DoS-SYN-Flood
27017,6,4,240,4,0,0,0,PortScan
46940,6,2,120,2,0,0,0,PortScan
443,17,20,8079,0,0,0,0,BENIGN
0,1,20,1200,0,0,0,0,DoS-ICMP
39272,6,2,120,2,0,0,0,PortScan
80,6,20,1480,20,0,0,0,DoS-HTTP
44150,6,2,120,2,0,0,0,PortScan
22382,6,4,240,4,0,0,0,PortScan
80,17,20,1200,0,0,0,0,DoS-UDP
80,6,20,1200,20,0,0,0,DoS-SYN-Flood
443,6,20,1200,0,20,0,0,BENIGN
80,6,20,1480,20,0,0,0,DoS-HTTP
80,6,20,1200,20,0,0,0,DoS-SYN-Flood
80,17,20,1200,0,0,0,0,DoS-UDP
57421,6,4,240,4,0,0,0,PortScan
36520,17,20,27980,0,0,0,0,BENIGN
53562,6,8,464,8,8,0,0,SSH-Bruteforce
80,17,20,1200,0,0,0,0,DoS-UDP
80,6,20,1480,20,0,0,0,DoS-HTTP
80,17,20,1200,0,0,0,0,DoS-UDP
22,6,20,1200,0,0,20,0,SSH-Bruteforce
80,6,20,1200,20,0,0,0,DoS-SYN-Flood
80,6,20,1480,20,0,0,0,DoS-HTTP
80,17,20,1200,0,0,0,0,DoS-UDP
80,6,20,1480,20,0,0,0,DoS-HTTP
0,1,20,1200,0,0,0,0,DoS-ICMP
80,6,20,1480,20,0,0,0,DoS-HTTP
80,6,20,1480,20,0,0,0,DoS-HTTP
42182,6,4,240,4,0,0,0,PortScan
80,6,20,1200,20,0,0,0,DoS-SYN-Flood
80,6,20,1200,20,0,0,0,DoS-SYN-Flood
0,1,20,840,0,0,0,0,DoS-ICMP
4226,6,4,240,4,0,0,0,PortScan
80,6,20,1480,20,0,0,0,DoS-HTTP
80,17,20,1200,0,0,0,0,DoS-UDP
80,6,20,1200,20,0,0,0,DoS-SYN-Flood
0,1,20,1200,0,0,0,0,DoS-ICMP
22,6,20,1200,13,0,7,0,SSH-Bruteforce
39552,6,8,464,8,8,0,0,SSH-Bruteforce
64032,6,6,348,6,6,0,0,SSH-Bruteforce
0,1,20,1200,0,0,0,0,DoS-ICMP
80,6,20,1200,20,0,0,0,DoS-SYN-Flood
80,17,20,1200,0,0,0,0,DoS-UDP
45648,17,2,314,0,0,0,0,BENIGN
80,17,20,1200,0,0,0,0,DoS-UDP
80,6,20,1480,20,0,0,0,DoS-HTTP
80,6,20,1200,20,0,0,0,DoS-SYN-Flood
80,6,20,1480,20,0,0,0,DoS-HTTP
22,6,20,1200,1,0,19,0,SSH-Bruteforce
41533,6,2,120,2,0,0,0,PortScan
80,17,20,1200,0,0,0,0,DoS-UDP
80,6,20,1480,20,0,0,0,DoS-HTTP
61041,6,2,120,2,0,0,0,PortScan
80,17,20,1200,0,0,0,0,DoS-UDP
36520,17,20,27980,0,0,0,0,BENIGN
80,17,20,1200,0,0,0,0,DoS-UDP
80,17,20,1200,0,0,0,0,DoS-UDP
80,6,20,1480,20,0,0,0,DoS-HTTP
22,6,20,1200,6,0,14,0,SSH-Bruteforce
0,1,20,840,0,0,0,0,DoS-ICMP
80,6,20,1480,20,0,0,0,DoS-HTTP
80,6,20,1200,20,0,0,0,DoS-SYN-Flood
80,6,20,1200,20,0,0,0,DoS-SYN-Flood
80,6,20,1480,20,0,0,0,DoS-HTTP
80,6,20,1200,20,0,0,0,DoS-SYN-Flood
80,6,20,1200,20,0,0,0,DoS-SYN-Flood
27822,6,2,120,2,0,0,0,PortScan
46398,17,20,27980,0,0,0,0,BENIGN
80,6,20,1480,20,0,0,0,DoS-HTTP
80,17,20,1200,0,0,0,0,DoS-UDP
22,6,20,1200,20,0,0,0,SSH-Bruteforce
80,6,20,1200,20,0,0,0,DoS-SYN-Flood
22,6,20,1200,20,0,0,0,SSH-Bruteforce
80,17,20,1200,0,0,0,0,DoS-UDP
62902,6,8,464,8,8,0,0,SSH-Bruteforce
6491,6,4,240,4,0,0,0,PortScan
4957,6,8,464,8,8,0,0,SSH-Bruteforce
6282,6,4,240,4,0,0,0,PortScan
0,1,20,840,0,0,0,0,DoS-ICMP
0,1,20,840,0,0,0,0,DoS-ICMP
3936,6,4,240,4,0,0,0,PortScan
80,17,20,1200,0,0,0,0,DoS-UDP
43992,17,20,27980,0,0,0,0,BENIGN
80,6,20,1480,20,0,0,0,DoS-HTTP
80,6,20,1200,20,0,0,0,DoS-SYN-Flood
80,17,20,1200,0,0,0,0,DoS-UDP
80,6,20,1480,20,0,0,0,DoS-HTTP
11957,6,4,240,4,0,0,0,PortScan
80,17,20,1200,0,0,0,0,DoS-UDP
0,1,20,1200,0,0,0,0,DoS-ICMP
80,6,20,1480,20,0,0,0,DoS-HTTP
80,17,20,1200,0,0,0,0,DoS-UDP
80,6,20,1200,20,0,0,0,DoS-SYN-Flood
22,6,20,1200,14,0,6,0,SSH-Bruteforce
80,6,20,1480,20,0,0,0,DoS-HTTP
22,6,20,1200,20,0,0,0,SSH-Bruteforce
80,6,20,1200,20,0,0,0,DoS-SYN-Flood
0,1,20,840,0,0,0,0,DoS-ICMP
80,17,20,1200,0,0,0,0,DoS-UDP
403,6,6,348,6,6,0,0,SSH-Bruteforce
80,6,20,1480,20,0,0,0,DoS-HTTP
80,6,20,1480,20,0,0,0,DoS-HTTP
80,6,20,1200,20,0,0,0,DoS-SYN-Flood
80,17,20,1200,0,0,0,0,DoS-UDP
80,17,20,1200,0,0,0,0,DoS-UDP
80,6,20,1200,20,0,0,0,DoS-SYN-Flood
0,1,20,1200,0,0,0,0,DoS-ICMP
80,17,20,1200,0,0,0,0,DoS-UDP
80,6,20,1480,20,0,0,0,DoS-HTTP
0,1,20,840,0,0,0,0,DoS-ICMP
80,6,20,1480,20,0,0,0,DoS-HTTP
61692,6,5,290,5,5,0,0,SSH-Bruteforce
61115,6,5,290,5,5,0,0,SSH-Bruteforce
0,1,20,840,0,0,0,0,DoS-ICMP
42440,17,20,27980,0,0,0,0,BENIGN
0,1,20,840,0,0,0,0,DoS-ICMP
80,17,20,1200,0,0,0,0,DoS-UDP
29727,6,2,120,2,0,0,0,PortScan
0,1,20,1200,0,0,0,0,DoS-ICMP
443,17,19,10573,0,0,0,0,BENIGN
17962,6,2,120,2,0,0,0,PortScan
54461,6,2,120,2,0,0,0,PortScan
22,6,20,1200,3,0,17,0,SSH-Bruteforce
9270,6,4,240,4,0,0,0,PortScan
80,6,20,1480,20,0,0,0,DoS-HTTP
57064,6,4,240,4,0,0,0,PortScan
62440,6,4,232,4,4,0,0,SSH-Bruteforce
0,1,20,1200,0,0,0,0,DoS-ICMP
62319,6,6,348,6,6,0,0,SSH-Bruteforce
80,17,20,1200,0,0,0,0,DoS-UDP
60103,6,2,120,2,0,0,0,PortScan
22,6,20,1200,5,0,15,0,SSH-Bruteforce
63867,6,5,290,5,5,0,0,SSH-Bruteforce
52456,6,4,240,4,0,0,0,PortScan
80,6,20,1200,20,0,0,0,DoS-SYN-Flood
80,17,20,1200,0,0,0,0,DoS-UDP
80,6,20,1200,20,0,0,0,DoS-SYN-Flood
0,1,20,1200,0,0,0,0,DoS-ICMP
22,6,20,1200,20,0,0,0,SSH-Bruteforce
0,1,20,840,0,0,0,0,DoS-ICMP
80,6,20,1200,20,0,0,0,DoS-SYN-Flood
80,17,20,1200,0,0,0,0,DoS-UDP
80,17,20,1200,0,0,0,0,DoS-UDP
80,6,20,1200,20,0,0,0,DoS-SYN-Flood
80,6,20,1200,20,0,0,0,DoS-SYN-Flood
9630,6,10,580,10,10,0,0,SSH-Bruteforce
38755,6,8,464,8,8,0,0,SSH-Bruteforce
0,1,20,1200,0,0,0,0,DoS-ICMP
80,6,20,1200,20,0,0,0,DoS-SYN-Flood
80,6,20,1200,20,0,0,0,DoS-SYN-Flood
8147,6,4,240,4,0,0,0,PortScan
0,1,20,840,0,0,0,0,DoS-ICMP
80,6,20,1480,20,0,0,0,DoS-HTTP
45309,6,4,240,4,0,0,0,PortScan
0,1,20,840,0,0,0,0,DoS-ICMP
80,17,20,1200,0,0,0,0,DoS-UDP
21745,6,8,464,8,8,0,0,SSH-Bruteforce
80,6,20,1200,20,0,0,0,DoS-SYN-Flood
80,6,20,1480,20,0,0,0,DoS-HTTP
80,6,20,1480,20,0,0,0,DoS-HTTP
43521,6,7,406,7,7,0,0,SSH-Bruteforce
0,1,20,1200,0,0,0,0,DoS-ICMP
0,1,20,840,0,0,0,0,DoS-ICMP
80,17,20,1200,0,0,0,0,DoS-UDP
0,1,20,1200,0,0,0,0,DoS-ICMP
11821,6,4,240,4,0,0,0,PortScan
47830,6,4,240,4,0,0,0,PortScan
80,6,20,1480,20,0,0,0,DoS-HTTP
22,6,20,1200,20,0,0,0,SSH-Bruteforce
24566,6,4,232,4,4,0,0,SSH-Bruteforce
80,6,20,1480,20,0,0,0,DoS-HTTP
0,1,20,840,0,0,0,0,DoS-ICMP
80,17,20,1200,0,0,0,0,DoS-UDP
0,1,20,840,0,0,0,0,DoS-ICMP
80,6,20,1480,20,0,0,0,DoS-HTTP
80,17,20,1200,0,0,0,0,DoS-UDP
59818,6,7,406,7,7,0,0,SSH-Bruteforce
29109,6,2,120,2,0,0,0,PortScan
0,1,20,840,0,0,0,0,DoS-ICMP
11442,6,6,348,6,6,0,0,SSH-Bruteforce
25613,6,8,464,8,8,0,0,SSH-Bruteforce
47402,6,6,348,6,6,0,0,SSH-Bruteforce
14129,6,4,240,4,0,0,0,PortScan
0,1,20,1200,0,0,0,0,DoS-ICMP
80,17,20,1200,0,0,0,0,DoS-UDP
47012,6,2,120,2,0,0,0,PortScan
80,6,20,1200,20,0,0,0,DoS-SYN-Flood
80,6,20,1480,20,0,0,0,DoS-HTTP
80,6,20,1200,20,0,0,0,DoS-SYN-Flood
80,6,20,1480,20,0,0,0,DoS-HTTP
56844,6,9,522,9,9,0,0,SSH-Bruteforce
0,1,20,1200,0,0,0,0,DoS-ICMP
80,6,20,1480,20,0,0,0,DoS-HTTP
80,17,20,1200,0,0,0,0,DoS-UDP
62234,6,4,240,4,0,0,0,PortScan
0,1,20,840,0,0,0,0,DoS-ICMP
0,1,20,840,0,0,0,0,DoS-ICMP
80,6,20,1480,20,0,0,0,DoS-HTTP
28851,6,2,120,2,0,0,0,PortScan
52255,6,4,240,4,0,0,0,PortScan
34074,6,4,240,4,0,0,0,PortScan
0,1,20,840,0,0,0,0,DoS-ICMP
80,6,20,1480,20,0,0,0,DoS-HTTP
0,1,20,1200,0,0,0,0,DoS-ICMP
62790,6,2,120,2,0,0,0,PortScan
39444,6,4,240,4,0,0,0,PortScan
80,6,20,1480,20,0,0,0,DoS-HTTP
0,1,20,840,0,0,0,0,DoS-ICMP
80,17,20,1200,0,0,0,0,DoS-UDP
36642,6,11,638,11,11,0,0,SSH-Bruteforce
80,6,20,1480,20,0,0,0,DoS-HTTP
80,6,20,1480,20,0,0,0,DoS-HTTP
80,6,20,1200,20,0,0,0,DoS-SYN-Flood
0,1,20,840,0,0,0,0,DoS-ICMP
0,1,20,840,0,0,0,0,DoS-ICMP
49731,6,10,580,10,10,0,0,SSH-Bruteforce
80,17,20,1200,0,0,0,0,DoS-UDP
42624,6,9,522,9,9,0,0,SSH-Bruteforce
5826,6,10,580,10,10,0,0,SSH-Bruteforce
80,17,20,1200,0,0,0,0,DoS-UDP
80,6,20,1480,20,0,0,0,DoS-HTTP
53398,6,6,348,6,6,0,0,SSH-Bruteforce
80,17,20,1200,0,0,0,0,DoS-UDP
35390,6,13,754,13,13,0,0,SSH-Bruteforce
80,6,20,1480,20,0,0,0,DoS-HTTP
80,17,20,1200,0,0,0,0,DoS-UDP
0,1,20,840,0,0,0,0,DoS-ICMP
13692,6,12,696,12,12,0,0,SSH-Bruteforce
80,17,20,1200,0,0,0,0,DoS-UDP
80,6,20,1480,20,0,0,0,DoS-HTTP
39477,6,4,240,4,0,0,0,PortScan
52920,6,4,240,4,0,0,0,PortScan
80,17,20,1200,0,0,0,0,DoS-UDP
49498,6,2,120,2,0,0,0,PortScan
80,6,20,1200,20,0,0,0,DoS-SYN-Flood
0,1,20,840,0,0,0,0,DoS-ICMP
47921,6,2,120,2,0,0,0,PortScan
0,1,20,1200,0,0,0,0,DoS-ICMP
0,1,20,1200,0,0,0,0,DoS-ICMP
80,17,20,1200,0,0,0,0,DoS-UDP
0,1,20,840,0,0,0,0,DoS-ICMP
80,17,20,1200,0,0,0,0,DoS-UDP
38765,6,4,240,4,0,0,0,PortScan
80,17,20,1200,0,0,0,0,DoS-UDP
0,1,20,840,0,0,0,0,DoS-ICMP
0,1,20,1200,0,0,0,0,DoS-ICMP
80,6,20,1200,20,0,0,0,DoS-SYN-Flood
32374,6,2,120,2,0,0,0,PortScan
14844,6,6,360,6,0,0,0,PortScan
22,6,20,1200,1,0,19,0,SSH-Bruteforce
80,17,20,1200,0,0,0,0,DoS-UDP
80,6,20,1200,20,0,0,0,DoS-SYN-Flood
24445,6,2,120,2,0,0,0,PortScan
53258,6,20,28364,0,20,0,0,BENIGN
7075,6,7,406,7,7,0,0,SSH-Bruteforce
6515,6,4,240,4,0,0,0,PortScan
80,17,20,1200,0,0,0,0,DoS-UDP
80,17,20,1200,0,0,0,0,DoS-UDP
80,17,20,1200,0,0,0,0,DoS-UDP
80,6,20,1200,20,0,0,0,DoS-SYN-Flood
36261,6,11,638,11,11,0,0,SSH-Bruteforce
80,17,20,1200,0,0,0,0,DoS-UDP
80,6,20,1200,20,0,0,0,DoS-SYN-Flood
80,6,20,1480,20,0,0,0,DoS-HTTP
12613,6,6,360,6,0,0,0,PortScan
41555,6,2,120,2,0,0,0,PortScan
80,6,20,1200,20,0,0,0,DoS-SYN-Flood
8344,6,4,240,4,0,0,0,PortScan
80,6,20,1200,20,0,0,0,DoS-SYN-Flood
13861,6,9,522,9,9,0,0,SSH-Bruteforce
80,6,20,1200,20,0,0,0,DoS-SYN-Flood
80,6,20,1200,20,0,0,0,DoS-SYN-Flood
80,6,20,1480,20,0,0,0,DoS-HTTP
0,1,20,1200,0,0,0,0,DoS-ICMP
60518,6,9,522,9,9,0,0,SSH-Bruteforce
80,17,20,1200,0,0,0,0,DoS-UDP
37840,6,4,240,4,0,0,0,PortScan
80,6,20,1200,20,0,0,0,DoS-SYN-Flood
80,6,20,1480,20,0,0,0,DoS-HTTP
22,6,20,1200,1,0,19,0,SSH-Bruteforce
12030,6,4,240,4,0,0,0,PortScan
42843,6,9,522,9,9,0,0,SSH-Bruteforce
80,6,20,1200,20,0,0,0,DoS-SYN-Flood
48926,6,2,120,2,0,0,0,PortScan
80,17,20,1200,0,0,0,0,DoS-UDP
80,6,20,1200,20,0,0,0,DoS-SYN-Flood
26964,6,4,240,4,0,0,0,PortScan
80,6,20,1200,20,0,0,0,DoS-SYN-Flood
36522,6,4,240,4,0,0,0,PortScan
80,17,20,1200,0,0,0,0,DoS-UDP
80,6,20,1480,20,0,0,0,DoS-HTTP
80,6,20,1480,20,0,0,0,DoS-HTTP
36153,6,4,240,4,0,0,0,PortScan
80,6,20,1200,20,0,0,0,DoS-SYN-Flood
80,17,20,1200,0,0,0,0,DoS-UDP
80,6,20,1480,20,0,0,0,DoS-HTTP
0,1,20,840,0,0,0,0,DoS-ICMP
13831,6,4,240,4,0,0,0,PortScan
22,6,20,1200,0,0,20,0,SSH-Bruteforce
24210,6,4,240,4,0,0,0,PortScan
80,17,20,1200,0,0,0,0,DoS-UDP
80,6,20,1200,20,0,0,0,DoS-SYN-Flood
80,6,20,1480,20,0,0,0,DoS-HTTP
80,17,20,1200,0,0,0,0,DoS-UDP
0,1,20,840,0,0,0,0,DoS-ICMP
20761,6,2,120,2,0,0,0,PortScan
80,6,20,1480,20,0,0,0,DoS-HTTP
13223,6,11,638,11,11,0,0,SSH-Bruteforce
22,6,20,1200,0,0,20,0,SSH-Bruteforce
11177,6,6,360,6,0,0,0,PortScan
80,6,20,1480,20,0,0,0,DoS-HTTP
80,17,20,1200,0,0,0,0,DoS-UDP
0,1,20,840,0,0,0,0,DoS-ICMP
80,17,20,1200,0,0,0,0,DoS-UDP
22966,6,3,174,3,3,0,0,SSH-Bruteforce
35854,6,20,24704,0,20,0,0,BENIGN
0,1,20,840,0,0,0,0,DoS-ICMP
12633,6,4,240,4,0,0,0,PortScan
80,17,20,1200,0,0,0,0,DoS-UDP
22,6,20,1200,20,0,0,0,SSH-Bruteforce
48386,6,2,120,2,0,0,0,PortScan
80,6,20,1200,20,0,0,0,DoS-SYN-Flood
80,6,20,1200,20,0,0,0,DoS-SYN-Flood
80,6,20,1480,20,0,0,0,DoS-HTTP
80,6,20,1480,20,0,0,0,DoS-HTTP
80,6,20,1200,20,0,0,0,DoS-SYN-Flood
80,6,20,1200,20,0,0,0,DoS-SYN-Flood
443,6,20,1200,0,20,0,0,BENIGN
58403,6,2,120,2,0,0,0,PortScan
22,6,20,1200,20,0,0,0,SSH-Bruteforce
80,6,20,1200,20,0,0,0,DoS-SYN-Flood
80,17,20,1200,0,0,0,0,DoS-UDP
80,17,20,1200,0,0,0,0,DoS-UDP
80,17,20,1200,0,0,0,0,DoS-UDP
0,1,20,840,0,0,0,0,DoS-ICMP
0,1,20,1200,0,0,0,0,DoS-ICMP
0,1,20,840,0,0,0,0,DoS-ICMP
80,17,20,1200,0,0,0,0,DoS-UDP
0,1,20,840,0,0,0,0,DoS-ICMP
0,1,20,1200,0,0,0,0,DoS-ICMP
80,6,20,1480,20,0,0,0,DoS-HTTP
80,6,20,1200,20,0,0,0,DoS-SYN-Flood
22,6,20,1200,0,0,20,0,SSH-Bruteforce
80,17,20,1200,0,0,0,0,DoS-UDP
60516,6,20,29200,0,20,0,0,BENIGN
80,17,20,1200,0,0,0,0,DoS-UDP
80,17,20,1200,0,0,0,0,DoS-UDP
80,6,20,1480,20,0,0,0,DoS-HTTP
80,6,20,1200,20,0,0,0,DoS-SYN-Flood
0,1,20,840,0,0,0,0,DoS-ICMP
80,17,20,1200,0,0,0,0,DoS-UDP
80,6,20,1480,20,0,0,0,DoS-HTTP
42287,17,8,5721,0,0,0,0,BENIGN
80,17,20,1200,0,0,0,0,DoS-UDP
80,17,20,1200,0,0,0,0,DoS-UDP
8244,6,9,522,9,9,0,0,SSH-Bruteforce
62446,6,2,120,2,0,0,0,PortScan
0,1,20,1200,0,0,0,0,DoS-ICMP
80,6,20,1480,20,0,0,0,DoS-HTTP
80,17,20,1200,0,0,0,0,DoS-UDP
80,6,20,1480,20,0,0,0,DoS-HTTP
80,6,20,1200,20,0,0,0,DoS-SYN-Flood
0,1,20,840,0,0,0,0,DoS-ICMP
80,17,20,1200,0,0,0,0,DoS-UDP
80,17,20,1200,0,0,0,0,DoS-UDP
0,1,20,1200,0,0,0,0,DoS-ICMP
15667,6,7,406,7,7,0,0,SSH-Bruteforce
0,1,20,1200,0,0,0,0,DoS-ICMP
80,17,20,1200,0,0,0,0,DoS-UDP
7943,6,4,240,4,0,0,0,PortScan
0,1,20,840,0,0,0,0,DoS-ICMP
80,6,20,1480,20,0,0,0,DoS-HTTP
80,6,20,1480,20,0,0,0,DoS-HTTP
80,6,20,1480,20,0,0,0,DoS-HTTP
80,17,20,1200,0,0,0,0,DoS-UDP
7539,6,8,464,8,8,0,0,SSH-Bruteforce
0,1,20,1200,0,0,0,0,DoS-ICMP
0,1,20,1200,0,0,0,0,DoS-ICMP
0,1,20,1200,0,0,0,0,DoS-ICMP
0,1,20,840,0,0,0,0,DoS-ICMP
80,17,20,1200,0,0,0,0,DoS-UDP
14404,6,7,406,7,7,0,0,SSH-Bruteforce
80,6,20,1200,20,0,0,0,DoS-SYN-Flood
44054,6,8,464,8,8,0,0,SSH-Bruteforce
80,17,20,1200,0,0,0,0,DoS-UDP
80,6,20,1480,20,0,0,0,DoS-HTTP
80,6,20,1480,20,0,0,0,DoS-HTTP
0,1,20,1200,0,0,0,0,DoS-ICMP
80,17,20,1200,0,0,0,0,DoS-UDP
62347,6,2,120,2,0,0,0,PortScan
59560,6,8,464,8,8,0,0,SSH-Bruteforce
0,1,20,840,0,0,0,0,DoS-ICMP
22,6,20,1200,1,0,19,0,SSH-Bruteforce
43299,6,2,120,2,0,0,0,PortScan
57977,6,2,120,2,0,0,0,PortScan
0,1,20,1200,0,0,0,0,DoS-ICMP
14687,6,4,240,4,0,0,0,PortScan
0,1,20,840,0,0,0,0,DoS-ICMP
16823,6,7,406,7,7,0,0,SSH-Bruteforce
40107,6,9,522,9,9,0,0,SSH-Bruteforce
22,6,20,1200,20,0,0,0,SSH-Bruteforce
0,1,20,1200,0,0,0,0,DoS-ICMP
5608,6,10,580,10,10,0,0,SSH-Bruteforce
80,6,20,1200,20,0,0,0,DoS-SYN-Flood
80,17,20,1200,0,0,0,0,DoS-UDP
22,6,20,1200,0,0,20,0,SSH-Bruteforce
22,6,20,1200,20,0,0,0,SSH-Bruteforce
80,6,20,1480,20,0,0,0,DoS-HTTP
17220,6,6,348,6,6,0,0,SSH-Bruteforce
34882,6,7,406,7,7,0,0,SSH-Bruteforce
54829,17,20,27980,0,0,0,0,BENIGN
80,17,20,1200,0,0,0,0,DoS-UDP
54829,17,20,27980,0,0,0,0,BENIGN
80,17,20,1200,0,0,0,0,DoS-UDP
22,6,20,1200,0,0,20,0,SSH-Bruteforce
0,1,20,1200,0,0,0,0,DoS-ICMP
80,6,20,1200,20,0,0,0,DoS-SYN-Flood
80,17,20,1200,0,0,0,0,DoS-UDP
0,1,20,840,0,0,0,0,DoS-ICMP
22,6,20,1200,16,0,4,0,SSH-Bruteforce
80,6,20,1200,20,0,0,0,DoS-SYN-Flood
9887,6,4,240,4,0,0,0,PortScan
10259,6,6,360,6,0,0,0,PortScan
16338,6,2,120,2,0,0,0,PortScan
16975,6,2,120,2,0,0,0,PortScan
33240,6,20,29260,0,20,0,0,BENIGN
11061,6,4,240,4,0,0,0,PortScan
80,17,20,1200,0,0,0,0,DoS-UDP
80,17,20,1200,0,0,0,0,DoS-UDP
80,6,20,1200,20,0,0,0,DoS-SYN-Flood
80,6,20,1480,20,0,0,0,DoS-HTTP
63188,6,2,120,2,0,0,0,PortScan
0,1,20,1200,0,0,0,0,DoS-ICMP
80,6,20,1200,20,0,0,0,DoS-SYN-Flood
80,17,20,1200,0,0,0,0,DoS-UDP
80,17,20,1200,0,0,0,0,DoS-UDP
0,1,20,1200,0,0,0,0,DoS-ICMP
80,6,20,1200,20,0,0,0,DoS-SYN-Flood
80,6,20,1480,20,0,0,0,DoS-HTTP
80,6,20,1200,20,0,0,0,DoS-SYN-Flood
80,17,20,1200,0,0,0,0,DoS-UDP
0,1,20,1200,0,0,0,0,DoS-ICMP
80,6,20,1480,20,0,0,0,DoS-HTTP
26037,6,7,406,7,7,0,0,SSH-Bruteforce
80,17,20,1200,0,0,0,0,DoS-UDP
54,6,4,240,4,0,0,0,PortScan
36268,17,20,27363,0,0,0,0,BENIGN
26117,6,2,120,2,0,0,0,PortScan
80,6,20,1200,20,0,0,0,DoS-SYN-Flood
59835,6,2,120,2,0,0,0,PortScan
80,6,20,1480,20,0,0,0,DoS-HTTP
80,6,20,1200,20,0,0,0,DoS-SYN-Flood
80,6,20,1200,20,0,0,0,DoS-SYN-Flood
80,17,20,1200,0,0,0,0,DoS-UDP
36520,17,20,27980,0,0,0,0,BENIGN
0,1,20,840,0,0,0,0,DoS-ICMP
46648,6,10,580,10,10,0,0,SSH-Bruteforce
80,6,20,1200,20,0,0,0,DoS-SYN-Flood
80,6,20,1200,20,0,0,0,DoS-SYN-Flood
0,1,20,1200,0,0,0,0,DoS-ICMP
80,6,20,1480,20,0,0,0,DoS-HTTP
22,6,20,1200,20,0,0,0,SSH-Bruteforce
22,6,20,1200,0,0,20,0,SSH-Bruteforce
36520,17,20,27980,0,0,0,0,BENIGN
443,6,20,1200,0,20,0,0,BENIGN
0,1,20,840,0,0,0,0,DoS-ICMP
64133,6,2,120,2,0,0,0,PortScan
80,17,20,1200,0,0,0,0,DoS-UDP
40120,6,11,638,11,11,0,0,SSH-Bruteforce
46275,6,2,120,2,0,0,0,PortScan
22,6,20,1200,14,0,6,0,SSH-Bruteforce
36520,17,20,27980,0,0,0,0,BENIGN
53104,6,4,240,4,0,0,0,PortScan
80,6,20,1200,20,0,0,0,DoS-SYN-Flood
58463,6,2,120,2,0,0,0,PortScan
16020,6,2,120,2,0,0,0,PortScan
36520,17,20,27980,0,0,0,0,BENIGN
58748,6,4,240,4,0,0,0,PortScan
56204,6,2,120,2,0,0,0,PortScan
80,17,20,1200,0,0,0,0,DoS-UDP
0,1,20,1200,0,0,0,0,DoS-ICMP
80,6,20,1480,20,0,0,0,DoS-HTTP
80,17,20,1200,0,0,0,0,DoS-UDP
80,6,20,1480,20,0,0,0,DoS-HTTP
0,1,20,840,0,0,0,0,DoS-ICMP
0,1,20,840,0,0,0,0,DoS-ICMP
15233,6,2,120,2,0,0,0,PortScan
80,6,20,1200,20,0,0,0,DoS-SYN-Flood
80,6,20,1480,20,0,0,0,DoS-HTTP
53308,6,20,28480,0,20,0,0,BENIGN
80,6,20,1200,20,0,0,0,DoS-SYN-Flood
60198,6,6,348,6,6,0,0,SSH-Bruteforce
80,6,20,1480,20,0,0,0,DoS-HTTP
80,17,20,1200,0,0,0,0,DoS-UDP
38312,6,7,406,7,7,0,0,SSH-Bruteforce
22,6,20,1200,20,0,0,0,SSH-Bruteforce
80,6,20,1480,20,0,0,0,DoS-HTTP
80,6,20,1480,20,0,0,0,DoS-HTTP
0,1,20,840,0,0,0,0,DoS-ICMP
22,6,20,1200,20,0,0,0,SSH-Bruteforce
80,17,20,1200,0,0,0,0,DoS-UDP
60413,6,8,464,8,8,0,0,SSH-Bruteforce
56070,6,2,120,2,0,0,0,PortScan
0,1,20,1200,0,0,0,0,DoS-ICMP
80,6,20,1200,20,0,0,0,DoS-SYN-Flood
80,6,20,1200,20,0,0,0,DoS-SYN-Flood
18383,6,6,348,6,6,0,0,SSH-Bruteforce
22,6,20,1200,9,0,11,0,SSH-Bruteforce
80,6,20,1200,20,0,0,0,DoS-SYN-Flood
6,6,4,240,4,0,0,0,PortScan
80,6,20,1200,20,0,0,0,DoS-SYN-Flood
54146,6,2,120,2,0,0,0,PortScan
42239,6,4,240,4,0,0,0,PortScan
61649,6,2,120,2,0,0,0,PortScan
80,17,20,1200,0,0,0,0,DoS-UDP
80,17,20,1200,0,0,0,0,DoS-UDP
12216,6,4,240,4,0,0,0,PortScan
0,1,20,1200,0,0,0,0,DoS-ICMP
80,17,20,1200,0,0,0,0,DoS-UDP
36520,17,20,27980,0,0,0,0,BENIGN
80,17,20,1200,0,0,0,0,DoS-UDP
63930,6,5,290,5,5,0,0,SSH-Bruteforce
80,17,20,1200,0,0,0,0,DoS-UDP
0,1,20,1200,0,0,0,0,DoS-ICMP
80,6,20,1200,20,0,0,0,DoS-SYN-Flood
80,17,20,1200,0,0,0,0,DoS-UDP
0,1,20,1200,0,0,0,0,DoS-ICMP
80,6,20,1200,20,0,0,0,DoS-SYN-Flood
80,6,20,1480,20,0,0,0,DoS-HTTP
0,1,20,840,0,0,0,0,DoS-ICMP
80,6,20,1200,20,0,0,0,DoS-SYN-Flood
80,6,20,1200,20,0,0,0,DoS-SYN-Flood
80,17,20,1200,0,0,0,0,DoS-UDP
80,17,20,1200,0,0,0,0,DoS-UDP
80,6,20,1480,20,0,0,0,DoS-HTTP
42002,6,8,464,8,8,0,0,SSH-Bruteforce
80,6,20,1480,20,0,0,0,DoS-HTTP
31935,6,4,240,4,0,0,0,PortScan
36919,6,8,464,8,8,0,0,SSH-Bruteforce
16522,6,2,120,2,0,0,0,PortScan
80,6,20,1480,20,0,0,0,DoS-HTTP
0,1,20,840,0,0,0,0,DoS-ICMP
80,6,20,1480,20,0,0,0,DoS-HTTP
80,17,20,1200,0,0,0,0,DoS-UDP
45733,6,4,240,4,0,0,0,PortScan
80,6,20,1200,20,0,0,0,DoS-SYN-Flood
443,6,20,2860,1,19,0,1,BENIGN
62327,6,7,406,7,7,0,0,SSH-Bruteforce
80,17,20,1200,0,0,0,0,DoS-UDP
16390,6,6,348,6,6,0,0,SSH-Bruteforce
17543,6,9,522,9,9,0,0,SSH-Bruteforce
16102,6,2,120,2,0,0,0,PortScan
35544,6,7,406,7,7,0,0,SSH-Bruteforce
80,6,20,1480,20,0,0,0,DoS-HTTP
80,17,20,1200,0,0,0,0,DoS-UDP
80,17,20,1200,0,0,0,0,DoS-UDP
35568,6,2,120,2,0,0,0,PortScan
45888,6,4,240,4,0,0,0,PortScan
37444,6,10,580,10,10,0,0,SSH-Bruteforce
80,6,20,1200,20,0,0,0,DoS-SYN-Flood
18373,6,7,406,7,7,0,0,SSH-Bruteforce
22,6,20,1200,0,0,20,0,SSH-Bruteforce
80,17,20,1200,0,0,0,0,DoS-UDP
80,6,20,1200,20,0,0,0,DoS-SYN-Flood
55447,6,6,348,6,6,0,0,SSH-Bruteforce
25737,6,4,240,4,0,0,0,PortScan
22,6,20,1200,20,0,0,0,SSH-Bruteforce
80,6,20,1200,20,0,0,0,DoS-SYN-Flood
60066,6,7,406,7,7,0,0,SSH-Bruteforce
6866,6,4,240,4,0,0,0,PortScan
80,6,20,1200,20,0,0,0,DoS-SYN-Flood
80,6,20,1480,20,0,0,0,DoS-HTTP
51767,17,20,17502,0,0,0,0,BENIGN
0,1,20,840,0,0,0,0,DoS-ICMP
60516,6,20,26777,0,20,0,0,BENIGN
3331,6,4,240,4,0,0,0,PortScan
80,17,20,1200,0,0,0,0,DoS-UDP
0,1,20,1200,0,0,0,0,DoS-ICMP
0,1,20,840,0,0,0,0,DoS-ICMP
80,6,20,1480,20,0,0,0,DoS-HTTP
36520,17,20,27980,0,0,0,0,BENIGN
80,6,20,1200,20,0,0,0,DoS-SYN-Flood
50747,6,8,464,8,8,0,0,SSH-Bruteforce
80,17,20,1200,0,0,0,0,DoS-UDP
80,17,20,1200,0,0,0,0,DoS-UDP
80,6,20,1480,20,0,0,0,DoS-HTTP
2742,6,4,240,4,0,0,0,PortScan
80,17,20,1200,0,0,0,0,DoS-UDP
80,17,20,1200,0,0,0,0,DoS-UDP
80,17,20,1200,0,0,0,0,DoS-UDP
24632,6,8,464,8,8,0,0,SSH-Bruteforce
80,6,20,1200,20,0,0,0,DoS-SYN-Flood
443,6,20,1391,0,20,0,0,BENIGN
80,6,20,1480,20,0,0,0,DoS-HTTP
55101,6,2,120,2,0,0,0,PortScan
80,6,20,1200,20,0,0,0,DoS-SYN-Flood
80,6,20,1480,20,0,0,0,DoS-HTTP
36486,6,2,120,2,0,0,0,PortScan
0,1,20,1200,0,0,0,0,DoS-ICMP
80,6,20,1200,20,0,0,0,DoS-SYN-Flood
10294,6,4,240,4,0,0,0,PortScan
0,1,20,840,0,0,0,0,DoS-ICMP
46663,6,9,522,9,9,0,0,SSH-Bruteforce
43992,17,20,27980,0,0,0,0,BENIGN
80,17,20,1200,0,0,0,0,DoS-UDP
0,1,20,1200,0,0,0,0,DoS-ICMP
24811,6,2,120,2,0,0,0,PortScan
22,6,20,1200,0,0,20,0,SSH-Bruteforce
29180,6,4,240,4,0,0,0,PortScan
80,6,20,1480,20,0,0,0,DoS-HTTP
80,6,20,1480,20,0,0,0,DoS-HTTP
0,1,20,1200,0,0,0,0,DoS-ICMP
34929,6,2,120,2,0,0,0,PortScan
80,6,20,1200,20,0,0,0,DoS-SYN-Flood
23430,6,5,290,5,5,0,0,SSH-Bruteforce
80,6,20,1200,20,0,0,0,DoS-SYN-Flood
80,6,20,1480,20,0,0,0,DoS-HTTP
3554,6,4,240,4,0,0,0,PortScan
4353,6,6,348,6,6,0,0,SSH-Bruteforce
80,6,20,1200,20,0,0,0,DoS-SYN-Flood
80,6,20,1200,20,0,0,0,DoS-SYN-Flood
40853,6,4,232,4,4,0,0,SSH-Bruteforce
42440,17,20,27980,0,0,0,0,BENIGN
22,6,20,1200,4,0,16,0,SSH-Bruteforce
80,6,20,1480,20,0,0,0,DoS-HTTP
56167,6,4,240,4,0,0,0,PortScan
0,1,20,1200,0,0,0,0,DoS-ICMP
6150,6,6,360,6,0,0,0,PortScan
80,6,20,1480,20,0,0,0,DoS-HTTP
43062,6,4,240,4,0,0,0,PortScan
80,17,20,1200,0,0,0,0,DoS-UDP
443,6,20,1200,0,20,0,0,BENIGN
80,6,20,1200,20,0,0,0,DoS-SYN-Flood
80,6,20,1480,20,0,0,0,DoS-HTTP
22505,6,9,522,9,9,0,0,SSH-Bruteforce
0,1,20,1200,0,0,0,0,DoS-ICMP
39060,6,2,120,2,0,0,0,PortScan
80,17,20,1200,0,0,0,0,DoS-UDP
80,6,20,1200,20,0,0,0,DoS-SYN-Flood
80,6,20,1480,20,0,0,0,DoS-HTTP
0,1,20,840,0,0,0,0,DoS-ICMP
0,1,20,840,0,0,0,0,DoS-ICMP
36520,17,20,27980,0,0,0,0,BENIGN
80,6,20,1480,20,0,0,0,DoS-HTTP
80,6,20,1480,20,0,0,0,DoS-HTTP
0,1,20,1200,0,0,0,0,DoS-ICMP
80,6,20,1200,20,0,0,0,DoS-SYN-Flood
80,17,20,1200,0,0,0,0,DoS-UDP
19066,6,6,348,6,6,0,0,SSH-Bruteforce
80,6,20,1200,20,0,0,0,DoS-SYN-Flood
0,1,20,1200,0,0,0,0,DoS-ICMP
80,17,20,1200,0,0,0,0,DoS-UDP
0,1,20,1200,0,0,0,0,DoS-ICMP
80,6,20,1480,20,0,0,0,DoS-HTTP
0,1,20,1200,0,0,0,0,DoS-ICMP
0,1,20,840,0,0,0,0,DoS-ICMP
59217,6,4,240,4,0,0,0,PortScan
80,6,20,1480,20,0,0,0,DoS-HTTP
0,1,20,1200,0,0,0,0,DoS-ICMP
80,6,20,1480,20,0,0,0,DoS-HTTP
80,6,20,1200,20,0,0,0,DoS-SYN-Flood
80,6,20,1200,20,0,0,0,DoS-SYN-Flood
2789,6,8,464,8,8,0,0,SSH-Bruteforce
22,6,20,1200,0,0,20,0,SSH-Bruteforce
54858,6,4,240,4,0,0,0,PortScan
0,1,20,1200,0,0,0,0,DoS-ICMP
38523,6,8,464,8,8,0,0,SSH-Bruteforce
32137,6,9,522,9,9,0,0,SSH-Bruteforce
0,1,20,840,0,0,0,0,DoS-ICMP
0,1,20,840,0,0,0,0,DoS-ICMP
0,1,20,840,0,0,0,0,DoS-ICMP
0,1,20,1200,0,0,0,0,DoS-ICMP
80,17,20,1200,0,0,0,0,DoS-UDP
0,1,20,840,0,0,0,0,DoS-ICMP
80,17,20,1200,0,0,0,0,DoS-UDP
12512,6,4,240,4,0,0,0,PortScan
22,6,20,1200,20,0,0,0,SSH-Bruteforce
80,6,20,1480,20,0,0,0,DoS-HTTP
80,17,20,1200,0,0,0,0,DoS-UDP
43298,6,4,240,4,0,0,0,PortScan
36520,17,20,27980,0,0,0,0,BENIGN
0,1,20,840,0,0,0,0,DoS-ICMP
28531,6,9,522,9,9,0,0,SSH-Bruteforce
0,1,20,840,0,0,0,0,DoS-ICMP
9190,6,4,240,4,0,0,0,PortScan
80,6,20,1480,20,0,0,0,DoS-HTTP
36520,17,20,27980,0,0,0,0,BENIGN
80,6,20,1480,20,0,0,0,DoS-HTTP
22,6,20,1200,20,0,0,0,SSH-Bruteforce
27276,6,6,348,6,6,0,0,SSH-Bruteforce
53272,6,20,29080,0,20,0,0,BENIGN
80,6,20,1480,20,0,0,0,DoS-HTTP
0,1,20,1200,0,0,0,0,DoS-ICMP
0,1,20,1200,0,0,0,0,DoS-ICMP
80,6,20,1200,20,0,0,0,DoS-SYN-Flood
0,1,20,840,0,0,0,0,DoS-ICMP
4262,6,4,240,4,0,0,0,PortScan
80,17,20,1200,0,0,0,0,DoS-UDP
80,6,20,1480,20,0,0,0,DoS-HTTP
80,6,20,1480,20,0,0,0,DoS-HTTP
0,1,20,1200,0,0,0,0,DoS-ICMP
80,6,20,1480,20,0,0,0,DoS-HTTP
80,17,20,1200,0,0,0,0,DoS-UDP
80,6,20,1480,20,0,0,0,DoS-HTTP
80,6,20,1200,20,0,0,0,DoS-SYN-Flood
0,1,20,840,0,0,0,0,DoS-ICMP
22,6,20,1200,11,0,9,0,SSH-Bruteforce
7372,6,7,406,7,7,0,0,SSH-Bruteforce
0,1,20,840,0,0,0,0,DoS-ICMP
58384,6,2,120,2,0,0,0,PortScan
62411,6,4,232,4,4,0,0,SSH-Bruteforce
19037,6,4,240,4,0,0,0,PortScan
80,17,20,1200,0,0,0,0,DoS-UDP
22,6,20,1200,8,0,12,0,SSH-Bruteforce
80,17,20,1200,0,0,0,0,DoS-UDP
35854,6,20,25717,0,20,0,0,BENIGN
27744,6,2,120,2,0,0,0,PortScan
80,6,20,1480,20,0,0,0,DoS-HTTP
22,6,20,1200,4,0,16,0,SSH-Bruteforce
60129,6,9,522,9,9,0,0,SSH-Bruteforce
80,17,20,1200,0,0,0,0,DoS-UDP
0,1,20,840,0,0,0,0,DoS-ICMP
22,6,20,1200,20,0,0,0,SSH-Bruteforce
36520,17,20,27980,0,0,0,0,BENIGN
36520,17,20,23499,0,0,0,0,BENIGN
53308,6,20,29080,0,20,0,0,BENIGN
0,1,20,1200,0,0,0,0,DoS-ICMP
80,17,20,1200,0,0,0,0,DoS-UDP
15804,6,4,240,4,0,0,0,PortScan
80,6,20,1480,20,0,0,0,DoS-HTTP
0,1,20,1200,0,0,0,0,DoS-ICMP
49380,6,7,406,7,7,0,0,SSH-Bruteforce
0,1,20,1200,0,0,0,0,DoS-ICMP
43902,6,7,406,7,7,0,0,SSH-Bruteforce
80,6,20,1480,20,0,0,0,DoS-HTTP
59013,6,10,580,10,10,0,0,SSH-Bruteforce
43678,17,20,27980,0,0,0,0,BENIGN
22,6,20,1200,3,0,17,0,SSH-Bruteforce
80,6,20,1480,20,0,0,0,DoS-HTTP
80,17,20,1200,0,0,0,0,DoS-UDP
80,17,20,1200,0,0,0,0,DoS-UDP
47264,6,2,120,2,0,0,0,PortScan
0,1,20,1200,0,0,0,0,DoS-ICMP
80,6,20,1480,20,0,0,0,DoS-HTTP
80,6,20,1200,20,0,0,0,DoS-SYN-Flood
80,6,20,1200,20,0,0,0,DoS-SYN-Flood
80,6,20,1480,20,0,0,0,DoS-HTTP
28432,6,8,464,8,8,0,0,SSH-Bruteforce
80,6,20,1200,20,0,0,0,DoS-SYN-Flood
80,17,20,1200,0,0,0,0,DoS-UDP
80,17,20,1200,0,0,0,0,DoS-UDP
63170,6,6,348,6,6,0,0,SSH-Bruteforce
57107,17,8,3166,0,0,0,0,BENIGN
33667,6,10,580,10,10,0,0,SSH-Bruteforce
0,1,20,1200,0,0,0,0,DoS-ICMP
49801,6,2,120,2,0,0,0,PortScan
58965,6,2,120,2,0,0,0,PortScan
44672,6,4,240,4,0,0,0,PortScan
41361,6,10,580,10,10,0,0,SSH-Bruteforce
48428,6,2,120,2,0,0,0,PortScan
56720,6,9,522,9,9,0,0,SSH-Bruteforce
31441,6,9,522,9,9,0,0,SSH-Bruteforce
80,17,20,1200,0,0,0,0,DoS-UDP
80,6,20,1480,20,0,0,0,DoS-HTTP
54829,17,20,27980,0,0,0,0,BENIGN
80,6,20,1200,20,0,0,0,DoS-SYN-Flood
33240,6,20,28660,0,20,0,0,BENIGN
60886,6,20,21343,0,20,0,0,BENIGN
80,6,20,1200,20,0,0,0,DoS-SYN-Flood
0,1,20,840,0,0,0,0,DoS-ICMP
61273,6,5,290,5,5,0,0,SSH-Bruteforce
80,6,20,1200,20,0,0,0,DoS-SYN-Flood
1765,6,6,360,6,0,0,0,PortScan
0,1,20,840,0,0,0,0,DoS-ICMP
54251,6,6,348,6,6,0,0,SSH-Bruteforce
80,6,20,1480,20,0,0,0,DoS-HTTP
0,1,20,1200,0,0,0,0,DoS-ICMP
80,17,20,1200,0,0,0,0,DoS-UDP
31949,6,2,120,2,0,0,0,PortScan
22,6,20,1200,20,0,0,0,SSH-Bruteforce
45424,6,20,27992,0,20,0,0,BENIGN
13973,6,4,240,4,0,0,0,PortScan
61125,6,4,240,4,0,0,0,PortScan
0,1,20,840,0,0,0,0,DoS-ICMP
0,1,20,1200,0,0,0,0,DoS-ICMP
80,6,20,1200,20,0,0,0,DoS-SYN-Flood
36520,17,20,27980,0,0,0,0,BENIGN
80,6,20,1480,20,0,0,0,DoS-HTTP
80,6,20,1200,20,0,0,0,DoS-SYN-Flood
43594,6,2,120,2,0,0,0,PortScan
22,6,20,1200,20,0,0,0,SSH-Bruteforce
14294,6,6,360,6,0,0,0,PortScan
80,6,20,1200,20,0,0,0,DoS-SYN-Flood
37057,6,12,696,12,12,0,0,SSH-Bruteforce
40380,6,19,1984,0,19,0,1,BENIGN
80,6,20,1200,20,0,0,0,DoS-SYN-Flood
80,6,20,1200,20,0,0,0,DoS-SYN-Flood
22,6,20,1200,0,0,20,0,SSH-Bruteforce
42440,17,20,27980,0,0,0,0,BENIGN
36520,17,20,27980,0,0,0,0,BENIGN
80,6,20,1200,20,0,0,0,DoS-SYN-Flood
80,6,20,1200,20,0,0,0,DoS-SYN-Flood
21435,6,2,120,2,0,0,0,PortScan
61104,6,2,120,2,0,0,0,PortScan
60394,17,20,27286,0,0,0,0,BENIGN
80,6,20,1480,20,0,0,0,DoS-HTTP
80,17,20,1200,0,0,0,0,DoS-UDP
59804,6,20,18585,0,20,0,0,BENIGN
80,17,20,1200,0,0,0,0,DoS-UDP
36520,17,20,27980,0,0,0,0,BENIGN
0,1,20,840,0,0,0,0,DoS-ICMP
55746,6,2,120,2,0,0,0,PortScan
80,17,20,1200,0,0,0,0,DoS-UDP
80,6,20,1200,20,0,0,0,DoS-SYN-Flood
80,6,20,1200,20,0,0,0,DoS-SYN-Flood
80,17,20,1200,0,0,0,0,DoS-UDP
0,1,20,840,0,0,0,0,DoS-ICMP
80,6,20,1480,20,0,0,0,DoS-HTTP
0,1,20,840,0,0,0,0,DoS-ICMP
1894,6,6,360,6,0,0,0,PortScan
80,6,20,1200,20,0,0,0,DoS-SYN-Flood
33176,6,8,464,8,8,0,0,SSH-Bruteforce
0,1,20,1200,0,0,0,0,DoS-ICMP
40387,6,2,120,2,0,0,0,PortScan
80,6,20,1480,20,0,0,0,DoS-HTTP
80,17,20,1200,0,0,0,0,DoS-UDP
64227,6,2,120,2,0,0,0,PortScan
0,1,20,1200,0,0,0,0,DoS-ICMP
80,17,20,1200,0,0,0,0,DoS-UDP
80,17,20,1200,0,0,0,0,DoS-UDP
38490,6,4,240,4,0,0,0,PortScan
0,1,20,1200,0,0,0,0,DoS-ICMP
80,6,20,1480,20,0,0,0,DoS-HTTP
22,6,20,1200,0,0,20,0,SSH-Bruteforce
0,1,20,840,0,0,0,0,DoS-ICMP
80,6,20,1200,20,0,0,0,DoS-SYN-Flood
80,17,20,1200,0,0,0,0,DoS-UDP
45969,6,7,406,7,7,0,0,SSH-Bruteforce
80,6,20,1200,20,0,0,0,DoS-SYN-Flood
35087,6,4,240,4,0,0,0,PortScan
80,17,20,1200,0,0,0,0,DoS-UDP
80,17,20,1200,0,0,0,0,DoS-UDP
0,1,20,840,0,0,0,0,DoS-ICMP
22,6,20,1200,20,0,0,0,SSH-Bruteforce
0,1,20,840,0,0,0,0,DoS-ICMP
0,1,20,1200,0,0,0,0,DoS-ICMP
80,17,20,1200,0,0,0,0,DoS-UDP
41978,6,8,464,8,8,0,0,SSH-Bruteforce
0,1,20,840,0,0,0,0,DoS-ICMP
0,1,20,840,0,0,0,0,DoS-ICMP
80,6,20,1200,20,0,0,0,DoS-SYN-Flood
10782,6,7,406,7,7,0,0,SSH-Bruteforce
0,1,20,840,0,0,0,0,DoS-ICMP
53724,6,11,638,11,11,0,0,SSH-Bruteforce
0,1,20,1200,0,0,0,0,DoS-ICMP
22,6,20,1200,0,0,20,0,SSH-Bruteforce
80,6,20,1480,20,0,0,0,DoS-HTTP
0,1,20,840,0,0,0,0,DoS-ICMP
80,17,20,1200,0,0,0,0,DoS-UDP
80,17,20,1200,0,0,0,0,DoS-UDP
15365,6,2,120,2,0,0,0,PortScan
80,17,20,1200,0,0,0,0,DoS-UDP
80,17,20,1200,0,0,0,0,DoS-UDP
43992,17,20,27980,0,0,0,0,BENIGN
80,6,20,1480,20,0,0,0,DoS-HTTP
80,6,20,1200,20,0,0,0,DoS-SYN-Flood
80,17,20,1200,0,0,0,0,DoS-UDP
0,1,20,840,0,0,0,0,DoS-ICMP
80,6,20,1480,20,0,0,0,DoS-HTTP
0,1,20,1200,0,0,0,0,DoS-ICMP
80,6,20,1480,20,0,0,0,DoS-HTTP
80,17,20,1200,0,0,0,0,DoS-UDP
0,1,20,1200,0,0,0,0,DoS-ICMP
25155,6,8,464,8,8,0,0,SSH-Bruteforce
80,17,20,1200,0,0,0,0,DoS-UDP
36520,17,20,27980,0,0,0,0,BENIGN
49509,6,9,522,9,9,0,0,SSH-Bruteforce
0,1,20,1200,0,0,0,0,DoS-ICMP
0,1,20,840,0,0,0,0,DoS-ICMP
80,6,20,1200,20,0,0,0,DoS-SYN-Flood
80,6,20,1200,20,0,0,0,DoS-SYN-Flood
22,6,20,1200,20,0,0,0,SSH-Bruteforce
80,17,20,1200,0,0,0,0,DoS-UDP
22490,6,4,232,4,4,0,0,SSH-Bruteforce
80,6,20,1200,20,0,0,0,DoS-SYN-Flood
7551,6,4,240,4,0,0,0,PortScan
0,1,20,1200,0,0,0,0,DoS-ICMP
80,6,20,1200,20,0,0,0,DoS-SYN-Flood
48010,6,2,120,2,0,0,0,PortScan
80,17,20,1200,0,0,0,0,DoS-UDP
80,6,20,1200,20,0,0,0,DoS-SYN-Flood
80,6,20,1480,20,0,0,0,DoS-HTTP
0,1,20,840,0,0,0,0,DoS-ICMP
0,1,20,840,0,0,0,0,DoS-ICMP
0,1,20,840,0,0,0,0,DoS-ICMP
80,6,20,1200,20,0,0,0,DoS-SYN-Flood
80,6,20,1200,20,0,0,0,DoS-SYN-Flood
21341,6,2,120,2,0,0,0,PortScan
6209,6,11,638,11,11,0,0,SSH-Bruteforce
22,6,20,1200,20,0,0,0,SSH-Bruteforce
38087,6,7,406,7,7,0,0,SSH-Bruteforce
80,6,20,1200,20,0,0,0,DoS-SYN-Flood
0,1,20,1200,0,0,0,0,DoS-ICMP
0,1,20,1200,0,0,0,0,DoS-ICMP
443,17,20,4456,0,0,0,0,BENIGN
80,6,20,1480,20,0,0,0,DoS-HTTP
23211,6,2,120,2,0,0,0,PortScan
22,6,20,1200,16,0,4,0,SSH-Bruteforce
80,17,20,1200,0,0,0,0,DoS-UDP
80,6,20,1480,20,0,0,0,DoS-HTTP
22,6,20,1200,0,0,20,0,SSH-Bruteforce
43678,17,20,27980,0,0,0,0,BENIGN
80,6,20,1480,20,0,0,0,DoS-HTTP
59804,6,20,17427,0,20,0,0,BENIGN
22,6,20,1200,8,0,12,0,SSH-Bruteforce
50877,6,4,240,4,0,0,0,PortScan
15242,6,4,240,4,0,0,0,PortScan
0,1,20,840,0,0,0,0,DoS-ICMP
0,1,20,1200,0,0,0,0,DoS-ICMP
22,6,20,1200,20,0,0,0,SSH-Bruteforce
18134,6,7,406,7,7,0,0,SSH-Bruteforce
12697,6,9,522,9,9,0,0,SSH-Bruteforce
0,1,20,1200,0,0,0,0,DoS-ICMP
80,6,20,1480,20,0,0,0,DoS-HTTP
22503,6,10,580,10,10,0,0,SSH-Bruteforce
52405,6,9,522,9,9,0,0,SSH-Bruteforce
80,17,20,1200,0,0,0,0,DoS-UDP
29016,6,4,240,4,0,0,0,PortScan
80,17,20,1200,0,0,0,0,DoS-UDP
0,1,20,1200,0,0,0,0,DoS-ICMP
22,6,20,1200,0,0,20,0,SSH-Bruteforce
22,6,20,1200,0,0,20,0,SSH-Bruteforce
80,6,20,1200,20,0,0,0,DoS-SYN-Flood
23748,6,7,406,7,7,0,0,SSH-Bruteforce
80,6,20,1200,20,0,0,0,DoS-SYN-Flood
80,17,20,1200,0,0,0,0,DoS-UDP
46398,17,20,27980,0,0,0,0,BENIGN
26338,6,8,464,8,8,0,0,SSH-Bruteforce
36520,17,20,27980,0,0,0,0,BENIGN
80,17,20,1200,0,0,0,0,DoS-UDP
62362,6,5,290,5,5,0,0,SSH-Bruteforce
80,17,20,1200,0,0,0,0,DoS-UDP
60886,6,20,27740,0,20,0,0,BENIGN
43779,6,2,120,2,0,0,0,PortScan
80,17,20,1200,0,0,0,0,DoS-UDP
22,6,20,1200,2,0,18,0,SSH-Bruteforce
80,6,20,1200,20,0,0,0,DoS-SYN-Flood
80,6,20,1200,20,0,0,0,DoS-SYN-Flood
80,17,20,1200,0,0,0,0,DoS-UDP
22,6,20,1200,0,0,20,0,SSH-Bruteforce
80,6,20,1200,20,0,0,0,DoS-SYN-Flood
30162,6,4,240,4,0,0,0,PortScan
80,6,20,1200,20,0,0,0,DoS-SYN-Flood
80,6,20,1200,20,0,0,0,DoS-SYN-Flood
80,6,20,1480,20,0,0,0,DoS-HTTP
80,6,20,1480,20,0,0,0,DoS-HTTP
39068,6,2,120,2,0,0,0,PortScan
0,1,20,840,0,0,0,0,DoS-ICMP
80,6,20,1200,20,0,0,0,DoS-SYN-Flood
49000,6,4,240,4,0,0,0,PortScan
61001,6,5,290,5,5,0,0,SSH-Bruteforce
80,17,20,1200,0,0,0,0,DoS-UDP
0,1,20,1200,0,0,0,0,DoS-ICMP
80,17,20,1200,0,0,0,0,DoS-UDP
80,6,20,1480,20,0,0,0,DoS-HTTP
25489,6,6,348,6,6,0,0,SSH-Bruteforce
80,17,20,1200,0,0,0,0,DoS-UDP
80,17,20,1200,0,0,0,0,DoS-UDP
443,17,1,1399,0,0,0,0,BENIGN
80,6,20,1200,20,0,0,0,DoS-SYN-Flood
0,1,20,1200,0,0,0,0,DoS-ICMP
242,6,9,522,9,9,0,0,SSH-Bruteforce
80,6,20,1480,20,0,0,0,DoS-HTTP
0,1,20,840,0,0,0,0,DoS-ICMP
80,6,20,1480,20,0,0,0,DoS-HTTP
22,6,20,1200,0,0,20,0,SSH-Bruteforce
60886,6,20,30280,0,20,0,0,BENIGN
62685,6,6,348,6,6,0,0,SSH-Bruteforce
80,17,20,1200,0,0,0,0,DoS-UDP
80,17,20,1200,0,0,0,0,DoS-UDP
43678,17,20,27980,0,0,0,0,BENIGN
13971,6,7,406,7,7,0,0,SSH-Bruteforce
80,17,20,1200,0,0,0,0,DoS-UDP
14503,6,4,240,4,0,0,0,PortScan
0,1,20,840,0,0,0,0,DoS-ICMP
80,17,20,1200,0,0,0,0,DoS-UDP
80,6,20,1200,20,0,0,0,DoS-SYN-Flood
80,17,20,1200,0,0,0,0,DoS-UDP
22,6,20,1200,0,0,20,0,SSH-Bruteforce
80,6,20,1480,20,0,0,0,DoS-HTTP
80,6,20,1480,20,0,0,0,DoS-HTTP
80,6,20,1480,20,0,0,0,DoS-HTTP
46476,6,2,120,2,0,0,0,PortScan
80,6,20,1200,20,0,0,0,DoS-SYN-Flood
33924,6,2,120,2,0,0,0,PortScan
63499,6,7,406,7,7,0,0,SSH-Bruteforce
80,6,20,1200,20,0,0,0,DoS-SYN-Flood
10729,6,4,240,4,0,0,0,PortScan
22,6,20,1200,0,0,20,0,SSH-Bruteforce
80,6,20,1480,20,0,0,0,DoS-HTTP
60886,6,20,26995,0,20,0,0,BENIGN
80,6,20,1200,20,0,0,0,DoS-SYN-Flood
36268,17,20,27980,0,0,0,0,BENIGN
46398,17,20,27980,0,0,0,0,BENIGN
80,6,20,1480,20,0,0,0,DoS-HTTP
80,6,20,1200,20,0,0,0,DoS-SYN-Flood
80,6,20,1200,20,0,0,0,DoS-SYN-Flood
0,1,20,840,0,0,0,0,DoS-ICMP
47094,17,20,27980,0,0,0,0,BENIGN
80,6,20,1480,20,0,0,0,DoS-HTTP
25744,6,8,464,8,8,0,0,SSH-Bruteforce
80,6,20,1200,20,0,0,0,DoS-SYN-Flood
80,6,20,1480,20,0,0,0,DoS-HTTP
80,6,20,1200,20,0,0,0,DoS-SYN-Flood
0,1,20,1200,0,0,0,0,DoS-ICMP
80,17,20,1200,0,0,0,0,DoS-UDP
46398,17,20,27980,0,0,0,0,BENIGN
54829,17,20,27980,0,0,0,0,BENIGN
80,6,20,1200,20,0,0,0,DoS-SYN-Flood
80,17,20,1200,0,0,0,0,DoS-UDP
22,6,20,1200,20,0,0,0,SSH-Bruteforce
80,6,20,1480,20,0,0,0,DoS-HTTP
80,17,20,1200,0,0,0,0,DoS-UDP
80,6,20,1200,20,0,0,0,DoS-SYN-Flood
80,17,20,1200,0,0,0,0,DoS-UDP
31659,6,11,638,11,11,0,0,SSH-Bruteforce
80,6,20,1480,20,0,0,0,DoS-HTTP
0,1,20,1200,0,0,0,0,DoS-ICMP
0,1,20,1200,0,0,0,0,DoS-ICMP
80,17,20,1200,0,0,0,0,DoS-UDP
80,6,20,1480,20,0,0,0,DoS-HTTP
49350,6,2,120,2,0,0,0,PortScan
80,6,20,1480,20,0,0,0,DoS-HTTP
80,6,20,1200,20,0,0,0,DoS-SYN-Flood
443,6,20,1200,0,20,0,0,BENIGN
80,17,20,1200,0,0,0,0,DoS-UDP
0,1,20,1200,0,0,0,0,DoS-ICMP
80,17,20,1200,0,0,0,0,DoS-UDP
33240,6,20,28900,0,20,0,0,BENIGN
0,1,20,840,0,0,0,0,DoS-ICMP
38661,6,4,240,4,0,0,0,PortScan
0,1,20,840,0,0,0,0,DoS-ICMP
80,17,20,1200,0,0,0,0,DoS-UDP
0,1,20,840,0,0,0,0,DoS-ICMP
80,6,20,1200,20,0,0,0,DoS-SYN-Flood
80,17,20,1200,0,0,0,0,DoS-UDP
80,6,20,1480,20,0,0,0,DoS-HTTP
443,6,4,376,0,4,0,0,BENIGN
443,6,20,2282,0,20,0,1,BENIGN
80,6,20,1200,20,0,0,0,DoS-SYN-Flood
80,6,20,1200,20,0,0,0,DoS-SYN-Flood
80,6,20,1200,20,0,0,0,DoS-SYN-Flood
19062,6,4,240,4,0,0,0,PortScan
22,6,20,1200,20,0,0,0,SSH-Bruteforce
5349,6,6,360,6,0,0,0,PortScan
0,1,20,1200,0,0,0,0,DoS-ICMP
65151,6,7,406,7,7,0,0,SSH-Bruteforce
80,6,20,1200,20,0,0,0,DoS-SYN-Flood
80,6,20,1480,20,0,0,0,DoS-HTTP
80,6,20,1200,20,0,0,0,DoS-SYN-Flood
57965,6,10,580,10,10,0,0,SSH-Bruteforce
80,6,20,1480,20,0,0,0,DoS-HTTP
80,6,20,1200,20,0,0,0,DoS-SYN-Flood
0,1,20,840,0,0,0,0,DoS-ICMP
80,6,20,1200,20,0,0,0,DoS-SYN-Flood
80,6,20,1480,20,0,0,0,DoS-HTTP
13582,6,11,638,11,11,0,0,SSH-Bruteforce
80,6,20,1480,20,0,0,0,DoS-HTTP
80,6,20,1200,20,0,0,0,DoS-SYN-Flood
80,6,20,1480,20,0,0,0,DoS-HTTP
56672,6,9,522,9,9,0,0,SSH-Bruteforce
80,17,20,1200,0,0,0,0,DoS-UDP
80,6,20,1480,20,0,0,0,DoS-HTTP
44248,6,2,120,2,0,0,0,PortScan
80,6,20,1200,20,0,0,0,DoS-SYN-Flood
5265,6,6,360,6,0,0,0,PortScan
80,6,20,1480,20,0,0,0,DoS-HTTP
80,6,20,1200,20,0,0,0,DoS-SYN-Flood
80,6,20,1480,20,0,0,0,DoS-HTTP
29095,6,2,120,2,0,0,0,PortScan
80,6,20,1200,20,0,0,0,DoS-SYN-Flood
80,6,20,1200,20,0,0,0,DoS-SYN-Flood
80,6,20,1200,20,0,0,0,DoS-SYN-Flood
38413,6,2,120,2,0,0,0,PortScan
80,6,20,1200,20,0,0,0,DoS-SYN-Flood
80,6,20,1200,20,0,0,0,DoS-SYN-Flood
80,6,20,1200,20,0,0,0,DoS-SYN-Flood
80,6,20,1200,20,0,0,0,DoS-SYN-Flood
22,6,20,1200,19,0,1,0,SSH-Bruteforce
80,6,20,1200,20,0,0,0,DoS-SYN-Flood
80,17,20,1200,0,0,0,0,DoS-UDP
0,1,20,840,0,0,0,0,DoS-ICMP
0,1,20,840,0,0,0,0,DoS-ICMP
80,6,20,1200,20,0,0,0,DoS-SYN-Flood
80,17,20,1200,0,0,0,0,DoS-UDP
22,6,20,1200,20,0,0,0,SSH-Bruteforce
0,1,20,840,0,0,0,0,DoS-ICMP
54496,6,3,174,3,3,0,0,SSH-Bruteforce
80,6,20,1200,20,0,0,0,DoS-SYN-Flood
80,6,20,1200,20,0,0,0,DoS-SYN-Flood
41863,6,9,522,9,9,0,0,SSH-Bruteforce
80,17,20,1200,0,0,0,0,DoS-UDP
0,1,20,1200,0,0,0,0,DoS-ICMP
34685,6,10,580,10,10,0,0,SSH-Bruteforce
80,6,20,1200,20,0,0,0,DoS-SYN-Flood
0,1,20,840,0,0,0,0,DoS-ICMP
80,6,20,1200,20,0,0,0,DoS-SYN-Flood
80,17,20,1200,0,0,0,0,DoS-UDP
0,1,20,840,0,0,0,0,DoS-ICMP
36520,17,20,27980,0,0,0,0,BENIGN
51399,6,8,464,8,8,0,0,SSH-Bruteforce
54166,6,4,240,4,0,0,0,PortScan
80,6,20,1480,20,0,0,0,DoS-HTTP
0,1,20,1200,0,0,0,0,DoS-ICMP
36520,17,20,27980,0,0,0,0,BENIGN
36520,17,20,27980,0,0,0,0,BENIGN
42904,17,20,13740,0,0,0,0,BENIGN
30074,6,4,240,4,0,0,0,PortScan
22,6,20,1200,12,0,8,0,SSH-Bruteforce
0,1,20,1200,0,0,0,0,DoS-ICMP
80,17,20,1200,0,0,0,0,DoS-UDP
64422,6,4,240,4,0,0,0,PortScan
80,6,20,1200,20,0,0,0,DoS-SYN-Flood
80,6,20,1480,20,0,0,0,DoS-HTTP
80,17,20,1200,0,0,0,0,DoS-UDP
80,17,20,1200,0,0,0,0,DoS-UDP
0,1,20,1200,0,0,0,0,DoS-ICMP
80,6,20,1480,20,0,0,0,DoS-HTTP
80,6,20,1200,20,0,0,0,DoS-SYN-Flood
80,6,20,1480,20,0,0,0,DoS-HTTP
24531,6,4,240,4,0,0,0,PortScan
80,6,20,1200,20,0,0,0,DoS-SYN-Flood
80,17,20,1200,0,0,0,0,DoS-UDP
80,6,20,1480,20,0,0,0,DoS-HTTP
80,17,20,1200,0,0,0,0,DoS-UDP
48556,6,2,120,2,0,0,0,PortScan
42368,6,20,20765,1,20,0,0,BENIGN
0,1,20,1200,0,0,0,0,DoS-ICMP
7683,6,4,240,4,0,0,0,PortScan
0,1,20,840,0,0,0,0,DoS-ICMP
80,17,20,1200,0,0,0,0,DoS-UDP
0,1,20,840,0,0,0,0,DoS-ICMP
0,1,20,1200,0,0,0,0,DoS-ICMP
80,17,20,1200,0,0,0,0,DoS-UDP
80,6,20,1200,20,0,0,0,DoS-SYN-Flood
0,1,20,840,0,0,0,0,DoS-ICMP
80,6,20,1480,20,0,0,0,DoS-HTTP
46398,17,20,18224,0,0,0,0,BENIGN
10364,6,6,360,6,0,0,0,PortScan
21342,6,8,464,8,8,0,0,SSH-Bruteforce
0,1,20,840,0,0,0,0,DoS-ICMP
33393,6,7,406,7,7,0,0,SSH-Bruteforce
80,17,20,1200,0,0,0,0,DoS-UDP
80,6,20,1200,20,0,0,0,DoS-SYN-Flood
55037,6,4,240,4,0,0,0,PortScan
25041,6,6,348,6,6,0,0,SSH-Bruteforce
80,6,20,1480,20,0,0,0,DoS-HTTP
36520,17,20,27980,0,0,0,0,BENIGN
0,1,20,840,0,0,0,0,DoS-ICMP
22,6,20,1200,20,0,0,0,SSH-Bruteforce
0,1,20,1200,0,0,0,0,DoS-ICMP
22529,6,6,348,6,6,0,0,SSH-Bruteforce
30815,6,4,240,4,0,0,0,PortScan
0,1,20,1200,0,0,0,0,DoS-ICMP
80,6,20,1480,20,0,0,0,DoS-HTTP
55856,6,4,240,4,0,0,0,PortScan
80,6,20,1480,20,0,0,0,DoS-HTTP
36520,17,20,27980,0,0,0,0,BENIGN
80,6,20,1200,20,0,0,0,DoS-SYN-Flood
80,17,20,1200,0,0,0,0,DoS-UDP
8055,6,4,240,4,0,0,0,PortScan
0,1,20,840,0,0,0,0,DoS-ICMP
80,17,20,1200,0,0,0,0,DoS-UDP
80,6,20,1480,20,0,0,0,DoS-HTTP
29474,6,2,120,2,0,0,0,PortScan
80,6,20,1480,20,0,0,0,DoS-HTTP
9772,6,4,240,4,0,0,0,PortScan
80,6,20,1480,20,0,0,0,DoS-HTTP
47363,6,4,240,4,0,0,0,PortScan
0,1,20,1200,0,0,0,0,DoS-ICMP
80,6,20,1200,20,0,0,0,DoS-SYN-Flood
22,6,20,1200,20,0,0,0,SSH-Bruteforce
80,6,20,1480,20,0,0,0,DoS-HTTP
0,1,20,840,0,0,0,0,DoS-ICMP
0,1,20,1200,0,0,0,0,DoS-ICMP
22959,6,9,522,9,9,0,0,SSH-Bruteforce
80,6,20,1480,20,0,0,0,DoS-HTTP
0,1,20,1200,0,0,0,0,DoS-ICMP
55408,6,6,348,6,6,0,0,SSH-Bruteforce
80,17,20,1200,0,0,0,0,DoS-UDP
80,6,20,1200,20,0,0,0,DoS-SYN-Flood
40181,6,4,240,4,0,0,0,PortScan
33240,6,20,28480,0,20,0,0,BENIGN
0,1,20,840,0,0,0,0,DoS-ICMP
0,1,20,1200,0,0,0,0,DoS-ICMP
22,6,20,1200,12,0,8,0,SSH-Bruteforce
80,6,20,1480,20,0,0,0,DoS-HTTP
54829,17,20,27980,0,0,0,0,BENIGN
80,6,20,1480,20,0,0,0,DoS-HTTP
22,6,20,1200,0,0,20,0,SSH-Bruteforce
443,6,20,2878,1,19,0,1,BENIGN
36520,17,20,27980,0,0,0,0,BENIGN
53317,6,4,240,4,0,0,0,PortScan
15169,6,2,120,2,0,0,0,PortScan
36520,17,20,27980,0,0,0,0,BENIGN
80,6,20,1480,20,0,0,0,DoS-HTTP
80,6,20,1480,20,0,0,0,DoS-HTTP
80,6,20,1480,20,0,0,0,DoS-HTTP
24508,6,2,120,2,0,0,0,PortScan
33937,6,4,240,4,0,0,0,PortScan
41308,17,20,27980,0,0,0,0,BENIGN
80,6,20,1480,20,0,0,0,DoS-HTTP
80,6,20,1480,20,0,0,0,DoS-HTTP
5468,6,9,522,9,9,0,0,SSH-Bruteforce
80,6,20,1200,20,0,0,0,DoS-SYN-Flood
0,1,20,840,0,0,0,0,DoS-ICMP
80,6,20,1200,20,0,0,0,DoS-SYN-Flood
43463,6,2,120,2,0,0,0,PortScan
0,1,20,1200,0,0,0,0,DoS-ICMP
80,6,20,1200,20,0,0,0,DoS-SYN-Flood
80,17,20,1200,0,0,0,0,DoS-UDP
80,6,20,1200,20,0,0,0,DoS-SYN-Flood
80,6,20,1200,20,0,0,0,DoS-SYN-Flood
3630,6,4,240,4,0,0,0,PortScan
80,17,20,1200,0,0,0,0,DoS-UDP
35854,6,20,13945,0,20,0,0,BENIGN
63891,6,2,120,2,0,0,0,PortScan
60886,6,20,28900,0,20,0,0,BENIGN
0,1,20,840,0,0,0,0,DoS-ICMP
41946,6,4,240,4,0,0,0,PortScan
80,6,20,1200,20,0,0,0,DoS-SYN-Flood
80,17,20,1200,0,0,0,0,DoS-UDP
0,1,20,1200,0,0,0,0,DoS-ICMP
80,17,20,1200,0,0,0,0,DoS-UDP
80,6,20,1480,20,0,0,0,DoS-HTTP
80,17,20,1200,0,0,0,0,DoS-UDP
80,17,20,1200,0,0,0,0,DoS-UDP
80,6,20,1200,20,0,0,0,DoS-SYN-Flood
80,17,20,1200,0,0,0,0,DoS-UDP
35854,6,20,24574,0,20,0,0,BENIGN
0,1,20,840,0,0,0,0,DoS-ICMP
80,6,20,1480,20,0,0,0,DoS-HTTP
80,6,20,1480,20,0,0,0,DoS-HTTP
55795,6,6,348,6,6,0,0,SSH-Bruteforce
0,1,20,840,0,0,0,0,DoS-ICMP
80,6,20,1200,20,0,0,0,DoS-SYN-Flood
0,1,20,1200,0,0,0,0,DoS-ICMP
80,6,20,1200,20,0,0,0,DoS-SYN-Flood
0,1,20,1200,0,0,0,0,DoS-ICMP
22708,6,4,240,4,0,0,0,PortScan
80,6,20,1480,20,0,0,0,DoS-HTTP
36520,17,20,27980,0,0,0,0,BENIGN
26640,6,2,120,2,0,0,0,PortScan
0,1,20,1200,0,0,0,0,DoS-ICMP
80,6,20,1480,20,0,0,0,DoS-HTTP
0,1,20,1200,0,0,0,0,DoS-ICMP
80,6,20,1200,20,0,0,0,DoS-SYN-Flood
39631,6,2,120,2,0,0,0,PortScan
51867,6,4,240,4,0,0,0,PortScan
56957,6,7,406,7,7,0,0,SSH-Bruteforce
60180,6,2,120,2,0,0,0,PortScan
80,6,20,1480,20,0,0,0,DoS-HTTP
0,1,20,1200,0,0,0,0,DoS-ICMP
80,6,20,1200,20,0,0,0,DoS-SYN-Flood
0,1,20,1200,0,0,0,0,DoS-ICMP
1819,6,6,360,6,0,0,0,PortScan
443,6,20,1200,0,20,0,0,BENIGN
0,1,20,840,0,0,0,0,DoS-ICMP
59544,6,2,120,2,0,0,0,PortScan
80,6,20,1480,20,0,0,0,DoS-HTTP
0,1,20,1200,0,0,0,0,DoS-ICMP
80,17,20,1200,0,0,0,0,DoS-UDP
80,6,20,1200,20,0,0,0,DoS-SYN-Flood
80,6,20,1200,20,0,0,0,DoS-SYN-Flood
8381,6,7,406,7,7,0,0,SSH-Bruteforce
80,6,20,1480,20,0,0,0,DoS-HTTP
80,17,20,1200,0,0,0,0,DoS-UDP
80,6,20,1480,20,0,0,0,DoS-HTTP
56660,6,9,522,9,9,0,0,SSH-Bruteforce
80,6,20,1200,20,0,0,0,DoS-SYN-Flood
80,6,20,1480,20,0,0,0,DoS-HTTP
3115,6,8,464,8,8,0,0,SSH-Bruteforce
43326,6,7,406,7,7,0,0,SSH-Bruteforce
42431,6,2,120,2,0,0,0,PortScan
8330,6,6,360,6,0,0,0,PortScan
80,6,20,1480,20,0,0,0,DoS-HTTP
80,6,20,1200,20,0,0,0,DoS-SYN-Flood
80,17,20,1200,0,0,0,0,DoS-UDP
80,6,20,1200,20,0,0,0,DoS-SYN-Flood
62989,6,2,120,2,0,0,0,PortScan
40386,6,2,120,2,0,0,0,PortScan
47526,6,2,120,2,0,0,0,PortScan
22,6,20,1200,0,0,20,0,SSH-Bruteforce
80,6,20,1480,20,0,0,0,DoS-HTTP
80,6,20,1200,20,0,0,0,DoS-SYN-Flood
0,1,20,840,0,0,0,0,DoS-ICMP
80,6,20,1480,20,0,0,0,DoS-HTTP
14298,6,10,580,10,10,0,0,SSH-Bruteforce
80,6,20,1200,20,0,0,0,DoS-SYN-Flood
80,6,20,1480,20,0,0,0,DoS-HTTP
80,6,20,1200,20,0,0,0,DoS-SYN-Flood
80,6,20,1480,20,0,0,0,DoS-HTTP
80,6,20,1200,20,0,0,0,DoS-SYN-Flood
80,6,20,1480,20,0,0,0,DoS-HTTP
80,17,20,1200,0,0,0,0,DoS-UDP
80,17,20,1200,0,0,0,0,DoS-UDP
8536,6,4,240,4,0,0,0,PortScan
80,6,20,1200,20,0,0,0,DoS-SYN-Flood
80,6,20,1480,20,0,0,0,DoS-HTTP
53203,6,2,120,2,0,0,0,PortScan
46532,6,2,120,2,0,0,0,PortScan
0,1,20,1200,0,0,0,0,DoS-ICMP
443,6,15,2524,1,14,0,1,BENIGN
58320,6,2,120,2,0,0,0,PortScan
80,6,20,1200,20,0,0,0,DoS-SYN-Flood
0,1,20,1200,0,0,0,0,DoS-ICMP
80,17,20,1200,0,0,0,0,DoS-UDP
80,6,20,1200,20,0,0,0,DoS-SYN-Flood
24984,6,9,522,9,9,0,0,SSH-Bruteforce
46398,17,20,27980,0,0,0,0,BENIGN
80,17,20,1200,0,0,0,0,DoS-UDP
41621,6,13,754,13,13,0,0,SSH-Bruteforce
80,17,20,1200,0,0,0,0,DoS-UDP
0,1,20,1200,0,0,0,0,DoS-ICMP
0,1,20,1200,0,0,0,0,DoS-ICMP
0,1,20,840,0,0,0,0,DoS-ICMP
22,6,20,1200,10,0,10,0,SSH-Bruteforce
80,17,20,1200,0,0,0,0,DoS-UDP
80,6,20,1480,20,0,0,0,DoS-HTTP
80,17,20,1200,0,0,0,0,DoS-UDP
80,6,20,1200,20,0,0,0,DoS-SYN-Flood
80,6,20,1480,20,0,0,0,DoS-HTTP
0,1,20,840,0,0,0,0,DoS-ICMP
22,6,20,1200,0,0,20,0,SSH-Bruteforce
31598,6,10,580,10,10,0,0,SSH-Bruteforce
80,6,20,1480,20,0,0,0,DoS-HTTP
80,6,20,1200,20,0,0,0,DoS-SYN-Flood
36431,6,7,406,7,7,0,0,SSH-Bruteforce
33250,6,2,120,2,0,0,0,PortScan
28483,6,8,464,8,8,0,0,SSH-Bruteforce
80,6,20,1200,20,0,0,0,DoS-SYN-Flood
26988,6,4,240,4,0,0,0,PortScan
7499,6,4,240,4,0,0,0,PortScan
61270,6,2,120,2,0,0,0,PortScan
80,6,20,1200,20,0,0,0,DoS-SYN-Flood
80,6,20,1200,20,0,0,0,DoS-SYN-Flood
80,17,20,1200,0,0,0,0,DoS-UDP
80,6,20,1200,20,0,0,0,DoS-SYN-Flood
0,1,20,840,0,0,0,0,DoS-ICMP
80,6,20,1480,20,0,0,0,DoS-HTTP
62618,6,4,240,4,0,0,0,PortScan
80,6,20,1200,20,0,0,0,DoS-SYN-Flood
0,1,20,1200,0,0,0,0,DoS-ICMP
0,1,20,840,0,0,0,0,DoS-ICMP
0,1,20,1200,0,0,0,0,DoS-ICMP
80,17,20,1200,0,0,0,0,DoS-UDP
28436,6,4,240,4,0,0,0,PortScan
44322,6,6,348,6,6,0,0,SSH-Bruteforce
54829,17,20,27980,0,0,0,0,BENIGN
80,6,20,1480,20,0,0,0,DoS-HTTP
51606,6,3,174,3,3,0,0,SSH-Bruteforce
80,6,20,1480,20,0,0,0,DoS-HTTP
51842,6,4,240,4,0,0,0,PortScan
80,17,20,1200,0,0,0,0,DoS-UDP
80,6,20,1480,20,0,0,0,DoS-HTTP
80,17,20,1200,0,0,0,0,DoS-UDP
80,6,20,1200,20,0,0,0,DoS-SYN-Flood
80,17,20,1200,0,0,0,0,DoS-UDP
19481,6,7,406,7,7,0,0,SSH-Bruteforce
0,1,20,1200,0,0,0,0,DoS-ICMP
0,1,20,1200,0,0,0,0,DoS-ICMP
31986,6,2,120,2,0,0,0,PortScan
2404,6,4,240,4,0,0,0,PortScan
80,17,20,1200,0,0,0,0,DoS-UDP
80,6,20,1480,20,0,0,0,DoS-HTTP
80,6,20,1200,20,0,0,0,DoS-SYN-Flood
80,6,20,1200,20,0,0,0,DoS-SYN-Flood
0,1,20,840,0,0,0,0,DoS-ICMP
22,6,20,1200,0,0,20,0,SSH-Bruteforce
5504,6,4,240,4,0,0,0,PortScan
80,6,20,1480,20,0,0,0,DoS-HTTP
80,17,20,1200,0,0,0,0,DoS-UDP
0,1,20,1200,0,0,0,0,DoS-ICMP
42904,17,20,26968,0,0,0,0,BENIGN
80,17,20,1200,0,0,0,0,DoS-UDP
0,1,20,1200,0,0,0,0,DoS-ICMP
80,6,20,1480,20,0,0,0,DoS-HTTP
80,6,20,1200,20,0,0,0,DoS-SYN-Flood
80,6,20,1200,20,0,0,0,DoS-SYN-Flood
80,6,20,1200,20,0,0,0,DoS-SYN-Flood
80,6,20,1480,20,0,0,0,DoS-HTTP
55356,6,4,240,4,0,0,0,PortScan
80,17,20,1200,0,0,0,0,DoS-UDP
80,6,20,1200,20,0,0,0,DoS-SYN-Flood
35342,6,9,522,9,9,0,0,SSH-Bruteforce
80,17,20,1200,0,0,0,0,DoS-UDP
42762,17,17,16837,0,0,0,0,BENIGN
22,6,20,1200,20,0,0,0,SSH-Bruteforce
80,17,20,1200,0,0,0,0,DoS-UDP
80,6,20,1200,20,0,0,0,DoS-SYN-Flood
33778,6,9,522,9,9,0,0,SSH-Bruteforce
80,6,20,1200,20,0,0,0,DoS-SYN-Flood
80,17,20,1200,0,0,0,0,DoS-UDP
36520,17,20,27980,0,0,0,0,BENIGN
0,1,20,1200,0,0,0,0,DoS-ICMP
80,17,20,1200,0,0,0,0,DoS-UDP
29772,6,4,240,4,0,0,0,PortScan
22,6,20,1200,20,0,0,0,SSH-Bruteforce
22,6,20,1200,0,0,20,0,SSH-Bruteforce
0,1,20,840,0,0,0,0,DoS-ICMP
42861,6,9,522,9,9,0,0,SSH-Bruteforce
0,1,20,840,0,0,0,0,DoS-ICMP
80,6,20,1480,20,0,0,0,DoS-HTTP
36776,6,12,696,12,12,0,0,SSH-Bruteforce
12071,6,7,406,7,7,0,0,SSH-Bruteforce
80,6,20,1480,20,0,0,0,DoS-HTTP
80,17,20,1200,0,0,0,0,DoS-UDP
443,17,20,2308,0,0,0,0,BENIGN
47774,17,20,27980,0,0,0,0,BENIGN
0,1,20,1200,0,0,0,0,DoS-ICMP
0,1,20,1200,0,0,0,0,DoS-ICMP
0,1,20,1200,0,0,0,0,DoS-ICMP
35900,6,14,812,14,14,0,0,SSH-Bruteforce
80,6,20,1480,20,0,0,0,DoS-HTTP
80,6,20,1200,20,0,0,0,DoS-SYN-Flood
22,6,20,1200,10,0,10,0,SSH-Bruteforce
52376,6,4,240,4,0,0,0,PortScan
80,6,20,1480,20,0,0,0,DoS-HTTP
80,6,20,1200,20,0,0,0,DoS-SYN-Flood
22,6,20,1200,2,0,18,0,SSH-Bruteforce
80,6,20,1480,20,0,0,0,DoS-HTTP
80,17,20,1200,0,0,0,0,DoS-UDP
80,17,20,1200,0,0,0,0,DoS-UDP
80,6,20,1480,20,0,0,0,DoS-HTTP
443,17,20,2186,0,0,0,0,BENIGN
22,6,20,1200,6,0,14,0,SSH-Bruteforce
80,6,20,1200,20,0,0,0,DoS-SYN-Flood
22,6,20,1200,0,0,20,0,SSH-Bruteforce
80,6,20,1200,20,0,0,0,DoS-SYN-Flood
80,6,20,1200,20,0,0,0,DoS-SYN-Flood
80,17,20,1200,0,0,0,0,DoS-UDP
30574,6,7,406,7,7,0,0,SSH-Bruteforce
80,6,20,1200,20,0,0,0,DoS-SYN-Flood
80,6,20,1200,20,0,0,0,DoS-SYN-Flood
22,6,20,1200,4,0,16,0,SSH-Bruteforce
4591,6,4,240,4,0,0,0,PortScan
80,6,20,1480,20,0,0,0,DoS-HTTP
80,6,20,1480,20,0,0,0,DoS-HTTP
80,17,20,1200,0,0,0,0,DoS-UDP
48806,17,20,27980,0,0,0,0,BENIGN
80,17,20,1200,0,0,0,0,DoS-UDP
80,17,20,1200,0,0,0,0,DoS-UDP
80,17,20,1200,0,0,0,0,DoS-UDP
80,6,20,1480,20,0,0,0,DoS-HTTP
80,6,20,1480,20,0,0,0,DoS-HTTP
6849,6,4,240,4,0,0,0,PortScan
80,6,20,1480,20,0,0,0,DoS-HTTP
80,6,20,1480,20,0,0,0,DoS-HTTP
80,6,20,1480,20,0,0,0,DoS-HTTP
46833,6,2,120,2,0,0,0,PortScan
39902,17,20,27980,0,0,0,0,BENIGN
80,17,20,1200,0,0,0,0,DoS-UDP
80,17,20,1200,0,0,0,0,DoS-UDP
32850,6,7,406,7,7,0,0,SSH-Bruteforce
80,6,20,1200,20,0,0,0,DoS-SYN-Flood
80,6,20,1200,20,0,0,0,DoS-SYN-Flood
80,17,20,1200,0,0,0,0,DoS-UDP
80,6,20,1480,20,0,0,0,DoS-HTTP
80,6,20,1480,20,0,0,0,DoS-HTTP
80,17,20,1200,0,0,0,0,DoS-UDP
80,6,20,1200,20,0,0,0,DoS-SYN-Flood
80,6,20,1480,20,0,0,0,DoS-HTTP
39196,6,4,240,4,0,0,0,PortScan
63442,6,2,120,2,0,0,0,PortScan
80,6,20,1480,20,0,0,0,DoS-HTTP
22,6,20,1200,20,0,0,0,SSH-Bruteforce
80,6,20,1480,20,0,0,0,DoS-HTTP
80,17,20,1200,0,0,0,0,DoS-UDP
80,6,20,1200,20,0,0,0,DoS-SYN-Flood
0,1,20,840,0,0,0,0,DoS-ICMP
0,1,20,840,0,0,0,0,DoS-ICMP
80,17,20,1200,0,0,0,0,DoS-UDP
0,1,20,1200,0,0,0,0,DoS-ICMP
62333,6,2,120,2,0,0,0,PortScan
6890,6,6,348,6,6,0,0,SSH-Bruteforce
47224,6,2,120,2,0,0,0,PortScan
6248,6,4,240,4,0,0,0,PortScan
80,17,20,1200,0,0,0,0,DoS-UDP
80,17,20,1200,0,0,0,0,DoS-UDP
7501,6,8,464,8,8,0,0,SSH-Bruteforce
0,1,20,840,0,0,0,0,DoS-ICMP
80,6,20,1480,20,0,0,0,DoS-HTTP
22,6,20,1200,20,0,0,0,SSH-Bruteforce
0,1,20,1200,0,0,0,0,DoS-ICMP
64452,6,2,120,2,0,0,0,PortScan
0,1,20,840,0,0,0,0,DoS-ICMP
0,1,20,840,0,0,0,0,DoS-ICMP
22475,6,2,120,2,0,0,0,PortScan
54829,17,20,27980,0,0,0,0,BENIGN
80,6,20,1480,20,0,0,0,DoS-HTTP
54791,6,9,522,9,9,0,0,SSH-Bruteforce
80,6,20,1200,20,0,0,0,DoS-SYN-Flood
80,6,20,1480,20,0,0,0,DoS-HTTP
23613,6,6,348,6,6,0,0,SSH-Bruteforce
22,6,20,1200,20,0,0,0,SSH-Bruteforce
80,17,20,1200,0,0,0,0,DoS-UDP
48357,6,2,120,2,0,0,0,PortScan
33240,6,20,29020,0,20,0,0,BENIGN
46398,17,20,27980,0,0,0,0,BENIGN
38023,6,6,348,6,6,0,0,SSH-Bruteforce
80,6,20,1200,20,0,0,0,DoS-SYN-Flood
36520,17,20,27980,0,0,0,0,BENIGN
80,6,20,1200,20,0,0,0,DoS-SYN-Flood
80,6,20,1480,20,0,0,0,DoS-HTTP
80,6,20,1480,20,0,0,0,DoS-HTTP
0,1,20,1200,0,0,0,0,DoS-ICMP
8129,6,7,406,7,7,0,0,SSH-Bruteforce
80,17,20,1200,0,0,0,0,DoS-UDP
80,6,20,1200,20,0,0,0,DoS-SYN-Flood
0,1,20,840,0,0,0,0,DoS-ICMP
80,6,20,1480,20,0,0,0,DoS-HTTP
443,6,9,1308,0,9,0,1,BENIGN
80,6,20,1200,20,0,0,0,DoS-SYN-Flood
18642,6,2,120,2,0,0,0,PortScan
80,17,20,1200,0,0,0,0,DoS-UDP
80,6,20,1480,20,0,0,0,DoS-HTTP
54829,17,20,27980,0,0,0,0,BENIGN
80,6,20,1200,20,0,0,0,DoS-SYN-Flood
80,6,20,1480,20,0,0,0,DoS-HTTP
80,6,20,1480,20,0,0,0,DoS-HTTP
80,6,20,1200,20,0,0,0,DoS-SYN-Flood
80,6,20,1200,20,0,0,0,DoS-SYN-Flood
22,6,20,1200,1,0,19,0,SSH-Bruteforce
80,6,20,1200,20,0,0,0,DoS-SYN-Flood
80,6,20,1200,20,0,0,0,DoS-SYN-Flood
22075,6,6,348,6,6,0,0,SSH-Bruteforce
80,17,20,1200,0,0,0,0,DoS-UDP
80,6,20,1200,20,0,0,0,DoS-SYN-Flood
0,1,20,840,0,0,0,0,DoS-ICMP
12473,6,4,240,4,0,0,0,PortScan
80,6,20,1480,20,0,0,0,DoS-HTTP
0,1,20,840,0,0,0,0,DoS-ICMP
80,17,20,1200,0,0,0,0,DoS-UDP
0,1,20,1200,0,0,0,0,DoS-ICMP
80,6,20,1200,20,0,0,0,DoS-SYN-Flood
0,1,20,1200,0,0,0,0,DoS-ICMP
3681,6,5,290,5,5,0,0,SSH-Bruteforce
0,1,20,840,0,0,0,0,DoS-ICMP
80,17,20,1200,0,0,0,0,DoS-UDP
61793,6,4,240,4,0,0,0,PortScan
0,1,20,1200,0,0,0,0,DoS-ICMP
80,6,20,1200,20,0,0,0,DoS-SYN-Flood
80,6,20,1200,20,0,0,0,DoS-SYN-Flood
80,17,20,1200,0,0,0,0,DoS-UDP
443,6,20,1414,0,20,0,0,BENIGN
15841,6,9,522,9,9,0,0,SSH-Bruteforce
21011,6,7,406,7,7,0,0,SSH-Bruteforce
0,1,20,1200,0,0,0,0,DoS-ICMP
80,6,20,1480,20,0,0,0,DoS-HTTP
80,6,20,1480,20,0,0,0,DoS-HTTP
80,17,20,1200,0,0,0,0,DoS-UDP
80,6,20,1200,20,0,0,0,DoS-SYN-Flood
80,6,20,1200,20,0,0,0,DoS-SYN-Flood
80,17,20,1200,0,0,0,0,DoS-UDP
80,6,20,1200,20,0,0,0,DoS-SYN-Flood
80,6,20,1480,20,0,0,0,DoS-HTTP
57795,6,11,638,11,11,0,0,SSH-Bruteforce
24151,6,5,290,5,5,0,0,SSH-Bruteforce
22,6,20,1200,7,0,13,0,SSH-Bruteforce
23321,6,2,120,2,0,0,0,PortScan
0,1,20,840,0,0,0,0,DoS-ICMP
59725,17,2,190,0,0,0,0,BENIGN
63066,6,2,120,2,0,0,0,PortScan
80,6,20,1480,20,0,0,0,DoS-HTTP
53258,6,20,28900,0,20,0,0,BENIGN
80,6,20,1480,20,0,0,0,DoS-HTTP
60394,17,20,27512,0,0,0,0,BENIGN
80,6,20,1200,20,0,0,0,DoS-SYN-Flood
50490,6,6,348,6,6,0,0,SSH-Bruteforce
46398,17,20,26734,0,0,0,0,BENIGN
0,1,20,840,0,0,0,0,DoS-ICMP
80,6,20,1480,20,0,0,0,DoS-HTTP
0,1,20,840,0,0,0,0,DoS-ICMP
80,6,20,1200,20,0,0,0,DoS-SYN-Flood
80,17,20,1200,0,0,0,0,DoS-UDP
80,17,20,1200,0,0,0,0,DoS-UDP
0,1,20,840,0,0,0,0,DoS-ICMP
80,17,20,1200,0,0,0,0,DoS-UDP
6289,6,4,240,4,0,0,0,PortScan
80,6,20,1480,20,0,0,0,DoS-HTTP
57304,6,6,348,6,6,0,0,SSH-Bruteforce
80,6,20,1480,20,0,0,0,DoS-HTTP
80,17,20,1200,0,0,0,0,DoS-UDP
80,6,20,1480,20,0,0,0,DoS-HTTP
80,6,20,1200,20,0,0,0,DoS-SYN-Flood
22,6,20,1200,0,0,20,0,SSH-Bruteforce
80,6,20,1480,20,0,0,0,DoS-HTTP
61259,6,2,120,2,0,0,0,PortScan
80,17,20,1200,0,0,0,0,DoS-UDP
0,1,20,1200,0,0,0,0,DoS-ICMP
46185,6,4,240,4,0,0,0,PortScan
22,6,20,1200,4,0,16,0,SSH-Bruteforce
80,6,20,1480,20,0,0,0,DoS-HTTP
80,6,20,1200,20,0,0,0,DoS-SYN-Flood
80,17,20,1200,0,0,0,0,DoS-UDP
0,1,20,1200,0,0,0,0,DoS-ICMP
27500,6,2,120,2,0,0,0,PortScan
22,6,20,1200,20,0,0,0,SSH-Bruteforce
0,1,20,840,0,0,0,0,DoS-ICMP
50837,6,2,120,2,0,0,0,PortScan
36520,17,20,27980,0,0,0,0,BENIGN
80,6,20,1200,20,0,0,0,DoS-SYN-Flood
0,1,20,840,0,0,0,0,DoS-ICMP
24317,6,4,240,4,0,0,0,PortScan
80,6,20,1480,20,0,0,0,DoS-HTTP
80,6,20,1200,20,0,0,0,DoS-SYN-Flood
80,6,20,1200,20,0,0,0,DoS-SYN-Flood
80,17,20,1200,0,0,0,0,DoS-UDP
63521,6,2,120,2,0,0,0,PortScan
0,1,20,1200,0,0,0,0,DoS-ICMP
39845,17,2,190,0,0,0,0,BENIGN
17609,6,2,120,2,0,0,0,PortScan
55902,6,9,522,9,9,0,0,SSH-Bruteforce
0,1,20,840,0,0,0,0,DoS-ICMP
43424,6,2,120,2,0,0,0,PortScan
80,17,20,1200,0,0,0,0,DoS-UDP
80,17,20,1200,0,0,0,0,DoS-UDP
80,6,20,1480,20,0,0,0,DoS-HTTP
25007,6,2,120,2,0,0,0,PortScan
80,6,20,1480,20,0,0,0,DoS-HTTP
80,17,20,1200,0,0,0,0,DoS-UDP
53272,6,20,29140,0,20,0,0,BENIGN
22,6,20,1200,13,0,7,0,SSH-Bruteforce
80,17,20,1200,0,0,0,0,DoS-UDP
80,6,20,1480,20,0,0,0,DoS-HTTP
80,6,20,1200,20,0,0,0,DoS-SYN-Flood
22,6,20,1200,20,0,0,0,SSH-Bruteforce
0,1,20,1200,0,0,0,0,DoS-ICMP
62025,6,4,240,4,0,0,0,PortScan
80,6,20,1480,20,0,0,0,DoS-HTTP
80,6,20,1200,20,0,0,0,DoS-SYN-Flood
47927,6,2,120,2,0,0,0,PortScan
33018,6,2,120,2,0,0,0,PortScan
48807,6,2,120,2,0,0,0,PortScan
24571,6,4,240,4,0,0,0,PortScan
0,1,20,1200,0,0,0,0,DoS-ICMP
46014,6,2,120,2,0,0,0,PortScan
41308,17,20,27980,0,0,0,0,BENIGN
80,6,20,1480,20,0,0,0,DoS-HTTP
0,1,20,1200,0,0,0,0,DoS-ICMP
80,6,20,1480,20,0,0,0,DoS-HTTP
443,17,20,2721,0,0,0,0,BENIGN
22,6,20,1200,0,0,20,0,SSH-Bruteforce
80,6,20,1200,20,0,0,0,DoS-SYN-Flood
80,6,20,1200,20,0,0,0,DoS-SYN-Flood
63249,6,4,240,4,0,0,0,PortScan
80,6,20,1480,20,0,0,0,DoS-HTTP
80,6,20,1480,20,0,0,0,DoS-HTTP
0,1,20,840,0,0,0,0,DoS-ICMP
80,6,20,1200,20,0,0,0,DoS-SYN-Flood
60886,6,20,30280,0,20,0,0,BENIGN
39902,17,20,27980,0,0,0,0,BENIGN
22,6,20,1200,0,0,20,0,SSH-Bruteforce
443,6,20,10475,0,20,0,0,BENIGN
80,17,20,1200,0,0,0,0,DoS-UDP
443,6,20,1338,0,20,0,0,BENIGN
22,6,20,1200,0,0,20,0,SSH-Bruteforce
80,17,20,1200,0,0,0,0,DoS-UDP
80,6,20,1200,20,0,0,0,DoS-SYN-Flood
0,1,20,1200,0,0,0,0,DoS-ICMP
22,6,20,1200,2,0,18,0,SSH-Bruteforce
0,1,20,840,0,0,0,0,DoS-ICMP
0,1,20,1200,0,0,0,0,DoS-ICMP
0,1,20,840,0,0,0,0,DoS-ICMP
20537,6,7,406,7,7,0,0,SSH-Bruteforce
0,1,20,1200,0,0,0,0,DoS-ICMP
80,6,20,1480,20,0,0,0,DoS-HTTP
80,6,20,1200,20,0,0,0,DoS-SYN-Flood
80,6,20,1200,20,0,0,0,DoS-SYN-Flood
17704,6,4,240,4,0,0,0,PortScan
0,1,20,840,0,0,0,0,DoS-ICMP
80,6,20,1200,20,0,0,0,DoS-SYN-Flood
6480,6,4,240,4,0,0,0,PortScan
80,6,20,1200,20,0,0,0,DoS-SYN-Flood
80,6,20,1200,20,0,0,0,DoS-SYN-Flood
80,6,20,1200,20,0,0,0,DoS-SYN-Flood
54829,17,20,27980,0,0,0,0,BENIGN
24713,6,5,290,5,5,0,0,SSH-Bruteforce
80,6,20,1480,20,0,0,0,DoS-HTTP
0,1,20,1200,0,0,0,0,DoS-ICMP
80,17,20,1200,0,0,0,0,DoS-UDP
80,6,20,1480,20,0,0,0,DoS-HTTP
80,17,20,1200,0,0,0,0,DoS-UDP
80,6,20,1480,20,0,0,0,DoS-HTTP
80,6,20,1480,20,0,0,0,DoS-HTTP
0,1,20,1200,0,0,0,0,DoS-ICMP
22,6,20,1200,0,0,20,0,SSH-Bruteforce
33240,6,20,29200,0,20,0,0,BENIGN
443,6,17,2329,1,16,0,1,BENIGN
0,1,20,840,0,0,0,0,DoS-ICMP
0,1,20,1200,0,0,0,0,DoS-ICMP
36520,17,20,27980,0,0,0,0,BENIGN
80,17,20,1200,0,0,0,0,DoS-UDP
80,6,20,1200,20,0,0,0,DoS-SYN-Flood
60886,6,20,28960,0,20,0,0,BENIGN
0,1,20,1200,0,0,0,0,DoS-ICMP
22,6,20,1200,0,0,20,0,SSH-Bruteforce
0,1,20,840,0,0,0,0,DoS-ICMP
26532,6,4,240,4,0,0,0,PortScan
36520,17,20,27980,0,0,0,0,BENIGN
80,6,20,1480,20,0,0,0,DoS-HTTP
80,6,20,1480,20,0,0,0,DoS-HTTP
80,17,20,1200,0,0,0,0,DoS-UDP
0,1,20,840,0,0,0,0,DoS-ICMP
25905,6,8,464,8,8,0,0,SSH-Bruteforce
24672,6,2,120,2,0,0,0,PortScan
22,6,20,1200,0,0,20,0,SSH-Bruteforce
80,6,20,1480,20,0,0,0,DoS-HTTP
10382,6,8,464,8,8,0,0,SSH-Bruteforce
80,6,20,1200,20,0,0,0,DoS-SYN-Flood
80,6,20,1480,20,0,0,0,DoS-HTTP
80,17,20,1200,0,0,0,0,DoS-UDP
80,6,20,1480,20,0,0,0,DoS-HTTP
0,1,20,1200,0,0,0,0,DoS-ICMP
80,17,20,1200,0,0,0,0,DoS-UDP
80,6,20,1200,20,0,0,0,DoS-SYN-Flood
36054,6,2,120,2,0,0,0,PortScan
47465,6,2,120,2,0,0,0,PortScan
33240,6,20,27830,0,20,0,0,BENIGN
20881,6,4,240,4,0,0,0,PortScan
56220,6,7,406,7,7,0,0,SSH-Bruteforce
51143,6,4,240,4,0,0,0,PortScan
80,17,20,1200,0,0,0,0,DoS-UDP
80,6,20,1200,20,0,0,0,DoS-SYN-Flood
0,1,20,840,0,0,0,0,DoS-ICMP
80,6,20,1200,20,0,0,0,DoS-SYN-Flood
80,17,20,1200,0,0,0,0,DoS-UDP
80,6,20,1200,20,0,0,0,DoS-SYN-Flood
80,17,20,1200,0,0,0,0,DoS-UDP
20355,6,4,240,4,0,0,0,PortScan
80,17,20,1200,0,0,0,0,DoS-UDP
80,6,20,1200,20,0,0,0,DoS-SYN-Flood
0,1,20,1200,0,0,0,0,DoS-ICMP
0,1,20,840,0,0,0,0,DoS-ICMP
0,1,20,840,0,0,0,0,DoS-ICMP
22,6,20,1200,0,0,20,0,SSH-Bruteforce
64918,6,4,240,4,0,0,0,PortScan
22,6,20,1200,20,0,0,0,SSH-Bruteforce
0,1,20,1200,0,0,0,0,DoS-ICMP
4323,6,4,240,4,0,0,0,PortScan
80,17,20,1200,0,0,0,0,DoS-UDP
80,6,20,1480,20,0,0,0,DoS-HTTP
80,6,20,1200,20,0,0,0,DoS-SYN-Flood
80,17,20,1200,0,0,0,0,DoS-UDP
60886,6,20,27997,0,20,0,0,BENIGN
24001,6,5,290,5,5,0,0,SSH-Bruteforce
0,1,20,1200,0,0,0,0,DoS-ICMP
22,6,20,1200,0,0,20,0,SSH-Bruteforce
80,6,20,1200,20,0,0,0,DoS-SYN-Flood
80,6,20,1480,20,0,0,0,DoS-HTTP
80,6,20,1200,20,0,0,0,DoS-SYN-Flood
80,6,20,1480,20,0,0,0,DoS-HTTP
45821,6,10,580,10,10,0,0,SSH-Bruteforce
0,1,20,1200,0,0,0,0,DoS-ICMP
80,6,20,1480,20,0,0,0,DoS-HTTP
80,17,20,1200,0,0,0,0,DoS-UDP
2582,6,6,360,6,0,0,0,PortScan
80,17,20,1200,0,0,0,0,DoS-UDP
28208,6,4,240,4,0,0,0,PortScan
13319,6,8,464,8,8,0,0,SSH-Bruteforce
80,6,20,1480,20,0,0,0,DoS-HTTP
80,6,20,1200,20,0,0,0,DoS-SYN-Flood
45163,6,10,580,10,10,0,0,SSH-Bruteforce
80,6,20,1480,20,0,0,0,DoS-HTTP
80,6,20,1480,20,0,0,0,DoS-HTTP
80,6,20,1480,20,0,0,0,DoS-HTTP
36520,17,20,27980,0,0,0,0,BENIGN
48297,6,1,58,1,1,0,0,PortScan
43896,6,8,464,8,8,0,0,SSH-Bruteforce
0,1,20,840,0,0,0,0,DoS-ICMP
0,1,20,840,0,0,0,0,DoS-ICMP
80,6,20,1480,20,0,0,0,DoS-HTTP
0,1,20,840,0,0,0,0,DoS-ICMP
37704,6,6,348,6,6,0,0,SSH-Bruteforce
43877,6,5,290,5,5,0,0,SSH-Bruteforce
80,6,20,1480,20,0,0,0,DoS-HTTP
80,17,20,1200,0,0,0,0,DoS-UDP
8105,6,4,240,4,0,0,0,PortScan
80,6,20,1200,20,0,0,0,DoS-SYN-Flood
60572,6,19,7748,1,19,0,1,BENIGN
80,6,20,1480,20,0,0,0,DoS-HTTP
22714,6,2,120,2,0,0,0,PortScan
36853,6,2,120,2,0,0,0,PortScan
80,6,20,1480,20,0,0,0,DoS-HTTP
58523,6,4,240,4,0,0,0,PortScan
24526,6,2,120,2,0,0,0,PortScan
80,6,20,1480,20,0,0,0,DoS-HTTP
80,17,20,1200,0,0,0,0,DoS-UDP
80,6,20,1480,20,0,0,0,DoS-HTTP
80,6,20,1200,20,0,0,0,DoS-SYN-Flood
0,1,20,840,0,0,0,0,DoS-ICMP
53272,6,20,28960,0,20,0,0,BENIGN
80,17,20,1200,0,0,0,0,DoS-UDP
0,1,20,1200,0,0,0,0,DoS-ICMP
80,6,20,1200,20,0,0,0,DoS-SYN-Flood
0,1,20,840,0,0,0,0,DoS-ICMP
43443,6,8,464,8,8,0,0,SSH-Bruteforce
33240,6,20,29200,0,20,0,0,BENIGN
25604,6,8,464,8,8,0,0,SSH-Bruteforce
80,17,20,1200,0,0,0,0,DoS-UDP
80,17,20,1200,0,0,0,0,DoS-UDP
80,17,20,1200,0,0,0,0,DoS-UDP
56302,6,8,464,8,8,0,0,SSH-Bruteforce
35981,6,9,522,9,9,0,0,SSH-Bruteforce
80,6,20,1200,20,0,0,0,DoS-SYN-Flood
4831,6,4,240,4,0,0,0,PortScan
80,17,20,1200,0,0,0,0,DoS-UDP
80,6,20,1200,20,0,0,0,DoS-SYN-Flood
80,6,20,1200,20,0,0,0,DoS-SYN-Flood
0,1,20,1200,0,0,0,0,DoS-ICMP
80,6,20,1200,20,0,0,0,DoS-SYN-Flood
28275,6,9,522,9,9,0,0,SSH-Bruteforce
21667,6,2,120,2,0,0,0,PortScan
26083,6,7,406,7,7,0,0,SSH-Bruteforce
0,1,20,1200,0,0,0,0,DoS-ICMP
80,6,20,1200,20,0,0,0,DoS-SYN-Flood
80,17,20,1200,0,0,0,0,DoS-UDP
46398,17,20,27980,0,0,0,0,BENIGN
80,17,20,1200,0,0,0,0,DoS-UDP
80,6,20,1200,20,0,0,0,DoS-SYN-Flood
80,6,20,1480,20,0,0,0,DoS-HTTP
80,6,20,1200,20,0,0,0,DoS-SYN-Flood
0,1,20,840,0,0,0,0,DoS-ICMP
80,6,20,1480,20,0,0,0,DoS-HTTP
80,6,20,1480,20,0,0,0,DoS-HTTP
44325,6,7,406,7,7,0,0,SSH-Bruteforce
22,6,20,1200,20,0,0,0,SSH-Bruteforce
80,17,20,1200,0,0,0,0,DoS-UDP
80,6,20,1480,20,0,0,0,DoS-HTTP
36520,17,20,27980,0,0,0,0,BENIGN
80,6,20,1480,20,0,0,0,DoS-HTTP
0,1,20,840,0,0,0,0,DoS-ICMP
0,1,20,1200,0,0,0,0,DoS-ICMP
80,6,20,1480,20,0,0,0,DoS-HTTP
80,6,20,1200,20,0,0,0,DoS-SYN-Flood
80,17,20,1200,0,0,0,0,DoS-UDP
80,17,20,1200,0,0,0,0,DoS-UDP
22,6,20,1200,0,0,20,0,SSH-Bruteforce
80,6,20,1200,20,0,0,0,DoS-SYN-Flood
80,6,20,1200,20,0,0,0,DoS-SYN-Flood
80,6,20,1480,20,0,0,0,DoS-HTTP
80,6,20,1200,20,0,0,0,DoS-SYN-Flood
80,6,20,1200,20,0,0,0,DoS-SYN-Flood
80,6,20,1200,20,0,0,0,DoS-SYN-Flood
80,6,20,1200,20,0,0,0,DoS-SYN-Flood
80,6,20,1480,20,0,0,0,DoS-HTTP
0,1,20,840,0,0,0,0,DoS-ICMP
0,1,20,1200,0,0,0,0,DoS-ICMP
80,6,20,1200,20,0,0,0,DoS-SYN-Flood
43137,6,6,348,6,6,0,0,SSH-Bruteforce
23970,6,2,120,2,0,0,0,PortScan
36648,6,6,348,6,6,0,0,SSH-Bruteforce
0,1,20,840,0,0,0,0,DoS-ICMP
15381,6,6,348,6,6,0,0,SSH-Bruteforce
12717,6,4,240,4,0,0,0,PortScan
80,6,20,1480,20,0,0,0,DoS-HTTP
80,6,20,1480,20,0,0,0,DoS-HTTP
33240,6,20,29320,0,20,0,0,BENIGN
22483,6,4,240,4,0,0,0,PortScan
0,1,20,840,0,0,0,0,DoS-ICMP
2572,6,4,240,4,0,0,0,PortScan
80,6,20,1200,20,0,0,0,DoS-SYN-Flood
0,1,20,840,0,0,0,0,DoS-ICMP
80,6,20,1200,20,0,0,0,DoS-SYN-Flood
22,6,20,1200,0,0,20,0,SSH-Bruteforce
0,1,20,840,0,0,0,0,DoS-ICMP
0,1,20,840,0,0,0,0,DoS-ICMP
80,6,20,1480,20,0,0,0,DoS-HTTP
80,6,20,1200,20,0,0,0,DoS-SYN-Flood
22,6,20,1200,8,0,12,0,SSH-Bruteforce
5999,6,4,240,4,0,0,0,PortScan
80,17,20,1200,0,0,0,0,DoS-UDP
56551,6,7,406,7,7,0,0,SSH-Bruteforce
24153,6,6,348,6,6,0,0,SSH-Bruteforce
80,17,20,1200,0,0,0,0,DoS-UDP
0,1,20,1200,0,0,0,0,DoS-ICMP
80,6,20,1200,20,0,0,0,DoS-SYN-Flood
80,17,20,1200,0,0,0,0,DoS-UDP
29668,6,2,120,2,0,0,0,PortScan
80,6,20,1480,20,0,0,0,DoS-HTTP
0,1,20,1200,0,0,0,0,DoS-ICMP
60684,6,2,120,2,0,0,0,PortScan
80,17,20,1200,0,0,0,0,DoS-UDP
40029,6,11,638,11,11,0,0,SSH-Bruteforce
80,6,20,1200,20,0,0,0,DoS-SYN-Flood
33240,6,20,29260,0,20,0,0,BENIGN
535,6,4,240,4,0,0,0,PortScan
80,17,20,1200,0,0,0,0,DoS-UDP
7789,6,6,360,6,0,0,0,PortScan
56979,6,2,120,2,0,0,0,PortScan
80,6,20,1200,20,0,0,0,DoS-SYN-Flood
80,6,20,1480,20,0,0,0,DoS-HTTP
0,1,20,1200,0,0,0,0,DoS-ICMP
22,6,20,1200,20,0,0,0,SSH-Bruteforce
80,17,20,1200,0,0,0,0,DoS-UDP
80,6,20,1480,20,0,0,0,DoS-HTTP
63229,6,4,240,4,0,0,0,PortScan
22,6,20,1200,20,0,0,0,SSH-Bruteforce
80,6,20,1200,20,0,0,0,DoS-SYN-Flood
80,17,20,1200,0,0,0,0,DoS-UDP
80,6,20,1200,20,0,0,0,DoS-SYN-Flood
0,1,20,1200,0,0,0,0,DoS-ICMP
80,6,20,1480,20,0,0,0,DoS-HTTP
80,6,20,1480,20,0,0,0,DoS-HTTP
0,1,20,840,0,0,0,0,DoS-ICMP
80,6,20,1200,20,0,0,0,DoS-SYN-Flood
80,6,20,1480,20,0,0,0,DoS-HTTP
80,17,20,1200,0,0,0,0,DoS-UDP
36520,17,20,27980,0,0,0,0,BENIGN
80,6,20,1200,20,0,0,0,DoS-SYN-Flood
57937,6,8,464,8,8,0,0,SSH-Bruteforce
80,6,20,1200,20,0,0,0,DoS-SYN-Flood
0,1,20,1200,0,0,0,0,DoS-ICMP
80,17,20,1200,0,0,0,0,DoS-UDP
53212,6,10,580,10,10,0,0,SSH-Bruteforce
80,17,20,1200,0,0,0,0,DoS-UDP
80,17,20,1200,0,0,0,0,DoS-UDP
22,6,20,1200,20,0,0,0,SSH-Bruteforce
5851,6,10,580,10,10,0,0,SSH-Bruteforce
22,6,20,1200,20,0,0,0,SSH-Bruteforce
0,1,20,1200,0,0,0,0,DoS-ICMP
61755,6,6,348,6,6,0,0,SSH-Bruteforce
36520,17,20,27980,0,0,0,0,BENIGN
80,6,20,1200,20,0,0,0,DoS-SYN-Flood
80,6,20,1200,20,0,0,0,DoS-SYN-Flood
80,17,20,1200,0,0,0,0,DoS-UDP
80,6,20,1200,20,0,0,0,DoS-SYN-Flood
0,1,20,1200,0,0,0,0,DoS-ICMP
80,17,20,1200,0,0,0,0,DoS-UDP
80,6,20,1480,20,0,0,0,DoS-HTTP
48806,17,20,27980,0,0,0,0,BENIGN
22,6,20,1200,0,0,20,0,SSH-Bruteforce
0,1,20,1200,0,0,0,0,DoS-ICMP
0,1,20,1200,0,0,0,0,DoS-ICMP
80,6,20,1200,20,0,0,0,DoS-SYN-Flood
80,6,20,1480,20,0,0,0,DoS-HTTP
80,17,20,1200,0,0,0,0,DoS-UDP
2658,6,4,240,4,0,0,0,PortScan
36716,6,9,522,9,9,0,0,SSH-Bruteforce
80,6,20,1480,20,0,0,0,DoS-HTTP
29223,6,10,580,10,10,0,0,SSH-Bruteforce
0,1,20,840,0,0,0,0,DoS-ICMP
80,6,20,1200,20,0,0,0,DoS-SYN-Flood
80,6,20,1480,20,0,0,0,DoS-HTTP
1740,6,4,240,4,0,0,0,PortScan
0,1,20,840,0,0,0,0,DoS-ICMP
36520,17,20,27980,0,0,0,0,BENIGN
14563,6,4,240,4,0,0,0,PortScan
0,1,20,1200,0,0,0,0,DoS-ICMP
80,6,20,1480,20,0,0,0,DoS-HTTP
383,6,8,464,8,8,0,0,SSH-Bruteforce
80,17,20,1200,0,0,0,0,DoS-UDP
80,6,20,1480,20,0,0,0,DoS-HTTP
80,6,20,1480,20,0,0,0,DoS-HTTP
80,17,20,1200,0,0,0,0,DoS-UDP
51692,6,2,120,2,0,0,0,PortScan
80,6,20,1480,20,0,0,0,DoS-HTTP
80,6,20,1200,20,0,0,0,DoS-SYN-Flood
80,6,20,1480,20,0,0,0,DoS-HTTP
42674,6,4,232,4,4,0,0,SSH-Bruteforce
22276,6,8,464,8,8,0,0,SSH-Bruteforce
80,6,20,1480,20,0,0,0,DoS-HTTP
0,1,20,840,0,0,0,0,DoS-ICMP
80,6,20,1200,20,0,0,0,DoS-SYN-Flood
36520,17,20,27980,0,0,0,0,BENIGN
32819,17,2,494,0,0,0,0,BENIGN
80,6,20,1480,20,0,0,0,DoS-HTTP
80,6,20,1200,20,0,0,0,DoS-SYN-Flood
0,1,20,1200,0,0,0,0,DoS-ICMP
55984,6,2,120,2,0,0,0,PortScan
0,1,20,1200,0,0,0,0,DoS-ICMP
0,1,20,840,0,0,0,0,DoS-ICMP
50751,6,2,120,2,0,0,0,PortScan
0,1,20,1200,0,0,0,0,DoS-ICMP
80,6,20,1480,20,0,0,0,DoS-HTTP
44824,6,8,464,8,8,0,0,SSH-Bruteforce
36520,17,20,27980,0,0,0,0,BENIGN
80,6,20,1480,20,0,0,0,DoS-HTTP
0,1,20,1200,0,0,0,0,DoS-ICMP
80,6,20,1480,20,0,0,0,DoS-HTTP
43645,6,2,120,2,0,0,0,PortScan
80,17,20,1200,0,0,0,0,DoS-UDP
22,6,20,1200,20,0,0,0,SSH-Bruteforce
0,1,20,1200,0,0,0,0,DoS-ICMP
55381,6,6,348,6,6,0,0,SSH-Bruteforce
80,17,20,1200,0,0,0,0,DoS-UDP
80,6,20,1200,20,0,0,0,DoS-SYN-Flood
25201,6,4,240,4,0,0,0,PortScan
21035,6,4,240,4,0,0,0,PortScan
35146,6,4,240,4,0,0,0,PortScan
80,6,20,1480,20,0,0,0,DoS-HTTP
0,1,20,840,0,0,0,0,DoS-ICMP
0,1,20,1200,0,0,0,0,DoS-ICMP
80,6,20,1480,20,0,0,0,DoS-HTTP
54529,6,7,406,7,7,0,0,SSH-Bruteforce
34217,6,5,290,5,5,0,0,SSH-Bruteforce
55452,6,6,348,6,6,0,0,SSH-Bruteforce
80,6,20,1200,20,0,0,0,DoS-SYN-Flood
80,17,20,1200,0,0,0,0,DoS-UDP
80,6,20,1480,20,0,0,0,DoS-HTTP
7897,6,4,240,4,0,0,0,PortScan
80,6,20,1200,20,0,0,0,DoS-SYN-Flood
80,6,20,1480,20,0,0,0,DoS-HTTP
80,6,20,1200,20,0,0,0,DoS-SYN-Flood
80,6,20,1200,20,0,0,0,DoS-SYN-Flood
80,6,20,1200,20,0,0,0,DoS-SYN-Flood
80,6,20,1200,20,0,0,0,DoS-SYN-Flood
36520,17,20,27980,0,0,0,0,BENIGN
45424,6,20,2340,0,20,0,0,BENIGN
28814,6,2,120,2,0,0,0,PortScan
80,6,20,1200,20,0,0,0,DoS-SYN-Flood
80,17,20,1200,0,0,0,0,DoS-UDP
80,6,20,1200,20,0,0,0,DoS-SYN-Flood
42813,6,2,120,2,0,0,0,PortScan
80,6,20,1200,20,0,0,0,DoS-SYN-Flood
443,6,20,1344,0,20,0,0,BENIGN
80,6,20,1200,20,0,0,0,DoS-SYN-Flood
80,6,20,1480,20,0,0,0,DoS-HTTP
0,1,20,840,0,0,0,0,DoS-ICMP
80,17,20,1200,0,0,0,0,DoS-UDP
80,17,20,1200,0,0,0,0,DoS-UDP
80,6,20,1480,20,0,0,0,DoS-HTTP
80,6,20,1480,20,0,0,0,DoS-HTTP
80,6,20,1480,20,0,0,0,DoS-HTTP
20663,6,7,406,7,7,0,0,SSH-Bruteforce
52784,6,2,120,2,0,0,0,PortScan
0,1,20,840,0,0,0,0,DoS-ICMP
80,6,20,1200,20,0,0,0,DoS-SYN-Flood
80,6,20,1480,20,0,0,0,DoS-HTTP
47425,6,2,120,2,0,0,0,PortScan
80,17,20,1200,0,0,0,0,DoS-UDP
22,6,20,1200,20,0,0,0,SSH-Bruteforce
80,6,20,1480,20,0,0,0,DoS-HTTP
0,1,20,1200,0,0,0,0,DoS-ICMP
80,6,20,1200,20,0,0,0,DoS-SYN-Flood
0,1,20,1200,0,0,0,0,DoS-ICMP
80,6,20,1200,20,0,0,0,DoS-SYN-Flood
80,17,20,1200,0,0,0,0,DoS-UDP
30060,6,7,406,7,7,0,0,SSH-Bruteforce
55393,6,5,290,5,5,0,0,SSH-Bruteforce
46487,6,2,120,2,0,0,0,PortScan
80,6,20,1200,20,0,0,0,DoS-SYN-Flood
22,6,20,1200,20,0,0,0,SSH-Bruteforce
0,1,20,1200,0,0,0,0,DoS-ICMP
43992,17,20,27980,0,0,0,0,BENIGN
80,6,20,1200,20,0,0,0,DoS-SYN-Flood
10631,6,4,240,4,0,0,0,PortScan
80,6,20,1200,20,0,0,0,DoS-SYN-Flood
0,1,20,840,0,0,0,0,DoS-ICMP
443,17,20,1599,0,0,0,0,BENIGN
0,1,20,1200,0,0,0,0,DoS-ICMP
62377,6,6,348,6,6,0,0,SSH-Bruteforce
80,17,20,1200,0,0,0,0,DoS-UDP
25315,6,2,120,2,0,0,0,PortScan
80,6,20,1480,20,0,0,0,DoS-HTTP
0,1,20,1200,0,0,0,0,DoS-ICMP
0,1,20,1200,0,0,0,0,DoS-ICMP
80,17,20,1200,0,0,0,0,DoS-UDP
26969,6,4,240,4,0,0,0,PortScan
10025,6,4,240,4,0,0,0,PortScan
80,17,20,1200,0,0,0,0,DoS-UDP
80,6,20,1200,20,0,0,0,DoS-SYN-Flood
8321,6,4,240,4,0,0,0,PortScan
7153,6,6,360,6,0,0,0,PortScan
80,6,20,1200,20,0,0,0,DoS-SYN-Flood
80,6,20,1200,20,0,0,0,DoS-SYN-Flood
80,17,20,1200,0,0,0,0,DoS-UDP
5976,6,10,580,10,10,0,0,SSH-Bruteforce
0,1,20,1200,0,0,0,0,DoS-ICMP
10592,6,7,406,7,7,0,0,SSH-Bruteforce
80,6,20,1200,20,0,0,0,DoS-SYN-Flood
80,17,20,1200,0,0,0,0,DoS-UDP
24905,6,2,120,2,0,0,0,PortScan
80,17,20,1200,0,0,0,0,DoS-UDP
25074,6,8,464,8,8,0,0,SSH-Bruteforce
22,6,20,1200,9,0,11,0,SSH-Bruteforce
80,6,20,1200,20,0,0,0,DoS-SYN-Flood
54072,6,2,120,2,0,0,0,PortScan
80,6,20,1480,20,0,0,0,DoS-HTTP
80,6,20,1200,20,0,0,0,DoS-SYN-Flood
58196,6,4,240,4,0,0,0,PortScan
252,6,5,290,5,5,0,0,SSH-Bruteforce
12091,6,4,240,4,0,0,0,PortScan
0,1,20,840,0,0,0,0,DoS-ICMP
0,1,20,840,0,0,0,0,DoS-ICMP
28073,6,9,522,9,9,0,0,SSH-Bruteforce
43678,17,20,27980,0,0,0,0,BENIGN
80,6,20,1200,20,0,0,0,DoS-SYN-Flood
0,1,20,840,0,0,0,0,DoS-ICMP
5061,6,6,360,6,0,0,0,PortScan
42004,6,9,522,9,9,0,0,SSH-Bruteforce
80,6,20,1480,20,0,0,0,DoS-HTTP
80,17,20,1200,0,0,0,0,DoS-UDP
80,6,20,1200,20,0,0,0,DoS-SYN-Flood
80,6,20,1480,20,0,0,0,DoS-HTTP
80,17,20,1200,0,0,0,0,DoS-UDP
80,17,20,1200,0,0,0,0,DoS-UDP
80,17,20,1200,0,0,0,0,DoS-UDP
80,6,20,1200,20,0,0,0,DoS-SYN-Flood
0,1,20,840,0,0,0,0,DoS-ICMP
80,6,20,1480,20,0,0,0,DoS-HTTP
41678,6,2,120,2,0,0,0,PortScan
80,6,20,1480,20,0,0,0,DoS-HTTP
80,17,20,1200,0,0,0,0,DoS-UDP
80,6,20,1480,20,0,0,0,DoS-HTTP
80,17,20,1200,0,0,0,0,DoS-UDP
63010,6,4,240,4,0,0,0,PortScan
80,6,20,1200,20,0,0,0,DoS-SYN-Flood
48586,6,6,348,6,6,0,0,SSH-Bruteforce
43034,6,4,240,4,0,0,0,PortScan
39722,6,4,240,4,0,0,0,PortScan
443,17,20,13537,0,0,0,0,BENIGN
22,6,20,1200,0,0,20,0,SSH-Bruteforce
80,6,20,1200,20,0,0,0,DoS-SYN-Flood
48365,6,4,240,4,0,0,0,PortScan
80,17,20,1200,0,0,0,0,DoS-UDP
4500,6,4,240,4,0,0,0,PortScan
80,6,20,1200,20,0,0,0,DoS-SYN-Flood
80,17,20,1200,0,0,0,0,DoS-UDP
80,6,20,1480,20,0,0,0,DoS-HTTP
47125,6,2,120,2,0,0,0,PortScan
63292,6,4,240,4,0,0,0,PortScan
64308,6,5,290,5,5,0,0,SSH-Bruteforce
80,17,20,1200,0,0,0,0,DoS-UDP
80,6,20,1200,20,0,0,0,DoS-SYN-Flood
22,6,20,1200,0,0,20,0,SSH-Bruteforce
0,1,20,840,0,0,0,0,DoS-ICMP
80,17,20,1200,0,0,0,0,DoS-UDP
0,1,20,840,0,0,0,0,DoS-ICMP
80,17,20,1200,0,0,0,0,DoS-UDP
33971,6,9,522,9,9,0,0,SSH-Bruteforce
80,6,20,1480,20,0,0,0,DoS-HTTP
0,1,20,1200,0,0,0,0,DoS-ICMP
0,1,20,840,0,0,0,0,DoS-ICMP
80,6,20,1480,20,0,0,0,DoS-HTTP
0,1,20,1200,0,0,0,0,DoS-ICMP
80,6,20,1200,20,0,0,0,DoS-SYN-Flood
54829,17,20,27980,0,0,0,0,BENIGN
80,6,20,1480,20,0,0,0,DoS-HTTP
20792,6,4,240,4,0,0,0,PortScan
80,17,20,1200,0,0,0,0,DoS-UDP
443,17,19,6366,0,0,0,0,BENIGN
80,17,20,1200,0,0,0,0,DoS-UDP
60505,6,9,522,9,9,0,0,SSH-Bruteforce
0,1,20,840,0,0,0,0,DoS-ICMP
80,6,20,1200,20,0,0,0,DoS-SYN-Flood
34597,6,7,406,7,7,0,0,SSH-Bruteforce
80,6,20,1200,20,0,0,0,DoS-SYN-Flood
37276,6,4,240,4,0,0,0,PortScan
80,17,20,1200,0,0,0,0,DoS-UDP
80,6,20,1480,20,0,0,0,DoS-HTTP
80,17,20,1200,0,0,0,0,DoS-UDP
80,6,20,1200,20,0,0,0,DoS-SYN-Flood
80,6,20,1480,20,0,0,0,DoS-HTTP
0,1,20,1200,0,0,0,0,DoS-ICMP
80,6,20,1200,20,0,0,0,DoS-SYN-Flood
17133,6,2,120,2,0,0,0,PortScan
443,17,20,13495,0,0,0,0,BENIGN
12218,6,4,240,4,0,0,0,PortScan
80,17,20,1200,0,0,0,0,DoS-UDP
22,6,20,1200,0,0,20,0,SSH-Bruteforce
80,17,20,1200,0,0,0,0,DoS-UDP
41204,6,2,120,2,0,0,0,PortScan
80,6,20,1200,20,0,0,0,DoS-SYN-Flood
80,6,20,1480,20,0,0,0,DoS-HTTP
80,6,20,1200,20,0,0,0,DoS-SYN-Flood
0,1,20,840,0,0,0,0,DoS-ICMP
45424,6,20,1778,0,20,0,0,BENIGN
80,17,20,1200,0,0,0,0,DoS-UDP
80,17,20,1200,0,0,0,0,DoS-UDP
80,6,20,1200,20,0,0,0,DoS-SYN-Flood
36975,6,4,240,4,0,0,0,PortScan
80,6,20,1200,20,0,0,0,DoS-SYN-Flood
80,17,20,1200,0,0,0,0,DoS-UDP
56148,6,5,290,5,5,0,0,SSH-Bruteforce
47180,6,7,406,7,7,0,0,SSH-Bruteforce
80,17,20,1200,0,0,0,0,DoS-UDP
22,6,20,1200,0,0,20,0,SSH-Bruteforce
22,6,20,1200,20,0,0,0,SSH-Bruteforce
0,1,20,1200,0,0,0,0,DoS-ICMP
35745,6,9,522,9,9,0,0,SSH-Bruteforce
80,6,20,1480,20,0,0,0,DoS-HTTP
22,6,20,1200,20,0,0,0,SSH-Bruteforce
80,6,20,1480,20,0,0,0,DoS-HTTP
80,17,20,1200,0,0,0,0,DoS-UDP
36520,17,20,27980,0,0,0,0,BENIGN
41308,17,20,27980,0,0,0,0,BENIGN
80,6,20,1480,20,0,0,0,DoS-HTTP
80,6,20,1480,20,0,0,0,DoS-HTTP
80,17,20,1200,0,0,0,0,DoS-UDP
21662,6,2,120,2,0,0,0,PortScan
80,17,20,1200,0,0,0,0,DoS-UDP
22,6,20,1200,20,0,0,0,SSH-Bruteforce
80,17,20,1200,0,0,0,0,DoS-UDP
80,6,20,1480,20,0,0,0,DoS-HTTP
48853,6,7,406,7,7,0,0,SSH-Bruteforce
22223,6,4,240,4,0,0,0,PortScan
80,6,20,1200,20,0,0,0,DoS-SYN-Flood
80,6,20,1480,20,0,0,0,DoS-HTTP
53930,6,4,220,1,4,1,0,BENIGN
0,1,20,1200,0,0,0,0,DoS-ICMP
36520,17,20,27980,0,0,0,0,BENIGN
80,6,20,1480,20,0,0,0,DoS-HTTP
80,6,20,1480,20,0,0,0,DoS-HTTP
80,17,20,1200,0,0,0,0,DoS-UDP
80,6,20,1480,20,0,0,0,DoS-HTTP
21475,6,8,464,8,8,0,0,SSH-Bruteforce
0,1,20,840,0,0,0,0,DoS-ICMP
32053,6,9,522,9,9,0,0,SSH-Bruteforce
41488,6,8,464,8,8,0,0,SSH-Bruteforce
8166,6,11,638,11,11,0,0,SSH-Bruteforce
36520,17,20,27980,0,0,0,0,BENIGN
80,6,20,1480,20,0,0,0,DoS-HTTP
0,1,20,1200,0,0,0,0,DoS-ICMP
0,1,20,840,0,0,0,0,DoS-ICMP
0,1,20,1200,0,0,0,0,DoS-ICMP
80,6,20,1480,20,0,0,0,DoS-HTTP
27386,6,4,240,4,0,0,0,PortScan
80,6,20,1480,20,0,0,0,DoS-HTTP
80,6,20,1200,20,0,0,0,DoS-SYN-Flood
8527,6,7,406,7,7,0,0,SSH-Bruteforce
80,17,20,1200,0,0,0,0,DoS-UDP
80,6,20,1200,20,0,0,0,DoS-SYN-Flood
2650,6,6,348,6,6,0,0,SSH-Bruteforce
80,6,20,1200,20,0,0,0,DoS-SYN-Flood
22,6,20,1200,20,0,0,0,SSH-Bruteforce
59804,6,20,16709,0,20,0,0,BENIGN
80,17,20,1200,0,0,0,0,DoS-UDP
80,17,20,1200,0,0,0,0,DoS-UDP
46737,6,8,464,8,8,0,0,SSH-Bruteforce
64098,6,7,406,7,7,0,0,SSH-Bruteforce
55061,6,2,120,2,0,0,0,PortScan
80,6,20,1480,20,0,0,0,DoS-HTTP
80,17,20,1200,0,0,0,0,DoS-UDP
80,6,20,1480,20,0,0,0,DoS-HTTP
80,6,20,1200,20,0,0,0,DoS-SYN-Flood
80,17,20,1200,0,0,0,0,DoS-UDP
80,6,20,1480,20,0,0,0,DoS-HTTP
80,17,20,1200,0,0,0,0,DoS-UDP
80,17,20,1200,0,0,0,0,DoS-UDP
443,6,20,1200,0,20,0,0,BENIGN
0,1,20,840,0,0,0,0,DoS-ICMP
80,6,20,1480,20,0,0,0,DoS-HTTP
59824,6,7,406,7,7,0,0,SSH-Bruteforce
80,6,20,1480,20,0,0,0,DoS-HTTP
80,17,20,1200,0,0,0,0,DoS-UDP
46206,6,6,348,6,6,0,0,SSH-Bruteforce
80,6,20,1480,20,0,0,0,DoS-HTTP
33240,6,20,29200,0,20,0,0,BENIGN
0,1,20,840,0,0,0,0,DoS-ICMP
80,6,20,1480,20,0,0,0,DoS-HTTP
18095,6,2,120,2,0,0,0,PortScan
9076,6,4,240,4,0,0,0,PortScan
80,17,20,1200,0,0,0,0,DoS-UDP
0,1,20,1200,0,0,0,0,DoS-ICMP
80,6,20,1200,20,0,0,0,DoS-SYN-Flood
80,17,20,1200,0,0,0,0,DoS-UDP
22,6,20,1200,0,0,20,0,SSH-Bruteforce
0,1,20,1200,0,0,0,0,DoS-ICMP
80,6,20,1200,20,0,0,0,DoS-SYN-Flood
22,6,20,1200,20,0,0,0,SSH-Bruteforce
20545,6,2,120,2,0,0,0,PortScan
80,17,20,1200,0,0,0,0,DoS-UDP
34474,6,9,522,9,9,0,0,SSH-Bruteforce
80,17,20,1200,0,0,0,0,DoS-UDP
0,1,20,1200,0,0,0,0,DoS-ICMP
26943,6,4,240,4,0,0,0,PortScan
47822,6,20,28904,0,20,0,0,BENIGN
80,17,20,1200,0,0,0,0,DoS-UDP
65232,6,9,522,9,9,0,0,SSH-Bruteforce
80,6,20,1480,20,0,0,0,DoS-HTTP
13208,6,6,360,6,0,0,0,PortScan
80,6,20,1480,20,0,0,0,DoS-HTTP
22,6,20,1200,20,0,0,0,SSH-Bruteforce
38464,6,5,290,5,5,0,0,SSH-Bruteforce
26879,6,4,240,4,0,0,0,PortScan
17114,6,10,580,10,10,0,0,SSH-Bruteforce
22,6,20,1200,19,0,1,0,SSH-Bruteforce
0,1,20,1200,0,0,0,0,DoS-ICMP
80,6,20,1480,20,0,0,0,DoS-HTTP
80,17,20,1200,0,0,0,0,DoS-UDP
80,6,20,1480,20,0,0,0,DoS-HTTP
22,6,20,1200,0,0,20,0,SSH-Bruteforce
19791,6,4,240,4,0,0,0,PortScan
37711,6,2,120,2,0,0,0,PortScan
44878,6,8,464,8,8,0,0,SSH-Bruteforce
48782,6,20,16889,1,20,0,0,BENIGN
80,6,20,1200,20,0,0,0,DoS-SYN-Flood
31058,6,4,240,4,0,0,0,PortScan
80,17,20,1200,0,0,0,0,DoS-UDP
80,6,20,1480,20,0,0,0,DoS-HTTP
63003,6,2,120,2,0,0,0,PortScan
52848,6,2,120,2,0,0,0,PortScan
23255,6,2,120,2,0,0,0,PortScan
0,1,20,840,0,0,0,0,DoS-ICMP
0,1,20,840,0,0,0,0,DoS-ICMP
80,6,20,1480,20,0,0,0,DoS-HTTP
48482,6,2,120,2,0,0,0,PortScan
40301,6,7,406,7,7,0,0,SSH-Bruteforce
80,6,20,1480,20,0,0,0,DoS-HTTP
25638,6,8,464,8,8,0,0,SSH-Bruteforce
36520,17,20,27980,0,0,0,0,BENIGN
80,17,20,1200,0,0,0,0,DoS-UDP
0,1,20,1200,0,0,0,0,DoS-ICMP
22,6,20,1200,20,0,0,0,SSH-Bruteforce
80,17,20,1200,0,0,0,0,DoS-UDP
44854,6,4,240,4,0,0,0,PortScan
15456,6,2,120,2,0,0,0,PortScan
80,6,20,1480,20,0,0,0,DoS-HTTP
80,17,20,1200,0,0,0,0,DoS-UDP
80,17,20,1200,0,0,0,0,DoS-UDP
80,6,20,1200,20,0,0,0,DoS-SYN-Flood
1917,6,6,348,6,6,0,0,SSH-Bruteforce
80,6,20,1480,20,0,0,0,DoS-HTTP
49464,6,4,240,4,0,0,0,PortScan
45509,6,2,120,2,0,0,0,PortScan
0,1,20,840,0,0,0,0,DoS-ICMP
80,17,20,1200,0,0,0,0,DoS-UDP
0,1,20,840,0,0,0,0,DoS-ICMP
0,1,20,1200,0,0,0,0,DoS-ICMP
22925,6,7,406,7,7,0,0,SSH-Bruteforce
80,6,20,1200,20,0,0,0,DoS-SYN-Flood
22,6,20,1200,20,0,0,0,SSH-Bruteforce
45424,6,20,2179,0,20,0,0,BENIGN
80,17,20,1200,0,0,0,0,DoS-UDP
80,17,20,1200,0,0,0,0,DoS-UDP
80,17,20,1200,0,0,0,0,DoS-UDP
0,1,20,1200,0,0,0,0,DoS-ICMP
80,17,20,1200,0,0,0,0,DoS-UDP
22,6,20,1200,20,0,0,0,SSH-Bruteforce
34468,6,2,120,2,0,0,0,PortScan
30345,6,4,240,4,0,0,0,PortScan
40397,6,9,522,9,9,0,0,SSH-Bruteforce
0,1,20,840,0,0,0,0,DoS-ICMP
80,6,20,1480,20,0,0,0,DoS-HTTP
60886,6,20,29140,0,20,0,0,BENIGN
0,1,20,1200,0,0,0,0,DoS-ICMP
0,1,20,1200,0,0,0,0,DoS-ICMP
36013,6,4,240,4,0,0,0,PortScan
80,6,20,1200,20,0,0,0,DoS-SYN-Flood
80,17,20,1200,0,0,0,0,DoS-UDP
62752,6,6,348,6,6,0,0,SSH-Bruteforce
80,6,20,1200,20,0,0,0,DoS-SYN-Flood
16297,6,2,120,2,0,0,0,PortScan
0,1,20,840,0,0,0,0,DoS-ICMP
0,1,20,840,0,0,0,0,DoS-ICMP
80,17,20,1200,0,0,0,0,DoS-UDP
80,6,20,1480,20,0,0,0,DoS-HTTP
80,17,20,1200,0,0,0,0,DoS-UDP
41699,6,2,120,2,0,0,0,PortScan
22,6,20,1200,20,0,0,0,SSH-Bruteforce
0,1,20,840,0,0,0,0,DoS-ICMP
22,6,20,1200,0,0,20,0,SSH-Bruteforce
80,17,20,1200,0,0,0,0,DoS-UDP
80,6,20,1200,20,0,0,0,DoS-SYN-Flood
80,6,20,1480,20,0,0,0,DoS-HTTP
80,6,20,1200,20,0,0,0,DoS-SYN-Flood
22,6,20,1200,10,0,10,0,SSH-Bruteforce
80,6,20,1480,20,0,0,0,DoS-HTTP
11283,6,6,360,6,0,0,0,PortScan
0,1,20,1200,0,0,0,0,DoS-ICMP
80,17,20,1200,0,0,0,0,DoS-UDP
22,6,20,1200,20,0,0,0,SSH-Bruteforce
80,6,20,1200,20,0,0,0,DoS-SYN-Flood
80,6,20,1480,20,0,0,0,DoS-HTTP
80,6,20,1480,20,0,0,0,DoS-HTTP
5968,6,4,240,4,0,0,0,PortScan
80,17,20,1200,0,0,0,0,DoS-UDP
22,6,20,1200,13,0,7,0,SSH-Bruteforce
80,17,20,1200,0,0,0,0,DoS-UDP
22,6,20,1200,20,0,0,0,SSH-Bruteforce
80,17,20,1200,0,0,0,0,DoS-UDP
0,1,20,1200,0,0,0,0,DoS-ICMP
80,6,20,1200,20,0,0,0,DoS-SYN-Flood
80,17,20,1200,0,0,0,0,DoS-UDP
34326,6,6,348,6,6,0,0,SSH-Bruteforce
80,6,20,1480,20,0,0,0,DoS-HTTP
0,1,20,1200,0,0,0,0,DoS-ICMP
80,6,20,1480,20,0,0,0,DoS-HTTP
0,1,20,1200,0,0,0,0,DoS-ICMP
14842,6,4,240,4,0,0,0,PortScan
45916,6,2,120,2,0,0,0,PortScan
61871,6,2,120,2,0,0,0,PortScan
32373,6,2,120,2,0,0,0,PortScan
0,1,20,840,0,0,0,0,DoS-ICMP
80,6,20,1200,20,0,0,0,DoS-SYN-Flood
42296,6,11,638,11,11,0,0,SSH-Bruteforce
80,17,20,1200,0,0,0,0,DoS-UDP
80,6,20,1200,20,0,0,0,DoS-SYN-Flood
0,1,20,840,0,0,0,0,DoS-ICMP
80,17,20,1200,0,0,0,0,DoS-UDP
80,6,20,1200,20,0,0,0,DoS-SYN-Flood
80,6,20,1480,20,0,0,0,DoS-HTTP
0,1,20,840,0,0,0,0,DoS-ICMP
60886,6,20,29080,0,20,0,0,BENIGN
80,6,20,1200,20,0,0,0,DoS-SYN-Flood
80,6,20,1200,20,0,0,0,DoS-SYN-Flood
43933,6,4,240,4,0,0,0,PortScan
0,1,20,840,0,0,0,0,DoS-ICMP
0,1,20,1200,0,0,0,0,DoS-ICMP
80,17,20,1200,0,0,0,0,DoS-UDP
80,17,20,1200,0,0,0,0,DoS-UDP
22,6,20,1200,4,0,16,0,SSH-Bruteforce
0,1,20,840,0,0,0,0,DoS-ICMP
0,1,20,1200,0,0,0,0,DoS-ICMP
80,6,20,1200,20,0,0,0,DoS-SYN-Flood
80,6,20,1480,20,0,0,0,DoS-HTTP
80,6,20,1200,20,0,0,0,DoS-SYN-Flood
80,17,20,1200,0,0,0,0,DoS-UDP
80,17,20,1200,0,0,0,0,DoS-UDP
36520,17,20,27980,0,0,0,0,BENIGN
0,1,20,840,0,0,0,0,DoS-ICMP
80,6,20,1480,20,0,0,0,DoS-HTTP
80,17,20,1200,0,0,0,0,DoS-UDP
80,6,20,1480,20,0,0,0,DoS-HTTP
17320,6,2,120,2,0,0,0,PortScan
80,17,20,1200,0,0,0,0,DoS-UDP
80,6,20,1480,20,0,0,0,DoS-HTTP
80,6,20,1480,20,0,0,0,DoS-HTTP
22,6,20,1200,20,0,0,0,SSH-Bruteforce
0,1,20,1200,0,0,0,0,DoS-ICMP
80,6,20,1200,20,0,0,0,DoS-SYN-Flood
50546,6,2,120,2,0,0,0,PortScan
80,6,20,1480,20,0,0,0,DoS-HTTP
80,6,20,1480,20,0,0,0,DoS-HTTP
80,6,20,1480,20,0,0,0,DoS-HTTP
0,1,20,1200,0,0,0,0,DoS-ICMP
80,6,20,1480,20,0,0,0,DoS-HTTP
80,6,20,1480,20,0,0,0,DoS-HTTP
53296,6,20,29140,0,20,0,0,BENIGN
80,6,20,1480,20,0,0,0,DoS-HTTP
80,17,20,1200,0,0,0,0,DoS-UDP
0,1,20,1200,0,0,0,0,DoS-ICMP
59386,6,5,290,5,5,0,0,SSH-Bruteforce
22,6,20,1200,0,0,20,0,SSH-Bruteforce
27368,6,4,240,4,0,0,0,PortScan
80,6,20,1200,20,0,0,0,DoS-SYN-Flood
80,17,20,1200,0,0,0,0,DoS-UDP
1,6,6,360,6,0,0,0,PortScan
0,1,20,840,0,0,0,0,DoS-ICMP
36520,17,20,27980,0,0,0,0,BENIGN
80,6,20,1480,20,0,0,0,DoS-HTTP
80,6,20,1200,20,0,0,0,DoS-SYN-Flood
80,17,20,1200,0,0,0,0,DoS-UDP
3990,6,8,464,8,8,0,0,SSH-Bruteforce
80,6,20,1200,20,0,0,0,DoS-SYN-Flood
80,6,20,1480,20,0,0,0,DoS-HTTP
53927,6,2,120,2,0,0,0,PortScan
80,6,20,1480,20,0,0,0,DoS-HTTP
80,6,20,1480,20,0,0,0,DoS-HTTP
53741,6,2,120,2,0,0,0,PortScan
80,17,20,1200,0,0,0,0,DoS-UDP
41603,6,2,120,2,0,0,0,PortScan
38040,6,2,120,2,0,0,0,PortScan
4171,6,4,240,4,0,0,0,PortScan
80,17,20,1200,0,0,0,0,DoS-UDP
80,17,20,1200,0,0,0,0,DoS-UDP
80,6,20,1480,20,0,0,0,DoS-HTTP
65154,6,7,406,7,7,0,0,SSH-Bruteforce
23642,6,6,348,6,6,0,0,SSH-Bruteforce
80,6,20,1480,20,0,0,0,DoS-HTTP
80,17,20,1200,0,0,0,0,DoS-UDP
80,17,20,1200,0,0,0,0,DoS-UDP
0,1,20,840,0,0,0,0,DoS-ICMP
56635,6,2,120,2,0,0,0,PortScan
22,6,20,1200,13,0,7,0,SSH-Bruteforce
17956,6,4,240,4,0,0,0,PortScan
80,17,20,1200,0,0,0,0,DoS-UDP
64987,6,4,240,4,0,0,0,PortScan
22,6,20,1200,8,0,12,0,SSH-Bruteforce
80,6,20,1480,20,0,0,0,DoS-HTTP
80,17,20,1200,0,0,0,0,DoS-UDP
80,6,20,1200,20,0,0,0,DoS-SYN-Flood
32766,6,2,120,2,0,0,0,PortScan
51242,6,4,240,4,0,0,0,PortScan
22216,6,4,240,4,0,0,0,PortScan
60886,6,20,28840,0,20,0,0,BENIGN
42744,6,2,120,2,0,0,0,PortScan
22737,6,2,120,2,0,0,0,PortScan
80,17,20,1200,0,0,0,0,DoS-UDP
80,6,20,1200,20,0,0,0,DoS-SYN-Flood
80,17,20,1200,0,0,0,0,DoS-UDP
0,1,20,1200,0,0,0,0,DoS-ICMP
80,6,20,1480,20,0,0,0,DoS-HTTP
80,17,20,1200,0,0,0,0,DoS-UDP
80,6,20,1200,20,0,0,0,DoS-SYN-Flood
80,6,20,1480,20,0,0,0,DoS-HTTP
80,6,20,1200,20,0,0,0,DoS-SYN-Flood
0,1,20,840,0,0,0,0,DoS-ICMP
80,17,20,1200,0,0,0,0,DoS-UDP
80,17,20,1200,0,0,0,0,DoS-UDP
80,6,20,1200,20,0,0,0,DoS-SYN-Flood
80,6,20,1480,20,0,0,0,DoS-HTTP
0,1,20,840,0,0,0,0,DoS-ICMP
54192,6,4,240,4,0,0,0,PortScan
23354,6,7,406,7,7,0,0,SSH-Bruteforce
37527,6,2,120,2,0,0,0,PortScan
0,1,20,840,0,0,0,0,DoS-ICMP
0,1,20,1200,0,0,0,0,DoS-ICMP
80,17,20,1200,0,0,0,0,DoS-UDP
80,17,20,1200,0,0,0,0,DoS-UDP
64116,6,2,120,2,0,0,0,PortScan
36867,6,11,638,11,11,0,0,SSH-Bruteforce
53189,6,2,120,2,0,0,0,PortScan
48930,6,4,240,4,0,0,0,PortScan
19692,6,2,120,2,0,0,0,PortScan
80,6,20,1480,20,0,0,0,DoS-HTTP
80,6,20,1480,20,0,0,0,DoS-HTTP
80,17,20,1200,0,0,0,0,DoS-UDP
0,1,20,840,0,0,0,0,DoS-ICMP
36284,6,4,240,4,0,0,0,PortScan
80,6,20,1480,20,0,0,0,DoS-HTTP
80,6,20,1200,20,0,0,0,DoS-SYN-Flood
80,17,20,1200,0,0,0,0,DoS-UDP
53982,6,2,120,2,0,0,0,PortScan
0,1,20,1200,0,0,0,0,DoS-ICMP
41838,6,10,580,10,10,0,0,SSH-Bruteforce
43994,6,2,120,2,0,0,0,PortScan
80,17,20,1200,0,0,0,0,DoS-UDP
80,6,20,1200,20,0,0,0,DoS-SYN-Flood
0,1,20,840,0,0,0,0,DoS-ICMP
0,1,20,1200,0,0,0,0,DoS-ICMP
80,6,20,1480,20,0,0,0,DoS-HTTP
0,1,20,1200,0,0,0,0,DoS-ICMP
37282,6,10,580,10,10,0,0,SSH-Bruteforce
80,6,20,1480,20,0,0,0,DoS-HTTP
80,17,20,1200,0,0,0,0,DoS-UDP
80,6,20,1480,20,0,0,0,DoS-HTTP
36520,17,20,27980,0,0,0,0,BENIGN
0,1,20,1200,0,0,0,0,DoS-ICMP
80,17,20,1200,0,0,0,0,DoS-UDP
80,6,20,1200,20,0,0,0,DoS-SYN-Flood
80,6,20,1480,20,0,0,0,DoS-HTTP
80,17,20,1200,0,0,0,0,DoS-UDP
0,1,20,1200,0,0,0,0,DoS-ICMP
59177,6,2,120,2,0,0,0,PortScan
80,6,20,1480,20,0,0,0,DoS-HTTP
32342,6,4,232,4,4,0,0,SSH-Bruteforce
0,1,20,840,0,0,0,0,DoS-ICMP
80,6,20,1200,20,0,0,0,DoS-SYN-Flood
80,6,20,1200,20,0,0,0,DoS-SYN-Flood
80,6,20,1480,20,0,0,0,DoS-HTTP
80,17,20,1200,0,0,0,0,DoS-UDP
60886,6,20,27800,0,20,0,0,BENIGN
80,6,20,1480,20,0,0,0,DoS-HTTP
16592,6,2,120,2,0,0,0,PortScan
22,6,20,1200,20,0,0,0,SSH-Bruteforce
80,6,20,1480,20,0,0,0,DoS-HTTP
0,1,20,840,0,0,0,0,DoS-ICMP
36520,17,20,27980,0,0,0,0,BENIGN
2059,6,5,290,5,5,0,0,SSH-Bruteforce
24485,6,5,290,5,5,0,0,SSH-Bruteforce
58133,6,2,120,2,0,0,0,PortScan
80,6,20,1200,20,0,0,0,DoS-SYN-Flood
22,6,20,1200,20,0,0,0,SSH-Bruteforce
0,1,20,1200,0,0,0,0,DoS-ICMP
80,6,20,1200,20,0,0,0,DoS-SYN-Flood
22792,6,7,406,7,7,0,0,SSH-Bruteforce
29131,6,8,464,8,8,0,0,SSH-Bruteforce
22,6,20,1200,1,0,19,0,SSH-Bruteforce
80,6,20,1200,20,0,0,0,DoS-SYN-Flood
0,1,20,840,0,0,0,0,DoS-ICMP
19600,6,7,406,7,7,0,0,SSH-Bruteforce
80,6,20,1480,20,0,0,0,DoS-HTTP
80,6,20,1200,20,0,0,0,DoS-SYN-Flood
10262,6,6,360,6,0,0,0,PortScan
62464,6,2,120,2,0,0,0,PortScan
80,6,20,1200,20,0,0,0,DoS-SYN-Flood
5457,6,4,240,4,0,0,0,PortScan
80,6,20,1200,20,0,0,0,DoS-SYN-Flood
80,17,20,1200,0,0,0,0,DoS-UDP
80,17,20,1200,0,0,0,0,DoS-UDP
0,1,20,840,0,0,0,0,DoS-ICMP
0,1,20,1200,0,0,0,0,DoS-ICMP
80,6,20,1200,20,0,0,0,DoS-SYN-Flood
22,6,20,1200,0,0,20,0,SSH-Bruteforce
80,6,20,1200,20,0,0,0,DoS-SYN-Flood
80,6,20,1480,20,0,0,0,DoS-HTTP
80,17,20,1200,0,0,0,0,DoS-UDP
29528,6,4,240,4,0,0,0,PortScan
42150,6,6,348,6,6,0,0,SSH-Bruteforce
80,6,20,1200,20,0,0,0,DoS-SYN-Flood
80,6,20,1480,20,0,0,0,DoS-HTTP
0,1,20,1200,0,0,0,0,DoS-ICMP
80,17,20,1200,0,0,0,0,DoS-UDP
80,6,20,1480,20,0,0,0,DoS-HTTP
80,17,20,1200,0,0,0,0,DoS-UDP
80,17,20,1200,0,0,0,0,DoS-UDP
36721,6,7,406,7,7,0,0,SSH-Bruteforce
27652,6,6,348,6,6,0,0,SSH-Bruteforce
80,17,20,1200,0,0,0,0,DoS-UDP
39053,6,7,406,7,7,0,0,SSH-Bruteforce
53369,6,2,120,2,0,0,0,PortScan
80,6,20,1200,20,0,0,0,DoS-SYN-Flood
40333,6,6,348,6,6,0,0,SSH-Bruteforce
0,1,20,840,0,0,0,0,DoS-ICMP
80,17,20,1200,0,0,0,0,DoS-UDP
0,1,20,840,0,0,0,0,DoS-ICMP
22,6,20,1200,0,0,20,0,SSH-Bruteforce
80,6,20,1200,20,0,0,0,DoS-SYN-Flood
26638,6,4,240,4,0,0,0,PortScan
2887,6,4,240,4,0,0,0,PortScan
0,1,20,840,0,0,0,0,DoS-ICMP
53258,6,20,29044,0,20,0,0,BENIGN
80,6,20,1480,20,0,0,0,DoS-HTTP
80,17,20,1200,0,0,0,0,DoS-UDP
80,6,20,1200,20,0,0,0,DoS-SYN-Flood
0,1,20,840,0,0,0,0,DoS-ICMP
14146,6,4,240,4,0,0,0,PortScan
80,6,20,1200,20,0,0,0,DoS-SYN-Flood
22,6,20,1200,0,0,20,0,SSH-Bruteforce
36520,17,20,27980,0,0,0,0,BENIGN
49444,6,4,240,4,0,0,0,PortScan
80,6,20,1480,20,0,0,0,DoS-HTTP
80,17,20,1200,0,0,0,0,DoS-UDP
80,6,20,1200,20,0,0,0,DoS-SYN-Flood
19109,6,6,348,6,6,0,0,SSH-Bruteforce
22,6,20,1200,5,0,15,0,SSH-Bruteforce
0,1,20,840,0,0,0,0,DoS-ICMP
80,6,20,1200,20,0,0,0,DoS-SYN-Flood
80,6,20,1480,20,0,0,0,DoS-HTTP
0,1,20,1200,0,0,0,0,DoS-ICMP
80,17,20,1200,0,0,0,0,DoS-UDP
33240,6,20,28720,0,20,0,0,BENIGN
80,6,20,1200,20,0,0,0,DoS-SYN-Flood
27428,6,2,120,2,0,0,0,PortScan
0,1,20,1200,0,0,0,0,DoS-ICMP
0,1,20,1200,0,0,0,0,DoS-ICMP
53040,6,2,120,2,0,0,0,PortScan
80,6,20,1200,20,0,0,0,DoS-SYN-Flood
80,6,20,1480,20,0,0,0,DoS-HTTP
0,1,20,840,0,0,0,0,DoS-ICMP
80,6,20,1200,20,0,0,0,DoS-SYN-Flood
80,6,20,1200,20,0,0,0,DoS-SYN-Flood
80,6,20,1480,20,0,0,0,DoS-HTTP
0,1,20,840,0,0,0,0,DoS-ICMP
14196,6,4,240,4,0,0,0,PortScan
80,6,20,1200,20,0,0,0,DoS-SYN-Flood
80,6,20,1200,20,0,0,0,DoS-SYN-Flood
80,6,20,1200,20,0,0,0,DoS-SYN-Flood
20327,6,8,464,8,8,0,0,SSH-Bruteforce
45061,6,2,120,2,0,0,0,PortScan
80,6,20,1480,20,0,0,0,DoS-HTTP
32022,6,2,120,2,0,0,0,PortScan
48708,6,6,348,6,6,0,0,SSH-Bruteforce
38852,6,2,120,2,0,0,0,PortScan
0,1,20,1200,0,0,0,0,DoS-ICMP
3015,6,4,240,4,0,0,0,PortScan
80,6,20,1480,20,0,0,0,DoS-HTTP
80,6,20,1200,20,0,0,0,DoS-SYN-Flood
55355,6,2,120,2,0,0,0,PortScan
986,6,4,240,4,0,0,0,PortScan
80,6,20,1200,20,0,0,0,DoS-SYN-Flood
80,6,20,1200,20,0,0,0,DoS-SYN-Flood
0,1,20,840,0,0,0,0,DoS-ICMP
80,17,20,1200,0,0,0,0,DoS-UDP
80,6,20,1480,20,0,0,0,DoS-HTTP
80,6,20,1200,20,0,0,0,DoS-SYN-Flood
80,6,20,1480,20,0,0,0,DoS-HTTP
80,6,20,1200,20,0,0,0,DoS-SYN-Flood
0,1,20,840,0,0,0,0,DoS-ICMP
22,6,20,1200,0,0,20,0,SSH-Bruteforce
80,6,20,1200,20,0,0,0,DoS-SYN-Flood
22,6,20,1200,5,0,15,0,SSH-Bruteforce
80,6,20,1200,20,0,0,0,DoS-SYN-Flood
80,17,20,1200,0,0,0,0,DoS-UDP
443,6,20,1200,0,20,0,0,BENIGN
80,17,20,1200,0,0,0,0,DoS-UDP
0,1,20,1200,0,0,0,0,DoS-ICMP
80,17,20,1200,0,0,0,0,DoS-UDP
0,1,20,1200,0,0,0,0,DoS-ICMP
5707,6,6,360,6,0,0,0,PortScan
23464,6,2,120,2,0,0,0,PortScan
80,6,20,1200,20,0,0,0,DoS-SYN-Flood
80,17,20,1200,0,0,0,0,DoS-UDP
1219,6,6,360,6,0,0,0,PortScan
0,1,20,840,0,0,0,0,DoS-ICMP
80,17,20,1200,0,0,0,0,DoS-UDP
59834,17,8,7256,0,0,0,0,BENIGN
15301,6,2,120,2,0,0,0,PortScan
49537,6,8,464,8,8,0,0,SSH-Bruteforce
26847,6,6,348,6,6,0,0,SSH-Bruteforce
570,6,6,360,6,0,0,0,PortScan
80,6,20,1480,20,0,0,0,DoS-HTTP
22,6,20,1200,0,0,20,0,SSH-Bruteforce
0,1,20,840,0,0,0,0,DoS-ICMP
0,1,20,1200,0,0,0,0,DoS-ICMP
22,6,20,1200,20,0,0,0,SSH-Bruteforce
80,6,20,1200,20,0,0,0,DoS-SYN-Flood
0,1,20,1200,0,0,0,0,DoS-ICMP
80,6,20,1200,20,0,0,0,DoS-SYN-Flood
60956,6,6,348,6,6,0,0,SSH-Bruteforce
0,1,20,840,0,0,0,0,DoS-ICMP
28564,6,8,464,8,8,0,0,SSH-Bruteforce
0,1,20,840,0,0,0,0,DoS-ICMP
0,1,20,1200,0,0,0,0,DoS-ICMP
80,6,20,1480,20,0,0,0,DoS-HTTP
59210,6,2,120,2,0,0,0,PortScan
443,6,16,2301,1,15,0,1,BENIGN
80,6,20,1200,20,0,0,0,DoS-SYN-Flood
47537,6,9,522,9,9,0,0,SSH-Bruteforce
80,6,20,1480,20,0,0,0,DoS-HTTP
80,6,20,1480,20,0,0,0,DoS-HTTP
22,6,20,1200,0,0,20,0,SSH-Bruteforce
80,17,20,1200,0,0,0,0,DoS-UDP
80,6,20,1200,20,0,0,0,DoS-SYN-Flood
0,1,20,1200,0,0,0,0,DoS-ICMP
41477,6,4,240,4,0,0,0,PortScan
22,6,20,1200,20,0,0,0,SSH-Bruteforce
80,6,20,1200,20,0,0,0,DoS-SYN-Flood
80,6,20,1200,20,0,0,0,DoS-SYN-Flood
80,6,20,1200,20,0,0,0,DoS-SYN-Flood
33697,6,4,240,4,0,0,0,PortScan
22,6,20,1200,15,0,5,0,SSH-Bruteforce
63052,6,5,290,5,5,0,0,SSH-Bruteforce
80,17,20,1200,0,0,0,0,DoS-UDP
80,6,20,1480,20,0,0,0,DoS-HTTP
80,17,20,1200,0,0,0,0,DoS-UDP
64668,6,2,120,2,0,0,0,PortScan
9256,6,6,360,6,0,0,0,PortScan
80,17,20,1200,0,0,0,0,DoS-UDP
80,17,20,1200,0,0,0,0,DoS-UDP
80,6,20,1480,20,0,0,0,DoS-HTTP
80,6,20,1480,20,0,0,0,DoS-HTTP
57682,6,9,522,9,9,0,0,SSH-Bruteforce
0,1,20,840,0,0,0,0,DoS-ICMP
43387,6,7,406,7,7,0,0,SSH-Bruteforce
0,1,20,1200,0,0,0,0,DoS-ICMP
33694,6,10,580,10,10,0,0,SSH-Bruteforce
61640,6,4,232,4,4,0,0,SSH-Bruteforce
22,6,20,1200,20,0,0,0,SSH-Bruteforce
80,17,20,1200,0,0,0,0,DoS-UDP
80,6,20,1480,20,0,0,0,DoS-HTTP
80,6,20,1480,20,0,0,0,DoS-HTTP
80,17,20,1200,0,0,0,0,DoS-UDP
443,17,20,13697,0,0,0,0,BENIGN
0,1,20,1200,0,0,0,0,DoS-ICMP
13730,6,10,580,10,10,0,0,SSH-Bruteforce
80,17,20,1200,0,0,0,0,DoS-UDP
80,6,20,1200,20,0,0,0,DoS-SYN-Flood
80,6,20,1480,20,0,0,0,DoS-HTTP
80,17,20,1200,0,0,0,0,DoS-UDP
0,1,20,840,0,0,0,0,DoS-ICMP
47222,6,7,406,7,7,0,0,SSH-Bruteforce
16350,6,2,120,2,0,0,0,PortScan
31805,6,2,120,2,0,0,0,PortScan
47822,6,20,28037,0,20,0,0,BENIGN
80,6,20,1480,20,0,0,0,DoS-HTTP
22,6,20,1200,16,0,4,0,SSH-Bruteforce
45122,6,2,120,2,0,0,0,PortScan
80,6,20,1200,20,0,0,0,DoS-SYN-Flood
24819,6,2,120,2,0,0,0,PortScan
22,6,20,1200,0,0,20,0,SSH-Bruteforce
80,6,20,1200,20,0,0,0,DoS-SYN-Flood
80,6,20,1200,20,0,0,0,DoS-SYN-Flood
0,1,20,1200,0,0,0,0,DoS-ICMP
38249,6,2,120,2,0,0,0,PortScan
80,6,20,1200,20,0,0,0,DoS-SYN-Flood
22,6,20,1200,20,0,0,0,SSH-Bruteforce
38932,6,2,120,2,0,0,0,PortScan
80,17,20,1200,0,0,0,0,DoS-UDP
15445,6,2,120,2,0,0,0,PortScan
9471,6,8,464,8,8,0,0,SSH-Bruteforce
80,17,20,1200,0,0,0,0,DoS-UDP
63073,6,2,120,2,0,0,0,PortScan
80,17,20,1200,0,0,0,0,DoS-UDP
0,1,20,1200,0,0,0,0,DoS-ICMP
51875,6,7,406,7,7,0,0,SSH-Bruteforce
0,1,20,1200,0,0,0,0,DoS-ICMP
15,6,8,464,8,8,0,0,SSH-Bruteforce
0,1,20,840,0,0,0,0,DoS-ICMP
30449,6,2,120,2,0,0,0,PortScan
0,1,20,1200,0,0,0,0,DoS-ICMP
42493,6,8,464,8,8,0,0,SSH-Bruteforce
48444,6,6,348,6,6,0,0,SSH-Bruteforce
0,1,20,1200,0,0,0,0,DoS-ICMP
80,6,20,1480,20,0,0,0,DoS-HTTP
80,17,20,1200,0,0,0,0,DoS-UDP
30692,6,6,348,6,6,0,0,SSH-Bruteforce
22191,6,4,240,4,0,0,0,PortScan
24007,6,2,120,2,0,0,0,PortScan
80,17,20,1200,0,0,0,0,DoS-UDP
80,6,20,1200,20,0,0,0,DoS-SYN-Flood
80,6,20,1200,20,0,0,0,DoS-SYN-Flood
4478,6,9,522,9,9,0,0,SSH-Bruteforce
0,1,20,1200,0,0,0,0,DoS-ICMP
0,1,20,1200,0,0,0,0,DoS-ICMP
80,6,20,1480,20,0,0,0,DoS-HTTP
0,1,20,1200,0,0,0,0,DoS-ICMP
53921,6,4,240,4,0,0,0,PortScan
80,6,20,1480,20,0,0,0,DoS-HTTP
80,6,20,1200,20,0,0,0,DoS-SYN-Flood
60886,6,20,26220,0,20,0,0,BENIGN
0,1,20,1200,0,0,0,0,DoS-ICMP
0,1,20,840,0,0,0,0,DoS-ICMP
28936,6,2,120,2,0,0,0,PortScan
23691,6,7,406,7,7,0,0,SSH-Bruteforce
36520,17,20,27980,0,0,0,0,BENIGN
45447,17,20,27980,0,0,0,0,BENIGN
80,6,20,1200,20,0,0,0,DoS-SYN-Flood
80,6,20,1480,20,0,0,0,DoS-HTTP
80,6,20,1480,20,0,0,0,DoS-HTTP
80,6,20,1480,20,0,0,0,DoS-HTTP
21425,6,10,580,10,10,0,0,SSH-Bruteforce
80,17,20,1200,0,0,0,0,DoS-UDP
80,6,20,1200,20,0,0,0,DoS-SYN-Flood
0,1,20,840,0,0,0,0,DoS-ICMP
2338,6,4,240,4,0,0,0,PortScan
0,1,20,1200,0,0,0,0,DoS-ICMP
22,6,20,1200,0,0,20,0,SSH-Bruteforce
80,6,20,1200,20,0,0,0,DoS-SYN-Flood
60682,6,4,240,4,0,0,0,PortScan
33240,6,20,29080,0,20,0,0,BENIGN
28983,6,6,348,6,6,0,0,SSH-Bruteforce
80,6,20,1200,20,0,0,0,DoS-SYN-Flood
54104,6,2,120,2,0,0,0,PortScan
80,17,20,1200,0,0,0,0,DoS-UDP
0,1,20,840,0,0,0,0,DoS-ICMP
56036,6,6,348,6,6,0,0,SSH-Bruteforce
80,6,20,1200,20,0,0,0,DoS-SYN-Flood
0,1,20,1200,0,0,0,0,DoS-ICMP
0,1,20,1200,0,0,0,0,DoS-ICMP
57346,6,4,240,4,0,0,0,PortScan
25861,6,9,522,9,9,0,0,SSH-Bruteforce
22,6,20,1200,0,0,20,0,SSH-Bruteforce
80,17,20,1200,0,0,0,0,DoS-UDP
38500,6,8,464,8,8,0,0,SSH-Bruteforce
44439,6,4,240,4,0,0,0,PortScan
80,17,20,1200,0,0,0,0,DoS-UDP
80,17,20,1200,0,0,0,0,DoS-UDP
39952,6,11,638,11,11,0,0,SSH-Bruteforce
574,6,5,290,5,5,0,0,SSH-Bruteforce
0,1,20,1200,0,0,0,0,DoS-ICMP
11202,6,6,360,6,0,0,0,PortScan
45661,6,2,120,2,0,0,0,PortScan
7385,6,7,406,7,7,0,0,SSH-Bruteforce
0,1,20,1200,0,0,0,0,DoS-ICMP
0,1,20,1200,0,0,0,0,DoS-ICMP
8599,6,8,464,8,8,0,0,SSH-Bruteforce
80,17,20,1200,0,0,0,0,DoS-UDP
0,1,20,840,0,0,0,0,DoS-ICMP
28224,6,4,240,4,0,0,0,PortScan
255,6,4,240,4,0,0,0,PortScan
80,6,20,1200,20,0,0,0,DoS-SYN-Flood
80,6,20,1200,20,0,0,0,DoS-SYN-Flood
28645,6,2,120,2,0,0,0,PortScan
80,17,20,1200,0,0,0,0,DoS-UDP
80,17,20,1200,0,0,0,0,DoS-UDP
0,1,20,840,0,0,0,0,DoS-ICMP
80,6,20,1480,20,0,0,0,DoS-HTTP
13774,6,4,240,4,0,0,0,PortScan
80,17,20,1200,0,0,0,0,DoS-UDP
17703,6,2,120,2,0,0,0,PortScan
46915,6,4,240,4,0,0,0,PortScan
80,6,20,1480,20,0,0,0,DoS-HTTP
49513,6,2,120,2,0,0,0,PortScan
80,17,20,1200,0,0,0,0,DoS-UDP
22,6,20,1200,0,0,20,0,SSH-Bruteforce
80,6,20,1480,20,0,0,0,DoS-HTTP
0,1,20,1200,0,0,0,0,DoS-ICMP
80,17,20,1200,0,0,0,0,DoS-UDP
80,17,20,1200,0,0,0,0,DoS-UDP
1004,6,6,348,6,6,0,0,SSH-Bruteforce
0,1,20,840,0,0,0,0,DoS-ICMP
80,6,20,1480,20,0,0,0,DoS-HTTP
23537,6,2,120,2,0,0,0,PortScan
80,6,20,1200,20,0,0,0,DoS-SYN-Flood
80,6,20,1200,20,0,0,0,DoS-SYN-Flood
22,6,20,1200,20,0,0,0,SSH-Bruteforce
80,6,20,1200,20,0,0,0,DoS-SYN-Flood
80,17,20,1200,0,0,0,0,DoS-UDP
80,6,20,1200,20,0,0,0,DoS-SYN-Flood
80,6,20,1200,20,0,0,0,DoS-SYN-Flood
80,17,20,1200,0,0,0,0,DoS-UDP
80,17,20,1200,0,0,0,0,DoS-UDP
80,6,20,1200,20,0,0,0,DoS-SYN-Flood
80,6,20,1200,20,0,0,0,DoS-SYN-Flood
443,17,20,12897,0,0,0,0,BENIGN
80,17,20,1200,0,0,0,0,DoS-UDP
80,6,20,1480,20,0,0,0,DoS-HTTP
80,6,20,1480,20,0,0,0,DoS-HTTP
46268,6,2,120,2,0,0,0,PortScan
22,6,20,1200,9,0,11,0,SSH-Bruteforce
51463,6,2,120,2,0,0,0,PortScan
0,1,20,840,0,0,0,0,DoS-ICMP
80,6,20,1480,20,0,0,0,DoS-HTTP
37078,6,4,240,4,0,0,0,PortScan
51826,6,2,120,2,0,0,0,PortScan
80,6,20,1480,20,0,0,0,DoS-HTTP
0,1,20,1200,0,0,0,0,DoS-ICMP
80,6,20,1480,20,0,0,0,DoS-HTTP
80,6,20,1200,20,0,0,0,DoS-SYN-Flood
80,6,20,1200,20,0,0,0,DoS-SYN-Flood
0,1,20,840,0,0,0,0,DoS-ICMP
443,17,20,13675,0,0,0,0,BENIGN
39443,6,2,120,2,0,0,0,PortScan
0,1,20,840,0,0,0,0,DoS-ICMP
0,1,20,840,0,0,0,0,DoS-ICMP
80,17,20,1200,0,0,0,0,DoS-UDP
80,6,20,1480,20,0,0,0,DoS-HTTP
80,17,20,1200,0,0,0,0,DoS-UDP
17229,6,4,240,4,0,0,0,PortScan
80,17,20,1200,0,0,0,0,DoS-UDP
80,6,20,1480,20,0,0,0,DoS-HTTP
80,6,20,1480,20,0,0,0,DoS-HTTP
80,6,20,1480,20,0,0,0,DoS-HTTP
0,1,20,1200,0,0,0,0,DoS-ICMP
0,1,20,840,0,0,0,0,DoS-ICMP
13017,6,4,240,4,0,0,0,PortScan
7079,6,6,360,6,0,0,0,PortScan
80,17,20,1200,0,0,0,0,DoS-UDP
0,1,20,840,0,0,0,0,DoS-ICMP
38815,6,2,120,2,0,0,0,PortScan
80,6,20,1480,20,0,0,0,DoS-HTTP
80,6,20,1200,20,0,0,0,DoS-SYN-Flood
80,6,20,1480,20,0,0,0,DoS-HTTP
22666,6,2,120,2,0,0,0,PortScan
80,6,20,1480,20,0,0,0,DoS-HTTP
80,6,20,1200,20,0,0,0,DoS-SYN-Flood
80,6,20,1200,20,0,0,0,DoS-SYN-Flood
80,6,20,1200,20,0,0,0,DoS-SYN-Flood
22,6,20,1200,0,0,20,0,SSH-Bruteforce
24103,6,2,120,2,0,0,0,PortScan
22,6,20,1200,20,0,0,0,SSH-Bruteforce
80,6,20,1480,20,0,0,0,DoS-HTTP
23955,6,4,240,4,0,0,0,PortScan
80,6,20,1480,20,0,0,0,DoS-HTTP
0,1,20,840,0,0,0,0,DoS-ICMP
28944,6,4,240,4,0,0,0,PortScan
80,17,20,1200,0,0,0,0,DoS-UDP
60886,6,20,27380,0,20,0,0,BENIGN
53272,6,20,24756,0,20,0,0,BENIGN
37094,6,11,638,11,11,0,0,SSH-Bruteforce
80,6,20,1480,20,0,0,0,DoS-HTTP
43566,6,9,522,9,9,0,0,SSH-Bruteforce
0,1,20,840,0,0,0,0,DoS-ICMP
36520,17,20,27980,0,0,0,0,BENIGN
80,17,20,1200,0,0,0,0,DoS-UDP
22,6,20,1200,0,0,20,0,SSH-Bruteforce
46398,17,20,27980,0,0,0,0,BENIGN
80,17,20,1200,0,0,0,0,DoS-UDP
80,17,20,1200,0,0,0,0,DoS-UDP
0,1,20,1200,0,0,0,0,DoS-ICMP
80,6,20,1480,20,0,0,0,DoS-HTTP
22,6,20,1200,1,0,19,0,SSH-Bruteforce
0,1,20,840,0,0,0,0,DoS-ICMP
42074,6,8,464,8,8,0,0,SSH-Bruteforce
14201,6,7,406,7,7,0,0,SSH-Bruteforce
52649,6,11,638,11,11,0,0,SSH-Bruteforce
0,1,20,1200,0,0,0,0,DoS-ICMP
0,1,20,1200,0,0,0,0,DoS-ICMP
80,17,20,1200,0,0,0,0,DoS-UDP
0,1,20,840,0,0,0,0,DoS-ICMP
0,1,20,1200,0,0,0,0,DoS-ICMP
80,6,20,1200,20,0,0,0,DoS-SYN-Flood
80,6,20,1200,20,0,0,0,DoS-SYN-Flood
80,6,20,1200,20,0,0,0,DoS-SYN-Flood
28348,6,9,522,9,9,0,0,SSH-Bruteforce
80,6,20,1200,20,0,0,0,DoS-SYN-Flood
7975,6,11,638,11,11,0,0,SSH-Bruteforce
53272,6,20,28960,0,20,0,0,BENIGN
80,6,20,1480,20,0,0,0,DoS-HTTP
0,1,20,1200,0,0,0,0,DoS-ICMP
49595,6,9,522,9,9,0,0,SSH-Bruteforce
0,1,20,840,0,0,0,0,DoS-ICMP
22,6,20,1200,20,0,0,0,SSH-Bruteforce
80,6,20,1480,20,0,0,0,DoS-HTTP
80,6,20,1480,20,0,0,0,DoS-HTTP
0,1,20,840,0,0,0,0,DoS-ICMP
6923,6,4,240,4,0,0,0,PortScan
80,6,20,1200,20,0,0,0,DoS-SYN-Flood
80,17,20,1200,0,0,0,0,DoS-UDP
80,17,20,1200,0,0,0,0,DoS-UDP
27650,6,11,638,11,11,0,0,SSH-Bruteforce
80,6,20,1480,20,0,0,0,DoS-HTTP
4553,6,5,290,5,5,0,0,SSH-Bruteforce
80,6,20,1200,20,0,0,0,DoS-SYN-Flood
32279,6,10,580,10,10,0,0,SSH-Bruteforce
80,6,20,1480,20,0,0,0,DoS-HTTP
23332,6,2,120,2,0,0,0,PortScan
80,17,20,1200,0,0,0,0,DoS-UDP
80,6,20,1200,20,0,0,0,DoS-SYN-Flood
80,6,20,1480,20,0,0,0,DoS-HTTP
80,6,20,1480,20,0,0,0,DoS-HTTP
80,17,20,1200,0,0,0,0,DoS-UDP
80,6,20,1200,20,0,0,0,DoS-SYN-Flood
0,1,20,1200,0,0,0,0,DoS-ICMP
80,6,20,1480,20,0,0,0,DoS-HTTP
0,1,20,1200,0,0,0,0,DoS-ICMP
80,6,20,1480,20,0,0,0,DoS-HTTP
80,17,20,1200,0,0,0,0,DoS-UDP
53258,6,20,29578,0,20,0,0,BENIGN
13033,6,4,240,4,0,0,0,PortScan
80,6,20,1480,20,0,0,0,DoS-HTTP
80,6,20,1480,20,0,0,0,DoS-HTTP
13560,6,4,240,4,0,0,0,PortScan
0,1,20,1200,0,0,0,0,DoS-ICMP
80,17,20,1200,0,0,0,0,DoS-UDP
80,6,20,1200,20,0,0,0,DoS-SYN-Flood
80,6,20,1480,20,0,0,0,DoS-HTTP
17918,6,9,522,9,9,0,0,SSH-Bruteforce
80,17,20,1200,0,0,0,0,DoS-UDP
80,6,20,1200,20,0,0,0,DoS-SYN-Flood
38704,6,4,240,4,0,0,0,PortScan
80,6,20,1480,20,0,0,0,DoS-HTTP
64646,6,7,406,7,7,0,0,SSH-Bruteforce
0,1,20,840,0,0,0,0,DoS-ICMP
80,6,20,1200,20,0,0,0,DoS-SYN-Flood
39682,6,2,120,2,0,0,0,PortScan
80,6,20,1200,20,0,0,0,DoS-SYN-Flood
80,6,20,1200,20,0,0,0,DoS-SYN-Flood
80,6,20,1480,20,0,0,0,DoS-HTTP
56212,6,2,120,2,0,0,0,PortScan
80,6,20,1480,20,0,0,0,DoS-HTTP
22,6,20,1200,0,0,20,0,SSH-Bruteforce
22,6,20,1200,0,0,20,0,SSH-Bruteforce
41800,6,4,240,4,0,0,0,PortScan
27852,6,7,406,7,7,0,0,SSH-Bruteforce
443,6,20,1200,0,20,0,0,BENIGN
80,6,20,1200,20,0,0,0,DoS-SYN-Flood
22457,6,4,240,4,0,0,0,PortScan
0,1,20,840,0,0,0,0,DoS-ICMP
80,6,20,1200,20,0,0,0,DoS-SYN-Flood
60886,6,20,28720,0,20,0,0,BENIGN
13335,6,4,240,4,0,0,0,PortScan
63996,6,4,240,4,0,0,0,PortScan
0,1,20,840,0,0,0,0,DoS-ICMP
80,6,20,1200,20,0,0,0,DoS-SYN-Flood
22,6,20,1200,0,0,20,0,SSH-Bruteforce
80,6,20,1200,20,0,0,0,DoS-SYN-Flood
22,6,20,1200,0,0,20,0,SSH-Bruteforce
80,6,20,1200,20,0,0,0,DoS-SYN-Flood
36520,17,20,27980,0,0,0,0,BENIGN
0,1,20,840,0,0,0,0,DoS-ICMP
0,1,20,840,0,0,0,0,DoS-ICMP
80,6,20,1480,20,0,0,0,DoS-HTTP
80,6,20,1480,20,0,0,0,DoS-HTTP
0,1,20,1200,0,0,0,0,DoS-ICMP
80,17,20,1200,0,0,0,0,DoS-UDP
80,6,20,1200,20,0,0,0,DoS-SYN-Flood
49154,6,4,240,4,0,0,0,PortScan
18379,6,2,120,2,0,0,0,PortScan
0,1,20,1200,0,0,0,0,DoS-ICMP
80,6,20,1200,20,0,0,0,DoS-SYN-Flood
0,1,20,1200,0,0,0,0,DoS-ICMP
22,6,20,1200,20,0,0,0,SSH-Bruteforce
80,17,20,1200,0,0,0,0,DoS-UDP
80,6,20,1480,20,0,0,0,DoS-HTTP
22,6,20,1200,17,0,3,0,SSH-Bruteforce
19301,6,10,580,10,10,0,0,SSH-Bruteforce
80,6,20,1480,20,0,0,0,DoS-HTTP
9139,6,4,240,4,0,0,0,PortScan
42601,6,2,120,2,0,0,0,PortScan
80,17,20,1200,0,0,0,0,DoS-UDP
0,1,20,840,0,0,0,0,DoS-ICMP
80,17,20,1200,0,0,0,0,DoS-UDP
80,6,20,1480,20,0,0,0,DoS-HTTP
20728,6,2,120,2,0,0,0,PortScan
45447,17,20,27980,0,0,0,0,BENIGN
80,17,20,1200,0,0,0,0,DoS-UDP
80,17,20,1200,0,0,0,0,DoS-UDP
46415,6,9,522,9,9,0,0,SSH-Bruteforce
80,6,20,1480,20,0,0,0,DoS-HTTP
50870,6,2,120,2,0,0,0,PortScan
47842,6,13,2198,1,13,0,1,BENIGN
22,6,20,1200,20,0,0,0,SSH-Bruteforce
80,6,20,1200,20,0,0,0,DoS-SYN-Flood
42231,6,4,232,4,4,0,0,SSH-Bruteforce
27865,6,2,120,2,0,0,0,PortScan
24074,6,4,240,4,0,0,0,PortScan
80,6,20,1200,20,0,0,0,DoS-SYN-Flood
80,6,20,1200,20,0,0,0,DoS-SYN-Flood
0,1,20,1200,0,0,0,0,DoS-ICMP
33654,6,4,240,4,0,0,0,PortScan
44214,6,2,120,2,0,0,0,PortScan
0,1,20,840,0,0,0,0,DoS-ICMP
61265,6,2,120,2,0,0,0,PortScan
0,1,20,840,0,0,0,0,DoS-ICMP
80,6,20,1480,20,0,0,0,DoS-HTTP
0,1,20,840,0,0,0,0,DoS-ICMP
22,6,20,1200,20,0,0,0,SSH-Bruteforce
0,1,20,840,0,0,0,0,DoS-ICMP
18072,6,4,240,4,0,0,0,PortScan
18348,6,2,120,2,0,0,0,PortScan
18918,6,2,120,2,0,0,0,PortScan
80,6,20,1480,20,0,0,0,DoS-HTTP
80,17,20,1200,0,0,0,0,DoS-UDP
22513,6,4,240,4,0,0,0,PortScan
80,6,20,1200,20,0,0,0,DoS-SYN-Flood
80,6,20,1480,20,0,0,0,DoS-HTTP
16006,6,4,240,4,0,0,0,PortScan
80,6,20,1200,20,0,0,0,DoS-SYN-Flood
56380,6,2,120,2,0,0,0,PortScan
80,17,20,1200,0,0,0,0,DoS-UDP
37442,6,2,120,2,0,0,0,PortScan
49449,6,7,406,7,7,0,0,SSH-Bruteforce
80,6,20,1200,20,0,0,0,DoS-SYN-Flood
1728,6,4,240,4,0,0,0,PortScan
80,6,20,1200,20,0,0,0,DoS-SYN-Flood
80,6,20,1200,20,0,0,0,DoS-SYN-Flood
0,1,20,1200,0,0,0,0,DoS-ICMP
80,17,20,1200,0,0,0,0,DoS-UDP
80,6,20,1200,20,0,0,0,DoS-SYN-Flood
0,1,20,1200,0,0,0,0,DoS-ICMP
80,17,20,1200,0,0,0,0,DoS-UDP
80,6,20,1200,20,0,0,0,DoS-SYN-Flood
80,6,20,1200,20,0,0,0,DoS-SYN-Flood
80,17,20,1200,0,0,0,0,DoS-UDP
60146,6,4,240,4,0,0,0,PortScan
80,6,20,1480,20,0,0,0,DoS-HTTP
80,6,20,1480,20,0,0,0,DoS-HTTP
62344,6,2,120,2,0,0,0,PortScan
0,1,20,1200,0,0,0,0,DoS-ICMP
80,6,20,1200,20,0,0,0,DoS-SYN-Flood
41308,17,20,27980,0,0,0,0,BENIGN
80,6,20,1480,20,0,0,0,DoS-HTTP
80,17,20,1200,0,0,0,0,DoS-UDP
80,17,20,1200,0,0,0,0,DoS-UDP
80,6,20,1200,20,0,0,0,DoS-SYN-Flood
36520,17,20,27980,0,0,0,0,BENIGN
22,6,20,1200,3,0,17,0,SSH-Bruteforce
80,17,20,1200,0,0,0,0,DoS-UDP
0,1,20,1200,0,0,0,0,DoS-ICMP
80,17,20,1200,0,0,0,0,DoS-UDP
80,6,20,1480,20,0,0,0,DoS-HTTP
41998,6,2,120,2,0,0,0,PortScan
0,1,20,1200,0,0,0,0,DoS-ICMP
0,1,20,1200,0,0,0,0,DoS-ICMP
0,1,20,840,0,0,0,0,DoS-ICMP
80,6,20,1480,20,0,0,0,DoS-HTTP
0,1,20,840,0,0,0,0,DoS-ICMP
80,17,20,1200,0,0,0,0,DoS-UDP
80,6,20,1480,20,0,0,0,DoS-HTTP
80,17,20,1200,0,0,0,0,DoS-UDP
443,6,20,2673,1,18,1,1,BENIGN
443,17,8,2604,0,0,0,0,BENIGN
16785,6,2,120,2,0,0,0,PortScan
80,17,20,1200,0,0,0,0,DoS-UDP
0,1,20,1200,0,0,0,0,DoS-ICMP
19014,6,4,240,4,0,0,0,PortScan
2953,6,4,240,4,0,0,0,PortScan
80,6,20,1480,20,0,0,0,DoS-HTTP
48760,6,6,348,6,6,0,0,SSH-Bruteforce
58031,6,9,522,9,9,0,0,SSH-Bruteforce
22,6,20,1200,20,0,0,0,SSH-Bruteforce
0,1,20,1200,0,0,0,0,DoS-ICMP
80,6,20,1480,20,0,0,0,DoS-HTTP
80,17,20,1200,0,0,0,0,DoS-UDP
0,1,20,840,0,0,0,0,DoS-ICMP
80,6,20,1200,20,0,0,0,DoS-SYN-Flood
80,17,20,1200,0,0,0,0,DoS-UDP
36520,17,20,27980,0,0,0,0,BENIGN
29730,6,7,406,7,7,0,0,SSH-Bruteforce
80,6,20,1480,20,0,0,0,DoS-HTTP
80,17,20,1200,0,0,0,0,DoS-UDP
14948,6,4,240,4,0,0,0,PortScan
80,17,20,1200,0,0,0,0,DoS-UDP
4408,6,4,240,4,0,0,0,PortScan
0,1,20,840,0,0,0,0,DoS-ICMP
42535,6,4,240,4,0,0,0,PortScan
443,6,20,1200,0,20,0,0,BENIGN
22,6,20,1200,0,0,20,0,SSH-Bruteforce
33058,6,4,240,4,0,0,0,PortScan
49681,6,2,120,2,0,0,0,PortScan
80,17,20,1200,0,0,0,0,DoS-UDP
8656,6,11,638,11,11,0,0,SSH-Bruteforce
41815,6,2,120,2,0,0,0,PortScan
33078,6,2,120,2,0,0,0,PortScan
0,1,20,1200,0,0,0,0,DoS-ICMP
22,6,6,360,3,0,3,0,PortScan
0,1,20,1200,0,0,0,0,DoS-ICMP
80,6,20,1200,20,0,0,0,DoS-SYN-Flood
80,6,20,1200,20,0,0,0,DoS-SYN-Flood
48806,17,20,27980,0,0,0,0,BENIGN
80,6,20,1200,20,0,0,0,DoS-SYN-Flood
80,6,20,1480,20,0,0,0,DoS-HTTP
43678,17,20,27980,0,0,0,0,BENIGN
21831,6,4,240,4,0,0,0,PortScan
47452,6,12,648,0,12,0,1,BENIGN
80,6,20,1480,20,0,0,0,DoS-HTTP
42377,6,4,240,4,0,0,0,PortScan
80,6,20,1480,20,0,0,0,DoS-HTTP
0,1,20,1200,0,0,0,0,DoS-ICMP
12530,6,4,240,4,0,0,0,PortScan
22,6,20,1200,20,0,0,0,SSH-Bruteforce
80,6,20,1200,20,0,0,0,DoS-SYN-Flood
15441,6,2,120,2,0,0,0,PortScan
22,6,20,1200,20,0,0,0,SSH-Bruteforce
37001,6,2,120,2,0,0,0,PortScan
23774,6,2,120,2,0,0,0,PortScan
80,6,20,1200,20,0,0,0,DoS-SYN-Flood
0,1,20,1200,0,0,0,0,DoS-ICMP
80,17,20,1200,0,0,0,0,DoS-UDP
80,6,20,1480,20,0,0,0,DoS-HTTP
80,6,20,1200,20,0,0,0,DoS-SYN-Flood
80,6,20,1480,20,0,0,0,DoS-HTTP
42904,17,20,27980,0,0,0,0,BENIGN
0,1,20,840,0,0,0,0,DoS-ICMP
80,6,20,1480,20,0,0,0,DoS-HTTP
80,6,20,1200,20,0,0,0,DoS-SYN-Flood
80,6,20,1200,20,0,0,0,DoS-SYN-Flood
0,1,20,840,0,0,0,0,DoS-ICMP
58368,6,2,120,2,0,0,0,PortScan
80,17,20,1200,0,0,0,0,DoS-UDP
0,1,20,840,0,0,0,0,DoS-ICMP
48796,6,1,54,0,1,1,0,BENIGN
80,6,20,1200,20,0,0,0,DoS-SYN-Flood
46705,6,4,240,4,0,0,0,PortScan
80,17,20,1200,0,0,0,0,DoS-UDP
56025,6,2,120,2,0,0,0,PortScan
0,1,20,840,0,0,0,0,DoS-ICMP
36667,6,4,240,4,0,0,0,PortScan
34795,6,9,522,9,9,0,0,SSH-Bruteforce
19095,6,8,464,8,8,0,0,SSH-Bruteforce
80,6,20,1480,20,0,0,0,DoS-HTTP
16116,6,2,120,2,0,0,0,PortScan
0,1,20,1200,0,0,0,0,DoS-ICMP
0,1,20,1200,0,0,0,0,DoS-ICMP
80,6,20,1480,20,0,0,0,DoS-HTTP
80,6,20,1480,20,0,0,0,DoS-HTTP
80,6,20,1480,20,0,0,0,DoS-HTTP
80,6,20,1200,20,0,0,0,DoS-SYN-Flood
80,6,20,1200,20,0,0,0,DoS-SYN-Flood
80,6,20,1200,20,0,0,0,DoS-SYN-Flood
80,6,20,1200,20,0,0,0,DoS-SYN-Flood
34836,6,2,120,2,0,0,0,PortScan
80,17,20,1200,0,0,0,0,DoS-UDP
80,6,20,1200,20,0,0,0,DoS-SYN-Flood
0,1,20,1200,0,0,0,0,DoS-ICMP
0,1,20,1200,0,0,0,0,DoS-ICMP
25472,6,2,120,2,0,0,0,PortScan
58270,6,2,120,2,0,0,0,PortScan
80,17,20,1200,0,0,0,0,DoS-UDP
58866,6,2,120,2,0,0,0,PortScan
0,1,20,840,0,0,0,0,DoS-ICMP
80,6,20,1200,20,0,0,0,DoS-SYN-Flood
0,1,20,840,0,0,0,0,DoS-ICMP
80,6,20,1200,20,0,0,0,DoS-SYN-Flood
22466,6,5,290,5,5,0,0,SSH-Bruteforce
0,1,20,840,0,0,0,0,DoS-ICMP
39095,6,6,348,6,6,0,0,SSH-Bruteforce
22,6,20,1200,20,0,0,0,SSH-Bruteforce
80,6,20,1200,20,0,0,0,DoS-SYN-Flood
80,6,20,1200,20,0,0,0,DoS-SYN-Flood
80,6,20,1480,20,0,0,0,DoS-HTTP
0,1,20,1200,0,0,0,0,DoS-ICMP
57290,6,5,290,5,5,0,0,SSH-Bruteforce
22,6,20,1200,20,0,0,0,SSH-Bruteforce
80,17,20,1200,0,0,0,0,DoS-UDP
0,1,20,1200,0,0,0,0,DoS-ICMP
50489,6,2,120,2,0,0,0,PortScan
25824,6,11,638,11,11,0,0,SSH-Bruteforce
80,6,20,1200,20,0,0,0,DoS-SYN-Flood
14819,6,9,522,9,9,0,0,SSH-Bruteforce
80,17,20,1200,0,0,0,0,DoS-UDP
80,17,20,1200,0,0,0,0,DoS-UDP
0,1,20,840,0,0,0,0,DoS-ICMP
36755,6,4,240,4,0,0,0,PortScan
80,17,20,1200,0,0,0,0,DoS-UDP
80,17,20,1200,0,0,0,0,DoS-UDP
80,17,20,1200,0,0,0,0,DoS-UDP
22,6,20,1200,2,0,18,0,SSH-Bruteforce
0,1,20,1200,0,0,0,0,DoS-ICMP
80,6,20,1480,20,0,0,0,DoS-HTTP
80,6,20,1200,20,0,0,0,DoS-SYN-Flood
0,1,20,840,0,0,0,0,DoS-ICMP
80,6,20,1480,20,0,0,0,DoS-HTTP
42753,6,7,406,7,7,0,0,SSH-Bruteforce
80,6,20,1200,20,0,0,0,DoS-SYN-Flood
64485,6,2,120,2,0,0,0,PortScan
22,6,20,1200,0,0,20,0,SSH-Bruteforce
80,17,20,1200,0,0,0,0,DoS-UDP
14176,6,4,240,4,0,0,0,PortScan
5183,6,6,360,6,0,0,0,PortScan
80,17,20,1200,0,0,0,0,DoS-UDP
0,1,20,840,0,0,0,0,DoS-ICMP
80,6,20,1480,20,0,0,0,DoS-HTTP
0,1,20,840,0,0,0,0,DoS-ICMP
80,6,20,1480,20,0,0,0,DoS-HTTP
80,17,20,1200,0,0,0,0,DoS-UDP
11488,6,6,348,6,6,0,0,SSH-Bruteforce
80,6,20,1480,20,0,0,0,DoS-HTTP
0,1,20,840,0,0,0,0,DoS-ICMP
55798,6,2,120,2,0,0,0,PortScan
80,6,20,1200,20,0,0,0,DoS-SYN-Flood
80,6,20,1480,20,0,0,0,DoS-HTTP
0,1,20,1200,0,0,0,0,DoS-ICMP
0,1,20,1200,0,0,0,0,DoS-ICMP
80,17,20,1200,0,0,0,0,DoS-UDP
0,1,20,1200,0,0,0,0,DoS-ICMP
16816,6,4,240,4,0,0,0,PortScan
80,17,20,1200,0,0,0,0,DoS-UDP
0,1,20,1200,0,0,0,0,DoS-ICMP
80,6,20,1200,20,0,0,0,DoS-SYN-Flood
80,17,20,1200,0,0,0,0,DoS-UDP
80,17,20,1200,0,0,0,0,DoS-UDP
57436,6,4,240,4,0,0,0,PortScan
47822,6,20,30280,0,20,0,0,BENIGN
1352,6,5,290,5,5,0,0,SSH-Bruteforce
34634,6,2,120,2,0,0,0,PortScan
0,1,20,1200,0,0,0,0,DoS-ICMP
10532,6,4,240,4,0,0,0,PortScan
80,17,20,1200,0,0,0,0,DoS-UDP
25263,6,6,348,6,6,0,0,SSH-Bruteforce
80,6,20,1200,20,0,0,0,DoS-SYN-Flood
20455,6,9,522,9,9,0,0,SSH-Bruteforce
80,6,20,1200,20,0,0,0,DoS-SYN-Flood
0,1,20,840,0,0,0,0,DoS-ICMP
0,1,20,840,0,0,0,0,DoS-ICMP
41319,6,6,348,6,6,0,0,SSH-Bruteforce
61584,6,4,232,4,4,0,0,SSH-Bruteforce
80,6,20,1480,20,0,0,0,DoS-HTTP
17583,6,7,406,7,7,0,0,SSH-Bruteforce
80,17,20,1200,0,0,0,0,DoS-UDP
80,6,20,1480,20,0,0,0,DoS-HTTP
36520,17,20,27980,0,0,0,0,BENIGN
27264,6,5,290,5,5,0,0,SSH-Bruteforce
43297,6,8,464,8,8,0,0,SSH-Bruteforce
80,6,20,1480,20,0,0,0,DoS-HTTP
52610,6,4,240,4,0,0,0,PortScan
80,17,20,1200,0,0,0,0,DoS-UDP
34349,6,2,120,2,0,0,0,PortScan
0,1,20,840,0,0,0,0,DoS-ICMP
80,6,20,1480,20,0,0,0,DoS-HTTP
80,6,20,1480,20,0,0,0,DoS-HTTP
20701,6,2,120,2,0,0,0,PortScan
80,6,20,1480,20,0,0,0,DoS-HTTP
0,1,20,1200,0,0,0,0,DoS-ICMP
9714,6,10,580,10,10,0,0,SSH-Bruteforce
0,1,20,840,0,0,0,0,DoS-ICMP
17280,6,2,120,2,0,0,0,PortScan
80,17,20,1200,0,0,0,0,DoS-UDP
80,6,20,1480,20,0,0,0,DoS-HTTP
80,17,20,1200,0,0,0,0,DoS-UDP
24847,6,4,240,4,0,0,0,PortScan
80,17,20,1200,0,0,0,0,DoS-UDP
16772,6,7,406,7,7,0,0,SSH-Bruteforce
36520,17,20,27980,0,0,0,0,BENIGN
80,6,20,1480,20,0,0,0,DoS-HTTP
22,6,20,1200,0,0,20,0,SSH-Bruteforce
21957,6,2,120,2,0,0,0,PortScan
38363,6,4,240,4,0,0,0,PortScan
8268,6,9,522,9,9,0,0,SSH-Bruteforce
0,1,20,1200,0,0,0,0,DoS-ICMP
22,6,20,1200,0,0,20,0,SSH-Bruteforce
80,17,20,1200,0,0,0,0,DoS-UDP
80,6,20,1200,20,0,0,0,DoS-SYN-Flood
80,6,20,1480,20,0,0,0,DoS-HTTP
60947,6,2,120,2,0,0,0,PortScan
49738,6,9,522,9,9,0,0,SSH-Bruteforce
80,6,20,1480,20,0,0,0,DoS-HTTP
6146,6,4,240,4,0,0,0,PortScan
7885,6,6,360,6,0,0,0,PortScan
0,1,20,1200,0,0,0,0,DoS-ICMP
0,1,20,1200,0,0,0,0,DoS-ICMP
22989,6,4,240,4,0,0,0,PortScan
80,6,20,1200,20,0,0,0,DoS-SYN-Flood
80,6,20,1480,20,0,0,0,DoS-HTTP
55135,6,9,522,9,9,0,0,SSH-Bruteforce
33036,6,6,348,6,6,0,0,SSH-Bruteforce
0,1,20,840,0,0,0,0,DoS-ICMP
9852,6,4,240,4,0,0,0,PortScan
80,6,20,1200,20,0,0,0,DoS-SYN-Flood
43068,6,4,240,4,0,0,0,PortScan
0,1,20,1200,0,0,0,0,DoS-ICMP
38238,6,7,406,7,7,0,0,SSH-Bruteforce
80,17,20,1200,0,0,0,0,DoS-UDP
80,6,20,1480,20,0,0,0,DoS-HTTP
22,6,20,1200,20,0,0,0,SSH-Bruteforce
80,6,20,1200,20,0,0,0,DoS-SYN-Flood
26550,6,6,348,6,6,0,0,SSH-Bruteforce
80,17,20,1200,0,0,0,0,DoS-UDP
0,1,20,840,0,0,0,0,DoS-ICMP
0,1,20,1200,0,0,0,0,DoS-ICMP
80,6,20,1200,20,0,0,0,DoS-SYN-Flood
58466,6,9,522,9,9,0,0,SSH-Bruteforce
80,17,20,1200,0,0,0,0,DoS-UDP
0,1,20,840,0,0,0,0,DoS-ICMP
0,1,20,840,0,0,0,0,DoS-ICMP
0,1,20,1200,0,0,0,0,DoS-ICMP
0,1,20,840,0,0,0,0,DoS-ICMP
13073,6,9,522,9,9,0,0,SSH-Bruteforce
80,6,20,1200,20,0,0,0,DoS-SYN-Flood
80,6,20,1200,20,0,0,0,DoS-SYN-Flood
0,1,20,1200,0,0,0,0,DoS-ICMP
18899,6,7,406,7,7,0,0,SSH-Bruteforce
30121,6,4,240,4,0,0,0,PortScan
80,6,20,1200,20,0,0,0,DoS-SYN-Flood
80,17,20,1200,0,0,0,0,DoS-UDP
0,1,20,1200,0,0,0,0,DoS-ICMP
1179,6,4,240,4,0,0,0,PortScan
80,6,20,1480,20,0,0,0,DoS-HTTP
0,1,20,840,0,0,0,0,DoS-ICMP
80,6,20,1200,20,0,0,0,DoS-SYN-Flood
0,1,20,1200,0,0,0,0,DoS-ICMP
25715,6,4,240,4,0,0,0,PortScan
80,17,20,1200,0,0,0,0,DoS-UDP
80,17,20,1200,0,0,0,0,DoS-UDP
36520,17,20,27980,0,0,0,0,BENIGN
0,1,20,1200,0,0,0,0,DoS-ICMP
15257,6,7,406,7,7,0,0,SSH-Bruteforce
80,6,20,1480,20,0,0,0,DoS-HTTP
26778,6,6,348,6,6,0,0,SSH-Bruteforce
80,6,20,1200,20,0,0,0,DoS-SYN-Flood
0,1,20,840,0,0,0,0,DoS-ICMP
22,6,20,1200,6,0,14,0,SSH-Bruteforce
80,17,20,1200,0,0,0,0,DoS-UDP
33240,6,20,29080,0,20,0,0,BENIGN
0,1,20,1200,0,0,0,0,DoS-ICMP
80,6,20,1200,20,0,0,0,DoS-SYN-Flood
0,1,20,840,0,0,0,0,DoS-ICMP
80,6,20,1480,20,0,0,0,DoS-HTTP
12977,6,9,522,9,9,0,0,SSH-Bruteforce
10022,6,4,240,4,0,0,0,PortScan
29411,6,4,240,4,0,0,0,PortScan
0,1,20,840,0,0,0,0,DoS-ICMP
80,6,20,1480,20,0,0,0,DoS-HTTP
52787,6,10,580,10,10,0,0,SSH-Bruteforce
80,6,20,1200,20,0,0,0,DoS-SYN-Flood
9228,6,7,406,7,7,0,0,SSH-Bruteforce
47319,6,4,240,4,0,0,0,PortScan
0,1,20,1200,0,0,0,0,DoS-ICMP
32178,6,6,348,6,6,0,0,SSH-Bruteforce
0,1,20,1200,0,0,0,0,DoS-ICMP
50883,6,7,406,7,7,0,0,SSH-Bruteforce
80,6,20,1480,20,0,0,0,DoS-HTTP
280,6,9,522,9,9,0,0,SSH-Bruteforce
0,1,20,1200,0,0,0,0,DoS-ICMP
80,17,20,1200,0,0,0,0,DoS-UDP
0,1,20,1200,0,0,0,0,DoS-ICMP
10793,6,4,240,4,0,0,0,PortScan
41308,17,20,27980,0,0,0,0,BENIGN
80,6,20,1480,20,0,0,0,DoS-HTTP
56441,6,4,240,4,0,0,0,PortScan
80,6,20,1200,20,0,0,0,DoS-SYN-Flood
80,6,20,1200,20,0,0,0,DoS-SYN-Flood
80,6,20,1480,20,0,0,0,DoS-HTTP
15697,6,4,240,4,0,0,0,PortScan
36520,17,20,27980,0,0,0,0,BENIGN
80,6,20,1480,20,0,0,0,DoS-HTTP
80,6,20,1200,20,0,0,0,DoS-SYN-Flood
80,17,20,1200,0,0,0,0,DoS-UDP
80,6,20,1200,20,0,0,0,DoS-SYN-Flood
80,6,20,1200,20,0,0,0,DoS-SYN-Flood
0,1,20,840,0,0,0,0,DoS-ICMP
80,17,20,1200,0,0,0,0,DoS-UDP
80,6,20,1480,20,0,0,0,DoS-HTTP
80,17,20,1200,0,0,0,0,DoS-UDP
26055,6,4,240,4,0,0,0,PortScan
45331,6,4,240,4,0,0,0,PortScan
80,6,20,1200,20,0,0,0,DoS-SYN-Flood
80,17,20,1200,0,0,0,0,DoS-UDP
0,1,20,1200,0,0,0,0,DoS-ICMP
80,6,20,1200,20,0,0,0,DoS-SYN-Flood
32347,6,9,522,9,9,0,0,SSH-Bruteforce
0,1,20,1200,0,0,0,0,DoS-ICMP
46859,6,9,522,9,9,0,0,SSH-Bruteforce
80,6,20,1480,20,0,0,0,DoS-HTTP
2952,6,4,240,4,0,0,0,PortScan
0,1,20,840,0,0,0,0,DoS-ICMP
40503,6,2,120,2,0,0,0,PortScan
58587,6,2,120,2,0,0,0,PortScan
80,17,20,1200,0,0,0,0,DoS-UDP
14594,6,4,240,4,0,0,0,PortScan
62089,6,6,348,6,6,0,0,SSH-Bruteforce
80,6,20,1480,20,0,0,0,DoS-HTTP
80,17,20,1200,0,0,0,0,DoS-UDP
80,6,20,1480,20,0,0,0,DoS-HTTP
80,17,20,1200,0,0,0,0,DoS-UDP
14689,6,10,580,10,10,0,0,SSH-Bruteforce
80,6,20,1480,20,0,0,0,DoS-HTTP
57688,6,7,406,7,7,0,0,SSH-Bruteforce
64311,6,2,120,2,0,0,0,PortScan
80,17,20,1200,0,0,0,0,DoS-UDP
80,6,20,1480,20,0,0,0,DoS-HTTP
80,6,20,1200,20,0,0,0,DoS-SYN-Flood
80,6,20,1200,20,0,0,0,DoS-SYN-Flood
22,6,20,1200,20,0,0,0,SSH-Bruteforce
22,6,20,1200,0,0,20,0,SSH-Bruteforce
45424,6,20,16108,0,20,0,0,BENIGN
22,6,20,1200,0,0,20,0,SSH-Bruteforce
80,6,20,1480,20,0,0,0,DoS-HTTP
80,6,20,1480,20,0,0,0,DoS-HTTP
80,6,20,1480,20,0,0,0,DoS-HTTP
36787,6,10,580,10,10,0,0,SSH-Bruteforce
80,6,20,1200,20,0,0,0,DoS-SYN-Flood
22,6,20,1200,0,0,20,0,SSH-Bruteforce
443,17,5,2290,0,0,0,0,BENIGN
13456,6,4,240,4,0,0,0,PortScan
80,6,20,1480,20,0,0,0,DoS-HTTP
80,6,20,1480,20,0,0,0,DoS-HTTP
0,1,20,1200,0,0,0,0,DoS-ICMP
43678,17,20,27980,0,0,0,0,BENIGN
80,17,20,1200,0,0,0,0,DoS-UDP
80,17,20,1200,0,0,0,0,DoS-UDP
0,1,20,840,0,0,0,0,DoS-ICMP
80,17,20,1200,0,0,0,0,DoS-UDP
0,1,20,840,0,0,0,0,DoS-ICMP
80,6,20,1200,20,0,0,0,DoS-SYN-Flood
80,17,20,1200,0,0,0,0,DoS-UDP
80,17,20,1200,0,0,0,0,DoS-UDP
60239,6,2,120,2,0,0,0,PortScan
0,1,20,840,0,0,0,0,DoS-ICMP
80,6,20,1200,20,0,0,0,DoS-SYN-Flood
80,6,20,1200,20,0,0,0,DoS-SYN-Flood
44651,6,7,406,7,7,0,0,SSH-Bruteforce
80,17,20,1200,0,0,0,0,DoS-UDP
80,6,20,1200,20,0,0,0,DoS-SYN-Flood
80,17,20,1200,0,0,0,0,DoS-UDP
38300,6,18,6189,1,18,0,1,BENIGN
80,6,20,1480,20,0,0,0,DoS-HTTP
80,6,20,1480,20,0,0,0,DoS-HTTP
0,1,20,840,0,0,0,0,DoS-ICMP
22,6,20,1200,20,0,0,0,SSH-Bruteforce
8382,6,7,406,7,7,0,0,SSH-Bruteforce
0,1,20,1200,0,0,0,0,DoS-ICMP
80,6,20,1480,20,0,0,0,DoS-HTTP
80,6,20,1480,20,0,0,0,DoS-HTTP
443,17,20,16560,0,0,0,0,BENIGN
80,6,20,1200,20,0,0,0,DoS-SYN-Flood
12894,6,9,522,9,9,0,0,SSH-Bruteforce
22,6,20,1200,8,0,12,0,SSH-Bruteforce
80,17,20,1200,0,0,0,0,DoS-UDP
0,1,20,1200,0,0,0,0,DoS-ICMP
80,6,20,1480,20,0,0,0,DoS-HTTP
80,6,20,1200,20,0,0,0,DoS-SYN-Flood
35762,6,11,638,11,11,0,0,SSH-Bruteforce
80,6,20,1480,20,0,0,0,DoS-HTTP
80,17,20,1200,0,0,0,0,DoS-UDP
80,17,20,1200,0,0,0,0,DoS-UDP
19442,6,11,638,11,11,0,0,SSH-Bruteforce
80,6,20,1200,20,0,0,0,DoS-SYN-Flood
80,6,20,1200,20,0,0,0,DoS-SYN-Flood
22,6,20,1200,4,0,16,0,SSH-Bruteforce
80,6,20,1480,20,0,0,0,DoS-HTTP
80,17,20,1200,0,0,0,0,DoS-UDP
40811,6,8,464,8,8,0,0,SSH-Bruteforce
80,17,20,1200,0,0,0,0,DoS-UDP
443,17,20,2509,0,0,0,0,BENIGN
980,6,4,240,4,0,0,0,PortScan
80,6,20,1200,20,0,0,0,DoS-SYN-Flood
3168,6,7,406,7,7,0,0,SSH-Bruteforce
80,6,20,1200,20,0,0,0,DoS-SYN-Flood
26222,6,2,120,2,0,0,0,PortScan
80,6,20,1200,20,0,0,0,DoS-SYN-Flood
0,1,20,1200,0,0,0,0,DoS-ICMP
0,1,20,1200,0,0,0,0,DoS-ICMP
56283,6,2,120,2,0,0,0,PortScan
80,17,20,1200,0,0,0,0,DoS-UDP
80,6,20,1200,20,0,0,0,DoS-SYN-Flood
0,1,20,1200,0,0,0,0,DoS-ICMP
80,17,20,1200,0,0,0,0,DoS-UDP
80,6,20,1200,20,0,0,0,DoS-SYN-Flood
80,17,20,1200,0,0,0,0,DoS-UDP
63793,6,2,120,2,0,0,0,PortScan
80,17,20,1200,0,0,0,0,DoS-UDP
33788,6,4,240,4,0,0,0,PortScan
80,6,20,1480,20,0,0,0,DoS-HTTP
0,1,20,840,0,0,0,0,DoS-ICMP
54746,6,20,29140,0,20,0,0,BENIGN
80,17,20,1200,0,0,0,0,DoS-UDP
80,6,20,1200,20,0,0,0,DoS-SYN-Flood
80,6,20,1200,20,0,0,0,DoS-SYN-Flood
36520,17,20,27980,0,0,0,0,BENIGN
80,6,20,1480,20,0,0,0,DoS-HTTP
0,1,20,1200,0,0,0,0,DoS-ICMP
80,6,20,1200,20,0,0,0,DoS-SYN-Flood
22,6,20,1200,2,0,18,0,SSH-Bruteforce
24703,6,6,348,6,6,0,0,SSH-Bruteforce
80,17,20,1200,0,0,0,0,DoS-UDP
80,17,20,1200,0,0,0,0,DoS-UDP
25784,6,2,120,2,0,0,0,PortScan
63014,6,4,240,4,0,0,0,PortScan
80,6,20,1200,20,0,0,0,DoS-SYN-Flood
80,6,20,1200,20,0,0,0,DoS-SYN-Flood
0,1,20,1200,0,0,0,0,DoS-ICMP
64248,6,7,406,7,7,0,0,SSH-Bruteforce
80,6,20,1480,20,0,0,0,DoS-HTTP
80,6,20,1200,20,0,0,0,DoS-SYN-Flood
22,6,20,1200,0,0,20,0,SSH-Bruteforce
52070,6,6,348,6,6,0,0,SSH-Bruteforce
0,1,20,1200,0,0,0,0,DoS-ICMP
19997,6,7,406,7,7,0,0,SSH-Bruteforce
22,6,20,1200,0,0,20,0,SSH-Bruteforce
80,17,20,1200,0,0,0,0,DoS-UDP
80,6,20,1200,20,0,0,0,DoS-SYN-Flood
0,1,20,840,0,0,0,0,DoS-ICMP
25076,6,4,240,4,0,0,0,PortScan
22383,6,2,120,2,0,0,0,PortScan
80,6,20,1480,20,0,0,0,DoS-HTTP
5021,6,8,464,8,8,0,0,SSH-Bruteforce
0,1,20,1200,0,0,0,0,DoS-ICMP
80,6,20,1200,20,0,0,0,DoS-SYN-Flood
29410,6,4,240,4,0,0,0,PortScan
0,1,20,1200,0,0,0,0,DoS-ICMP
80,17,20,1200,0,0,0,0,DoS-UDP
80,17,20,1200,0,0,0,0,DoS-UDP
80,6,20,1480,20,0,0,0,DoS-HTTP
0,1,20,1200,0,0,0,0,DoS-ICMP
80,6,20,1200,20,0,0,0,DoS-SYN-Flood
22,6,20,1200,20,0,0,0,SSH-Bruteforce
0,1,20,840,0,0,0,0,DoS-ICMP
80,6,20,1480,20,0,0,0,DoS-HTTP
9105,6,4,240,4,0,0,0,PortScan
80,6,20,1200,20,0,0,0,DoS-SYN-Flood
0,1,20,840,0,0,0,0,DoS-ICMP
80,6,20,1480,20,0,0,0,DoS-HTTP
80,6,20,1480,20,0,0,0,DoS-HTTP
80,17,20,1200,0,0,0,0,DoS-UDP
22,6,20,1200,20,0,0,0,SSH-Bruteforce
80,17,20,1200,0,0,0,0,DoS-UDP
80,6,20,1480,20,0,0,0,DoS-HTTP
64658,6,7,406,7,7,0,0,SSH-Bruteforce
0,1,20,1200,0,0,0,0,DoS-ICMP
80,6,20,1480,20,0,0,0,DoS-HTTP
80,6,20,1200,20,0,0,0,DoS-SYN-Flood
60272,6,6,348,6,6,0,0,SSH-Bruteforce
0,1,20,1200,0,0,0,0,DoS-ICMP
31360,6,5,290,5,5,0,0,SSH-Bruteforce
22,6,20,1200,1,0,19,0,SSH-Bruteforce
0,1,20,840,0,0,0,0,DoS-ICMP
80,6,20,1200,20,0,0,0,DoS-SYN-Flood
13370,6,4,240,4,0,0,0,PortScan
39902,17,20,27980,0,0,0,0,BENIGN
22,6,20,1200,0,0,20,0,SSH-Bruteforce
0,1,20,840,0,0,0,0,DoS-ICMP
18665,6,8,464,8,8,0,0,SSH-Bruteforce
80,6,20,1200,20,0,0,0,DoS-SYN-Flood
22,6,20,1200,20,0,0,0,SSH-Bruteforce
80,6,20,1200,20,0,0,0,DoS-SYN-Flood
36520,17,20,27980,0,0,0,0,BENIGN
80,6,20,1200,20,0,0,0,DoS-SYN-Flood
42021,6,4,240,4,0,0,0,PortScan
55112,6,4,240,4,0,0,0,PortScan
51647,6,4,232,4,4,0,0,SSH-Bruteforce
80,6,20,1480,20,0,0,0,DoS-HTTP
0,1,20,1200,0,0,0,0,DoS-ICMP
80,6,20,1480,20,0,0,0,DoS-HTTP
42160,6,20,19221,1,20,0,0,BENIGN
19618,6,2,120,2,0,0,0,PortScan
49816,6,10,580,10,10,0,0,SSH-Bruteforce
80,6,20,1480,20,0,0,0,DoS-HTTP
80,17,20,1200,0,0,0,0,DoS-UDP
57587,6,2,120,2,0,0,0,PortScan
13230,6,11,638,11,11,0,0,SSH-Bruteforce
0,1,20,840,0,0,0,0,DoS-ICMP
80,17,20,1200,0,0,0,0,DoS-UDP
443,17,20,13691,0,0,0,0,BENIGN
22,6,20,1200,20,0,0,0,SSH-Bruteforce
80,6,20,1480,20,0,0,0,DoS-HTTP
80,6,20,1200,20,0,0,0,DoS-SYN-Flood
40449,6,6,348,6,6,0,0,SSH-Bruteforce
0,1,20,840,0,0,0,0,DoS-ICMP
80,6,20,1480,20,0,0,0,DoS-HTTP
80,17,20,1200,0,0,0,0,DoS-UDP
80,6,20,1200,20,0,0,0,DoS-SYN-Flood
20962,6,2,120,2,0,0,0,PortScan
80,6,20,1200,20,0,0,0,DoS-SYN-Flood
0,1,20,840,0,0,0,0,DoS-ICMP
0,1,20,840,0,0,0,0,DoS-ICMP
80,17,20,1200,0,0,0,0,DoS-UDP
0,1,20,840,0,0,0,0,DoS-ICMP
0,1,20,840,0,0,0,0,DoS-ICMP
80,17,20,1200,0,0,0,0,DoS-UDP
0,1,20,1200,0,0,0,0,DoS-ICMP
50935,6,14,812,14,14,0,0,SSH-Bruteforce
80,6,20,1200,20,0,0,0,DoS-SYN-Flood
0,1,20,1200,0,0,0,0,DoS-ICMP
80,6,20,1480,20,0,0,0,DoS-HTTP
80,17,20,1200,0,0,0,0,DoS-UDP
80,17,20,1200,0,0,0,0,DoS-UDP
23423,6,4,240,4,0,0,0,PortScan
49185,6,9,522,9,9,0,0,SSH-Bruteforce
55092,6,2,120,2,0,0,0,PortScan
80,6,20,1200,20,0,0,0,DoS-SYN-Flood
80,6,20,1480,20,0,0,0,DoS-HTTP
80,6,20,1480,20,0,0,0,DoS-HTTP
80,17,20,1200,0,0,0,0,DoS-UDP
0,1,20,1200,0,0,0,0,DoS-ICMP
80,6,20,1480,20,0,0,0,DoS-HTTP
22,6,20,1200,20,0,0,0,SSH-Bruteforce
80,6,20,1200,20,0,0,0,DoS-SYN-Flood
28596,6,10,580,10,10,0,0,SSH-Bruteforce
80,17,20,1200,0,0,0,0,DoS-UDP
7346,6,4,240,4,0,0,0,PortScan
0,1,20,840,0,0,0,0,DoS-ICMP
80,6,20,1200,20,0,0,0,DoS-SYN-Flood
443,17,20,3252,0,0,0,0,BENIGN
36583,6,2,120,2,0,0,0,PortScan
0,1,20,1200,0,0,0,0,DoS-ICMP
80,6,20,1200,20,0,0,0,DoS-SYN-Flood
0,1,20,1200,0,0,0,0,DoS-ICMP
80,6,20,1480,20,0,0,0,DoS-HTTP
53756,6,2,120,2,0,0,0,PortScan
80,6,20,1200,20,0,0,0,DoS-SYN-Flood
80,6,20,1200,20,0,0,0,DoS-SYN-Flood
80,17,20,1200,0,0,0,0,DoS-UDP
80,6,20,1200,20,0,0,0,DoS-SYN-Flood
80,6,20,1480,20,0,0,0,DoS-HTTP
55682,6,4,232,4,4,0,0,SSH-Bruteforce
80,17,20,1200,0,0,0,0,DoS-UDP
22,6,20,1200,16,0,4,0,SSH-Bruteforce
80,17,20,1200,0,0,0,0,DoS-UDP
80,6,20,1200,20,0,0,0,DoS-SYN-Flood
80,17,20,1200,0,0,0,0,DoS-UDP
80,17,20,1200,0,0,0,0,DoS-UDP
0,1,20,1200,0,0,0,0,DoS-ICMP
0,1,20,840,0,0,0,0,DoS-ICMP
80,6,20,1200,20,0,0,0,DoS-SYN-Flood
0,1,20,1200,0,0,0,0,DoS-ICMP
22,6,20,1200,0,0,20,0,SSH-Bruteforce
22083,6,2,120,2,0,0,0,PortScan
80,6,20,1480,20,0,0,0,DoS-HTTP
80,17,20,1200,0,0,0,0,DoS-UDP
80,6,20,1480,20,0,0,0,DoS-HTTP
60923,6,2,120,2,0,0,0,PortScan
80,6,20,1200,20,0,0,0,DoS-SYN-Flood
36520,17,20,27980,0,0,0,0,BENIGN
0,1,20,840,0,0,0,0,DoS-ICMP
19666,6,2,120,2,0,0,0,PortScan
0,1,20,1200,0,0,0,0,DoS-ICMP
80,6,20,1480,20,0,0,0,DoS-HTTP
0,1,20,1200,0,0,0,0,DoS-ICMP
57830,6,2,120,2,0,0,0,PortScan
80,6,20,1200,20,0,0,0,DoS-SYN-Flood
29579,6,4,240,4,0,0,0,PortScan
80,6,20,1480,20,0,0,0,DoS-HTTP
61754,6,2,120,2,0,0,0,PortScan
60886,6,20,29042,0,20,0,0,BENIGN
22,6,20,1200,0,0,20,0,SSH-Bruteforce
54829,17,20,27980,0,0,0,0,BENIGN
80,6,20,1480,20,0,0,0,DoS-HTTP
0,1,20,1200,0,0,0,0,DoS-ICMP
0,1,20,1200,0,0,0,0,DoS-ICMP
60401,6,8,464,8,8,0,0,SSH-Bruteforce
80,6,20,1200,20,0,0,0,DoS-SYN-Flood
80,6,20,1480,20,0,0,0,DoS-HTTP
0,1,20,840,0,0,0,0,DoS-ICMP
24006,6,2,120,2,0,0,0,PortScan
36519,6,8,464,8,8,0,0,SSH-Bruteforce
80,17,20,1200,0,0,0,0,DoS-UDP
80,6,20,1480,20,0,0,0,DoS-HTTP
11078,6,4,240,4,0,0,0,PortScan
19790,6,2,120,2,0,0,0,PortScan
0,1,20,1200,0,0,0,0,DoS-ICMP
15540,6,4,240,4,0,0,0,PortScan
21476,6,9,522,9,9,0,0,SSH-Bruteforce
45388,6,4,240,4,0,0,0,PortScan
56915,6,6,348,6,6,0,0,SSH-Bruteforce
18342,6,4,240,4,0,0,0,PortScan
43576,6,2,120,2,0,0,0,PortScan
80,17,20,1200,0,0,0,0,DoS-UDP
80,6,20,1480,20,0,0,0,DoS-HTTP
80,6,20,1200,20,0,0,0,DoS-SYN-Flood
80,17,20,1200,0,0,0,0,DoS-UDP
0,1,20,1200,0,0,0,0,DoS-ICMP
0,1,20,840,0,0,0,0,DoS-ICMP
80,17,20,1200,0,0,0,0,DoS-UDP
80,17,20,1200,0,0,0,0,DoS-UDP
80,6,20,1480,20,0,0,0,DoS-HTTP
0,1,20,840,0,0,0,0,DoS-ICMP
49179,6,9,522,9,9,0,0,SSH-Bruteforce
80,6,20,1480,20,0,0,0,DoS-HTTP
54829,17,20,27980,0,0,0,0,BENIGN
0,1,20,1200,0,0,0,0,DoS-ICMP
80,6,20,1200,20,0,0,0,DoS-SYN-Flood
80,17,20,1200,0,0,0,0,DoS-UDP
80,6,20,1200,20,0,0,0,DoS-SYN-Flood
59958,6,8,464,8,8,0,0,SSH-Bruteforce
33240,6,20,28840,0,20,0,0,BENIGN
0,1,20,1200,0,0,0,0,DoS-ICMP
45424,6,20,4298,0,20,0,0,BENIGN
80,6,20,1480,20,0,0,0,DoS-HTTP
0,1,20,1200,0,0,0,0,DoS-ICMP
25005,6,4,240,4,0,0,0,PortScan
12416,6,6,360,6,0,0,0,PortScan
80,6,20,1200,20,0,0,0,DoS-SYN-Flood
80,6,20,1480,20,0,0,0,DoS-HTTP
80,6,20,1200,20,0,0,0,DoS-SYN-Flood
22,6,20,1200,9,0,11,0,SSH-Bruteforce
0,1,20,840,0,0,0,0,DoS-ICMP
22,6,20,1200,20,0,0,0,SSH-Bruteforce
0,1,20,1200,0,0,0,0,DoS-ICMP
60380,6,6,348,6,6,0,0,SSH-Bruteforce
34914,6,4,240,4,0,0,0,PortScan
80,17,20,1200,0,0,0,0,DoS-UDP
22,6,20,1200,0,0,20,0,SSH-Bruteforce
21785,6,2,120,2,0,0,0,PortScan
0,1,20,1200,0,0,0,0,DoS-ICMP
0,1,20,1200,0,0,0,0,DoS-ICMP
22,6,20,1200,0,0,20,0,SSH-Bruteforce
80,6,20,1200,20,0,0,0,DoS-SYN-Flood
80,6,20,1480,20,0,0,0,DoS-HTTP
80,6,20,1200,20,0,0,0,DoS-SYN-Flood
0,1,20,1200,0,0,0,0,DoS-ICMP
36923,6,2,120,2,0,0,0,PortScan
0,1,20,1200,0,0,0,0,DoS-ICMP
47774,17,20,27528,0,0,0,0,BENIGN
23874,6,2,120,2,0,0,0,PortScan
29763,6,2,120,2,0,0,0,PortScan
50301,6,4,240,4,0,0,0,PortScan
11397,6,6,360,6,0,0,0,PortScan
48744,6,5,274,1,5,1,0,BENIGN
80,6,20,1480,20,0,0,0,DoS-HTTP
0,1,20,840,0,0,0,0,DoS-ICMP
80,17,20,1200,0,0,0,0,DoS-UDP
80,17,20,1200,0,0,0,0,DoS-UDP
0,1,20,1200,0,0,0,0,DoS-ICMP
0,1,20,840,0,0,0,0,DoS-ICMP
80,6,20,1480,20,0,0,0,DoS-HTTP
80,17,20,1200,0,0,0,0,DoS-UDP
22,6,20,1200,0,0,20,0,SSH-Bruteforce
39435,6,2,120,2,0,0,0,PortScan
80,6,20,1480,20,0,0,0,DoS-HTTP
80,17,20,1200,0,0,0,0,DoS-UDP
55711,6,6,348,6,6,0,0,SSH-Bruteforce
80,6,20,1200,20,0,0,0,DoS-SYN-Flood
0,1,20,840,0,0,0,0,DoS-ICMP
80,6,20,1200,20,0,0,0,DoS-SYN-Flood
33240,6,20,29200,0,20,0,0,BENIGN
22,6,20,1200,20,0,0,0,SSH-Bruteforce
0,1,20,840,0,0,0,0,DoS-ICMP
80,6,20,1480,20,0,0,0,DoS-HTTP
443,17,20,9576,0,0,0,0,BENIGN
56183,6,7,406,7,7,0,0,SSH-Bruteforce
80,6,20,1480,20,0,0,0,DoS-HTTP
0,1,20,840,0,0,0,0,DoS-ICMP
37237,6,9,522,9,9,0,0,SSH-Bruteforce
46720,6,4,240,4,0,0,0,PortScan
41587,6,12,696,12,12,0,0,SSH-Bruteforce
22,6,20,1200,4,0,16,0,SSH-Bruteforce
45520,6,9,522,9,9,0,0,SSH-Bruteforce
80,17,20,1200,0,0,0,0,DoS-UDP
80,17,20,1200,0,0,0,0,DoS-UDP
80,6,20,1200,20,0,0,0,DoS-SYN-Flood
80,6,20,1200,20,0,0,0,DoS-SYN-Flood
80,6,20,1480,20,0,0,0,DoS-HTTP
80,6,20,1200,20,0,0,0,DoS-SYN-Flood
35682,6,4,240,4,0,0,0,PortScan
80,6,20,1480,20,0,0,0,DoS-HTTP
55970,6,2,120,2,0,0,0,PortScan
80,6,20,1200,20,0,0,0,DoS-SYN-Flood
41307,6,7,406,7,7,0,0,SSH-Bruteforce
22,6,20,1200,0,0,20,0,SSH-Bruteforce
80,6,20,1200,20,0,0,0,DoS-SYN-Flood
44319,6,2,120,2,0,0,0,PortScan
80,6,20,1200,20,0,0,0,DoS-SYN-Flood
62508,6,4,240,4,0,0,0,PortScan
36520,17,20,27980,0,0,0,0,BENIGN
80,6,20,1200,20,0,0,0,DoS-SYN-Flood
22,6,20,1200,0,0,20,0,SSH-Bruteforce
22,6,20,1200,0,0,20,0,SSH-Bruteforce
28957,6,6,348,6,6,0,0,SSH-Bruteforce
33240,6,20,29020,0,20,0,0,BENIGN
80,6,20,1200,20,0,0,0,DoS-SYN-Flood
22,6,20,1200,1,0,19,0,SSH-Bruteforce
80,6,20,1480,20,0,0,0,DoS-HTTP
24205,6,5,290,5,5,0,0,SSH-Bruteforce
12760,6,11,638,11,11,0,0,SSH-Bruteforce
0,1,20,840,0,0,0,0,DoS-ICMP
80,17,20,1200,0,0,0,0,DoS-UDP
31754,6,6,348,6,6,0,0,SSH-Bruteforce
80,6,20,1200,20,0,0,0,DoS-SYN-Flood
42163,6,2,120,2,0,0,0,PortScan
80,17,20,1200,0,0,0,0,DoS-UDP
0,1,20,840,0,0,0,0,DoS-ICMP
0,1,20,840,0,0,0,0,DoS-ICMP
65146,6,5,290,5,5,0,0,SSH-Bruteforce
80,6,20,1200,20,0,0,0,DoS-SYN-Flood
0,1,20,840,0,0,0,0,DoS-ICMP
80,6,20,1200,20,0,0,0,DoS-SYN-Flood
80,6,20,1200,20,0,0,0,DoS-SYN-Flood
4673,6,4,240,4,0,0,0,PortScan
23086,6,2,120,2,0,0,0,PortScan
80,17,20,1200,0,0,0,0,DoS-UDP
60886,6,20,29781,0,20,0,0,BENIGN
80,17,20,1200,0,0,0,0,DoS-UDP
43944,6,8,464,8,8,0,0,SSH-Bruteforce
80,17,20,1200,0,0,0,0,DoS-UDP
80,6,20,1480,20,0,0,0,DoS-HTTP
60886,6,20,26760,0,20,0,0,BENIGN
80,6,20,1480,20,0,0,0,DoS-HTTP
0,1,20,840,0,0,0,0,DoS-ICMP
0,1,20,1200,0,0,0,0,DoS-ICMP
80,6,20,1480,20,0,0,0,DoS-HTTP
0,1,20,840,0,0,0,0,DoS-ICMP
0,1,20,1200,0,0,0,0,DoS-ICMP
80,6,20,1200,20,0,0,0,DoS-SYN-Flood
2602,6,7,406,7,7,0,0,SSH-Bruteforce
54634,6,2,120,2,0,0,0,PortScan
0,1,20,840,0,0,0,0,DoS-ICMP
0,1,20,840,0,0,0,0,DoS-ICMP
36520,17,20,27980,0,0,0,0,BENIGN
80,6,20,1200,20,0,0,0,DoS-SYN-Flood
80,17,20,1200,0,0,0,0,DoS-UDP
80,6,20,1200,20,0,0,0,DoS-SYN-Flood
80,6,20,1480,20,0,0,0,DoS-HTTP
14555,6,8,464,8,8,0,0,SSH-Bruteforce
1650,6,4,240,4,0,0,0,PortScan
37316,6,8,464,8,8,0,0,SSH-Bruteforce
26520,6,2,120,2,0,0,0,PortScan
80,6,20,1200,20,0,0,0,DoS-SYN-Flood
80,17,20,1200,0,0,0,0,DoS-UDP
33102,6,4,240,4,0,0,0,PortScan
80,6,20,1200,20,0,0,0,DoS-SYN-Flood
60886,6,20,29200,0,20,0,0,BENIGN
443,6,20,1200,0,20,0,0,BENIGN
60886,6,20,29200,0,20,0,0,BENIGN
80,17,20,1200,0,0,0,0,DoS-UDP
32700,6,11,638,11,11,0,0,SSH-Bruteforce
80,6,20,1480,20,0,0,0,DoS-HTTP
7062,6,4,240,4,0,0,0,PortScan
0,1,20,840,0,0,0,0,DoS-ICMP
80,6,20,1200,20,0,0,0,DoS-SYN-Flood
80,6,20,1200,20,0,0,0,DoS-SYN-Flood
80,6,20,1200,20,0,0,0,DoS-SYN-Flood
80,6,20,1200,20,0,0,0,DoS-SYN-Flood
53272,6,20,29200,0,20,0,0,BENIGN
80,17,20,1200,0,0,0,0,DoS-UDP
0,1,20,1200,0,0,0,0,DoS-ICMP
0,1,20,1200,0,0,0,0,DoS-ICMP
80,6,20,1480,20,0,0,0,DoS-HTTP
56329,6,6,348,6,6,0,0,SSH-Bruteforce
22,6,20,1200,2,0,18,0,SSH-Bruteforce
0,1,20,840,0,0,0,0,DoS-ICMP
35934,6,4,240,4,0,0,0,PortScan
55623,6,4,240,4,0,0,0,PortScan
80,6,20,1480,20,0,0,0,DoS-HTTP
0,1,20,840,0,0,0,0,DoS-ICMP
5000,6,10,580,10,10,0,0,SSH-Bruteforce
22,6,20,1200,2,0,18,0,SSH-Bruteforce
20850,6,7,406,7,7,0,0,SSH-Bruteforce
80,6,20,1480,20,0,0,0,DoS-HTTP
55479,6,6,348,6,6,0,0,SSH-Bruteforce
80,17,20,1200,0,0,0,0,DoS-UDP
80,6,20,1200,20,0,0,0,DoS-SYN-Flood
80,6,20,1200,20,0,0,0,DoS-SYN-Flood
38612,6,4,240,4,0,0,0,PortScan
80,6,20,1480,20,0,0,0,DoS-HTTP
7193,6,4,240,4,0,0,0,PortScan
7834,6,5,290,5,5,0,0,SSH-Bruteforce
13548,6,7,406,7,7,0,0,SSH-Bruteforce
53282,6,20,27426,0,20,0,0,BENIGN
80,6,20,1480,20,0,0,0,DoS-HTTP
50666,6,2,120,2,0,0,0,PortScan
80,6,20,1480,20,0,0,0,DoS-HTTP
80,6,20,1200,20,0,0,0,DoS-SYN-Flood
39803,6,2,120,2,0,0,0,PortScan
0,1,20,1200,0,0,0,0,DoS-ICMP
36520,17,20,27980,0,0,0,0,BENIGN
31331,6,2,120,2,0,0,0,PortScan
80,6,20,1200,20,0,0,0,DoS-SYN-Flood
80,17,20,1200,0,0,0,0,DoS-UDP
80,6,20,1480,20,0,0,0,DoS-HTTP
19960,6,7,406,7,7,0,0,SSH-Bruteforce
0,1,20,840,0,0,0,0,DoS-ICMP
80,6,20,1200,20,0,0,0,DoS-SYN-Flood
80,17,20,1200,0,0,0,0,DoS-UDP
13955,6,8,464,8,8,0,0,SSH-Bruteforce
2648,6,6,348,6,6,0,0,SSH-Bruteforce
43695,6,2,120,2,0,0,0,PortScan
22,6,20,1200,20,0,0,0,SSH-Bruteforce
80,17,20,1200,0,0,0,0,DoS-UDP
54296,6,6,348,6,6,0,0,SSH-Bruteforce
36520,17,20,27980,0,0,0,0,BENIGN
22,6,20,1200,19,0,1,0,SSH-Bruteforce
80,6,20,1200,20,0,0,0,DoS-SYN-Flood
9525,6,4,240,4,0,0,0,PortScan
80,17,20,1200,0,0,0,0,DoS-UDP
0,1,20,840,0,0,0,0,DoS-ICMP
0,1,20,1200,0,0,0,0,DoS-ICMP
35020,6,2,120,2,0,0,0,PortScan
22,6,20,1200,20,0,0,0,SSH-Bruteforce
28809,6,7,406,7,7,0,0,SSH-Bruteforce
80,17,20,1200,0,0,0,0,DoS-UDP
53258,6,20,30279,0,20,0,0,BENIGN
80,6,20,1480,20,0,0,0,DoS-HTTP
80,6,20,1200,20,0,0,0,DoS-SYN-Flood
80,6,20,1480,20,0,0,0,DoS-HTTP
80,17,20,1200,0,0,0,0,DoS-UDP
32870,6,6,348,6,6,0,0,SSH-Bruteforce
0,1,20,1200,0,0,0,0,DoS-ICMP
26129,6,9,522,9,9,0,0,SSH-Bruteforce
80,17,20,1200,0,0,0,0,DoS-UDP
80,6,20,1200,20,0,0,0,DoS-SYN-Flood
0,1,20,1200,0,0,0,0,DoS-ICMP
80,6,20,1200,20,0,0,0,DoS-SYN-Flood
80,6,20,1480,20,0,0,0,DoS-HTTP
63157,6,4,240,4,0,0,0,PortScan
10563,6,4,240,4,0,0,0,PortScan
80,6,20,1480,20,0,0,0,DoS-HTTP
80,17,20,1200,0,0,0,0,DoS-UDP
80,6,20,1480,20,0,0,0,DoS-HTTP
1806,6,6,348,6,6,0,0,SSH-Bruteforce
80,6,20,1480,20,0,0,0,DoS-HTTP
80,6,20,1480,20,0,0,0,DoS-HTTP
12540,6,8,464,8,8,0,0,SSH-Bruteforce
80,17,20,1200,0,0,0,0,DoS-UDP
80,17,20,1200,0,0,0,0,DoS-UDP
0,1,20,1200,0,0,0,0,DoS-ICMP
0,1,20,840,0,0,0,0,DoS-ICMP
2073,6,4,240,4,0,0,0,PortScan
80,6,20,1480,20,0,0,0,DoS-HTTP
50828,6,7,406,7,7,0,0,SSH-Bruteforce
0,1,20,1200,0,0,0,0,DoS-ICMP
80,17,20,1200,0,0,0,0,DoS-UDP
80,17,20,1200,0,0,0,0,DoS-UDP
0,1,20,1200,0,0,0,0,DoS-ICMP
80,17,20,1200,0,0,0,0,DoS-UDP
80,6,20,1200,20,0,0,0,DoS-SYN-Flood
26972,6,4,240,4,0,0,0,PortScan
14776,6,7,406,7,7,0,0,SSH-Bruteforce
80,17,20,1200,0,0,0,0,DoS-UDP
18989,6,5,290,5,5,0,0,SSH-Bruteforce
22989,6,9,522,9,9,0,0,SSH-Bruteforce
80,6,20,1480,20,0,0,0,DoS-HTTP
45447,17,20,27980,0,0,0,0,BENIGN
0,1,20,1200,0,0,0,0,DoS-ICMP
0,1,20,840,0,0,0,0,DoS-ICMP
30299,6,2,120,2,0,0,0,PortScan
26536,6,2,120,2,0,0,0,PortScan
0,1,20,840,0,0,0,0,DoS-ICMP
443,17,20,9286,0,0,0,0,BENIGN
6681,6,4,240,4,0,0,0,PortScan
50670,6,2,120,2,0,0,0,PortScan
22,6,20,1200,20,0,0,0,SSH-Bruteforce
41170,6,8,464,8,8,0,0,SSH-Bruteforce
42440,17,20,27980,0,0,0,0,BENIGN
80,6,20,1200,20,0,0,0,DoS-SYN-Flood
443,17,20,20393,0,0,0,0,BENIGN
22969,6,8,464,8,8,0,0,SSH-Bruteforce
80,17,20,1200,0,0,0,0,DoS-UDP
80,6,20,1480,20,0,0,0,DoS-HTTP
80,6,20,1200,20,0,0,0,DoS-SYN-Flood
80,6,20,1200,20,0,0,0,DoS-SYN-Flood
26149,6,2,120,2,0,0,0,PortScan
80,6,20,1200,20,0,0,0,DoS-SYN-Flood
80,6,20,1480,20,0,0,0,DoS-HTTP
80,6,20,1480,20,0,0,0,DoS-HTTP
80,17,20,1200,0,0,0,0,DoS-UDP
22,6,20,1200,0,0,20,0,SSH-Bruteforce
80,6,20,1200,20,0,0,0,DoS-SYN-Flood
0,1,20,1200,0,0,0,0,DoS-ICMP
57424,6,2,120,2,0,0,0,PortScan
80,17,20,1200,0,0,0,0,DoS-UDP
80,6,20,1200,20,0,0,0,DoS-SYN-Flood
80,17,20,1200,0,0,0,0,DoS-UDP
7686,6,4,240,4,0,0,0,PortScan
46037,6,2,120,2,0,0,0,PortScan
0,1,20,1200,0,0,0,0,DoS-ICMP
80,6,20,1200,20,0,0,0,DoS-SYN-Flood
0,1,20,1200,0,0,0,0,DoS-ICMP
0,1,20,1200,0,0,0,0,DoS-ICMP
0,1,20,1200,0,0,0,0,DoS-ICMP
80,6,20,1480,20,0,0,0,DoS-HTTP
80,17,20,1200,0,0,0,0,DoS-UDP
80,6,20,1480,20,0,0,0,DoS-HTTP
17458,6,7,406,7,7,0,0,SSH-Bruteforce
15532,6,8,464,8,8,0,0,SSH-Bruteforce
0,1,20,1200,0,0,0,0,DoS-ICMP
80,6,20,1480,20,0,0,0,DoS-HTTP
80,6,20,1480,20,0,0,0,DoS-HTTP
80,6,20,1480,20,0,0,0,DoS-HTTP
23331,6,9,522,9,9,0,0,SSH-Bruteforce
80,17,20,1200,0,0,0,0,DoS-UDP
80,6,20,1200,20,0,0,0,DoS-SYN-Flood
80,6,20,1200,20,0,0,0,DoS-SYN-Flood
31788,6,4,240,4,0,0,0,PortScan
11510,6,4,240,4,0,0,0,PortScan
15190,6,4,240,4,0,0,0,PortScan
22,6,20,1200,0,0,20,0,SSH-Bruteforce
80,6,20,1480,20,0,0,0,DoS-HTTP
22,6,20,1200,7,0,13,0,SSH-Bruteforce
0,1,20,840,0,0,0,0,DoS-ICMP
80,6,20,1480,20,0,0,0,DoS-HTTP
12840,6,8,464,8,8,0,0,SSH-Bruteforce
0,1,20,840,0,0,0,0,DoS-ICMP
0,1,20,1200,0,0,0,0,DoS-ICMP
80,6,20,1480,20,0,0,0,DoS-HTTP
27977,6,2,120,2,0,0,0,PortScan
80,6,20,1200,20,0,0,0,DoS-SYN-Flood
24857,6,2,120,2,0,0,0,PortScan
43887,6,6,348,6,6,0,0,SSH-Bruteforce
39427,6,2,120,2,0,0,0,PortScan
80,6,20,1480,20,0,0,0,DoS-HTTP
60886,6,20,28780,0,20,0,0,BENIGN
36380,6,4,240,4,0,0,0,PortScan
80,17,20,1200,0,0,0,0,DoS-UDP
54062,6,7,406,7,7,0,0,SSH-Bruteforce
80,17,20,1200,0,0,0,0,DoS-UDP
80,6,20,1200,20,0,0,0,DoS-SYN-Flood
80,6,20,1200,20,0,0,0,DoS-SYN-Flood
16632,6,2,120,2,0,0,0,PortScan
22812,6,5,290,5,5,0,0,SSH-Bruteforce
80,6,20,1480,20,0,0,0,DoS-HTTP
36520,17,20,27980,0,0,0,0,BENIGN
80,6,20,1480,20,0,0,0,DoS-HTTP
80,6,20,1480,20,0,0,0,DoS-HTTP
0,1,20,1200,0,0,0,0,DoS-ICMP
0,1,20,840,0,0,0,0,DoS-ICMP
80,6,20,1480,20,0,0,0,DoS-HTTP
47516,6,5,290,5,5,0,0,SSH-Bruteforce
36520,17,20,27980,0,0,0,0,BENIGN
55567,6,6,348,6,6,0,0,SSH-Bruteforce
80,17,20,1200,0,0,0,0,DoS-UDP
0,1,20,840,0,0,0,0,DoS-ICMP
0,1,20,1200,0,0,0,0,DoS-ICMP
53308,6,20,29200,0,20,0,0,BENIGN
24244,6,4,240,4,0,0,0,PortScan
34262,6,4,240,4,0,0,0,PortScan
80,6,20,1200,20,0,0,0,DoS-SYN-Flood
60064,6,2,120,2,0,0,0,PortScan
49402,6,7,406,7,7,0,0,SSH-Bruteforce
80,6,20,1200,20,0,0,0,DoS-SYN-Flood
4923,6,6,360,6,0,0,0,PortScan
0,1,20,1200,0,0,0,0,DoS-ICMP
45418,6,5,290,5,5,0,0,SSH-Bruteforce
80,6,20,1200,20,0,0,0,DoS-SYN-Flood
60338,6,6,348,6,6,0,0,SSH-Bruteforce
80,6,20,1480,20,0,0,0,DoS-HTTP
80,17,20,1200,0,0,0,0,DoS-UDP
1746,6,4,240,4,0,0,0,PortScan
22,6,20,1200,0,0,20,0,SSH-Bruteforce
80,6,20,1480,20,0,0,0,DoS-HTTP
80,6,20,1480,20,0,0,0,DoS-HTTP
22,6,20,1200,8,0,12,0,SSH-Bruteforce
80,6,20,1200,20,0,0,0,DoS-SYN-Flood
6398,6,9,522,9,9,0,0,SSH-Bruteforce
22,6,20,1200,20,0,0,0,SSH-Bruteforce
9439,6,4,240,4,0,0,0,PortScan
0,1,20,840,0,0,0,0,DoS-ICMP
80,17,20,1200,0,0,0,0,DoS-UDP
80,17,20,1200,0,0,0,0,DoS-UDP
22,6,20,1200,20,0,0,0,SSH-Bruteforce
48968,6,5,290,5,5,0,0,SSH-Bruteforce
29398,6,4,240,4,0,0,0,PortScan
80,17,20,1200,0,0,0,0,DoS-UDP
80,6,20,1480,20,0,0,0,DoS-HTTP
80,6,20,1200,20,0,0,0,DoS-SYN-Flood
0,1,20,1200,0,0,0,0,DoS-ICMP
80,6,20,1480,20,0,0,0,DoS-HTTP
64837,6,4,240,4,0,0,0,PortScan
80,17,20,1200,0,0,0,0,DoS-UDP
80,17,20,1200,0,0,0,0,DoS-UDP
80,6,20,1480,20,0,0,0,DoS-HTTP
37212,6,2,120,2,0,0,0,PortScan
80,6,20,1480,20,0,0,0,DoS-HTTP
80,6,20,1480,20,0,0,0,DoS-HTTP
80,6,20,1480,20,0,0,0,DoS-HTTP
0,1,20,1200,0,0,0,0,DoS-ICMP
80,6,20,1480,20,0,0,0,DoS-HTTP
80,6,20,1200,20,0,0,0,DoS-SYN-Flood
80,6,20,1200,20,0,0,0,DoS-SYN-Flood
48747,6,2,120,2,0,0,0,PortScan
36520,17,20,27980,0,0,0,0,BENIGN
80,6,20,1480,20,0,0,0,DoS-HTTP
80,6,20,1200,20,0,0,0,DoS-SYN-Flood
80,17,20,1200,0,0,0,0,DoS-UDP
22,6,20,1200,20,0,0,0,SSH-Bruteforce
80,6,20,1480,20,0,0,0,DoS-HTTP
52779,6,4,240,4,0,0,0,PortScan
80,6,20,1480,20,0,0,0,DoS-HTTP
80,6,20,1480,20,0,0,0,DoS-HTTP
57290,6,2,120,2,0,0,0,PortScan
13236,6,6,360,6,0,0,0,PortScan
62016,6,7,406,7,7,0,0,SSH-Bruteforce
22,6,20,1200,16,0,4,0,SSH-Bruteforce
80,6,20,1200,20,0,0,0,DoS-SYN-Flood
11913,6,6,348,6,6,0,0,SSH-Bruteforce
22,6,20,1200,20,0,0,0,SSH-Bruteforce
41632,6,2,120,2,0,0,0,PortScan
80,6,20,1200,20,0,0,0,DoS-SYN-Flood
80,6,20,1480,20,0,0,0,DoS-HTTP
80,6,20,1200,20,0,0,0,DoS-SYN-Flood
0,1,20,840,0,0,0,0,DoS-ICMP
44401,6,10,580,10,10,0,0,SSH-Bruteforce
0,1,20,840,0,0,0,0,DoS-ICMP
0,1,20,1200,0,0,0,0,DoS-ICMP
80,17,20,1200,0,0,0,0,DoS-UDP
80,17,20,1200,0,0,0,0,DoS-UDP
80,6,20,1480,20,0,0,0,DoS-HTTP
45681,6,7,406,7,7,0,0,SSH-Bruteforce
80,6,20,1480,20,0,0,0,DoS-HTTP
443,6,20,1200,0,20,0,0,BENIGN
36520,17,20,27980,0,0,0,0,BENIGN
80,6,20,1480,20,0,0,0,DoS-HTTP
80,6,20,1200,20,0,0,0,DoS-SYN-Flood
80,6,20,1200,20,0,0,0,DoS-SYN-Flood
22,6,20,1200,9,0,11,0,SSH-Bruteforce
0,1,20,840,0,0,0,0,DoS-ICMP
10466,6,5,290,5,5,0,0,SSH-Bruteforce
80,17,20,1200,0,0,0,0,DoS-UDP
80,17,20,1200,0,0,0,0,DoS-UDP
17855,6,8,464,8,8,0,0,SSH-Bruteforce
80,6,20,1200,20,0,0,0,DoS-SYN-Flood
39270,6,4,240,4,0,0,0,PortScan
0,1,20,1200,0,0,0,0,DoS-ICMP
80,17,20,1200,0,0,0,0,DoS-UDP
80,6,20,1480,20,0,0,0,DoS-HTTP
80,6,20,1480,20,0,0,0,DoS-HTTP
59490,6,4,240,4,0,0,0,PortScan
43605,6,9,522,9,9,0,0,SSH-Bruteforce
80,6,20,1480,20,0,0,0,DoS-HTTP
51657,6,4,232,4,4,0,0,SSH-Bruteforce
33188,6,8,464,8,8,0,0,SSH-Bruteforce
80,6,20,1480,20,0,0,0,DoS-HTTP
30536,6,2,120,2,0,0,0,PortScan
36509,6,7,406,7,7,0,0,SSH-Bruteforce
80,17,20,1200,0,0,0,0,DoS-UDP
80,6,20,1200,20,0,0,0,DoS-SYN-Flood
80,6,20,1200,20,0,0,0,DoS-SYN-Flood
29976,6,7,406,7,7,0,0,SSH-Bruteforce
80,6,20,1480,20,0,0,0,DoS-HTTP
0,1,20,840,0,0,0,0,DoS-ICMP
22,6,20,1200,2,0,18,0,SSH-Bruteforce
80,6,20,1480,20,0,0,0,DoS-HTTP
22,6,20,1200,0,0,20,0,SSH-Bruteforce
22,6,20,1200,9,0,11,0,SSH-Bruteforce
80,6,20,1480,20,0,0,0,DoS-HTTP
47842,6,4,240,4,0,0,0,PortScan
0,1,20,1200,0,0,0,0,DoS-ICMP
80,17,20,1200,0,0,0,0,DoS-UDP
80,6,20,1200,20,0,0,0,DoS-SYN-Flood
22,6,20,1200,17,0,3,0,SSH-Bruteforce
80,6,20,1480,20,0,0,0,DoS-HTTP
14572,6,4,240,4,0,0,0,PortScan
80,17,20,1200,0,0,0,0,DoS-UDP
0,1,20,840,0,0,0,0,DoS-ICMP
80,17,20,1200,0,0,0,0,DoS-UDP
40438,6,2,120,2,0,0,0,PortScan
34802,6,2,120,2,0,0,0,PortScan
12358,6,4,240,4,0,0,0,PortScan
80,6,20,1480,20,0,0,0,DoS-HTTP
80,6,20,1200,20,0,0,0,DoS-SYN-Flood
0,1,20,840,0,0,0,0,DoS-ICMP
80,6,20,1200,20,0,0,0,DoS-SYN-Flood
80,6,20,1480,20,0,0,0,DoS-HTTP
80,17,20,1200,0,0,0,0,DoS-UDP
80,6,20,1200,20,0,0,0,DoS-SYN-Flood
10776,6,6,360,6,0,0,0,PortScan
0,1,20,840,0,0,0,0,DoS-ICMP
80,17,20,1200,0,0,0,0,DoS-UDP
22,6,20,1200,18,0,2,0,SSH-Bruteforce
59804,6,20,17664,0,20,0,0,BENIGN
80,6,20,1200,20,0,0,0,DoS-SYN-Flood
80,6,20,1200,20,0,0,0,DoS-SYN-Flood
80,6,20,1480,20,0,0,0,DoS-HTTP
22,6,20,1200,0,0,20,0,SSH-Bruteforce
0,1,20,1200,0,0,0,0,DoS-ICMP
60886,6,20,29380,0,20,0,0,BENIGN
35075,6,4,240,4,0,0,0,PortScan
0,1,20,1200,0,0,0,0,DoS-ICMP
22,6,20,1200,7,0,13,0,SSH-Bruteforce
80,17,20,1200,0,0,0,0,DoS-UDP
80,17,20,1200,0,0,0,0,DoS-UDP
80,17,20,1200,0,0,0,0,DoS-UDP
22,6,20,1200,0,0,20,0,SSH-Bruteforce
80,17,20,1200,0,0,0,0,DoS-UDP
3180,6,4,240,4,0,0,0,PortScan
0,1,20,1200,0,0,0,0,DoS-ICMP
80,6,20,1200,20,0,0,0,DoS-SYN-Flood
80,6,20,1480,20,0,0,0,DoS-HTTP
11466,6,4,240,4,0,0,0,PortScan
0,1,20,1200,0,0,0,0,DoS-ICMP
0,1,20,1200,0,0,0,0,DoS-ICMP
49476,6,4,240,4,0,0,0,PortScan
36520,17,20,27980,0,0,0,0,BENIGN
80,6,20,1200,20,0,0,0,DoS-SYN-Flood
28479,6,2,120,2,0,0,0,PortScan
80,17,20,1200,0,0,0,0,DoS-UDP
80,6,20,1200,20,0,0,0,DoS-SYN-Flood
31242,6,2,120,2,0,0,0,PortScan
54829,17,20,27980,0,0,0,0,BENIGN
60547,6,4,240,4,0,0,0,PortScan
80,6,20,1480,20,0,0,0,DoS-HTTP
41029,6,2,120,2,0,0,0,PortScan
22,6,20,1200,0,0,20,0,SSH-Bruteforce
0,1,20,840,0,0,0,0,DoS-ICMP
31115,6,2,120,2,0,0,0,PortScan
80,17,20,1200,0,0,0,0,DoS-UDP
33240,6,20,29140,0,20,0,0,BENIGN
80,6,20,1480,20,0,0,0,DoS-HTTP
0,1,20,840,0,0,0,0,DoS-ICMP
62282,6,4,240,4,0,0,0,PortScan
39782,6,2,120,2,0,0,0,PortScan
30292,6,2,120,2,0,0,0,PortScan
9079,6,4,240,4,0,0,0,PortScan
0,1,20,1200,0,0,0,0,DoS-ICMP
24285,6,4,240,4,0,0,0,PortScan
80,6,20,1480,20,0,0,0,DoS-HTTP
44725,6,6,348,6,6,0,0,SSH-Bruteforce
53699,6,2,120,2,0,0,0,PortScan
56648,6,7,406,7,7,0,0,SSH-Bruteforce
46063,6,2,120,2,0,0,0,PortScan
12090,6,4,240,4,0,0,0,PortScan
3740,6,4,240,4,0,0,0,PortScan
22,6,20,1200,0,0,20,0,SSH-Bruteforce
36520,17,20,27980,0,0,0,0,BENIGN
80,6,20,1200,20,0,0,0,DoS-SYN-Flood
0,1,20,1200,0,0,0,0,DoS-ICMP
80,6,20,1200,20,0,0,0,DoS-SYN-Flood
10561,6,6,360,6,0,0,0,PortScan
80,6,20,1200,20,0,0,0,DoS-SYN-Flood
80,17,20,1200,0,0,0,0,DoS-UDP
80,6,20,1480,20,0,0,0,DoS-HTTP
80,6,20,1480,20,0,0,0,DoS-HTTP
80,17,20,1200,0,0,0,0,DoS-UDP
80,6,20,1480,20,0,0,0,DoS-HTTP
80,6,20,1200,20,0,0,0,DoS-SYN-Flood
0,1,20,840,0,0,0,0,DoS-ICMP
80,6,20,1200,20,0,0,0,DoS-SYN-Flood
80,17,20,1200,0,0,0,0,DoS-UDP
50676,6,8,464,8,8,0,0,SSH-Bruteforce
443,6,20,1200,0,20,0,0,BENIGN
53308,6,20,29140,0,20,0,0,BENIGN
0,1,20,840,0,0,0,0,DoS-ICMP
5046,6,9,522,9,9,0,0,SSH-Bruteforce
0,1,20,840,0,0,0,0,DoS-ICMP
48913,6,2,120,2,0,0,0,PortScan
53618,6,9,522,9,9,0,0,SSH-Bruteforce
80,6,20,1480,20,0,0,0,DoS-HTTP
0,1,20,840,0,0,0,0,DoS-ICMP
80,6,20,1200,20,0,0,0,DoS-SYN-Flood
80,6,20,1480,20,0,0,0,DoS-HTTP
80,17,20,1200,0,0,0,0,DoS-UDP
443,6,18,9376,0,18,0,0,BENIGN
80,6,20,1480,20,0,0,0,DoS-HTTP
54829,17,20,27980,0,0,0,0,BENIGN
80,6,20,1200,20,0,0,0,DoS-SYN-Flood
0,1,20,840,0,0,0,0,DoS-ICMP
0,1,20,840,0,0,0,0,DoS-ICMP
29542,6,4,240,4,0,0,0,PortScan
80,17,20,1200,0,0,0,0,DoS-UDP
80,6,20,1480,20,0,0,0,DoS-HTTP
80,17,20,1200,0,0,0,0,DoS-UDP
60236,6,2,120,2,0,0,0,PortScan
80,17,20,1200,0,0,0,0,DoS-UDP
80,6,20,1200,20,0,0,0,DoS-SYN-Flood
1751,6,6,348,6,6,0,0,SSH-Bruteforce
80,6,20,1480,20,0,0,0,DoS-HTTP
19679,6,6,348,6,6,0,0,SSH-Bruteforce
80,17,20,1200,0,0,0,0,DoS-UDP
80,6,20,1200,20,0,0,0,DoS-SYN-Flood
80,6,20,1480,20,0,0,0,DoS-HTTP
80,6,20,1480,20,0,0,0,DoS-HTTP
48582,6,2,120,2,0,0,0,PortScan
80,17,20,1200,0,0,0,0,DoS-UDP
80,17,20,1200,0,0,0,0,DoS-UDP
80,17,20,1200,0,0,0,0,DoS-UDP
32336,6,2,120,2,0,0,0,PortScan
80,17,20,1200,0,0,0,0,DoS-UDP
0,1,20,840,0,0,0,0,DoS-ICMP
22086,6,2,120,2,0,0,0,PortScan
0,1,20,1200,0,0,0,0,DoS-ICMP
80,17,20,1200,0,0,0,0,DoS-UDP
80,17,20,1200,0,0,0,0,DoS-UDP
80,17,20,1200,0,0,0,0,DoS-UDP
80,17,20,1200,0,0,0,0,DoS-UDP
0,1,20,840,0,0,0,0,DoS-ICMP
80,17,20,1200,0,0,0,0,DoS-UDP
80,6,20,1480,20,0,0,0,DoS-HTTP
11691,6,8,464,8,8,0,0,SSH-Bruteforce
36520,17,20,27528,0,0,0,0,BENIGN
80,6,20,1200,20,0,0,0,DoS-SYN-Flood
38555,6,5,290,5,5,0,0,SSH-Bruteforce
80,6,20,1480,20,0,0,0,DoS-HTTP
34250,6,4,232,4,4,0,0,SSH-Bruteforce
34113,6,11,638,11,11,0,0,SSH-Bruteforce
80,6,20,1200,20,0,0,0,DoS-SYN-Flood
0,1,20,840,0,0,0,0,DoS-ICMP
26784,6,2,120,2,0,0,0,PortScan
80,17,20,1200,0,0,0,0,DoS-UDP
80,6,20,1480,20,0,0,0,DoS-HTTP
45447,17,20,27980,0,0,0,0,BENIGN
80,6,20,1480,20,0,0,0,DoS-HTTP
80,6,20,1480,20,0,0,0,DoS-HTTP
80,6,20,1200,20,0,0,0,DoS-SYN-Flood
63128,6,4,240,4,0,0,0,PortScan
80,6,20,1480,20,0,0,0,DoS-HTTP
80,17,20,1200,0,0,0,0,DoS-UDP
42440,17,20,23947,0,0,0,0,BENIGN
80,6,20,1480,20,0,0,0,DoS-HTTP
39197,6,7,406,7,7,0,0,SSH-Bruteforce
0,1,20,1200,0,0,0,0,DoS-ICMP
22,6,20,1200,0,0,20,0,SSH-Bruteforce
42440,17,20,27980,0,0,0,0,BENIGN
38436,6,10,580,10,10,0,0,SSH-Bruteforce
22,6,20,1200,20,0,0,0,SSH-Bruteforce
80,6,20,1480,20,0,0,0,DoS-HTTP
0,1,20,1200,0,0,0,0,DoS-ICMP
80,6,20,1480,20,0,0,0,DoS-HTTP
80,6,20,1200,20,0,0,0,DoS-SYN-Flood
36835,6,10,580,10,10,0,0,SSH-Bruteforce
80,6,20,1480,20,0,0,0,DoS-HTTP
0,1,20,840,0,0,0,0,DoS-ICMP
80,6,20,1480,20,0,0,0,DoS-HTTP
80,6,20,1200,20,0,0,0,DoS-SYN-Flood
22,6,20,1200,20,0,0,0,SSH-Bruteforce
34820,6,4,240,4,0,0,0,PortScan
8066,6,4,232,4,4,0,0,SSH-Bruteforce
47218,6,2,120,2,0,0,0,PortScan
80,17,20,1200,0,0,0,0,DoS-UDP
80,6,20,1480,20,0,0,0,DoS-HTTP
26458,6,4,240,4,0,0,0,PortScan
44495,6,4,240,4,0,0,0,PortScan
0,1,20,1200,0,0,0,0,DoS-ICMP
80,6,20,1480,20,0,0,0,DoS-HTTP
22,6,20,1200,0,0,20,0,SSH-Bruteforce
80,17,20,1200,0,0,0,0,DoS-UDP
80,6,20,1200,20,0,0,0,DoS-SYN-Flood
80,17,20,1200,0,0,0,0,DoS-UDP
33770,6,5,290,5,5,0,0,SSH-Bruteforce
80,6,20,1480,20,0,0,0,DoS-HTTP
0,1,20,1200,0,0,0,0,DoS-ICMP
24791,6,4,240,4,0,0,0,PortScan
36520,17,20,27980,0,0,0,0,BENIGN
28597,6,4,240,4,0,0,0,PortScan
22,6,20,1200,0,0,20,0,SSH-Bruteforce
31531,6,4,240,4,0,0,0,PortScan
80,6,20,1200,20,0,0,0,DoS-SYN-Flood
47005,6,9,522,9,9,0,0,SSH-Bruteforce
47181,6,2,120,2,0,0,0,PortScan
80,6,20,1200,20,0,0,0,DoS-SYN-Flood
80,6,20,1480,20,0,0,0,DoS-HTTP
80,6,20,1200,20,0,0,0,DoS-SYN-Flood
80,6,20,1480,20,0,0,0,DoS-HTTP
80,17,20,1200,0,0,0,0,DoS-UDP
0,1,20,840,0,0,0,0,DoS-ICMP
22,6,20,1200,20,0,0,0,SSH-Bruteforce
80,6,20,1480,20,0,0,0,DoS-HTTP
80,17,20,1200,0,0,0,0,DoS-UDP
22,6,20,1200,0,0,20,0,SSH-Bruteforce
80,6,20,1200,20,0,0,0,DoS-SYN-Flood
80,6,20,1480,20,0,0,0,DoS-HTTP
43285,6,6,348,6,6,0,0,SSH-Bruteforce
80,6,20,1480,20,0,0,0,DoS-HTTP
80,17,20,1200,0,0,0,0,DoS-UDP
0,1,20,840,0,0,0,0,DoS-ICMP
80,6,20,1480,20,0,0,0,DoS-HTTP
60394,17,20,27980,0,0,0,0,BENIGN
80,6,20,1200,20,0,0,0,DoS-SYN-Flood
80,17,20,1200,0,0,0,0,DoS-UDP
0,1,20,1200,0,0,0,0,DoS-ICMP
3841,6,6,360,6,0,0,0,PortScan
80,6,20,1480,20,0,0,0,DoS-HTTP
80,17,20,1200,0,0,0,0,DoS-UDP
48331,6,8,464,8,8,0,0,SSH-Bruteforce
22,6,20,1200,20,0,0,0,SSH-Bruteforce
0,1,20,1200,0,0,0,0,DoS-ICMP
35096,6,4,240,4,0,0,0,PortScan
56104,6,16,1849,1,16,0,1,BENIGN
42328,6,4,240,4,0,0,0,PortScan
0,1,20,840,0,0,0,0,DoS-ICMP
80,6,20,1200,20,0,0,0,DoS-SYN-Flood
27541,6,9,522,9,9,0,0,SSH-Bruteforce
80,17,20,1200,0,0,0,0,DoS-UDP
80,17,20,1200,0,0,0,0,DoS-UDP
80,17,20,1200,0,0,0,0,DoS-UDP
80,6,20,1480,20,0,0,0,DoS-HTTP
80,17,20,1200,0,0,0,0,DoS-UDP
80,6,20,1200,20,0,0,0,DoS-SYN-Flood
80,6,20,1200,20,0,0,0,DoS-SYN-Flood
80,17,20,1200,0,0,0,0,DoS-UDP
38172,6,2,120,2,0,0,0,PortScan
80,17,20,1200,0,0,0,0,DoS-UDP
80,6,20,1200,20,0,0,0,DoS-SYN-Flood
10858,6,4,240,4,0,0,0,PortScan
34574,6,4,240,4,0,0,0,PortScan
31301,6,8,464,8,8,0,0,SSH-Bruteforce
11813,6,5,290,5,5,0,0,SSH-Bruteforce
0,1,20,840,0,0,0,0,DoS-ICMP
0,1,20,840,0,0,0,0,DoS-ICMP
80,6,20,1480,20,0,0,0,DoS-HTTP
63498,6,2,120,2,0,0,0,PortScan
22,6,20,1200,0,0,20,0,SSH-Bruteforce
80,6,20,1200,20,0,0,0,DoS-SYN-Flood
11764,6,6,348,6,6,0,0,SSH-Bruteforce
6301,6,4,240,4,0,0,0,PortScan
80,17,20,1200,0,0,0,0,DoS-UDP
80,17,20,1200,0,0,0,0,DoS-UDP
80,6,20,1200,20,0,0,0,DoS-SYN-Flood
30461,6,4,240,4,0,0,0,PortScan
22,6,20,1200,20,0,0,0,SSH-Bruteforce
61569,6,4,240,4,0,0,0,PortScan
17327,6,2,120,2,0,0,0,PortScan
80,6,20,1480,20,0,0,0,DoS-HTTP
80,6,20,1200,20,0,0,0,DoS-SYN-Flood
0,1,20,1200,0,0,0,0,DoS-ICMP
80,6,20,1200,20,0,0,0,DoS-SYN-Flood
59141,6,9,522,9,9,0,0,SSH-Bruteforce
0,1,20,840,0,0,0,0,DoS-ICMP
0,1,20,1200,0,0,0,0,DoS-ICMP
36268,17,20,27980,0,0,0,0,BENIGN
0,1,20,840,0,0,0,0,DoS-ICMP
80,6,20,1200,20,0,0,0,DoS-SYN-Flood
80,6,20,1200,20,0,0,0,DoS-SYN-Flood
0,1,20,1200,0,0,0,0,DoS-ICMP
0,1,20,1200,0,0,0,0,DoS-ICMP
0,1,20,840,0,0,0,0,DoS-ICMP
80,17,20,1200,0,0,0,0,DoS-UDP
80,17,20,1200,0,0,0,0,DoS-UDP
80,6,20,1200,20,0,0,0,DoS-SYN-Flood
0,1,20,840,0,0,0,0,DoS-ICMP
80,6,20,1200,20,0,0,0,DoS-SYN-Flood
80,17,20,1200,0,0,0,0,DoS-UDP
80,6,20,1200,20,0,0,0,DoS-SYN-Flood
80,6,20,1200,20,0,0,0,DoS-SYN-Flood
32434,6,7,406,7,7,0,0,SSH-Bruteforce
80,6,20,1480,20,0,0,0,DoS-HTTP
0,1,20,840,0,0,0,0,DoS-ICMP
59804,6,20,17558,0,20,0,0,BENIGN
80,6,20,1480,20,0,0,0,DoS-HTTP
22,6,20,1200,3,0,17,0,SSH-Bruteforce
0,1,20,1200,0,0,0,0,DoS-ICMP
23838,6,4,240,4,0,0,0,PortScan
80,6,20,1200,20,0,0,0,DoS-SYN-Flood
80,17,20,1200,0,0,0,0,DoS-UDP
6809,6,8,464,8,8,0,0,SSH-Bruteforce
80,6,20,1200,20,0,0,0,DoS-SYN-Flood
80,6,20,1480,20,0,0,0,DoS-HTTP
60417,6,2,120,2,0,0,0,PortScan
80,6,20,1200,20,0,0,0,DoS-SYN-Flood
22,6,20,1200,10,0,10,0,SSH-Bruteforce
0,1,20,1200,0,0,0,0,DoS-ICMP
36520,17,20,27980,0,0,0,0,BENIGN
0,1,20,1200,0,0,0,0,DoS-ICMP
4102,6,4,240,4,0,0,0,PortScan
57649,6,4,240,4,0,0,0,PortScan
80,17,20,1200,0,0,0,0,DoS-UDP
80,6,20,1200,20,0,0,0,DoS-SYN-Flood
80,6,20,1200,20,0,0,0,DoS-SYN-Flood
80,6,20,1200,20,0,0,0,DoS-SYN-Flood
3951,6,4,240,4,0,0,0,PortScan
0,1,20,1200,0,0,0,0,DoS-ICMP
13871,6,4,240,4,0,0,0,PortScan
0,1,20,1200,0,0,0,0,DoS-ICMP
80,17,20,1200,0,0,0,0,DoS-UDP
80,17,20,1200,0,0,0,0,DoS-UDP
80,6,20,1480,20,0,0,0,DoS-HTTP
80,6,20,1480,20,0,0,0,DoS-HTTP
80,6,20,1200,20,0,0,0,DoS-SYN-Flood
0,1,20,840,0,0,0,0,DoS-ICMP
60886,6,20,21237,0,20,0,0,BENIGN
80,6,20,1200,20,0,0,0,DoS-SYN-Flood
80,6,20,1480,20,0,0,0,DoS-HTTP
80,6,20,1200,20,0,0,0,DoS-SYN-Flood
56839,6,2,120,2,0,0,0,PortScan
6228,6,4,240,4,0,0,0,PortScan
80,6,20,1480,20,0,0,0,DoS-HTTP
0,1,20,1200,0,0,0,0,DoS-ICMP
0,1,20,1200,0,0,0,0,DoS-ICMP
80,6,20,1480,20,0,0,0,DoS-HTTP
0,1,20,840,0,0,0,0,DoS-ICMP
52741,17,13,10325,0,0,0,0,BENIGN
0,1,20,840,0,0,0,0,DoS-ICMP
0,1,20,840,0,0,0,0,DoS-ICMP
62599,6,2,120,2,0,0,0,PortScan
26346,6,8,464,8,8,0,0,SSH-Bruteforce
21997,6,5,290,5,5,0,0,SSH-Bruteforce
80,6,20,1480,20,0,0,0,DoS-HTTP
443,6,20,14632,0,20,0,0,BENIGN
22,6,20,1200,6,0,14,0,SSH-Bruteforce
80,6,20,1480,20,0,0,0,DoS-HTTP
80,6,20,1480,20,0,0,0,DoS-HTTP
27360,6,5,290,5,5,0,0,SSH-Bruteforce
0,1,20,840,0,0,0,0,DoS-ICMP
36520,17,20,27980,0,0,0,0,BENIGN
0,1,20,840,0,0,0,0,DoS-ICMP
15674,6,8,464,8,8,0,0,SSH-Bruteforce
80,17,20,1200,0,0,0,0,DoS-UDP
53296,6,20,30041,0,20,0,0,BENIGN
63592,6,7,406,7,7,0,0,SSH-Bruteforce
80,17,20,1200,0,0,0,0,DoS-UDP
53842,6,2,120,2,0,0,0,PortScan
80,17,20,1200,0,0,0,0,DoS-UDP
80,17,20,1200,0,0,0,0,DoS-UDP
36520,17,20,27980,0,0,0,0,BENIGN
0,1,20,840,0,0,0,0,DoS-ICMP
3588,6,4,240,4,0,0,0,PortScan
80,17,20,1200,0,0,0,0,DoS-UDP
22,6,20,1200,0,0,20,0,SSH-Bruteforce
0,1,20,1200,0,0,0,0,DoS-ICMP
0,1,20,1200,0,0,0,0,DoS-ICMP
80,6,20,1200,20,0,0,0,DoS-SYN-Flood
80,6,20,1200,20,0,0,0,DoS-SYN-Flood
80,6,20,1480,20,0,0,0,DoS-HTTP
80,6,20,1480,20,0,0,0,DoS-HTTP
7480,6,7,406,7,7,0,0,SSH-Bruteforce
16386,6,2,120,2,0,0,0,PortScan
0,1,20,840,0,0,0,0,DoS-ICMP
80,6,20,1480,20,0,0,0,DoS-HTTP
80,17,20,1200,0,0,0,0,DoS-UDP
80,6,20,1200,20,0,0,0,DoS-SYN-Flood
80,6,20,1200,20,0,0,0,DoS-SYN-Flood
0,1,20,840,0,0,0,0,DoS-ICMP
47211,6,2,120,2,0,0,0,PortScan
5598,6,4,240,4,0,0,0,PortScan
46398,17,20,27980,0,0,0,0,BENIGN
80,6,20,1200,20,0,0,0,DoS-SYN-Flood
80,6,20,1200,20,0,0,0,DoS-SYN-Flood
53272,6,20,29200,0,20,0,0,BENIGN
22,6,20,1200,20,0,0,0,SSH-Bruteforce
39902,17,20,27980,0,0,0,0,BENIGN
0,1,20,840,0,0,0,0,DoS-ICMP
80,6,20,1200,20,0,0,0,DoS-SYN-Flood
80,17,20,1200,0,0,0,0,DoS-UDP
0,1,20,1200,0,0,0,0,DoS-ICMP
80,6,20,1480,20,0,0,0,DoS-HTTP
21251,6,2,120,2,0,0,0,PortScan
2694,6,4,240,4,0,0,0,PortScan
14779,6,6,360,6,0,0,0,PortScan
0,1,20,1200,0,0,0,0,DoS-ICMP
80,6,20,1480,20,0,0,0,DoS-HTTP
60948,6,5,290,5,5,0,0,SSH-Bruteforce
24233,6,4,232,4,4,0,0,SSH-Bruteforce
80,17,20,1200,0,0,0,0,DoS-UDP
80,6,20,1200,20,0,0,0,DoS-SYN-Flood
443,6,20,3451,0,20,0,0,BENIGN
0,1,20,1200,0,0,0,0,DoS-ICMP
23419,6,4,240,4,0,0,0,PortScan
80,6,20,1200,20,0,0,0,DoS-SYN-Flood
45447,17,20,27980,0,0,0,0,BENIGN
80,6,20,1200,20,0,0,0,DoS-SYN-Flood
80,6,20,1200,20,0,0,0,DoS-SYN-Flood
80,17,20,1200,0,0,0,0,DoS-UDP
48707,6,2,120,2,0,0,0,PortScan
80,17,20,1200,0,0,0,0,DoS-UDP
6640,6,4,240,4,0,0,0,PortScan
80,6,20,1200,20,0,0,0,DoS-SYN-Flood
59804,6,20,15843,0,20,0,0,BENIGN
80,6,20,1200,20,0,0,0,DoS-SYN-Flood
36520,17,20,27980,0,0,0,0,BENIGN
0,1,20,840,0,0,0,0,DoS-ICMP
80,17,20,1200,0,0,0,0,DoS-UDP
54184,6,2,120,2,0,0,0,PortScan
0,1,20,1200,0,0,0,0,DoS-ICMP
65130,6,5,290,5,5,0,0,SSH-Bruteforce
0,1,20,1200,0,0,0,0,DoS-ICMP
80,6,20,1480,20,0,0,0,DoS-HTTP
80,6,20,1200,20,0,0,0,DoS-SYN-Flood
80,17,20,1200,0,0,0,0,DoS-UDP
62357,6,5,290,5,5,0,0,SSH-Bruteforce
12435,6,7,406,7,7,0,0,SSH-Bruteforce
13432,6,10,580,10,10,0,0,SSH-Bruteforce
36386,6,4,240,4,0,0,0,PortScan
46398,17,20,27980,0,0,0,0,BENIGN
0,1,20,1200,0,0,0,0,DoS-ICMP
0,1,20,1200,0,0,0,0,DoS-ICMP
80,6,20,1480,20,0,0,0,DoS-HTTP
80,6,20,1200,20,0,0,0,DoS-SYN-Flood
443,17,20,24947,0,0,0,0,BENIGN
443,17,20,2162,0,0,0,0,BENIGN
80,17,20,1200,0,0,0,0,DoS-UDP
80,17,20,1200,0,0,0,0,DoS-UDP
80,17,20,1200,0,0,0,0,DoS-UDP
80,6,20,1480,20,0,0,0,DoS-HTTP
80,6,20,1480,20,0,0,0,DoS-HTTP
80,17,20,1200,0,0,0,0,DoS-UDP
80,17,20,1200,0,0,0,0,DoS-UDP
0,1,20,1200,0,0,0,0,DoS-ICMP
80,6,20,1480,20,0,0,0,DoS-HTTP
51574,6,1,54,0,1,1,0,BENIGN
80,6,20,1480,20,0,0,0,DoS-HTTP
37953,6,4,240,4,0,0,0,PortScan
22107,6,7,406,7,7,0,0,SSH-Bruteforce
0,1,20,840,0,0,0,0,DoS-ICMP
62724,6,6,348,6,6,0,0,SSH-Bruteforce
55838,6,2,120,2,0,0,0,PortScan
65489,6,6,348,6,6,0,0,SSH-Bruteforce
80,17,20,1200,0,0,0,0,DoS-UDP
23165,6,10,580,10,10,0,0,SSH-Bruteforce
80,6,20,1480,20,0,0,0,DoS-HTTP
80,17,20,1200,0,0,0,0,DoS-UDP
0,1,20,1200,0,0,0,0,DoS-ICMP
40490,6,9,522,9,9,0,0,SSH-Bruteforce
80,6,20,1480,20,0,0,0,DoS-HTTP
57518,6,5,290,5,5,0,0,SSH-Bruteforce
28392,6,2,120,2,0,0,0,PortScan
80,17,20,1200,0,0,0,0,DoS-UDP
13406,6,4,240,4,0,0,0,PortScan
80,6,20,1200,20,0,0,0,DoS-SYN-Flood
0,1,20,840,0,0,0,0,DoS-ICMP
80,6,20,1200,20,0,0,0,DoS-SYN-Flood
80,6,20,1480,20,0,0,0,DoS-HTTP
80,17,20,1200,0,0,0,0,DoS-UDP
80,6,20,1480,20,0,0,0,DoS-HTTP
80,17,20,1200,0,0,0,0,DoS-UDP
80,17,20,1200,0,0,0,0,DoS-UDP
909,6,4,240,4,0,0,0,PortScan
0,1,20,1200,0,0,0,0,DoS-ICMP
80,6,20,1480,20,0,0,0,DoS-HTTP
0,1,20,840,0,0,0,0,DoS-ICMP
0,1,20,1200,0,0,0,0,DoS-ICMP
0,1,20,1200,0,0,0,0,DoS-ICMP
60886,6,20,27800,0,20,0,0,BENIGN
80,6,20,1480,20,0,0,0,DoS-HTTP
46522,6,10,580,10,10,0,0,SSH-Bruteforce
80,6,20,1480,20,0,0,0,DoS-HTTP
60032,6,2,120,2,0,0,0,PortScan
80,17,20,1200,0,0,0,0,DoS-UDP
80,6,20,1200,20,0,0,0,DoS-SYN-Flood
80,17,20,1200,0,0,0,0,DoS-UDP
80,6,20,1480,20,0,0,0,DoS-HTTP
20316,6,2,120,2,0,0,0,PortScan
19837,6,2,120,2,0,0,0,PortScan
0,1,20,840,0,0,0,0,DoS-ICMP
57792,6,10,580,10,10,0,0,SSH-Bruteforce
40834,6,6,348,6,6,0,0,SSH-Bruteforce
80,17,20,1200,0,0,0,0,DoS-UDP
52571,6,8,464,8,8,0,0,SSH-Bruteforce
36520,17,20,27980,0,0,0,0,BENIGN
80,6,20,1200,20,0,0,0,DoS-SYN-Flood
80,6,20,1200,20,0,0,0,DoS-SYN-Flood
80,6,20,1480,20,0,0,0,DoS-HTTP
45629,6,7,406,7,7,0,0,SSH-Bruteforce
22,6,20,1200,15,0,5,0,SSH-Bruteforce
80,6,20,1480,20,0,0,0,DoS-HTTP
80,6,20,1480,20,0,0,0,DoS-HTTP
80,6,20,1200,20,0,0,0,DoS-SYN-Flood
80,6,20,1480,20,0,0,0,DoS-HTTP
0,1,20,1200,0,0,0,0,DoS-ICMP
80,6,20,1200,20,0,0,0,DoS-SYN-Flood
60886,6,20,13613,0,20,0,0,BENIGN
80,6,20,1200,20,0,0,0,DoS-SYN-Flood
80,17,20,1200,0,0,0,0,DoS-UDP
80,17,20,1200,0,0,0,0,DoS-UDP
60425,6,2,120,2,0,0,0,PortScan
54829,17,20,27980,0,0,0,0,BENIGN
80,6,20,1200,20,0,0,0,DoS-SYN-Flood
36520,17,20,27980,0,0,0,0,BENIGN
80,6,20,1200,20,0,0,0,DoS-SYN-Flood
0,1,20,1200,0,0,0,0,DoS-ICMP
0,1,20,840,0,0,0,0,DoS-ICMP
22,6,20,1200,12,0,8,0,SSH-Bruteforce
80,6,20,1480,20,0,0,0,DoS-HTTP
80,17,20,1200,0,0,0,0,DoS-UDP
80,6,20,1480,20,0,0,0,DoS-HTTP
80,17,20,1200,0,0,0,0,DoS-UDP
80,6,20,1200,20,0,0,0,DoS-SYN-Flood
6384,6,4,240,4,0,0,0,PortScan
80,6,20,1200,20,0,0,0,DoS-SYN-Flood
0,1,20,840,0,0,0,0,DoS-ICMP
80,6,20,1480,20,0,0,0,DoS-HTTP
57105,6,7,406,7,7,0,0,SSH-Bruteforce
80,6,20,1200,20,0,0,0,DoS-SYN-Flood
80,6,20,1200,20,0,0,0,DoS-SYN-Flood
0,1,20,840,0,0,0,0,DoS-ICMP
80,17,20,1200,0,0,0,0,DoS-UDP
25517,6,2,120,2,0,0,0,PortScan
22,6,20,1200,0,0,20,0,SSH-Bruteforce
37992,17,2,188,0,0,0,0,BENIGN
8038,6,8,464,8,8,0,0,SSH-Bruteforce
80,6,20,1480,20,0,0,0,DoS-HTTP
63138,6,2,120,2,0,0,0,PortScan
80,17,20,1200,0,0,0,0,DoS-UDP
80,17,20,1200,0,0,0,0,DoS-UDP
80,17,20,1200,0,0,0,0,DoS-UDP
80,17,20,1200,0,0,0,0,DoS-UDP
0,1,20,840,0,0,0,0,DoS-ICMP
18766,6,2,120,2,0,0,0,PortScan
22,6,20,1200,20,0,0,0,SSH-Bruteforce
43992,17,20,27980,0,0,0,0,BENIGN
0,1,20,1200,0,0,0,0,DoS-ICMP
40515,6,12,696,12,12,0,0,SSH-Bruteforce
53092,17,3,3284,0,0,0,0,BENIGN
13851,6,4,240,4,0,0,0,PortScan
36520,17,20,27980,0,0,0,0,BENIGN
0,1,20,840,0,0,0,0,DoS-ICMP
80,17,20,1200,0,0,0,0,DoS-UDP
22,6,20,1200,20,0,0,0,SSH-Bruteforce
80,6,20,1200,20,0,0,0,DoS-SYN-Flood
41421,6,4,240,4,0,0,0,PortScan
80,6,20,1480,20,0,0,0,DoS-HTTP
80,6,20,1200,20,0,0,0,DoS-SYN-Flood
80,6,20,1480,20,0,0,0,DoS-HTTP
33103,6,2,120,2,0,0,0,PortScan
80,6,20,1480,20,0,0,0,DoS-HTTP
80,6,20,1480,20,0,0,0,DoS-HTTP
36520,17,20,27980,0,0,0,0,BENIGN
80,6,20,1480,20,0,0,0,DoS-HTTP
11485,6,6,348,6,6,0,0,SSH-Bruteforce
62257,6,2,120,2,0,0,0,PortScan
0,1,20,1200,0,0,0,0,DoS-ICMP
39902,17,20,27980,0,0,0,0,BENIGN
80,6,20,1200,20,0,0,0,DoS-SYN-Flood
80,6,20,1200,20,0,0,0,DoS-SYN-Flood
80,6,20,1480,20,0,0,0,DoS-HTTP
411,6,6,348,6,6,0,0,SSH-Bruteforce
0,1,20,840,0,0,0,0,DoS-ICMP
80,17,20,1200,0,0,0,0,DoS-UDP
60243,6,2,120,2,0,0,0,PortScan
53202,6,4,240,4,0,0,0,PortScan
80,6,20,1480,20,0,0,0,DoS-HTTP
3616,6,7,406,7,7,0,0,SSH-Bruteforce
80,6,20,1200,20,0,0,0,DoS-SYN-Flood
80,6,20,1200,20,0,0,0,DoS-SYN-Flood
43678,17,20,27980,0,0,0,0,BENIGN
80,6,20,1200,20,0,0,0,DoS-SYN-Flood
30655,6,4,240,4,0,0,0,PortScan
32460,6,7,406,7,7,0,0,SSH-Bruteforce
21091,6,8,464,8,8,0,0,SSH-Bruteforce
17992,6,8,464,8,8,0,0,SSH-Bruteforce
48806,17,20,27980,0,0,0,0,BENIGN
25914,6,8,464,8,8,0,0,SSH-Bruteforce
15327,6,2,120,2,0,0,0,PortScan
0,1,20,1200,0,0,0,0,DoS-ICMP
80,6,20,1480,20,0,0,0,DoS-HTTP
80,6,20,1480,20,0,0,0,DoS-HTTP
80,6,20,1200,20,0,0,0,DoS-SYN-Flood
47822,6,20,29140,0,20,0,0,BENIGN
30645,6,4,240,4,0,0,0,PortScan
80,6,20,1480,20,0,0,0,DoS-HTTP
0,1,20,1200,0,0,0,0,DoS-ICMP
4684,6,4,240,4,0,0,0,PortScan
26708,6,6,348,6,6,0,0,SSH-Bruteforce
80,17,20,1200,0,0,0,0,DoS-UDP
80,6,12,888,12,0,0,0,DoS-HTTP
80,6,20,1200,20,0,0,0,DoS-SYN-Flood
52482,6,4,240,4,0,0,0,PortScan
80,17,20,1200,0,0,0,0,DoS-UDP
0,1,20,840,0,0,0,0,DoS-ICMP
80,6,20,1480,20,0,0,0,DoS-HTTP
0,1,20,840,0,0,0,0,DoS-ICMP
80,6,20,1480,20,0,0,0,DoS-HTTP
80,6,20,1200,20,0,0,0,DoS-SYN-Flood
22,6,20,1200,1,0,19,0,SSH-Bruteforce
22,6,20,1200,20,0,0,0,SSH-Bruteforce
0,1,20,840,0,0,0,0,DoS-ICMP
59660,6,5,290,5,5,0,0,SSH-Bruteforce
22,6,20,1200,16,0,4,0,SSH-Bruteforce
24909,6,2,120,2,0,0,0,PortScan
80,6,20,1200,20,0,0,0,DoS-SYN-Flood
80,17,20,1200,0,0,0,0,DoS-UDP
56100,6,2,120,2,0,0,0,PortScan
31580,6,4,240,4,0,0,0,PortScan
54240,6,20,12144,1,20,0,0,BENIGN
80,6,20,1200,20,0,0,0,DoS-SYN-Flood
22,6,20,1200,0,0,20,0,SSH-Bruteforce
80,6,20,1200,20,0,0,0,DoS-SYN-Flood
80,6,20,1200,20,0,0,0,DoS-SYN-Flood
80,6,20,1200,20,0,0,0,DoS-SYN-Flood
80,17,20,1200,0,0,0,0,DoS-UDP
37525,6,6,348,6,6,0,0,SSH-Bruteforce
80,6,20,1480,20,0,0,0,DoS-HTTP
63798,6,2,120,2,0,0,0,PortScan
22,6,20,1200,20,0,0,0,SSH-Bruteforce
53243,6,9,522,9,9,0,0,SSH-Bruteforce
0,1,20,840,0,0,0,0,DoS-ICMP
80,17,20,1200,0,0,0,0,DoS-UDP
80,17,20,1200,0,0,0,0,DoS-UDP
80,6,20,1480,20,0,0,0,DoS-HTTP
36520,17,20,27980,0,0,0,0,BENIGN
3958,6,4,240,4,0,0,0,PortScan
14622,6,4,240,4,0,0,0,PortScan
80,6,20,1200,20,0,0,0,DoS-SYN-Flood
22,6,20,1200,0,0,20,0,SSH-Bruteforce
18759,6,9,522,9,9,0,0,SSH-Bruteforce
80,6,20,1480,20,0,0,0,DoS-HTTP
80,6,20,1200,20,0,0,0,DoS-SYN-Flood
57040,6,2,120,2,0,0,0,PortScan
80,6,20,1480,20,0,0,0,DoS-HTTP
22,6,20,1200,20,0,0,0,SSH-Bruteforce
0,1,20,1200,0,0,0,0,DoS-ICMP
20056,6,2,120,2,0,0,0,PortScan
3808,6,6,360,6,0,0,0,PortScan
80,6,20,1200,20,0,0,0,DoS-SYN-Flood
80,17,20,1200,0,0,0,0,DoS-UDP
23416,6,4,240,4,0,0,0,PortScan
7200,6,6,348,6,6,0,0,SSH-Bruteforce
0,1,20,1200,0,0,0,0,DoS-ICMP
39808,6,7,406,7,7,0,0,SSH-Bruteforce
80,17,20,1200,0,0,0,0,DoS-UDP
48806,17,20,27980,0,0,0,0,BENIGN
23664,6,2,120,2,0,0,0,PortScan
80,6,20,1200,20,0,0,0,DoS-SYN-Flood
80,6,20,1480,20,0,0,0,DoS-HTTP
0,1,20,840,0,0,0,0,DoS-ICMP
80,6,20,1200,20,0,0,0,DoS-SYN-Flood
9285,6,11,638,11,11,0,0,SSH-Bruteforce
22,6,20,1200,0,0,20,0,SSH-Bruteforce
0,1,20,840,0,0,0,0,DoS-ICMP
80,6,20,1200,20,0,0,0,DoS-SYN-Flood
0,1,20,1200,0,0,0,0,DoS-ICMP
57779,6,2,120,2,0,0,0,PortScan
0,1,20,840,0,0,0,0,DoS-ICMP
80,6,20,1480,20,0,0,0,DoS-HTTP
80,6,20,1480,20,0,0,0,DoS-HTTP
0,1,20,1200,0,0,0,0,DoS-ICMP
80,6,20,1480,20,0,0,0,DoS-HTTP
63334,6,2,120,2,0,0,0,PortScan
0,1,20,840,0,0,0,0,DoS-ICMP
80,17,20,1200,0,0,0,0,DoS-UDP
33240,6,20,29320,0,20,0,0,BENIGN
22,6,20,1200,20,0,0,0,SSH-Bruteforce
80,17,20,1200,0,0,0,0,DoS-UDP
54829,17,20,27980,0,0,0,0,BENIGN
80,6,20,1200,20,0,0,0,DoS-SYN-Flood
19615,6,10,576,9,9,1,0,SSH-Bruteforce
80,6,20,1480,20,0,0,0,DoS-HTTP
80,6,20,1200,20,0,0,0,DoS-SYN-Flood
80,6,20,1480,20,0,0,0,DoS-HTTP
22,6,20,1200,20,0,0,0,SSH-Bruteforce
0,1,20,1200,0,0,0,0,DoS-ICMP
41496,6,2,120,2,0,0,0,PortScan
80,6,20,1480,20,0,0,0,DoS-HTTP
22,6,20,1200,20,0,0,0,SSH-Bruteforce
51043,6,8,464,8,8,0,0,SSH-Bruteforce
17362,6,2,120,2,0,0,0,PortScan
80,17,20,1200,0,0,0,0,DoS-UDP
80,6,20,1200,20,0,0,0,DoS-SYN-Flood
43548,6,6,348,6,6,0,0,SSH-Bruteforce
80,17,20,1200,0,0,0,0,DoS-UDP
80,6,20,1480,20,0,0,0,DoS-HTTP
80,17,20,1200,0,0,0,0,DoS-UDP
80,17,20,1200,0,0,0,0,DoS-UDP
51566,6,2,120,2,0,0,0,PortScan
0,1,20,840,0,0,0,0,DoS-ICMP
22,6,20,1200,0,0,20,0,SSH-Bruteforce
9968,6,9,522,9,9,0,0,SSH-Bruteforce
0,1,20,1200,0,0,0,0,DoS-ICMP
80,6,20,1200,20,0,0,0,DoS-SYN-Flood
54829,17,20,27980,0,0,0,0,BENIGN
60394,17,20,27630,0,0,0,0,BENIGN
32973,6,4,240,4,0,0,0,PortScan
0,1,20,1200,0,0,0,0,DoS-ICMP
80,6,20,1200,20,0,0,0,DoS-SYN-Flood
80,6,20,1480,20,0,0,0,DoS-HTTP
80,6,20,1200,20,0,0,0,DoS-SYN-Flood
59150,6,2,120,2,0,0,0,PortScan
80,6,20,1200,20,0,0,0,DoS-SYN-Flood
55476,6,6,348,6,6,0,0,SSH-Bruteforce
56282,6,2,120,2,0,0,0,PortScan
80,6,20,1480,20,0,0,0,DoS-HTTP
59646,6,20,28660,0,20,0,0,BENIGN
22,6,20,1200,0,0,20,0,SSH-Bruteforce
30460,6,4,240,4,0,0,0,PortScan
80,17,20,1200,0,0,0,0,DoS-UDP
8616,6,8,464,8,8,0,0,SSH-Bruteforce
41793,6,2,120,2,0,0,0,PortScan
80,17,20,1200,0,0,0,0,DoS-UDP
22,6,20,1200,10,0,10,0,SSH-Bruteforce
8702,6,7,406,7,7,0,0,SSH-Bruteforce
0,1,20,1200,0,0,0,0,DoS-ICMP
22,6,20,1200,10,0,10,0,SSH-Bruteforce
22,6,20,1200,17,0,3,0,SSH-Bruteforce
46663,6,4,240,4,0,0,0,PortScan
80,17,20,1200,0,0,0,0,DoS-UDP
80,6,20,1200,20,0,0,0,DoS-SYN-Flood
5271,6,9,522,9,9,0,0,SSH-Bruteforce
22,6,20,1200,8,0,12,0,SSH-Bruteforce
80,6,20,1200,20,0,0,0,DoS-SYN-Flood
57295,6,2,120,2,0,0,0,PortScan
63740,6,6,348,6,6,0,0,SSH-Bruteforce
0,1,20,1200,0,0,0,0,DoS-ICMP
22148,6,7,406,7,7,0,0,SSH-Bruteforce
33240,6,20,29560,0,20,0,0,BENIGN
0,1,20,1200,0,0,0,0,DoS-ICMP
782,6,6,348,6,6,0,0,SSH-Bruteforce
47258,6,2,120,2,0,0,0,PortScan
80,17,20,1200,0,0,0,0,DoS-UDP
0,1,20,840,0,0,0,0,DoS-ICMP
33240,6,20,28960,0,20,0,0,BENIGN
64903,6,2,120,2,0,0,0,PortScan
6001,6,4,240,4,0,0,0,PortScan
22,6,20,1200,20,0,0,0,SSH-Bruteforce
80,6,20,1480,20,0,0,0,DoS-HTTP
80,6,20,1200,20,0,0,0,DoS-SYN-Flood
41308,17,20,27980,0,0,0,0,BENIGN
80,6,20,1200,20,0,0,0,DoS-SYN-Flood
25790,6,2,120,2,0,0,0,PortScan
0,1,20,1200,0,0,0,0,DoS-ICMP
0,1,20,840,0,0,0,0,DoS-ICMP
80,6,20,1200,20,0,0,0,DoS-SYN-Flood
80,6,20,1480,20,0,0,0,DoS-HTTP
80,6,20,1200,20,0,0,0,DoS-SYN-Flood
15150,6,4,240,4,0,0,0,PortScan
80,6,20,1480,20,0,0,0,DoS-HTTP
2017,6,4,240,4,0,0,0,PortScan
0,1,20,840,0,0,0,0,DoS-ICMP
33960,6,2,120,2,0,0,0,PortScan
80,6,20,1200,20,0,0,0,DoS-SYN-Flood
80,6,20,1480,20,0,0,0,DoS-HTTP
80,6,20,1200,20,0,0,0,DoS-SYN-Flood
60763,6,2,120,2,0,0,0,PortScan
10795,6,4,240,4,0,0,0,PortScan
80,6,20,1480,20,0,0,0,DoS-HTTP
80,17,20,1200,0,0,0,0,DoS-UDP
60367,6,4,240,4,0,0,0,PortScan
0,1,20,840,0,0,0,0,DoS-ICMP
80,17,20,1200,0,0,0,0,DoS-UDP
80,17,20,1200,0,0,0,0,DoS-UDP
22,6,20,1200,0,0,20,0,SSH-Bruteforce
28603,6,7,406,7,7,0,0,SSH-Bruteforce
80,6,20,1480,20,0,0,0,DoS-HTTP
56292,6,7,406,7,7,0,0,SSH-Bruteforce
80,6,20,1480,20,0,0,0,DoS-HTTP
80,6,20,1200,20,0,0,0,DoS-SYN-Flood
0,1,20,840,0,0,0,0,DoS-ICMP
80,17,20,1200,0,0,0,0,DoS-UDP
0,1,20,840,0,0,0,0,DoS-ICMP
33626,6,8,464,8,8,0,0,SSH-Bruteforce
80,17,20,1200,0,0,0,0,DoS-UDP
80,17,20,1200,0,0,0,0,DoS-UDP
80,6,20,1480,20,0,0,0,DoS-HTTP
80,6,20,1480,20,0,0,0,DoS-HTTP
80,6,20,1200,20,0,0,0,DoS-SYN-Flood
80,6,20,1480,20,0,0,0,DoS-HTTP
22,6,20,1200,20,0,0,0,SSH-Bruteforce
47452,6,20,11005,1,20,0,0,BENIGN
80,6,20,1480,20,0,0,0,DoS-HTTP
80,6,20,1480,20,0,0,0,DoS-HTTP
80,6,20,1200,20,0,0,0,DoS-SYN-Flood
0,1,20,1200,0,0,0,0,DoS-ICMP
53450,6,4,240,4,0,0,0,PortScan
80,17,20,1200,0,0,0,0,DoS-UDP
0,1,20,1200,0,0,0,0,DoS-ICMP
80,6,20,1480,20,0,0,0,DoS-HTTP
80,6,20,1200,20,0,0,0,DoS-SYN-Flood
22,6,20,1200,0,0,20,0,SSH-Bruteforce
443,6,20,1200,0,20,0,0,BENIGN
20,6,8,464,8,8,0,0,SSH-Bruteforce
0,1,20,840,0,0,0,0,DoS-ICMP
80,6,20,1200,20,0,0,0,DoS-SYN-Flood
80,17,20,1200,0,0,0,0,DoS-UDP
48392,6,2,120,2,0,0,0,PortScan
80,6,20,1200,20,0,0,0,DoS-SYN-Flood
0,1,20,840,0,0,0,0,DoS-ICMP
22,6,20,1200,0,0,20,0,SSH-Bruteforce
0,1,20,1200,0,0,0,0,DoS-ICMP
36520,17,20,27980,0,0,0,0,BENIGN
59602,6,6,348,6,6,0,0,SSH-Bruteforce
62768,6,2,120,2,0,0,0,PortScan
22,6,20,1200,20,0,0,0,SSH-Bruteforce
80,17,20,1200,0,0,0,0,DoS-UDP
80,17,20,1200,0,0,0,0,DoS-UDP
22,6,20,1200,3,0,17,0,SSH-Bruteforce
80,17,20,1200,0,0,0,0,DoS-UDP
0,1,20,1200,0,0,0,0,DoS-ICMP
0,1,20,840,0,0,0,0,DoS-ICMP
28106,6,11,638,11,11,0,0,SSH-Bruteforce
22,6,20,1200,1,0,19,0,SSH-Bruteforce
22,6,20,1200,20,0,0,0,SSH-Bruteforce
47927,6,6,348,6,6,0,0,SSH-Bruteforce
80,6,20,1480,20,0,0,0,DoS-HTTP
22,6,20,1200,20,0,0,0,SSH-Bruteforce
32694,6,2,120,2,0,0,0,PortScan
36520,17,20,27980,0,0,0,0,BENIGN
22,6,20,1200,0,0,20,0,SSH-Bruteforce
0,1,20,840,0,0,0,0,DoS-ICMP
18498,6,4,240,4,0,0,0,PortScan
80,6,20,1200,20,0,0,0,DoS-SYN-Flood
21281,6,4,240,4,0,0,0,PortScan
80,6,20,1200,20,0,0,0,DoS-SYN-Flood
80,6,20,1200,20,0,0,0,DoS-SYN-Flood
80,17,20,1200,0,0,0,0,DoS-UDP
80,6,20,1480,20,0,0,0,DoS-HTTP
80,17,20,1200,0,0,0,0,DoS-UDP
80,6,20,1480,20,0,0,0,DoS-HTTP
0,1,20,1200,0,0,0,0,DoS-ICMP
37932,6,9,522,9,9,0,0,SSH-Bruteforce
0,1,20,840,0,0,0,0,DoS-ICMP
80,6,20,1480,20,0,0,0,DoS-HTTP
31474,6,7,406,7,7,0,0,SSH-Bruteforce
80,17,20,1200,0,0,0,0,DoS-UDP
36520,17,20,27980,0,0,0,0,BENIGN
25934,6,9,522,9,9,0,0,SSH-Bruteforce
80,6,20,1480,20,0,0,0,DoS-HTTP
0,1,20,840,0,0,0,0,DoS-ICMP
13544,6,6,360,6,0,0,0,PortScan
53278,6,20,28180,0,20,0,0,BENIGN
54974,6,8,464,8,8,0,0,SSH-Bruteforce
80,6,20,1200,20,0,0,0,DoS-SYN-Flood
42594,6,6,348,6,6,0,0,SSH-Bruteforce
80,6,20,1480,20,0,0,0,DoS-HTTP
22,6,20,1200,20,0,0,0,SSH-Bruteforce
80,17,20,1200,0,0,0,0,DoS-UDP
80,17,20,1200,0,0,0,0,DoS-UDP
0,1,20,1200,0,0,0,0,DoS-ICMP
45510,6,2,120,2,0,0,0,PortScan
80,6,20,1200,20,0,0,0,DoS-SYN-Flood
80,6,20,1480,20,0,0,0,DoS-HTTP
15778,6,2,120,2,0,0,0,PortScan
80,6,20,1480,20,0,0,0,DoS-HTTP
80,17,20,1200,0,0,0,0,DoS-UDP
24942,6,9,522,9,9,0,0,SSH-Bruteforce
0,1,20,840,0,0,0,0,DoS-ICMP
22,6,20,1200,20,0,0,0,SSH-Bruteforce
42736,6,2,120,2,0,0,0,PortScan
22,6,20,1200,0,0,20,0,SSH-Bruteforce
80,6,20,1480,20,0,0,0,DoS-HTTP
22,6,20,1200,0,0,20,0,SSH-Bruteforce
80,6,20,1200,20,0,0,0,DoS-SYN-Flood
22,6,20,1200,1,0,19,0,SSH-Bruteforce
47613,17,2,482,0,0,0,0,BENIGN
23740,6,2,120,2,0,0,0,PortScan
80,6,20,1480,20,0,0,0,DoS-HTTP
80,17,20,1200,0,0,0,0,DoS-UDP
59245,6,2,120,2,0,0,0,PortScan
47094,17,20,27980,0,0,0,0,BENIGN
25873,6,9,522,9,9,0,0,SSH-Bruteforce
63665,6,6,348,6,6,0,0,SSH-Bruteforce
80,6,20,1200,20,0,0,0,DoS-SYN-Flood
0,1,20,1200,0,0,0,0,DoS-ICMP
0,1,20,840,0,0,0,0,DoS-ICMP
80,17,20,1200,0,0,0,0,DoS-UDP
0,1,20,840,0,0,0,0,DoS-ICMP
0,1,20,840,0,0,0,0,DoS-ICMP
80,17,20,1200,0,0,0,0,DoS-UDP
80,6,20,1480,20,0,0,0,DoS-HTTP
54568,6,6,348,6,6,0,0,SSH-Bruteforce
80,6,20,1200,20,0,0,0,DoS-SYN-Flood
42440,17,20,27980,0,0,0,0,BENIGN
80,6,20,1200,20,0,0,0,DoS-SYN-Flood
80,6,20,1480,20,0,0,0,DoS-HTTP
80,6,20,1200,20,0,0,0,DoS-SYN-Flood
80,17,20,1200,0,0,0,0,DoS-UDP
80,6,20,1200,20,0,0,0,DoS-SYN-Flood
0,1,20,1200,0,0,0,0,DoS-ICMP
18865,6,9,522,9,9,0,0,SSH-Bruteforce
64225,6,4,232,4,4,0,0,SSH-Bruteforce
80,17,20,1200,0,0,0,0,DoS-UDP
46983,6,4,240,4,0,0,0,PortScan
46582,6,10,580,10,10,0,0,SSH-Bruteforce
0,1,20,840,0,0,0,0,DoS-ICMP
28975,6,4,240,4,0,0,0,PortScan
80,6,20,1200,20,0,0,0,DoS-SYN-Flood
0,1,20,1200,0,0,0,0,DoS-ICMP
61000,6,6,348,6,6,0,0,SSH-Bruteforce
26381,6,2,120,2,0,0,0,PortScan
80,6,20,1200,20,0,0,0,DoS-SYN-Flood
22,6,20,1200,3,0,17,0,SSH-Bruteforce
80,6,20,1480,20,0,0,0,DoS-HTTP
7511,6,4,240,4,0,0,0,PortScan
80,17,20,1200,0,0,0,0,DoS-UDP
17485,6,2,120,2,0,0,0,PortScan
0,1,20,1200,0,0,0,0,DoS-ICMP
80,17,20,1200,0,0,0,0,DoS-UDP
80,6,20,1480,20,0,0,0,DoS-HTTP
80,6,20,1200,20,0,0,0,DoS-SYN-Flood
80,17,20,1200,0,0,0,0,DoS-UDP
50899,17,7,3101,0,0,0,0,BENIGN
80,17,20,1200,0,0,0,0,DoS-UDP
80,6,20,1480,20,0,0,0,DoS-HTTP
46222,6,4,240,4,0,0,0,PortScan
22,6,20,1200,20,0,0,0,SSH-Bruteforce
80,6,20,1200,20,0,0,0,DoS-SYN-Flood
61791,6,5,290,5,5,0,0,SSH-Bruteforce
80,6,20,1200,20,0,0,0,DoS-SYN-Flood
60886,6,20,27800,0,20,0,0,BENIGN
0,1,20,1200,0,0,0,0,DoS-ICMP
58252,6,7,406,7,7,0,0,SSH-Bruteforce
80,6,20,1480,20,0,0,0,DoS-HTTP
47205,6,8,464,8,8,0,0,SSH-Bruteforce
80,17,20,1200,0,0,0,0,DoS-UDP
2006,6,4,240,4,0,0,0,PortScan
22,6,20,1200,20,0,0,0,SSH-Bruteforce
22,6,20,1200,0,0,20,0,SSH-Bruteforce
0,1,20,1200,0,0,0,0,DoS-ICMP
80,6,20,1480,20,0,0,0,DoS-HTTP
80,6,20,1200,20,0,0,0,DoS-SYN-Flood
80,6,20,1200,20,0,0,0,DoS-SYN-Flood
51023,6,4,240,4,0,0,0,PortScan
80,6,20,1200,20,0,0,0,DoS-SYN-Flood
80,6,20,1480,20,0,0,0,DoS-HTTP
80,6,20,1200,20,0,0,0,DoS-SYN-Flood
17219,6,6,348,6,6,0,0,SSH-Bruteforce
21996,6,2,120,2,0,0,0,PortScan
29618,6,10,580,10,10,0,0,SSH-Bruteforce
80,17,20,1200,0,0,0,0,DoS-UDP
0,1,20,1200,0,0,0,0,DoS-ICMP
32241,6,2,120,2,0,0,0,PortScan
80,17,20,1200,0,0,0,0,DoS-UDP
80,6,20,1480,20,0,0,0,DoS-HTTP
35854,6,20,29680,0,20,0,0,BENIGN
8886,6,4,232,4,4,0,0,SSH-Bruteforce
11948,6,4,240,4,0,0,0,PortScan
80,6,20,1480,20,0,0,0,DoS-HTTP
59509,6,2,120,2,0,0,0,PortScan
80,17,20,1200,0,0,0,0,DoS-UDP
80,6,20,1200,20,0,0,0,DoS-SYN-Flood
80,6,20,1480,20,0,0,0,DoS-HTTP
0,1,20,840,0,0,0,0,DoS-ICMP
0,1,20,1200,0,0,0,0,DoS-ICMP
0,1,20,1200,0,0,0,0,DoS-ICMP
61463,6,4,240,4,0,0,0,PortScan
0,1,20,1200,0,0,0,0,DoS-ICMP
80,6,20,1480,20,0,0,0,DoS-HTTP
0,1,20,840,0,0,0,0,DoS-ICMP
22,6,20,1200,0,0,20,0,SSH-Bruteforce
80,6,20,1200,20,0,0,0,DoS-SYN-Flood
80,17,20,1200,0,0,0,0,DoS-UDP
50586,6,2,120,2,0,0,0,PortScan
80,6,20,1200,20,0,0,0,DoS-SYN-Flood
80,6,20,1480,20,0,0,0,DoS-HTTP
80,6,20,1480,20,0,0,0,DoS-HTTP
80,17,20,1200,0,0,0,0,DoS-UDP
80,17,20,1200,0,0,0,0,DoS-UDP
44936,6,2,120,2,0,0,0,PortScan
80,17,20,1200,0,0,0,0,DoS-UDP
80,6,20,1200,20,0,0,0,DoS-SYN-Flood
33188,6,2,120,2,0,0,0,PortScan
14194,6,4,240,4,0,0,0,PortScan
22,6,20,1200,2,0,18,0,SSH-Bruteforce
80,6,20,1200,20,0,0,0,DoS-SYN-Flood
80,6,20,1480,20,0,0,0,DoS-HTTP
22,6,20,1200,19,0,1,0,SSH-Bruteforce
59655,6,2,120,2,0,0,0,PortScan
80,17,20,1200,0,0,0,0,DoS-UDP
80,17,20,1200,0,0,0,0,DoS-UDP
36520,17,20,27980,0,0,0,0,BENIGN
17407,6,2,120,2,0,0,0,PortScan
80,6,20,1200,20,0,0,0,DoS-SYN-Flood
80,6,20,1480,20,0,0,0,DoS-HTTP
0,1,20,840,0,0,0,0,DoS-ICMP
0,1,20,840,0,0,0,0,DoS-ICMP
80,6,20,1480,20,0,0,0,DoS-HTTP
80,17,20,1200,0,0,0,0,DoS-UDP
80,6,20,1200,20,0,0,0,DoS-SYN-Flood
14733,6,4,240,4,0,0,0,PortScan
8839,6,5,290,5,5,0,0,SSH-Bruteforce
80,17,20,1200,0,0,0,0,DoS-UDP
36520,17,20,27980,0,0,0,0,BENIGN
80,17,20,1200,0,0,0,0,DoS-UDP
80,17,20,1200,0,0,0,0,DoS-UDP
33240,6,20,29020,0,20,0,0,BENIGN
0,1,20,840,0,0,0,0,DoS-ICMP
18796,6,6,348,6,6,0,0,SSH-Bruteforce
80,6,20,1200,20,0,0,0,DoS-SYN-Flood
80,6,20,1480,20,0,0,0,DoS-HTTP
80,6,20,1480,20,0,0,0,DoS-HTTP
80,6,20,1200,20,0,0,0,DoS-SYN-Flood
80,17,20,1200,0,0,0,0,DoS-UDP
80,17,20,1200,0,0,0,0,DoS-UDP
22,6,20,1200,0,0,20,0,SSH-Bruteforce
0,1,20,840,0,0,0,0,DoS-ICMP
80,17,20,1200,0,0,0,0,DoS-UDP
80,6,20,1480,20,0,0,0,DoS-HTTP
27509,6,6,348,6,6,0,0,SSH-Bruteforce
24166,6,2,120,2,0,0,0,PortScan
22,6,20,1200,2,0,18,0,SSH-Bruteforce
80,6,20,1480,20,0,0,0,DoS-HTTP
42193,6,5,290,5,5,0,0,SSH-Bruteforce
80,6,20,1200,20,0,0,0,DoS-SYN-Flood
80,6,20,1200,20,0,0,0,DoS-SYN-Flood
80,6,20,1200,20,0,0,0,DoS-SYN-Flood
80,6,20,1480,20,0,0,0,DoS-HTTP
31932,6,4,240,4,0,0,0,PortScan
46088,6,2,120,2,0,0,0,PortScan
53278,6,20,28128,0,20,0,0,BENIGN
0,1,20,1200,0,0,0,0,DoS-ICMP
32433,6,7,406,7,7,0,0,SSH-Bruteforce
80,6,20,1480,20,0,0,0,DoS-HTTP
0,1,20,1200,0,0,0,0,DoS-ICMP
0,1,20,840,0,0,0,0,DoS-ICMP
0,1,20,1200,0,0,0,0,DoS-ICMP
80,17,20,1200,0,0,0,0,DoS-UDP
80,6,20,1200,20,0,0,0,DoS-SYN-Flood
0,1,20,840,0,0,0,0,DoS-ICMP
22,6,20,1200,0,0,20,0,SSH-Bruteforce
80,6,20,1480,20,0,0,0,DoS-HTTP
60516,6,20,28485,0,20,0,0,BENIGN
80,17,20,1200,0,0,0,0,DoS-UDP
0,1,20,1200,0,0,0,0,DoS-ICMP
22851,6,7,406,7,7,0,0,SSH-Bruteforce
443,6,20,1499,0,20,0,0,BENIGN
48806,17,20,27980,0,0,0,0,BENIGN
80,17,20,1200,0,0,0,0,DoS-UDP
22,6,20,1200,20,0,0,0,SSH-Bruteforce
80,17,20,1200,0,0,0,0,DoS-UDP
0,1,20,1200,0,0,0,0,DoS-ICMP
80,6,20,1480,20,0,0,0,DoS-HTTP
1199,6,4,240,4,0,0,0,PortScan
56790,6,4,240,4,0,0,0,PortScan
80,17,20,1200,0,0,0,0,DoS-UDP
45821,6,2,120,2,0,0,0,PortScan
0,1,20,840,0,0,0,0,DoS-ICMP
80,17,20,1200,0,0,0,0,DoS-UDP
80,6,20,1200,20,0,0,0,DoS-SYN-Flood
0,1,20,840,0,0,0,0,DoS-ICMP
443,17,20,10279,0,0,0,0,BENIGN
80,6,20,1200,20,0,0,0,DoS-SYN-Flood
26344,6,2,120,2,0,0,0,PortScan
37916,6,2,120,2,0,0,0,PortScan
80,6,20,1200,20,0,0,0,DoS-SYN-Flood
80,6,20,1480,20,0,0,0,DoS-HTTP
58139,6,10,580,10,10,0,0,SSH-Bruteforce
0,1,20,840,0,0,0,0,DoS-ICMP
22,6,20,1200,0,0,20,0,SSH-Bruteforce
80,6,20,1480,20,0,0,0,DoS-HTTP
32055,6,10,580,10,10,0,0,SSH-Bruteforce
80,6,20,1480,20,0,0,0,DoS-HTTP
57916,6,4,240,4,0,0,0,PortScan
80,6,20,1480,20,0,0,0,DoS-HTTP
27119,6,6,348,6,6,0,0,SSH-Bruteforce
62221,6,4,240,4,0,0,0,PortScan
0,1,20,1200,0,0,0,0,DoS-ICMP
80,17,20,1200,0,0,0,0,DoS-UDP
80,6,20,1480,20,0,0,0,DoS-HTTP
22,6,20,1200,1,0,19,0,SSH-Bruteforce
80,6,20,1480,20,0,0,0,DoS-HTTP
80,17,20,1200,0,0,0,0,DoS-UDP
80,6,20,1480,20,0,0,0,DoS-HTTP
13061,6,5,300,5,0,0,0,PortScan
0,1,20,840,0,0,0,0,DoS-ICMP
57626,6,4,240,4,0,0,0,PortScan
80,17,20,1200,0,0,0,0,DoS-UDP
80,17,20,1200,0,0,0,0,DoS-UDP
80,6,20,1480,20,0,0,0,DoS-HTTP
57709,6,2,120,2,0,0,0,PortScan
80,6,20,1480,20,0,0,0,DoS-HTTP
80,6,20,1480,20,0,0,0,DoS-HTTP
80,6,20,1200,20,0,0,0,DoS-SYN-Flood
56047,6,2,120,2,0,0,0,PortScan
0,1,20,840,0,0,0,0,DoS-ICMP
80,6,20,1200,20,0,0,0,DoS-SYN-Flood
18160,6,2,120,2,0,0,0,PortScan
0,1,20,1200,0,0,0,0,DoS-ICMP
80,6,20,1200,20,0,0,0,DoS-SYN-Flood
56635,6,8,464,8,8,0,0,SSH-Bruteforce
22,6,20,1200,0,0,20,0,SSH-Bruteforce
45447,17,20,27244,0,0,0,0,BENIGN
0,1,20,1200,0,0,0,0,DoS-ICMP
80,6,20,1480,20,0,0,0,DoS-HTTP
80,6,20,1480,20,0,0,0,DoS-HTTP
635,6,4,240,4,0,0,0,PortScan
80,6,20,1200,20,0,0,0,DoS-SYN-Flood
20529,6,4,240,4,0,0,0,PortScan
14333,6,6,360,6,0,0,0,PortScan
80,6,20,1200,20,0,0,0,DoS-SYN-Flood
80,6,20,1480,20,0,0,0,DoS-HTTP
0,1,20,1200,0,0,0,0,DoS-ICMP
29039,6,9,522,9,9,0,0,SSH-Bruteforce
18072,6,9,522,9,9,0,0,SSH-Bruteforce
80,17,20,1200,0,0,0,0,DoS-UDP
21279,6,7,406,7,7,0,0,SSH-Bruteforce
80,6,20,1480,20,0,0,0,DoS-HTTP
22240,6,7,406,7,7,0,0,SSH-Bruteforce
0,1,20,840,0,0,0,0,DoS-ICMP
18014,6,2,120,2,0,0,0,PortScan
80,6,20,1200,20,0,0,0,DoS-SYN-Flood
22,6,20,1200,0,0,20,0,SSH-Bruteforce
25688,6,4,240,4,0,0,0,PortScan
0,1,20,840,0,0,0,0,DoS-ICMP
80,17,20,1200,0,0,0,0,DoS-UDP
36520,17,20,14779,0,0,0,0,BENIGN
80,17,20,1200,0,0,0,0,DoS-UDP
32654,6,8,464,8,8,0,0,SSH-Bruteforce
23377,6,4,240,4,0,0,0,PortScan
80,6,20,1200,20,0,0,0,DoS-SYN-Flood
43992,17,20,27980,0,0,0,0,BENIGN
36520,17,20,27980,0,0,0,0,BENIGN
22,6,20,1200,1,0,19,0,SSH-Bruteforce
22,6,20,1200,3,0,17,0,SSH-Bruteforce
80,6,20,1480,20,0,0,0,DoS-HTTP
80,17,20,1200,0,0,0,0,DoS-UDP
80,6,20,1200,20,0,0,0,DoS-SYN-Flood
37513,17,8,3235,0,0,0,0,BENIGN
80,17,20,1200,0,0,0,0,DoS-UDP
80,6,20,1480,20,0,0,0,DoS-HTTP
80,6,20,1200,20,0,0,0,DoS-SYN-Flood
0,1,20,1200,0,0,0,0,DoS-ICMP
36268,17,20,27980,0,0,0,0,BENIGN
80,6,20,1200,20,0,0,0,DoS-SYN-Flood
80,17,20,1200,0,0,0,0,DoS-UDP
80,17,20,1200,0,0,0,0,DoS-UDP
44633,17,2,264,0,0,0,0,BENIGN
80,17,20,1200,0,0,0,0,DoS-UDP
22,6,20,1200,4,0,16,0,SSH-Bruteforce
27422,6,2,120,2,0,0,0,PortScan
80,6,20,1480,20,0,0,0,DoS-HTTP
80,17,20,1200,0,0,0,0,DoS-UDP
80,6,20,1480,20,0,0,0,DoS-HTTP
80,6,20,1480,20,0,0,0,DoS-HTTP
80,6,20,1200,20,0,0,0,DoS-SYN-Flood
80,17,20,1200,0,0,0,0,DoS-UDP
80,6,20,1480,20,0,0,0,DoS-HTTP
0,1,20,840,0,0,0,0,DoS-ICMP
80,6,20,1480,20,0,0,0,DoS-HTTP
0,1,20,840,0,0,0,0,DoS-ICMP
0,1,20,1200,0,0,0,0,DoS-ICMP
17170,6,4,240,4,0,0,0,PortScan
0,1,20,840,0,0,0,0,DoS-ICMP
80,6,20,1480,20,0,0,0,DoS-HTTP
0,1,20,840,0,0,0,0,DoS-ICMP
0,1,20,1200,0,0,0,0,DoS-ICMP
0,1,20,840,0,0,0,0,DoS-ICMP
36520,17,20,27980,0,0,0,0,BENIGN
80,6,20,1480,20,0,0,0,DoS-HTTP
80,17,20,1200,0,0,0,0,DoS-UDP
31765,6,2,120,2,0,0,0,PortScan
80,6,20,1200,20,0,0,0,DoS-SYN-Flood
80,6,20,1480,20,0,0,0,DoS-HTTP
0,1,20,1200,0,0,0,0,DoS-ICMP
57771,6,4,240,4,0,0,0,PortScan
80,6,20,1480,20,0,0,0,DoS-HTTP
0,1,20,840,0,0,0,0,DoS-ICMP
0,1,20,1200,0,0,0,0,DoS-ICMP
36520,17,20,27980,0,0,0,0,BENIGN
0,1,20,1200,0,0,0,0,DoS-ICMP
4224,6,4,240,4,0,0,0,PortScan
3927,6,6,360,6,0,0,0,PortScan
35854,6,20,4938,0,20,0,0,BENIGN
80,6,20,1200,20,0,0,0,DoS-SYN-Flood
0,1,20,840,0,0,0,0,DoS-ICMP
36520,17,20,27980,0,0,0,0,BENIGN
80,6,20,1200,20,0,0,0,DoS-SYN-Flood
80,17,20,1200,0,0,0,0,DoS-UDP
28722,6,4,240,4,0,0,0,PortScan
80,17,20,1200,0,0,0,0,DoS-UDP
54894,6,4,240,4,0,0,0,PortScan
21561,6,4,240,4,0,0,0,PortScan
55533,6,5,290,5,5,0,0,SSH-Bruteforce
0,1,20,840,0,0,0,0,DoS-ICMP
80,6,20,1200,20,0,0,0,DoS-SYN-Flood
25990,6,2,120,2,0,0,0,PortScan
80,17,20,1200,0,0,0,0,DoS-UDP
80,6,20,1480,20,0,0,0,DoS-HTTP
22,6,20,1200,20,0,0,0,SSH-Bruteforce
80,6,20,1480,20,0,0,0,DoS-HTTP
0,1,20,1200,0,0,0,0,DoS-ICMP
80,17,20,1200,0,0,0,0,DoS-UDP
80,6,20,1200,20,0,0,0,DoS-SYN-Flood
80,6,20,1200,20,0,0,0,DoS-SYN-Flood
80,17,20,1200,0,0,0,0,DoS-UDP
80,6,20,1200,20,0,0,0,DoS-SYN-Flood
80,17,20,1200,0,0,0,0,DoS-UDP
22,6,20,1200,20,0,0,0,SSH-Bruteforce
53003,6,6,348,6,6,0,0,SSH-Bruteforce
80,6,20,1200,20,0,0,0,DoS-SYN-Flood
80,6,20,1480,20,0,0,0,DoS-HTTP
80,17,20,1200,0,0,0,0,DoS-UDP
22,6,20,1200,2,0,18,0,SSH-Bruteforce
80,6,20,1200,20,0,0,0,DoS-SYN-Flood
53308,6,20,29620,0,20,0,0,BENIGN
80,17,20,1200,0,0,0,0,DoS-UDP
9570,6,10,580,10,10,0,0,SSH-Bruteforce
80,17,20,1200,0,0,0,0,DoS-UDP
80,6,20,1480,20,0,0,0,DoS-HTTP
6395,6,4,240,4,0,0,0,PortScan
80,17,20,1200,0,0,0,0,DoS-UDP
0,1,20,1200,0,0,0,0,DoS-ICMP
22,6,20,1200,20,0,0,0,SSH-Bruteforce
80,17,20,1200,0,0,0,0,DoS-UDP
55068,6,2,120,2,0,0,0,PortScan
80,6,20,1200,20,0,0,0,DoS-SYN-Flood
28176,6,7,406,7,7,0,0,SSH-Bruteforce
51263,17,2,204,0,0,0,0,BENIGN
17807,6,2,120,2,0,0,0,PortScan
80,6,20,1480,20,0,0,0,DoS-HTTP
45892,6,2,120,2,0,0,0,PortScan
80,6,20,1200,20,0,0,0,DoS-SYN-Flood
22,6,20,1200,0,0,20,0,SSH-Bruteforce
80,6,20,1200,20,0,0,0,DoS-SYN-Flood
80,17,20,1200,0,0,0,0,DoS-UDP
80,17,20,1200,0,0,0,0,DoS-UDP
80,6,20,1200,20,0,0,0,DoS-SYN-Flood
80,6,20,1480,20,0,0,0,DoS-HTTP
80,6,20,1200,20,0,0,0,DoS-SYN-Flood
80,6,20,1200,20,0,0,0,DoS-SYN-Flood
80,6,20,1480,20,0,0,0,DoS-HTTP
28542,6,2,120,2,0,0,0,PortScan
80,17,20,1200,0,0,0,0,DoS-UDP
14283,6,6,348,6,6,0,0,SSH-Bruteforce
22,6,20,1200,20,0,0,0,SSH-Bruteforce
80,6,20,1480,20,0,0,0,DoS-HTTP
80,17,20,1200,0,0,0,0,DoS-UDP
42440,17,20,27980,0,0,0,0,BENIGN
80,17,20,1200,0,0,0,0,DoS-UDP
80,6,20,1480,20,0,0,0,DoS-HTTP
0,1,20,1200,0,0,0,0,DoS-ICMP
29263,6,4,240,4,0,0,0,PortScan
33240,6,20,28960,0,20,0,0,BENIGN
0,1,20,840,0,0,0,0,DoS-ICMP
0,1,20,1200,0,0,0,0,DoS-ICMP
80,6,20,1200,20,0,0,0,DoS-SYN-Flood
36520,17,20,27980,0,0,0,0,BENIGN
29810,6,2,120,2,0,0,0,PortScan
80,6,20,1200,20,0,0,0,DoS-SYN-Flood
80,6,20,1200,20,0,0,0,DoS-SYN-Flood
6252,6,9,522,9,9,0,0,SSH-Bruteforce
0,1,20,1200,0,0,0,0,DoS-ICMP
39037,6,5,290,5,5,0,0,SSH-Bruteforce
80,6,20,1200,20,0,0,0,DoS-SYN-Flood
80,6,20,1480,20,0,0,0,DoS-HTTP
35994,6,13,754,13,13,0,0,SSH-Bruteforce
80,6,20,1200,20,0,0,0,DoS-SYN-Flood
16558,6,2,120,2,0,0,0,PortScan
2779,6,4,240,4,0,0,0,PortScan
50534,6,4,240,4,0,0,0,PortScan
22,6,20,1200,12,0,8,0,SSH-Bruteforce
80,17,20,1200,0,0,0,0,DoS-UDP
80,6,20,1480,20,0,0,0,DoS-HTTP
80,17,20,1200,0,0,0,0,DoS-UDP
80,6,20,1480,20,0,0,0,DoS-HTTP
0,1,20,840,0,0,0,0,DoS-ICMP
80,6,20,1480,20,0,0,0,DoS-HTTP
80,17,20,1200,0,0,0,0,DoS-UDP
80,6,20,1480,20,0,0,0,DoS-HTTP
48806,17,20,27980,0,0,0,0,BENIGN
54157,6,5,290,5,5,0,0,SSH-Bruteforce
80,17,20,1200,0,0,0,0,DoS-UDP
80,17,20,1200,0,0,0,0,DoS-UDP
0,1,20,1200,0,0,0,0,DoS-ICMP
80,6,20,1200,20,0,0,0,DoS-SYN-Flood
80,17,20,1200,0,0,0,0,DoS-UDP
0,1,20,840,0,0,0,0,DoS-ICMP
18070,6,4,240,4,0,0,0,PortScan
0,1,20,1200,0,0,0,0,DoS-ICMP
80,6,20,1200,20,0,0,0,DoS-SYN-Flood
80,6,20,1480,20,0,0,0,DoS-HTTP
80,17,20,1200,0,0,0,0,DoS-UDP
51752,6,2,120,2,0,0,0,PortScan
80,6,20,1200,20,0,0,0,DoS-SYN-Flood
0,1,20,840,0,0,0,0,DoS-ICMP
0,1,20,840,0,0,0,0,DoS-ICMP
0,1,20,1200,0,0,0,0,DoS-ICMP
80,17,20,1200,0,0,0,0,DoS-UDP
80,6,20,1480,20,0,0,0,DoS-HTTP
15619,6,8,464,8,8,0,0,SSH-Bruteforce
80,6,20,1200,20,0,0,0,DoS-SYN-Flood
80,6,20,1480,20,0,0,0,DoS-HTTP
80,17,20,1200,0,0,0,0,DoS-UDP
22,6,20,1200,5,0,15,0,SSH-Bruteforce
59401,6,4,240,4,0,0,0,PortScan
8768,6,4,240,4,0,0,0,PortScan
29387,6,9,522,9,9,0,0,SSH-Bruteforce
0,1,20,840,0,0,0,0,DoS-ICMP
0,1,20,1200,0,0,0,0,DoS-ICMP
80,6,20,1480,20,0,0,0,DoS-HTTP
23720,6,7,406,7,7,0,0,SSH-Bruteforce
443,6,20,1200,0,20,0,0,BENIGN
39140,6,2,120,2,0,0,0,PortScan
0,1,20,840,0,0,0,0,DoS-ICMP
37009,6,8,464,8,8,0,0,SSH-Bruteforce
0,1,20,840,0,0,0,0,DoS-ICMP
80,17,20,1200,0,0,0,0,DoS-UDP
50971,6,4,240,4,0,0,0,PortScan
0,1,20,840,0,0,0,0,DoS-ICMP
0,1,20,1200,0,0,0,0,DoS-ICMP
80,6,20,1480,20,0,0,0,DoS-HTTP
80,6,20,1480,20,0,0,0,DoS-HTTP
0,1,20,840,0,0,0,0,DoS-ICMP
0,1,20,840,0,0,0,0,DoS-ICMP
12046,6,6,360,6,0,0,0,PortScan
19440,6,9,522,9,9,0,0,SSH-Bruteforce
0,1,20,840,0,0,0,0,DoS-ICMP
80,6,20,1200,20,0,0,0,DoS-SYN-Flood
45580,6,4,240,4,0,0,0,PortScan
80,6,20,1200,20,0,0,0,DoS-SYN-Flood
80,6,20,1480,20,0,0,0,DoS-HTTP
80,6,20,1200,20,0,0,0,DoS-SYN-Flood
80,17,20,1200,0,0,0,0,DoS-UDP
0,1,20,840,0,0,0,0,DoS-ICMP
22220,6,2,120,2,0,0,0,PortScan
80,6,20,1480,20,0,0,0,DoS-HTTP
18181,6,2,120,2,0,0,0,PortScan
80,17,20,1200,0,0,0,0,DoS-UDP
80,6,20,1480,20,0,0,0,DoS-HTTP
80,17,20,1200,0,0,0,0,DoS-UDP
80,17,20,1200,0,0,0,0,DoS-UDP
80,17,20,1200,0,0,0,0,DoS-UDP
80,6,20,1200,20,0,0,0,DoS-SYN-Flood
22,6,20,1200,3,0,17,0,SSH-Bruteforce
80,17,20,1200,0,0,0,0,DoS-UDP
80,6,20,1480,20,0,0,0,DoS-HTTP
611,6,6,360,6,0,0,0,PortScan
80,6,20,1480,20,0,0,0,DoS-HTTP
36520,17,20,27980,0,0,0,0,BENIGN
80,6,20,1480,20,0,0,0,DoS-HTTP
80,17,20,1200,0,0,0,0,DoS-UDP
0,1,20,1200,0,0,0,0,DoS-ICMP
4312,6,13,754,13,13,0,0,SSH-Bruteforce
0,1,20,840,0,0,0,0,DoS-ICMP
0,1,20,1200,0,0,0,0,DoS-ICMP
0,1,20,840,0,0,0,0,DoS-ICMP
22,6,20,1200,0,0,20,0,SSH-Bruteforce
80,6,20,1480,20,0,0,0,DoS-HTTP
80,6,20,1480,20,0,0,0,DoS-HTTP
0,1,20,840,0,0,0,0,DoS-ICMP
0,1,20,1200,0,0,0,0,DoS-ICMP
80,17,20,1200,0,0,0,0,DoS-UDP
80,17,20,1200,0,0,0,0,DoS-UDP
80,17,20,1200,0,0,0,0,DoS-UDP
80,6,20,1200,20,0,0,0,DoS-SYN-Flood
0,1,20,840,0,0,0,0,DoS-ICMP
36520,17,20,27980,0,0,0,0,BENIGN
0,1,20,1200,0,0,0,0,DoS-ICMP
80,6,20,1200,20,0,0,0,DoS-SYN-Flood
80,6,20,1200,20,0,0,0,DoS-SYN-Flood
12065,6,7,406,7,7,0,0,SSH-Bruteforce
22,6,20,1200,15,0,5,0,SSH-Bruteforce
31692,6,2,120,2,0,0,0,PortScan
49606,6,8,464,8,8,0,0,SSH-Bruteforce
19296,6,8,464,8,8,0,0,SSH-Bruteforce
80,6,20,1200,20,0,0,0,DoS-SYN-Flood
80,17,20,1200,0,0,0,0,DoS-UDP
0,1,20,840,0,0,0,0,DoS-ICMP
604,6,9,522,9,9,0,0,SSH-Bruteforce
80,17,20,1200,0,0,0,0,DoS-UDP
80,17,20,1200,0,0,0,0,DoS-UDP
0,1,20,840,0,0,0,0,DoS-ICMP
80,6,20,1480,20,0,0,0,DoS-HTTP
0,1,20,1200,0,0,0,0,DoS-ICMP
80,6,20,1480,20,0,0,0,DoS-HTTP
31722,6,4,240,4,0,0,0,PortScan
60686,6,8,464,8,8,0,0,SSH-Bruteforce
80,17,20,1200,0,0,0,0,DoS-UDP
22,6,20,1200,10,0,10,0,SSH-Bruteforce
80,6,20,1480,20,0,0,0,DoS-HTTP
80,6,20,1200,20,0,0,0,DoS-SYN-Flood
22,6,20,1200,4,0,16,0,SSH-Bruteforce
80,17,20,1200,0,0,0,0,DoS-UDP
22,6,20,1200,20,0,0,0,SSH-Bruteforce
11609,6,6,348,6,6,0,0,SSH-Bruteforce
22,6,20,1200,20,0,0,0,SSH-Bruteforce
0,1,20,840,0,0,0,0,DoS-ICMP
80,17,20,1200,0,0,0,0,DoS-UDP
0,1,20,1200,0,0,0,0,DoS-ICMP
0,1,20,1200,0,0,0,0,DoS-ICMP
3706,6,5,290,5,5,0,0,SSH-Bruteforce
47984,6,2,120,2,0,0,0,PortScan
80,6,20,1200,20,0,0,0,DoS-SYN-Flood
0,1,20,840,0,0,0,0,DoS-ICMP
39393,6,8,464,8,8,0,0,SSH-Bruteforce
32256,6,4,240,4,0,0,0,PortScan
80,17,20,1200,0,0,0,0,DoS-UDP
80,17,20,1200,0,0,0,0,DoS-UDP
80,6,20,1200,20,0,0,0,DoS-SYN-Flood
22,6,20,1200,20,0,0,0,SSH-Bruteforce
21609,6,8,464,8,8,0,0,SSH-Bruteforce
30988,6,4,240,4,0,0,0,PortScan
17143,6,4,240,4,0,0,0,PortScan
36526,6,7,406,7,7,0,0,SSH-Bruteforce
0,1,20,1200,0,0,0,0,DoS-ICMP
44088,6,10,580,10,10,0,0,SSH-Bruteforce
80,17,20,1200,0,0,0,0,DoS-UDP
80,6,20,1200,20,0,0,0,DoS-SYN-Flood
80,17,20,1200,0,0,0,0,DoS-UDP
39991,6,4,240,4,0,0,0,PortScan
80,6,20,1200,20,0,0,0,DoS-SYN-Flood
80,17,20,1200,0,0,0,0,DoS-UDP
80,17,20,1200,0,0,0,0,DoS-UDP
80,6,20,1200,20,0,0,0,DoS-SYN-Flood
80,6,20,1200,20,0,0,0,DoS-SYN-Flood
35326,6,2,120,2,0,0,0,PortScan
0,1,20,840,0,0,0,0,DoS-ICMP
80,6,20,1200,20,0,0,0,DoS-SYN-Flood
38380,6,9,522,9,9,0,0,SSH-Bruteforce
55369,6,2,120,2,0,0,0,PortScan
80,6,20,1200,20,0,0,0,DoS-SYN-Flood
80,6,20,1200,20,0,0,0,DoS-SYN-Flood
80,6,20,1480,20,0,0,0,DoS-HTTP
80,17,20,1200,0,0,0,0,DoS-UDP
0,1,20,840,0,0,0,0,DoS-ICMP
80,6,20,1200,20,0,0,0,DoS-SYN-Flood
80,17,20,1200,0,0,0,0,DoS-UDP
80,6,20,1200,20,0,0,0,DoS-SYN-Flood
0,1,20,1200,0,0,0,0,DoS-ICMP
80,17,20,1200,0,0,0,0,DoS-UDP
80,17,20,1200,0,0,0,0,DoS-UDP
80,6,20,1200,20,0,0,0,DoS-SYN-Flood
54240,6,3,162,0,3,0,1,BENIGN
80,17,20,1200,0,0,0,0,DoS-UDP
4245,6,4,240,4,0,0,0,PortScan
80,6,20,1480,20,0,0,0,DoS-HTTP
80,17,20,1200,0,0,0,0,DoS-UDP
80,6,20,1480,20,0,0,0,DoS-HTTP
0,1,20,840,0,0,0,0,DoS-ICMP
24749,6,2,120,2,0,0,0,PortScan
18508,6,8,464,8,8,0,0,SSH-Bruteforce
52225,6,7,406,7,7,0,0,SSH-Bruteforce
12176,6,4,240,4,0,0,0,PortScan
36520,17,20,27980,0,0,0,0,BENIGN
80,17,20,1200,0,0,0,0,DoS-UDP
46398,17,20,27980,0,0,0,0,BENIGN
22,6,20,1200,0,0,20,0,SSH-Bruteforce
80,17,20,1200,0,0,0,0,DoS-UDP
0,1,20,1200,0,0,0,0,DoS-ICMP
80,17,20,1200,0,0,0,0,DoS-UDP
51799,6,4,240,4,0,0,0,PortScan
80,6,20,1200,20,0,0,0,DoS-SYN-Flood
0,1,20,1200,0,0,0,0,DoS-ICMP
0,1,20,840,0,0,0,0,DoS-ICMP
80,17,20,1200,0,0,0,0,DoS-UDP
46637,6,8,464,8,8,0,0,SSH-Bruteforce
0,1,20,840,0,0,0,0,DoS-ICMP
24153,6,2,120,2,0,0,0,PortScan
80,17,20,1200,0,0,0,0,DoS-UDP
80,6,20,1480,20,0,0,0,DoS-HTTP
39902,17,20,27980,0,0,0,0,BENIGN
53995,6,4,240,4,0,0,0,PortScan
63225,6,4,240,4,0,0,0,PortScan
22,6,20,1200,20,0,0,0,SSH-Bruteforce
53568,6,20,17842,1,20,0,0,BENIGN
42930,6,2,120,2,0,0,0,PortScan
80,17,20,1200,0,0,0,0,DoS-UDP
40094,6,2,120,2,0,0,0,PortScan
55341,6,2,120,2,0,0,0,PortScan
80,6,20,1200,20,0,0,0,DoS-SYN-Flood
80,6,20,1480,20,0,0,0,DoS-HTTP
80,6,20,1200,20,0,0,0,DoS-SYN-Flood
80,6,20,1480,20,0,0,0,DoS-HTTP
22,6,20,1200,2,0,18,0,SSH-Bruteforce
14286,6,4,240,4,0,0,0,PortScan
80,6,20,1480,20,0,0,0,DoS-HTTP
80,6,20,1480,20,0,0,0,DoS-HTTP
58478,6,2,120,2,0,0,0,PortScan
51804,6,2,120,2,0,0,0,PortScan
60516,6,20,29021,0,20,0,0,BENIGN
80,6,20,1480,20,0,0,0,DoS-HTTP
80,6,20,1480,20,0,0,0,DoS-HTTP
80,6,20,1480,20,0,0,0,DoS-HTTP
80,17,20,1200,0,0,0,0,DoS-UDP
11806,6,6,360,6,0,0,0,PortScan
37463,6,11,638,11,11,0,0,SSH-Bruteforce
80,6,20,1200,20,0,0,0,DoS-SYN-Flood
28096,6,4,240,4,0,0,0,PortScan
80,17,20,1200,0,0,0,0,DoS-UDP
26897,6,7,406,7,7,0,0,SSH-Bruteforce
0,1,20,1200,0,0,0,0,DoS-ICMP
80,17,20,1200,0,0,0,0,DoS-UDP
0,1,20,1200,0,0,0,0,DoS-ICMP
0,1,20,1200,0,0,0,0,DoS-ICMP
33240,6,20,29080,0,20,0,0,BENIGN
80,6,20,1200,20,0,0,0,DoS-SYN-Flood
80,17,20,1200,0,0,0,0,DoS-UDP
0,1,20,840,0,0,0,0,DoS-ICMP
80,6,20,1200,20,0,0,0,DoS-SYN-Flood
80,6,20,1200,20,0,0,0,DoS-SYN-Flood
42440,17,20,27980,0,0,0,0,BENIGN
80,6,20,1480,20,0,0,0,DoS-HTTP
80,17,20,1200,0,0,0,0,DoS-UDP
443,17,20,17944,0,0,0,0,BENIGN
80,6,20,1200,20,0,0,0,DoS-SYN-Flood
11091,6,7,406,7,7,0,0,SSH-Bruteforce
56999,6,5,290,5,5,0,0,SSH-Bruteforce
80,17,20,1200,0,0,0,0,DoS-UDP
0,1,20,1200,0,0,0,0,DoS-ICMP
80,6,20,1200,20,0,0,0,DoS-SYN-Flood
80,6,20,1480,20,0,0,0,DoS-HTTP
43430,6,9,522,9,9,0,0,SSH-Bruteforce
33240,6,20,29080,0,20,0,0,BENIGN
80,17,20,1200,0,0,0,0,DoS-UDP
41133,6,2,120,2,0,0,0,PortScan
80,6,20,1480,20,0,0,0,DoS-HTTP
60886,6,20,26220,0,20,0,0,BENIGN
36520,17,20,18958,0,0,0,0,BENIGN
80,6,20,1480,20,0,0,0,DoS-HTTP
80,17,20,1200,0,0,0,0,DoS-UDP
36520,17,20,27980,0,0,0,0,BENIGN
80,6,20,1200,20,0,0,0,DoS-SYN-Flood
80,6,20,1200,20,0,0,0,DoS-SYN-Flood
80,6,20,1480,20,0,0,0,DoS-HTTP
0,1,20,840,0,0,0,0,DoS-ICMP
22,6,20,1200,0,0,20,0,SSH-Bruteforce
80,6,20,1480,20,0,0,0,DoS-HTTP
80,6,20,1200,20,0,0,0,DoS-SYN-Flood
80,6,20,1200,20,0,0,0,DoS-SYN-Flood
58537,6,6,348,6,6,0,0,SSH-Bruteforce
54105,6,2,120,2,0,0,0,PortScan
443,17,14,4435,0,0,0,0,BENIGN
80,17,20,1200,0,0,0,0,DoS-UDP
64962,6,4,240,4,0,0,0,PortScan
80,17,20,1200,0,0,0,0,DoS-UDP
80,6,20,1200,20,0,0,0,DoS-SYN-Flood
32026,6,7,406,7,7,0,0,SSH-Bruteforce
0,1,20,840,0,0,0,0,DoS-ICMP
0,1,20,840,0,0,0,0,DoS-ICMP
55442,6,6,348,6,6,0,0,SSH-Bruteforce
22,6,20,1200,0,0,20,0,SSH-Bruteforce
80,6,20,1480,20,0,0,0,DoS-HTTP
80,6,20,1200,20,0,0,0,DoS-SYN-Flood
80,17,20,1200,0,0,0,0,DoS-UDP
8145,6,10,580,10,10,0,0,SSH-Bruteforce
19201,6,8,464,8,8,0,0,SSH-Bruteforce
41056,6,8,464,8,8,0,0,SSH-Bruteforce
80,17,20,1200,0,0,0,0,DoS-UDP
36520,17,20,27980,0,0,0,0,BENIGN
42235,6,4,240,4,0,0,0,PortScan
59694,6,7,406,7,7,0,0,SSH-Bruteforce
48806,17,20,27980,0,0,0,0,BENIGN
80,6,20,1200,20,0,0,0,DoS-SYN-Flood
80,6,20,1480,20,0,0,0,DoS-HTTP
80,17,20,1200,0,0,0,0,DoS-UDP
80,6,20,1480,20,0,0,0,DoS-HTTP
80,6,20,1480,20,0,0,0,DoS-HTTP
80,6,20,1200,20,0,0,0,DoS-SYN-Flood
0,1,20,1200,0,0,0,0,DoS-ICMP
43192,17,2,190,0,0,0,0,BENIGN
0,1,20,840,0,0,0,0,DoS-ICMP
34605,17,8,2929,0,0,0,0,BENIGN
0,1,20,1200,0,0,0,0,DoS-ICMP
0,1,20,1200,0,0,0,0,DoS-ICMP
80,17,20,1200,0,0,0,0,DoS-UDP
80,6,20,1480,20,0,0,0,DoS-HTTP
0,1,20,1200,0,0,0,0,DoS-ICMP
80,17,20,1200,0,0,0,0,DoS-UDP
80,6,20,1480,20,0,0,0,DoS-HTTP
12378,6,4,240,4,0,0,0,PortScan
80,17,20,1200,0,0,0,0,DoS-UDP
80,6,20,1480,20,0,0,0,DoS-HTTP
51374,6,2,120,2,0,0,0,PortScan
80,17,20,1200,0,0,0,0,DoS-UDP
80,17,20,1200,0,0,0,0,DoS-UDP
443,17,20,2721,0,0,0,0,BENIGN
0,1,20,840,0,0,0,0,DoS-ICMP
0,1,20,1200,0,0,0,0,DoS-ICMP
80,17,20,1200,0,0,0,0,DoS-UDP
80,6,20,1480,20,0,0,0,DoS-HTTP
80,6,20,1200,20,0,0,0,DoS-SYN-Flood
6423,6,8,464,8,8,0,0,SSH-Bruteforce
80,6,20,1200,20,0,0,0,DoS-SYN-Flood
48337,6,1,58,1,1,0,0,PortScan
0,1,20,840,0,0,0,0,DoS-ICMP
0,1,20,840,0,0,0,0,DoS-ICMP
899,6,4,240,4,0,0,0,PortScan
80,6,20,1200,20,0,0,0,DoS-SYN-Flood
80,17,20,1200,0,0,0,0,DoS-UDP
46380,6,8,464,8,8,0,0,SSH-Bruteforce
40984,6,1,54,0,1,1,0,BENIGN
80,6,20,1200,20,0,0,0,DoS-SYN-Flood
80,6,20,1200,20,0,0,0,DoS-SYN-Flood
36520,17,20,27980,0,0,0,0,BENIGN
80,17,20,1200,0,0,0,0,DoS-UDP
80,6,20,1200,20,0,0,0,DoS-SYN-Flood
23147,6,2,120,2,0,0,0,PortScan
41841,17,2,254,0,0,0,0,BENIGN
22,6,20,1200,0,0,20,0,SSH-Bruteforce
80,17,20,1200,0,0,0,0,DoS-UDP
0,1,20,1200,0,0,0,0,DoS-ICMP
0,1,20,840,0,0,0,0,DoS-ICMP
80,17,20,1200,0,0,0,0,DoS-UDP
0,1,20,1200,0,0,0,0,DoS-ICMP
80,17,20,1200,0,0,0,0,DoS-UDP
41308,17,20,27980,0,0,0,0,BENIGN
80,17,20,1200,0,0,0,0,DoS-UDP
80,6,20,1200,20,0,0,0,DoS-SYN-Flood
80,6,20,1480,20,0,0,0,DoS-HTTP
80,6,20,1200,20,0,0,0,DoS-SYN-Flood
63456,6,2,120,2,0,0,0,PortScan
80,6,20,1480,20,0,0,0,DoS-HTTP
80,17,20,1200,0,0,0,0,DoS-UDP
80,6,20,1200,20,0,0,0,DoS-SYN-Flood
80,6,20,1200,20,0,0,0,DoS-SYN-Flood
22,6,20,1200,20,0,0,0,SSH-Bruteforce
80,6,20,1200,20,0,0,0,DoS-SYN-Flood
9339,6,4,240,4,0,0,0,PortScan
54848,6,4,240,4,0,0,0,PortScan
34448,6,8,464,8,8,0,0,SSH-Bruteforce
80,6,20,1200,20,0,0,0,DoS-SYN-Flood
443,6,20,1200,0,20,0,0,BENIGN
80,6,20,1200,20,0,0,0,DoS-SYN-Flood
17802,6,8,464,8,8,0,0,SSH-Bruteforce
80,6,20,1480,20,0,0,0,DoS-HTTP
80,17,20,1200,0,0,0,0,DoS-UDP
80,6,20,1480,20,0,0,0,DoS-HTTP
80,6,20,1200,20,0,0,0,DoS-SYN-Flood
0,1,20,1200,0,0,0,0,DoS-ICMP
80,6,20,1200,20,0,0,0,DoS-SYN-Flood
24831,6,2,120,2,0,0,0,PortScan
22,6,20,1200,20,0,0,0,SSH-Bruteforce
80,17,20,1200,0,0,0,0,DoS-UDP
50847,6,7,406,7,7,0,0,SSH-Bruteforce
80,6,20,1200,20,0,0,0,DoS-SYN-Flood
80,6,20,1200,20,0,0,0,DoS-SYN-Flood
0,1,20,840,0,0,0,0,DoS-ICMP
80,17,20,1200,0,0,0,0,DoS-UDP
36520,17,20,27980,0,0,0,0,BENIGN
80,17,20,1200,0,0,0,0,DoS-UDP
80,6,20,1200,20,0,0,0,DoS-SYN-Flood
80,6,20,1480,20,0,0,0,DoS-HTTP
36520,17,20,27980,0,0,0,0,BENIGN
80,6,20,1480,20,0,0,0,DoS-HTTP
41308,17,20,27980,0,0,0,0,BENIGN
80,6,20,1200,20,0,0,0,DoS-SYN-Flood
0,1,20,1200,0,0,0,0,DoS-ICMP
80,6,20,1480,20,0,0,0,DoS-HTTP
80,6,20,1200,20,0,0,0,DoS-SYN-Flood
53272,6,20,29080,0,20,0,0,BENIGN
41552,6,8,464,8,8,0,0,SSH-Bruteforce
80,6,20,1480,20,0,0,0,DoS-HTTP
0,1,20,1200,0,0,0,0,DoS-ICMP
0,1,20,1200,0,0,0,0,DoS-ICMP
11106,6,6,360,6,0,0,0,PortScan
64847,6,2,120,2,0,0,0,PortScan
80,17,20,1200,0,0,0,0,DoS-UDP
80,6,20,1200,20,0,0,0,DoS-SYN-Flood
0,1,20,1200,0,0,0,0,DoS-ICMP
0,1,20,840,0,0,0,0,DoS-ICMP
22,6,20,1200,0,0,20,0,SSH-Bruteforce
80,17,20,1200,0,0,0,0,DoS-UDP
80,6,20,1480,20,0,0,0,DoS-HTTP
80,6,20,1480,20,0,0,0,DoS-HTTP
80,6,20,1200,20,0,0,0,DoS-SYN-Flood
80,6,20,1200,20,0,0,0,DoS-SYN-Flood
0,1,20,1200,0,0,0,0,DoS-ICMP
443,6,20,1200,0,20,0,0,BENIGN
80,6,20,1200,20,0,0,0,DoS-SYN-Flood
443,6,20,1200,0,20,0,0,BENIGN
0,1,20,840,0,0,0,0,DoS-ICMP
26171,6,4,240,4,0,0,0,PortScan
48843,6,4,240,4,0,0,0,PortScan
4600,6,4,240,4,0,0,0,PortScan
80,6,20,1200,20,0,0,0,DoS-SYN-Flood
55500,6,6,348,6,6,0,0,SSH-Bruteforce
36520,17,20,16358,0,0,0,0,BENIGN
0,1,20,840,0,0,0,0,DoS-ICMP
80,6,20,1480,20,0,0,0,DoS-HTTP
53258,6,20,30280,0,20,0,0,BENIGN
80,17,20,1200,0,0,0,0,DoS-UDP
22,6,20,1200,20,0,0,0,SSH-Bruteforce
80,6,20,1480,20,0,0,0,DoS-HTTP
22,6,20,1200,0,0,20,0,SSH-Bruteforce
80,6,20,1200,20,0,0,0,DoS-SYN-Flood
80,6,20,1480,20,0,0,0,DoS-HTTP
80,6,20,1200,20,0,0,0,DoS-SYN-Flood
80,6,20,1480,20,0,0,0,DoS-HTTP
443,6,20,1200,0,20,0,0,BENIGN
24024,6,4,240,4,0,0,0,PortScan
0,1,20,1200,0,0,0,0,DoS-ICMP
0,1,20,1200,0,0,0,0,DoS-ICMP
0,1,20,840,0,0,0,0,DoS-ICMP
22,6,20,1200,16,0,4,0,SSH-Bruteforce
0,1,20,1200,0,0,0,0,DoS-ICMP
19812,6,2,120,2,0,0,0,PortScan
36520,17,20,27980,0,0,0,0,BENIGN
80,17,20,1200,0,0,0,0,DoS-UDP
80,6,20,1480,20,0,0,0,DoS-HTTP
61464,6,2,120,2,0,0,0,PortScan
80,17,20,1200,0,0,0,0,DoS-UDP
80,6,20,1480,20,0,0,0,DoS-HTTP
45447,17,20,27980,0,0,0,0,BENIGN
22,6,20,1200,10,0,10,0,SSH-Bruteforce
80,17,20,1200,0,0,0,0,DoS-UDP
0,1,20,840,0,0,0,0,DoS-ICMP
80,17,20,1200,0,0,0,0,DoS-UDP
80,17,20,1200,0,0,0,0,DoS-UDP
22,6,20,1200,15,0,5,0,SSH-Bruteforce
80,17,20,1200,0,0,0,0,DoS-UDP
80,17,20,1200,0,0,0,0,DoS-UDP
80,6,20,1200,20,0,0,0,DoS-SYN-Flood
46493,6,9,522,9,9,0,0,SSH-Bruteforce
36520,17,20,27980,0,0,0,0,BENIGN
45216,6,10,5059,1,10,0,1,BENIGN
11301,6,6,360,6,0,0,0,PortScan
80,6,20,1480,20,0,0,0,DoS-HTTP
34538,6,10,580,10,10,0,0,SSH-Bruteforce
0,1,20,840,0,0,0,0,DoS-ICMP
80,6,20,1200,20,0,0,0,DoS-SYN-Flood
80,6,20,1200,20,0,0,0,DoS-SYN-Flood
80,6,20,1480,20,0,0,0,DoS-HTTP
80,6,20,1480,20,0,0,0,DoS-HTTP
80,6,20,1200,20,0,0,0,DoS-SYN-Flood
0,1,20,840,0,0,0,0,DoS-ICMP
80,17,20,1200,0,0,0,0,DoS-UDP
80,6,20,1480,20,0,0,0,DoS-HTTP
0,1,20,1200,0,0,0,0,DoS-ICMP
0,1,20,1200,0,0,0,0,DoS-ICMP
80,17,20,1200,0,0,0,0,DoS-UDP
36268,17,20,27980,0,0,0,0,BENIGN
80,17,20,1200,0,0,0,0,DoS-UDP
80,6,20,1200,20,0,0,0,DoS-SYN-Flood
80,17,20,1200,0,0,0,0,DoS-UDP
80,6,20,1200,20,0,0,0,DoS-SYN-Flood
0,1,20,840,0,0,0,0,DoS-ICMP
80,6,20,1200,20,0,0,0,DoS-SYN-Flood
38084,6,2,120,2,0,0,0,PortScan
80,6,20,1480,20,0,0,0,DoS-HTTP
0,1,20,840,0,0,0,0,DoS-ICMP
0,1,20,1200,0,0,0,0,DoS-ICMP
34302,6,2,120,2,0,0,0,PortScan
80,17,20,1200,0,0,0,0,DoS-UDP
16155,6,4,240,4,0,0,0,PortScan
80,6,20,1480,20,0,0,0,DoS-HTTP
22,6,20,1200,19,0,1,0,SSH-Bruteforce
12298,6,4,240,4,0,0,0,PortScan
41642,6,2,120,2,0,0,0,PortScan
0,1,20,840,0,0,0,0,DoS-ICMP
33448,6,6,348,6,6,0,0,SSH-Bruteforce
33240,6,20,28600,0,20,0,0,BENIGN
44,6,4,240,4,0,0,0,PortScan
0,1,20,840,0,0,0,0,DoS-ICMP
36268,17,20,27980,0,0,0,0,BENIGN
80,17,20,1200,0,0,0,0,DoS-UDP
80,17,20,1200,0,0,0,0,DoS-UDP
80,17,20,1200,0,0,0,0,DoS-UDP
80,6,20,1480,20,0,0,0,DoS-HTTP
80,17,20,1200,0,0,0,0,DoS-UDP
38853,6,8,464,8,8,0,0,SSH-Bruteforce
22,6,20,1200,10,0,10,0,SSH-Bruteforce
47314,17,14,12677,0,0,0,0,BENIGN
80,6,20,1200,20,0,0,0,DoS-SYN-Flood
0,1,20,840,0,0,0,0,DoS-ICMP
49162,6,8,464,8,8,0,0,SSH-Bruteforce
80,6,20,1200,20,0,0,0,DoS-SYN-Flood
0,1,20,840,0,0,0,0,DoS-ICMP
57809,6,9,522,9,9,0,0,SSH-Bruteforce
47603,6,2,120,2,0,0,0,PortScan
0,1,20,1200,0,0,0,0,DoS-ICMP
0,1,20,840,0,0,0,0,DoS-ICMP
22,6,20,1200,20,0,0,0,SSH-Bruteforce
0,1,20,1200,0,0,0,0,DoS-ICMP
48612,6,7,406,7,7,0,0,SSH-Bruteforce
22,6,20,1200,20,0,0,0,SSH-Bruteforce
0,1,20,840,0,0,0,0,DoS-ICMP
33606,17,10,7581,0,0,0,0,BENIGN
80,6,20,1480,20,0,0,0,DoS-HTTP
0,1,20,840,0,0,0,0,DoS-ICMP
80,6,20,1200,20,0,0,0,DoS-SYN-Flood
10572,6,4,240,4,0,0,0,PortScan
80,17,20,1200,0,0,0,0,DoS-UDP
80,6,20,1480,20,0,0,0,DoS-HTTP
80,6,20,1480,20,0,0,0,DoS-HTTP
12162,6,4,240,4,0,0,0,PortScan
80,6,20,1200,20,0,0,0,DoS-SYN-Flood
22,6,20,1200,20,0,0,0,SSH-Bruteforce
443,6,20,2437,1,19,0,0,BENIGN
80,6,20,1480,20,0,0,0,DoS-HTTP
0,1,20,840,0,0,0,0,DoS-ICMP
80,17,20,1200,0,0,0,0,DoS-UDP
57977,6,9,522,9,9,0,0,SSH-Bruteforce
31142,6,2,120,2,0,0,0,PortScan
36520,17,20,27980,0,0,0,0,BENIGN
0,1,20,840,0,0,0,0,DoS-ICMP
10096,6,4,240,4,0,0,0,PortScan
80,6,20,1480,20,0,0,0,DoS-HTTP
80,6,20,1480,20,0,0,0,DoS-HTTP
18858,6,2,120,2,0,0,0,PortScan
80,6,20,1200,20,0,0,0,DoS-SYN-Flood
36810,6,2,120,2,0,0,0,PortScan
60558,6,4,240,4,0,0,0,PortScan
80,6,20,1200,20,0,0,0,DoS-SYN-Flood
80,6,20,1480,20,0,0,0,DoS-HTTP
39902,17,20,27980,0,0,0,0,BENIGN
80,6,20,1200,20,0,0,0,DoS-SYN-Flood
80,6,20,1200,20,0,0,0,DoS-SYN-Flood
443,17,20,13703,0,0,0,0,BENIGN
37997,6,2,120,2,0,0,0,PortScan
0,1,20,1200,0,0,0,0,DoS-ICMP
55017,6,8,464,8,8,0,0,SSH-Bruteforce
36520,17,20,27980,0,0,0,0,BENIGN
80,17,20,1200,0,0,0,0,DoS-UDP
80,6,20,1200,20,0,0,0,DoS-SYN-Flood
80,6,20,1200,20,0,0,0,DoS-SYN-Flood
46165,6,2,120,2,0,0,0,PortScan
80,6,20,1200,20,0,0,0,DoS-SYN-Flood
80,17,20,1200,0,0,0,0,DoS-UDP
22,6,20,1200,16,0,4,0,SSH-Bruteforce
80,17,20,1200,0,0,0,0,DoS-UDP
0,1,20,1200,0,0,0,0,DoS-ICMP
80,6,20,1200,20,0,0,0,DoS-SYN-Flood
80,17,20,1200,0,0,0,0,DoS-UDP
55212,6,9,522,9,9,0,0,SSH-Bruteforce
0,1,20,1200,0,0,0,0,DoS-ICMP
0,1,20,840,0,0,0,0,DoS-ICMP
24312,6,2,120,2,0,0,0,PortScan
62293,6,4,240,4,0,0,0,PortScan
44947,6,2,120,2,0,0,0,PortScan
80,17,20,1200,0,0,0,0,DoS-UDP
80,6,20,1200,20,0,0,0,DoS-SYN-Flood
0,1,20,1200,0,0,0,0,DoS-ICMP
38260,6,4,240,4,0,0,0,PortScan
80,6,20,1480,20,0,0,0,DoS-HTTP
47094,17,20,27980,0,0,0,0,BENIGN
80,6,20,1480,20,0,0,0,DoS-HTTP
80,17,20,1200,0,0,0,0,DoS-UDP
80,17,20,1200,0,0,0,0,DoS-UDP
64049,6,3,180,3,0,0,0,PortScan
0,1,20,1200,0,0,0,0,DoS-ICMP
80,17,20,1200,0,0,0,0,DoS-UDP
0,1,20,840,0,0,0,0,DoS-ICMP
80,17,20,1200,0,0,0,0,DoS-UDP
80,6,20,1480,20,0,0,0,DoS-HTTP
80,6,20,1200,20,0,0,0,DoS-SYN-Flood
0,1,20,1200,0,0,0,0,DoS-ICMP
80,6,20,1200,20,0,0,0,DoS-SYN-Flood
80,6,20,1200,20,0,0,0,DoS-SYN-Flood
80,17,20,1200,0,0,0,0,DoS-UDP
80,6,20,1480,20,0,0,0,DoS-HTTP
80,6,20,1200,20,0,0,0,DoS-SYN-Flood
80,6,20,1480,20,0,0,0,BENIGN
0,1,20,840,0,0,0,0,DoS-ICMP
42283,6,2,120,2,0,0,0,PortScan
80,6,20,1480,20,0,0,0,DoS-HTTP
39877,6,2,120,2,0,0,0,PortScan
80,17,20,1200,0,0,0,0,DoS-UDP
22,6,20,1200,0,0,20,0,SSH-Bruteforce
80,6,20,1480,20,0,0,0,DoS-HTTP
64043,6,6,348,6,6,0,0,SSH-Bruteforce
80,6,20,1480,20,0,0,0,DoS-HTTP
80,6,20,1200,20,0,0,0,DoS-SYN-Flood
49982,6,4,240,4,0,0,0,PortScan
44945,6,6,348,6,6,0,0,SSH-Bruteforce
80,17,20,1200,0,0,0,0,DoS-UDP
80,6,20,1200,20,0,0,0,DoS-SYN-Flood
80,6,20,1200,20,0,0,0,DoS-SYN-Flood
0,1,20,840,0,0,0,0,DoS-ICMP
5223,6,4,240,4,0,0,0,PortScan
80,17,20,1200,0,0,0,0,DoS-UDP
80,17,20,1200,0,0,0,0,DoS-UDP
80,17,20,1200,0,0,0,0,DoS-UDP
80,6,20,1200,20,0,0,0,DoS-SYN-Flood
25325,6,6,348,6,6,0,0,SSH-Bruteforce
80,6,20,1480,20,0,0,0,DoS-HTTP
80,6,20,1200,20,0,0,0,DoS-SYN-Flood
80,6,20,1200,20,0,0,0,DoS-SYN-Flood
80,6,20,1480,20,0,0,0,DoS-HTTP
80,17,20,1200,0,0,0,0,DoS-UDP
7393,6,4,240,4,0,0,0,PortScan
31628,6,4,240,4,0,0,0,PortScan
80,17,20,1200,0,0,0,0,DoS-UDP
46398,17,20,27980,0,0,0,0,BENIGN
80,6,20,1200,20,0,0,0,DoS-SYN-Flood
80,6,20,1480,20,0,0,0,DoS-HTTP
80,17,20,1200,0,0,0,0,DoS-UDP
443,17,20,1504,0,0,0,0,BENIGN
0,1,20,1200,0,0,0,0,DoS-ICMP
0,1,20,840,0,0,0,0,DoS-ICMP
33240,6,20,29380,0,20,0,0,BENIGN
80,6,20,1480,20,0,0,0,DoS-HTTP
80,6,20,1480,20,0,0,0,DoS-HTTP
11489,6,6,360,6,0,0,0,PortScan
4911,6,6,348,6,6,0,0,SSH-Bruteforce
80,6,20,1480,20,0,0,0,DoS-HTTP
80,6,20,1200,20,0,0,0,DoS-SYN-Flood
63973,6,4,232,4,4,0,0,SSH-Bruteforce
80,17,20,1200,0,0,0,0,DoS-UDP
63392,6,7,406,7,7,0,0,SSH-Bruteforce
80,6,20,1480,20,0,0,0,DoS-HTTP
0,1,20,1200,0,0,0,0,DoS-ICMP
80,6,20,1480,20,0,0,0,DoS-HTTP
41996,6,9,522,9,9,0,0,SSH-Bruteforce
80,17,20,1200,0,0,0,0,DoS-UDP
80,6,20,1480,20,0,0,0,DoS-HTTP
80,17,20,1200,0,0,0,0,DoS-UDP
36714,6,9,522,9,9,0,0,SSH-Bruteforce
80,17,20,1200,0,0,0,0,DoS-UDP
43763,6,2,120,2,0,0,0,PortScan
80,6,20,1480,20,0,0,0,DoS-HTTP
443,6,20,1200,0,20,0,0,BENIGN
80,6,20,1200,20,0,0,0,DoS-SYN-Flood
33240,6,20,29140,0,20,0,0,BENIGN
80,17,20,1200,0,0,0,0,DoS-UDP
80,17,20,1200,0,0,0,0,DoS-UDP
80,6,20,1480,20,0,0,0,DoS-HTTP
80,6,20,1200,20,0,0,0,DoS-SYN-Flood
80,6,20,1480,20,0,0,0,DoS-HTTP
80,6,20,1200,20,0,0,0,DoS-SYN-Flood
80,6,20,1200,20,0,0,0,DoS-SYN-Flood
36520,17,20,27980,0,0,0,0,BENIGN
80,6,20,1200,20,0,0,0,DoS-SYN-Flood
63200,6,4,240,4,0,0,0,PortScan
0,1,20,840,0,0,0,0,DoS-ICMP
80,6,20,1480,20,0,0,0,DoS-HTTP
46894,6,9,522,9,9,0,0,SSH-Bruteforce
22,6,20,1200,20,0,0,0,SSH-Bruteforce
80,6,20,1480,20,0,0,0,DoS-HTTP
80,6,20,1200,20,0,0,0,DoS-SYN-Flood
80,6,20,1200,20,0,0,0,DoS-SYN-Flood
22,6,20,1200,20,0,0,0,SSH-Bruteforce
36520,17,20,27980,0,0,0,0,BENIGN
80,17,20,1200,0,0,0,0,DoS-UDP
80,6,20,1480,20,0,0,0,DoS-HTTP
0,1,20,1200,0,0,0,0,DoS-ICMP
80,6,20,1480,20,0,0,0,DoS-HTTP
80,6,20,1480,20,0,0,0,DoS-HTTP
54829,17,20,27980,0,0,0,0,BENIGN
0,1,20,840,0,0,0,0,DoS-ICMP
28781,6,2,120,2,0,0,0,PortScan
80,17,20,1200,0,0,0,0,DoS-UDP
55610,6,2,120,2,0,0,0,PortScan
0,1,20,1200,0,0,0,0,DoS-ICMP
80,6,20,1480,20,0,0,0,DoS-HTTP
45447,17,20,26739,0,0,0,0,BENIGN
0,1,20,1200,0,0,0,0,DoS-ICMP
9235,6,6,360,6,0,0,0,PortScan
47414,6,2,120,2,0,0,0,PortScan
80,6,20,1480,20,0,0,0,DoS-HTTP
0,1,20,1200,0,0,0,0,DoS-ICMP
15800,6,2,120,2,0,0,0,PortScan
0,1,20,840,0,0,0,0,DoS-ICMP
22,6,20,1200,0,0,20,0,SSH-Bruteforce
22,6,20,1200,20,0,0,0,SSH-Bruteforce
0,1,20,1200,0,0,0,0,DoS-ICMP
80,6,20,1200,20,0,0,0,DoS-SYN-Flood
36520,17,20,27980,0,0,0,0,BENIGN
80,17,20,1200,0,0,0,0,DoS-UDP
58086,6,7,406,7,7,0,0,SSH-Bruteforce
30824,6,8,464,8,8,0,0,SSH-Bruteforce
0,1,20,840,0,0,0,0,DoS-ICMP
0,1,20,1200,0,0,0,0,DoS-ICMP
80,17,20,1200,0,0,0,0,DoS-UDP
0,1,20,840,0,0,0,0,DoS-ICMP
3137,6,6,360,6,0,0,0,PortScan
0,1,20,840,0,0,0,0,DoS-ICMP
80,6,20,1200,20,0,0,0,DoS-SYN-Flood
80,6,20,1200,20,0,0,0,DoS-SYN-Flood
80,6,20,1200,20,0,0,0,DoS-SYN-Flood
80,17,20,1200,0,0,0,0,DoS-UDP
36520,17,20,27980,0,0,0,0,BENIGN
0,1,20,1200,0,0,0,0,DoS-ICMP
80,6,20,1480,20,0,0,0,DoS-HTTP
80,6,20,1480,20,0,0,0,DoS-HTTP
0,1,20,840,0,0,0,0,DoS-ICMP
0,1,20,840,0,0,0,0,DoS-ICMP
80,6,20,1200,20,0,0,0,DoS-SYN-Flood
80,6,20,1480,20,0,0,0,DoS-HTTP
39189,6,9,522,9,9,0,0,SSH-Bruteforce
46398,17,20,27980,0,0,0,0,BENIGN
0,1,20,840,0,0,0,0,DoS-ICMP
0,1,20,840,0,0,0,0,DoS-ICMP
80,6,20,1200,20,0,0,0,DoS-SYN-Flood
80,17,20,1200,0,0,0,0,DoS-UDP
80,6,20,1480,20,0,0,0,DoS-HTTP
15834,6,9,522,9,9,0,0,SSH-Bruteforce
80,17,20,1200,0,0,0,0,DoS-UDP
0,1,20,1200,0,0,0,0,DoS-ICMP
0,1,20,840,0,0,0,0,DoS-ICMP
0,1,20,1200,0,0,0,0,DoS-ICMP
166,6,7,406,7,7,0,0,SSH-Bruteforce
80,17,20,1200,0,0,0,0,DoS-UDP
0,1,20,1200,0,0,0,0,DoS-ICMP
80,6,20,1480,20,0,0,0,DoS-HTTP
80,17,20,1200,0,0,0,0,DoS-UDP
0,1,20,840,0,0,0,0,DoS-ICMP
80,6,20,1480,20,0,0,0,DoS-HTTP
80,6,20,1200,20,0,0,0,DoS-SYN-Flood
26954,6,2,120,2,0,0,0,PortScan
80,6,20,1200,20,0,0,0,DoS-SYN-Flood
80,6,20,1200,20,0,0,0,DoS-SYN-Flood
80,6,20,1480,20,0,0,0,DoS-HTTP
0,1,20,840,0,0,0,0,DoS-ICMP
80,6,20,1200,20,0,0,0,DoS-SYN-Flood
80,17,20,1200,0,0,0,0,DoS-UDP
80,6,20,1200,20,0,0,0,DoS-SYN-Flood
80,6,20,1200,20,0,0,0,DoS-SYN-Flood
443,6,20,1200,0,20,0,0,BENIGN
80,17,20,1200,0,0,0,0,DoS-UDP
80,17,20,1200,0,0,0,0,DoS-UDP
80,6,20,1200,20,0,0,0,DoS-SYN-Flood
80,17,20,1200,0,0,0,0,DoS-UDP
56655,6,2,120,2,0,0,0,PortScan
80,17,20,1200,0,0,0,0,DoS-UDP
33375,6,6,348,6,6,0,0,SSH-Bruteforce
80,6,20,1200,20,0,0,0,DoS-SYN-Flood
80,6,20,1480,20,0,0,0,DoS-HTTP
23478,6,2,120,2,0,0,0,PortScan
3114,6,4,240,4,0,0,0,PortScan
0,1,20,840,0,0,0,0,DoS-ICMP
31213,6,2,120,2,0,0,0,PortScan
38123,6,8,464,8,8,0,0,SSH-Bruteforce
61900,6,2,116,2,2,0,0,SSH-Bruteforce
0,1,20,840,0,0,0,0,DoS-ICMP
0,1,20,1200,0,0,0,0,DoS-ICMP
0,1,20,840,0,0,0,0,DoS-ICMP
80,6,20,1200,20,0,0,0,DoS-SYN-Flood
80,6,20,1480,20,0,0,0,DoS-HTTP
80,17,20,1200,0,0,0,0,DoS-UDP
80,17,20,1200,0,0,0,0,DoS-UDP
53282,6,20,28294,0,20,0,0,BENIGN
80,17,20,1200,0,0,0,0,DoS-UDP
55898,6,8,464,8,8,0,0,SSH-Bruteforce
22,6,20,1200,3,0,17,0,SSH-Bruteforce
28204,6,9,522,9,9,0,0,SSH-Bruteforce
0,1,20,1200,0,0,0,0,DoS-ICMP
80,6,20,1200,20,0,0,0,DoS-SYN-Flood
80,6,20,1200,20,0,0,0,DoS-SYN-Flood
15701,6,2,120,2,0,0,0,PortScan
80,17,20,1200,0,0,0,0,DoS-UDP
80,6,20,1200,20,0,0,0,DoS-SYN-Flood
80,17,20,1200,0,0,0,0,DoS-UDP
80,17,20,1200,0,0,0,0,DoS-UDP
27020,6,6,348,6,6,0,0,SSH-Bruteforce
0,1,20,1200,0,0,0,0,DoS-ICMP
18898,6,6,348,6,6,0,0,SSH-Bruteforce
36520,17,20,27980,0,0,0,0,BENIGN
22165,6,5,290,5,5,0,0,SSH-Bruteforce
80,6,20,1480,20,0,0,0,DoS-HTTP
80,17,20,1200,0,0,0,0,DoS-UDP
11137,6,4,240,4,0,0,0,PortScan
13463,6,4,240,4,0,0,0,PortScan
80,17,20,1200,0,0,0,0,DoS-UDP
80,6,20,1200,20,0,0,0,DoS-SYN-Flood
0,1,20,840,0,0,0,0,DoS-ICMP
10316,6,7,406,7,7,0,0,SSH-Bruteforce
21811,6,2,120,2,0,0,0,PortScan
80,6,20,1200,20,0,0,0,DoS-SYN-Flood
60516,6,20,28960,0,20,0,0,BENIGN
0,1,20,840,0,0,0,0,DoS-ICMP
80,6,20,1200,20,0,0,0,DoS-SYN-Flood
22,6,20,1200,0,0,20,0,SSH-Bruteforce
11004,6,5,290,5,5,0,0,SSH-Bruteforce
80,6,20,1480,20,0,0,0,DoS-HTTP
80,6,20,1200,20,0,0,0,DoS-SYN-Flood
54724,6,5,290,5,5,0,0,SSH-Bruteforce
80,6,20,1480,20,0,0,0,DoS-HTTP
80,6,20,1480,20,0,0,0,DoS-HTTP
80,6,20,1200,20,0,0,0,DoS-SYN-Flood
36083,6,2,120,2,0,0,0,PortScan
44115,6,7,406,7,7,0,0,SSH-Bruteforce
80,17,20,1200,0,0,0,0,DoS-UDP
80,6,20,1200,20,0,0,0,DoS-SYN-Flood
0,1,20,1200,0,0,0,0,DoS-ICMP
45425,6,2,120,2,0,0,0,PortScan
34486,6,2,120,2,0,0,0,PortScan
80,6,20,1480,20,0,0,0,DoS-HTTP
80,6,20,1200,20,0,0,0,DoS-SYN-Flood
11700,6,6,360,6,0,0,0,PortScan
80,6,20,1480,20,0,0,0,DoS-HTTP
2341,6,6,360,6,0,0,0,PortScan
80,6,20,1200,20,0,0,0,DoS-SYN-Flood
22,6,20,1200,20,0,0,0,SSH-Bruteforce
19805,6,6,348,6,6,0,0,SSH-Bruteforce
80,6,20,1200,20,0,0,0,DoS-SYN-Flood
0,1,20,1200,0,0,0,0,DoS-ICMP
80,6,20,1480,20,0,0,0,DoS-HTTP
39707,6,11,638,11,11,0,0,SSH-Bruteforce
80,6,20,1480,20,0,0,0,DoS-HTTP
4074,6,4,240,4,0,0,0,PortScan
80,17,20,1200,0,0,0,0,DoS-UDP
80,6,20,1480,20,0,0,0,DoS-HTTP
80,6,20,1480,20,0,0,0,DoS-HTTP
80,6,20,1480,20,0,0,0,DoS-HTTP
60516,6,20,27946,0,20,0,0,BENIGN
80,6,20,1200,20,0,0,0,DoS-SYN-Flood
0,1,20,1200,0,0,0,0,DoS-ICMP
22,6,20,1200,20,0,0,0,SSH-Bruteforce
22,6,20,1200,0,0,20,0,SSH-Bruteforce
22,6,20,1200,0,0,20,0,SSH-Bruteforce
80,17,20,1200,0,0,0,0,DoS-UDP
80,17,20,1200,0,0,0,0,DoS-UDP
80,6,20,1200,20,0,0,0,DoS-SYN-Flood
80,17,20,1200,0,0,0,0,DoS-UDP
80,6,20,1200,20,0,0,0,DoS-SYN-Flood
46398,17,20,27980,0,0,0,0,BENIGN
80,17,20,1200,0,0,0,0,DoS-UDP
80,6,20,1480,20,0,0,0,DoS-HTTP
80,6,20,1200,20,0,0,0,DoS-SYN-Flood
80,6,20,1480,20,0,0,0,DoS-HTTP
15994,6,8,464,8,8,0,0,SSH-Bruteforce
80,6,20,1480,20,0,0,0,DoS-HTTP
55505,6,2,120,2,0,0,0,PortScan
22,6,20,1200,20,0,0,0,SSH-Bruteforce
0,1,20,1200,0,0,0,0,DoS-ICMP
80,6,20,1200,20,0,0,0,DoS-SYN-Flood
0,1,20,1200,0,0,0,0,DoS-ICMP
80,17,20,1200,0,0,0,0,DoS-UDP
29596,6,11,638,11,11,0,0,SSH-Bruteforce
22,6,20,1200,20,0,0,0,SSH-Bruteforce
0,1,20,1200,0,0,0,0,DoS-ICMP
60773,6,2,120,2,0,0,0,PortScan
80,6,20,1480,20,0,0,0,DoS-HTTP
16830,6,4,240,4,0,0,0,PortScan
0,1,20,1200,0,0,0,0,DoS-ICMP
45424,6,20,16908,0,20,0,0,BENIGN
42440,17,20,26185,0,0,0,0,BENIGN
22,6,20,1200,0,0,20,0,SSH-Bruteforce
0,1,20,840,0,0,0,0,DoS-ICMP
0,1,20,840,0,0,0,0,DoS-ICMP
22,6,20,1200,0,0,20,0,SSH-Bruteforce
80,6,20,1200,20,0,0,0,DoS-SYN-Flood
80,6,20,1200,20,0,0,0,DoS-SYN-Flood
80,17,20,1200,0,0,0,0,DoS-UDP
22,6,20,1200,20,0,0,0,SSH-Bruteforce
221,6,6,360,6,0,0,0,PortScan
80,6,20,1480,20,0,0,0,DoS-HTTP
80,6,20,1480,20,0,0,0,DoS-HTTP
14045,6,4,240,4,0,0,0,PortScan
0,1,20,840,0,0,0,0,DoS-ICMP
80,6,20,1480,20,0,0,0,DoS-HTTP
0,1,20,840,0,0,0,0,DoS-ICMP
0,1,20,840,0,0,0,0,DoS-ICMP
80,6,20,1480,20,0,0,0,DoS-HTTP
0,1,20,840,0,0,0,0,DoS-ICMP
52016,6,4,240,4,0,0,0,PortScan
13994,6,8,464,8,8,0,0,SSH-Bruteforce
57924,6,5,290,5,5,0,0,SSH-Bruteforce
54981,6,8,464,8,8,0,0,SSH-Bruteforce
18385,6,6,348,6,6,0,0,SSH-Bruteforce
0,1,20,840,0,0,0,0,DoS-ICMP
48962,6,2,120,2,0,0,0,PortScan
10143,6,6,360,6,0,0,0,PortScan
0,1,20,1200,0,0,0,0,DoS-ICMP
33240,6,20,29080,0,20,0,0,BENIGN
80,6,20,1200,20,0,0,0,DoS-SYN-Flood
0,1,20,1200,0,0,0,0,DoS-ICMP
80,6,20,1200,20,0,0,0,DoS-SYN-Flood
11974,6,6,360,6,0,0,0,PortScan
0,1,20,840,0,0,0,0,DoS-ICMP
22,6,20,1200,20,0,0,0,SSH-Bruteforce
80,6,20,1480,20,0,0,0,DoS-HTTP
60886,6,20,29640,0,20,0,0,BENIGN
38683,6,4,240,4,0,0,0,PortScan
0,1,20,840,0,0,0,0,DoS-ICMP
80,6,20,1480,20,0,0,0,DoS-HTTP
80,6,20,1480,20,0,0,0,DoS-HTTP
80,17,20,1200,0,0,0,0,DoS-UDP
80,17,20,1200,0,0,0,0,DoS-UDP
0,1,20,1200,0,0,0,0,DoS-ICMP
80,17,20,1200,0,0,0,0,DoS-UDP
80,6,20,1200,20,0,0,0,DoS-SYN-Flood
54381,6,2,120,2,0,0,0,PortScan
0,1,20,840,0,0,0,0,DoS-ICMP
0,1,20,1200,0,0,0,0,DoS-ICMP
0,1,20,840,0,0,0,0,DoS-ICMP
80,6,20,1480,20,0,0,0,DoS-HTTP
5031,6,9,522,9,9,0,0,SSH-Bruteforce
80,6,20,1200,20,0,0,0,DoS-SYN-Flood
80,6,20,1480,20,0,0,0,DoS-HTTP
0,1,20,1200,0,0,0,0,DoS-ICMP
7886,6,4,240,4,0,0,0,PortScan
16022,6,9,522,9,9,0,0,SSH-Bruteforce
47822,6,20,29691,0,20,0,0,BENIGN
80,6,20,1200,20,0,0,0,DoS-SYN-Flood
22,6,20,1200,20,0,0,0,SSH-Bruteforce
80,17,20,1200,0,0,0,0,DoS-UDP
0,1,20,840,0,0,0,0,DoS-ICMP
443,6,20,2259,0,20,0,0,BENIGN
12848,6,10,580,10,10,0,0,SSH-Bruteforce
0,1,20,1200,0,0,0,0,DoS-ICMP
0,1,20,1200,0,0,0,0,DoS-ICMP
80,6,20,1200,20,0,0,0,DoS-SYN-Flood
0,1,20,1200,0,0,0,0,DoS-ICMP
0,1,20,1200,0,0,0,0,DoS-ICMP
60886,6,20,26280,0,20,0,0,BENIGN
8017,6,4,240,4,0,0,0,PortScan
80,6,20,1200,20,0,0,0,DoS-SYN-Flood
80,6,20,1480,20,0,0,0,DoS-HTTP
80,6,20,1200,20,0,0,0,DoS-SYN-Flood
80,6,20,1480,20,0,0,0,DoS-HTTP
80,6,20,1480,20,0,0,0,DoS-HTTP
9583,6,3,174,3,3,0,0,SSH-Bruteforce
80,6,20,1200,20,0,0,0,DoS-SYN-Flood
17044,6,2,120,2,0,0,0,PortScan
523,6,4,240,4,0,0,0,PortScan
49187,6,2,120,2,0,0,0,PortScan
42384,6,2,120,2,0,0,0,PortScan
80,17,20,1200,0,0,0,0,DoS-UDP
60616,6,2,120,2,0,0,0,PortScan
18705,6,11,634,10,10,1,0,SSH-Bruteforce
25453,6,4,240,4,0,0,0,PortScan
22,6,20,1200,20,0,0,0,SSH-Bruteforce
52572,6,9,522,9,9,0,0,SSH-Bruteforce
2180,6,4,240,4,0,0,0,PortScan
80,6,20,1480,20,0,0,0,DoS-HTTP
80,17,20,1200,0,0,0,0,DoS-UDP
0,1,20,840,0,0,0,0,DoS-ICMP
0,1,20,840,0,0,0,0,DoS-ICMP
0,1,20,840,0,0,0,0,DoS-ICMP
80,6,20,1480,20,0,0,0,DoS-HTTP
22,6,20,1200,20,0,0,0,SSH-Bruteforce
22,6,20,1200,6,0,14,0,SSH-Bruteforce
22,6,20,1200,0,0,20,0,SSH-Bruteforce
80,6,20,1200,20,0,0,0,DoS-SYN-Flood
80,6,20,1480,20,0,0,0,DoS-HTTP
443,17,20,11597,0,0,0,0,BENIGN
48382,6,6,348,6,6,0,0,SSH-Bruteforce
80,17,20,1200,0,0,0,0,DoS-UDP
80,17,20,1200,0,0,0,0,DoS-UDP
23899,6,2,120,2,0,0,0,PortScan
22618,6,7,406,7,7,0,0,SSH-Bruteforce
36268,17,20,27134,0,0,0,0,BENIGN
80,17,20,1200,0,0,0,0,DoS-UDP
21127,6,2,120,2,0,0,0,PortScan
0,1,20,1200,0,0,0,0,DoS-ICMP
80,6,20,1200,20,0,0,0,DoS-SYN-Flood
29885,6,7,406,7,7,0,0,SSH-Bruteforce
0,1,20,1200,0,0,0,0,DoS-ICMP
80,6,20,1480,20,0,0,0,DoS-HTTP
80,6,20,1480,20,0,0,0,DoS-HTTP
80,17,20,1200,0,0,0,0,DoS-UDP
80,17,20,1200,0,0,0,0,DoS-UDP
4628,6,4,240,4,0,0,0,PortScan
80,17,20,1200,0,0,0,0,DoS-UDP
0,1,20,1200,0,0,0,0,DoS-ICMP
45866,6,2,120,2,0,0,0,PortScan
54829,17,20,27980,0,0,0,0,BENIGN
50918,6,2,120,2,0,0,0,PortScan
1855,6,4,240,4,0,0,0,PortScan
80,6,20,1200,20,0,0,0,DoS-SYN-Flood
443,6,20,2065,0,20,0,0,BENIGN
80,6,20,1200,20,0,0,0,DoS-SYN-Flood
80,17,20,1200,0,0,0,0,DoS-UDP
22,6,20,1200,1,0,19,0,SSH-Bruteforce
80,17,20,1200,0,0,0,0,DoS-UDP
80,6,20,1480,20,0,0,0,DoS-HTTP
80,6,20,1480,20,0,0,0,DoS-HTTP
45790,6,4,240,4,0,0,0,PortScan
3550,6,7,406,7,7,0,0,SSH-Bruteforce
80,6,20,1200,20,0,0,0,DoS-SYN-Flood
80,6,20,1200,20,0,0,0,DoS-SYN-Flood
80,6,20,1480,20,0,0,0,DoS-HTTP
53308,6,20,29320,0,20,0,0,BENIGN
22,6,20,1200,0,0,20,0,SSH-Bruteforce
80,17,20,1200,0,0,0,0,DoS-UDP
80,6,20,1480,20,0,0,0,DoS-HTTP
80,6,20,1480,20,0,0,0,DoS-HTTP
80,6,20,1480,20,0,0,0,DoS-HTTP
23479,6,4,240,4,0,0,0,PortScan
80,17,20,1200,0,0,0,0,DoS-UDP
36520,17,20,27980,0,0,0,0,BENIGN
80,6,20,1200,20,0,0,0,DoS-SYN-Flood
80,6,20,1200,20,0,0,0,DoS-SYN-Flood
41083,6,10,580,10,10,0,0,SSH-Bruteforce
80,6,20,1480,20,0,0,0,DoS-HTTP
33782,6,6,348,6,6,0,0,SSH-Bruteforce
80,6,20,1200,20,0,0,0,DoS-SYN-Flood
80,6,20,1200,20,0,0,0,DoS-SYN-Flood
80,6,20,1200,20,0,0,0,DoS-SYN-Flood
23750,6,6,348,6,6,0,0,SSH-Bruteforce
43678,17,20,27980,0,0,0,0,BENIGN
80,17,20,1200,0,0,0,0,DoS-UDP
80,6,20,1200,20,0,0,0,DoS-SYN-Flood
0,1,20,840,0,0,0,0,DoS-ICMP
10007,6,7,406,7,7,0,0,SSH-Bruteforce
80,17,20,1200,0,0,0,0,DoS-UDP
22,6,20,1200,17,0,3,0,SSH-Bruteforce
0,1,20,840,0,0,0,0,DoS-ICMP
443,17,20,16430,0,0,0,0,BENIGN
4960,6,9,522,9,9,0,0,SSH-Bruteforce
80,17,20,1200,0,0,0,0,DoS-UDP
0,1,20,840,0,0,0,0,DoS-ICMP
22,6,20,1200,20,0,0,0,SSH-Bruteforce
9641,6,9,522,9,9,0,0,SSH-Bruteforce
80,6,20,1200,20,0,0,0,DoS-SYN-Flood
0,1,20,840,0,0,0,0,DoS-ICMP
30242,6,4,240,4,0,0,0,PortScan
0,1,20,840,0,0,0,0,DoS-ICMP
22,6,20,1200,20,0,0,0,SSH-Bruteforce
22,6,20,1200,0,0,20,0,SSH-Bruteforce
80,6,20,1200,20,0,0,0,DoS-SYN-Flood
0,1,20,1200,0,0,0,0,DoS-ICMP
2660,6,5,290,5,5,0,0,SSH-Bruteforce
36520,17,20,27980,0,0,0,0,BENIGN
52535,6,10,580,10,10,0,0,SSH-Bruteforce
80,6,20,1480,20,0,0,0,DoS-HTTP
0,1,20,840,0,0,0,0,DoS-ICMP
22,6,20,1200,0,0,20,0,SSH-Bruteforce
18049,6,4,232,4,4,0,0,SSH-Bruteforce
0,1,20,1200,0,0,0,0,DoS-ICMP
80,6,20,1480,20,0,0,0,DoS-HTTP
0,1,20,1200,0,0,0,0,DoS-ICMP
80,6,20,1480,20,0,0,0,DoS-HTTP
80,17,20,1200,0,0,0,0,DoS-UDP
80,17,20,1200,0,0,0,0,DoS-UDP
80,17,20,1200,0,0,0,0,DoS-UDP
80,6,20,1480,20,0,0,0,DoS-HTTP
80,6,20,1480,20,0,0,0,DoS-HTTP
80,17,20,1200,0,0,0,0,DoS-UDP
27927,6,7,406,7,7,0,0,SSH-Bruteforce
36520,17,20,24504,0,0,0,0,BENIGN
80,17,20,1200,0,0,0,0,DoS-UDP
80,6,20,1200,20,0,0,0,DoS-SYN-Flood
53258,6,20,28900,0,20,0,0,BENIGN
80,17,20,1200,0,0,0,0,DoS-UDP
57896,6,2,120,2,0,0,0,PortScan
80,6,20,1200,20,0,0,0,DoS-SYN-Flood
0,1,20,840,0,0,0,0,DoS-ICMP
80,6,20,1480,20,0,0,0,DoS-HTTP
80,6,20,1480,20,0,0,0,DoS-HTTP
12756,6,4,240,4,0,0,0,PortScan
80,6,20,1480,20,0,0,0,DoS-HTTP
63269,6,2,120,2,0,0,0,PortScan
61374,6,2,120,2,0,0,0,PortScan
0,1,20,1200,0,0,0,0,DoS-ICMP
80,6,20,1200,20,0,0,0,DoS-SYN-Flood
80,6,20,1200,20,0,0,0,DoS-SYN-Flood
0,1,20,1200,0,0,0,0,DoS-ICMP
80,6,20,1480,20,0,0,0,DoS-HTTP
39496,6,2,120,2,0,0,0,PortScan
0,1,20,1200,0,0,0,0,DoS-ICMP
80,6,20,1480,20,0,0,0,DoS-HTTP
80,17,20,1200,0,0,0,0,DoS-UDP
22,6,20,1200,20,0,0,0,SSH-Bruteforce
80,6,20,1200,20,0,0,0,DoS-SYN-Flood
80,17,20,1200,0,0,0,0,DoS-UDP
80,17,20,1200,0,0,0,0,DoS-UDP
80,6,20,1480,20,0,0,0,DoS-HTTP
47502,6,2,120,2,0,0,0,PortScan
0,1,20,1200,0,0,0,0,DoS-ICMP
80,6,20,1480,20,0,0,0,DoS-HTTP
80,6,20,1200,20,0,0,0,DoS-SYN-Flood
80,17,20,1200,0,0,0,0,DoS-UDP
7120,6,4,240,4,0,0,0,PortScan
80,6,20,1480,20,0,0,0,DoS-HTTP
80,6,20,1200,20,0,0,0,DoS-SYN-Flood
0,1,20,1200,0,0,0,0,DoS-ICMP
52244,6,2,120,2,0,0,0,PortScan
0,1,20,840,0,0,0,0,DoS-ICMP
12750,6,6,360,6,0,0,0,PortScan
80,6,20,1200,20,0,0,0,DoS-SYN-Flood
29754,6,7,406,7,7,0,0,SSH-Bruteforce
80,6,20,1200,20,0,0,0,DoS-SYN-Flood
0,1,20,1200,0,0,0,0,DoS-ICMP
80,17,20,1200,0,0,0,0,DoS-UDP
0,1,20,1200,0,0,0,0,DoS-ICMP
0,1,20,840,0,0,0,0,DoS-ICMP
80,6,20,1480,20,0,0,0,DoS-HTTP
80,17,20,1200,0,0,0,0,DoS-UDP
80,6,20,1480,20,0,0,0,DoS-HTTP
0,1,20,1200,0,0,0,0,DoS-ICMP
80,6,20,1480,20,0,0,0,DoS-HTTP
0,1,20,1200,0,0,0,0,DoS-ICMP
80,6,20,1200,20,0,0,0,DoS-SYN-Flood
18603,6,7,406,7,7,0,0,SSH-Bruteforce
18703,6,6,348,6,6,0,0,SSH-Bruteforce
53650,6,8,464,8,8,0,0,SSH-Bruteforce
53278,6,20,27688,0,20,0,0,BENIGN
22,6,20,1200,6,0,14,0,SSH-Bruteforce
54589,6,6,348,6,6,0,0,SSH-Bruteforce
33240,6,20,29080,0,20,0,0,BENIGN
25038,6,10,580,10,10,0,0,SSH-Bruteforce
61998,6,2,120,2,0,0,0,PortScan
53322,6,20,4391,1,20,0,0,BENIGN
80,6,20,1200,20,0,0,0,DoS-SYN-Flood
47365,6,2,120,2,0,0,0,PortScan
80,17,20,1200,0,0,0,0,DoS-UDP
37270,6,11,638,11,11,0,0,SSH-Bruteforce
80,6,20,1200,20,0,0,0,DoS-SYN-Flood
36520,17,20,27980,0,0,0,0,BENIGN
16666,6,5,290,5,5,0,0,SSH-Bruteforce
36520,17,20,27980,0,0,0,0,BENIGN
80,6,20,1200,20,0,0,0,DoS-SYN-Flood
80,17,20,1200,0,0,0,0,DoS-UDP
80,17,20,1200,0,0,0,0,DoS-UDP
80,17,20,1200,0,0,0,0,DoS-UDP
0,1,20,840,0,0,0,0,DoS-ICMP
18929,6,6,348,6,6,0,0,SSH-Bruteforce
80,6,20,1200,20,0,0,0,DoS-SYN-Flood
0,1,20,840,0,0,0,0,DoS-ICMP
80,6,20,1480,20,0,0,0,DoS-HTTP
80,6,20,1480,20,0,0,0,DoS-HTTP
51214,6,15,1753,1,15,0,1,BENIGN
0,1,20,840,0,0,0,0,DoS-ICMP
0,1,20,1200,0,0,0,0,DoS-ICMP
63877,6,5,290,5,5,0,0,SSH-Bruteforce
80,17,20,1200,0,0,0,0,DoS-UDP
80,6,20,1480,20,0,0,0,DoS-HTTP
80,6,20,1480,20,0,0,0,DoS-HTTP
80,6,20,1480,20,0,0,0,DoS-HTTP
19084,6,2,120,2,0,0,0,PortScan
0,1,20,840,0,0,0,0,DoS-ICMP
41308,17,20,27980,0,0,0,0,BENIGN
4757,6,6,360,6,0,0,0,PortScan
8598,6,8,464,8,8,0,0,SSH-Bruteforce
80,6,20,1200,20,0,0,0,DoS-SYN-Flood
0,1,20,1200,0,0,0,0,DoS-ICMP
54829,17,20,27980,0,0,0,0,BENIGN
80,17,20,1200,0,0,0,0,DoS-UDP
61814,6,2,120,2,0,0,0,PortScan
80,6,20,1200,20,0,0,0,DoS-SYN-Flood
80,6,20,1200,20,0,0,0,DoS-SYN-Flood
0,1,20,1200,0,0,0,0,DoS-ICMP
36520,17,20,27980,0,0,0,0,BENIGN
40920,6,2,120,2,0,0,0,PortScan
80,17,20,1200,0,0,0,0,DoS-UDP
80,6,20,1200,20,0,0,0,DoS-SYN-Flood
13376,6,13,754,13,13,0,0,SSH-Bruteforce
46527,6,10,580,10,10,0,0,SSH-Bruteforce
33253,6,5,290,5,5,0,0,SSH-Bruteforce
80,17,20,1200,0,0,0,0,DoS-UDP
56785,6,4,240,4,0,0,0,PortScan
80,17,20,1200,0,0,0,0,DoS-UDP
35036,17,2,192,0,0,0,0,BENIGN
80,6,20,1480,20,0,0,0,DoS-HTTP
80,6,20,1480,20,0,0,0,DoS-HTTP
80,6,20,1200,20,0,0,0,DoS-SYN-Flood
80,17,20,1200,0,0,0,0,DoS-UDP
0,1,20,1200,0,0,0,0,DoS-ICMP
53,17,20,1668,0,0,0,0,BENIGN
0,1,20,1200,0,0,0,0,DoS-ICMP
80,6,20,1200,20,0,0,0,DoS-SYN-Flood
80,17,20,1200,0,0,0,0,DoS-UDP
80,6,20,1200,20,0,0,0,DoS-SYN-Flood
60886,6,20,24220,0,20,0,0,BENIGN
80,6,20,1480,20,0,0,0,DoS-HTTP
80,6,20,1480,20,0,0,0,DoS-HTTP
80,6,20,1200,20,0,0,0,DoS-SYN-Flood
443,6,20,1200,0,20,0,0,BENIGN
0,1,20,1200,0,0,0,0,DoS-ICMP
56913,6,4,240,4,0,0,0,PortScan
14541,6,7,406,7,7,0,0,SSH-Bruteforce
80,17,20,1200,0,0,0,0,DoS-UDP
80,17,20,1200,0,0,0,0,DoS-UDP
0,1,20,840,0,0,0,0,DoS-ICMP
80,6,20,1200,20,0,0,0,DoS-SYN-Flood
0,1,20,1200,0,0,0,0,DoS-ICMP
35854,6,20,21806,0,20,0,0,BENIGN
80,6,20,1480,20,0,0,0,DoS-HTTP
80,6,20,1200,20,0,0,0,DoS-SYN-Flood
24653,6,8,464,8,8,0,0,SSH-Bruteforce
80,6,20,1200,20,0,0,0,DoS-SYN-Flood
80,6,20,1480,20,0,0,0,DoS-HTTP
36520,17,20,27980,0,0,0,0,BENIGN
0,1,20,840,0,0,0,0,DoS-ICMP
80,17,20,1200,0,0,0,0,DoS-UDP
80,17,20,1200,0,0,0,0,DoS-UDP
80,6,20,1480,20,0,0,0,DoS-HTTP
22,6,20,1200,20,0,0,0,SSH-Bruteforce
56613,6,4,240,4,0,0,0,PortScan
22,6,20,1200,20,0,0,0,SSH-Bruteforce
40817,6,2,120,2,0,0,0,PortScan
80,6,20,1200,20,0,0,0,DoS-SYN-Flood
55766,6,2,120,2,0,0,0,PortScan
80,6,20,1200,20,0,0,0,DoS-SYN-Flood
8960,6,4,240,4,0,0,0,PortScan
58668,6,7,406,7,7,0,0,SSH-Bruteforce
80,6,20,1200,20,0,0,0,DoS-SYN-Flood
80,6,20,1480,20,0,0,0,DoS-HTTP
80,17,20,1200,0,0,0,0,DoS-UDP
80,6,20,1200,20,0,0,0,DoS-SYN-Flood
80,17,20,1200,0,0,0,0,DoS-UDP
36520,17,20,27980,0,0,0,0,BENIGN
80,6,20,1480,20,0,0,0,DoS-HTTP
60972,6,17,4048,1,17,0,1,BENIGN
80,17,20,1200,0,0,0,0,DoS-UDP
60527,6,7,406,7,7,0,0,SSH-Bruteforce
59646,6,20,29558,0,20,0,0,BENIGN
80,6,20,1200,20,0,0,0,DoS-SYN-Flood
22,6,20,1200,20,0,0,0,SSH-Bruteforce
201,6,4,240,4,0,0,0,PortScan
80,6,20,1480,20,0,0,0,DoS-HTTP
80,6,20,1480,20,0,0,0,DoS-HTTP
80,6,20,1200,20,0,0,0,DoS-SYN-Flood
22,6,20,1200,17,0,3,0,SSH-Bruteforce
58140,6,4,232,4,4,0,0,SSH-Bruteforce
0,1,20,1200,0,0,0,0,DoS-ICMP
60788,6,4,240,4,0,0,0,PortScan
0,1,20,840,0,0,0,0,DoS-ICMP
22,6,20,1200,0,0,20,0,SSH-Bruteforce
0,1,20,840,0,0,0,0,DoS-ICMP
80,17,20,1200,0,0,0,0,DoS-UDP
80,6,20,1480,20,0,0,0,DoS-HTTP
80,17,20,1200,0,0,0,0,DoS-UDP
80,6,20,1480,20,0,0,0,DoS-HTTP
22,6,20,1200,0,0,20,0,SSH-Bruteforce
80,17,20,1200,0,0,0,0,DoS-UDP
28415,6,2,120,2,0,0,0,PortScan
80,6,20,1480,20,0,0,0,DoS-HTTP
17355,6,2,120,2,0,0,0,PortScan
22,6,20,1200,0,0,20,0,SSH-Bruteforce
35754,6,11,638,11,11,0,0,SSH-Bruteforce
0,1,20,1200,0,0,0,0,DoS-ICMP
80,6,20,1200,20,0,0,0,DoS-SYN-Flood
32014,6,7,406,7,7,0,0,SSH-Bruteforce
80,17,20,1200,0,0,0,0,DoS-UDP
32175,6,6,348,6,6,0,0,SSH-Bruteforce
80,6,20,1200,20,0,0,0,DoS-SYN-Flood
52712,6,2,120,2,0,0,0,PortScan
41086,6,11,638,11,11,0,0,SSH-Bruteforce
0,1,20,840,0,0,0,0,DoS-ICMP
58669,6,2,120,2,0,0,0,PortScan
80,17,20,1200,0,0,0,0,DoS-UDP
11732,6,4,240,4,0,0,0,PortScan
80,6,20,1480,20,0,0,0,DoS-HTTP
80,6,20,1200,20,0,0,0,DoS-SYN-Flood
33240,6,20,29020,0,20,0,0,BENIGN
22,6,20,1200,20,0,0,0,SSH-Bruteforce
80,6,20,1480,20,0,0,0,DoS-HTTP
80,6,20,1200,20,0,0,0,DoS-SYN-Flood
80,17,20,1200,0,0,0,0,DoS-UDP
80,6,20,1480,20,0,0,0,DoS-HTTP
80,6,20,1200,20,0,0,0,DoS-SYN-Flood
0,1,20,840,0,0,0,0,DoS-ICMP
0,1,20,840,0,0,0,0,DoS-ICMP
80,6,20,1200,20,0,0,0,DoS-SYN-Flood
0,1,20,840,0,0,0,0,DoS-ICMP
60516,6,20,29380,0,20,0,0,BENIGN
80,6,20,1480,20,0,0,0,DoS-HTTP
80,6,20,1480,20,0,0,0,DoS-HTTP
18050,6,4,240,4,0,0,0,PortScan
28941,6,2,120,2,0,0,0,PortScan
80,17,20,1200,0,0,0,0,DoS-UDP
80,6,20,1480,20,0,0,0,DoS-HTTP
80,17,20,1200,0,0,0,0,DoS-UDP
80,17,20,1200,0,0,0,0,DoS-UDP
80,6,20,1200,20,0,0,0,DoS-SYN-Flood
80,6,20,1480,20,0,0,0,DoS-HTTP
0,1,20,1200,0,0,0,0,DoS-ICMP
0,1,20,1200,0,0,0,0,DoS-ICMP
80,17,20,1200,0,0,0,0,DoS-UDP
80,6,20,1200,20,0,0,0,DoS-SYN-Flood
80,6,20,1480,20,0,0,0,DoS-HTTP
80,6,20,1480,20,0,0,0,DoS-HTTP
80,6,20,1200,20,0,0,0,DoS-SYN-Flood
0,1,20,840,0,0,0,0,DoS-ICMP
80,6,20,1480,20,0,0,0,DoS-HTTP
0,1,20,1200,0,0,0,0,DoS-ICMP
80,6,20,1480,20,0,0,0,DoS-HTTP
80,6,20,1480,20,0,0,0,DoS-HTTP
0,1,20,840,0,0,0,0,DoS-ICMP
59804,6,20,16956,0,20,0,0,BENIGN
80,6,20,1480,20,0,0,0,DoS-HTTP
22,6,20,1200,20,0,0,0,SSH-Bruteforce
17036,6,2,120,2,0,0,0,PortScan
80,6,20,1200,20,0,0,0,DoS-SYN-Flood
80,6,20,1200,20,0,0,0,DoS-SYN-Flood
80,17,20,1200,0,0,0,0,DoS-UDP
22,6,20,1200,12,0,8,0,SSH-Bruteforce
22,6,20,1200,20,0,0,0,SSH-Bruteforce
80,6,20,1480,20,0,0,0,DoS-HTTP
0,1,20,840,0,0,0,0,DoS-ICMP
18954,6,6,348,6,6,0,0,SSH-Bruteforce
80,6,20,1200,20,0,0,0,DoS-SYN-Flood
22,6,20,1200,20,0,0,0,SSH-Bruteforce
1567,6,5,290,5,5,0,0,SSH-Bruteforce
8005,6,4,240,4,0,0,0,PortScan
80,6,20,1480,20,0,0,0,DoS-HTTP
4260,6,4,240,4,0,0,0,PortScan
45447,17,20,27980,0,0,0,0,BENIGN
35854,6,20,17123,0,20,0,0,BENIGN
80,6,20,1480,20,0,0,0,DoS-HTTP
80,6,20,1480,20,0,0,0,DoS-HTTP
51036,6,8,464,8,8,0,0,SSH-Bruteforce
80,17,20,1200,0,0,0,0,DoS-UDP
47679,6,2,120,2,0,0,0,PortScan
37318,6,13,754,13,13,0,0,SSH-Bruteforce
22,6,20,1200,20,0,0,0,SSH-Bruteforce
0,1,20,1200,0,0,0,0,DoS-ICMP
80,6,20,1480,20,0,0,0,DoS-HTTP
80,6,20,1200,20,0,0,0,DoS-SYN-Flood
19550,6,4,240,4,0,0,0,PortScan
80,17,20,1200,0,0,0,0,DoS-UDP
0,1,20,840,0,0,0,0,DoS-ICMP
57751,6,4,240,4,0,0,0,PortScan
9948,6,7,406,7,7,0,0,SSH-Bruteforce
43678,17,20,27980,0,0,0,0,BENIGN
36520,17,20,27980,0,0,0,0,BENIGN
0,1,20,1200,0,0,0,0,DoS-ICMP
12865,6,9,522,9,9,0,0,SSH-Bruteforce
80,6,20,1480,20,0,0,0,DoS-HTTP
80,6,20,1480,20,0,0,0,DoS-HTTP
80,17,20,1200,0,0,0,0,DoS-UDP
80,6,20,1200,20,0,0,0,DoS-SYN-Flood
36520,17,20,27980,0,0,0,0,BENIGN
80,17,20,1200,0,0,0,0,DoS-UDP
52208,6,9,522,9,9,0,0,SSH-Bruteforce
43678,17,18,19152,0,0,0,0,BENIGN
16451,6,2,120,2,0,0,0,PortScan
80,17,20,1200,0,0,0,0,DoS-UDP
80,17,20,1200,0,0,0,0,DoS-UDP
58450,6,2,120,2,0,0,0,PortScan
80,17,20,1200,0,0,0,0,DoS-UDP
0,1,20,840,0,0,0,0,DoS-ICMP
80,17,20,1200,0,0,0,0,DoS-UDP
80,6,20,1200,20,0,0,0,DoS-SYN-Flood
80,6,20,1480,20,0,0,0,DoS-HTTP
80,17,20,1200,0,0,0,0,DoS-UDP
7087,6,6,348,6,6,0,0,SSH-Bruteforce
80,6,20,1480,20,0,0,0,DoS-HTTP
22,6,20,1200,20,0,0,0,SSH-Bruteforce
33240,6,20,28600,0,20,0,0,BENIGN
80,6,20,1200,20,0,0,0,DoS-SYN-Flood
0,1,20,1200,0,0,0,0,DoS-ICMP
22,6,20,1200,20,0,0,0,SSH-Bruteforce
47970,6,2,120,2,0,0,0,PortScan
0,1,20,840,0,0,0,0,DoS-ICMP
11984,6,8,464,8,8,0,0,SSH-Bruteforce
80,6,20,1200,20,0,0,0,DoS-SYN-Flood
54829,17,20,27980,0,0,0,0,BENIGN
80,6,20,1200,20,0,0,0,DoS-SYN-Flood
80,17,20,1200,0,0,0,0,DoS-UDP
22,6,20,1200,20,0,0,0,SSH-Bruteforce
80,6,20,1480,20,0,0,0,DoS-HTTP
22,6,20,1200,0,0,20,0,SSH-Bruteforce
0,1,20,1200,0,0,0,0,DoS-ICMP
52235,6,7,406,7,7,0,0,SSH-Bruteforce
6396,6,6,360,6,0,0,0,PortScan
0,1,20,1200,0,0,0,0,DoS-ICMP
0,1,20,1200,0,0,0,0,DoS-ICMP
0,1,20,840,0,0,0,0,DoS-ICMP
80,6,20,1200,20,0,0,0,DoS-SYN-Flood
80,6,20,1480,20,0,0,0,DoS-HTTP
22,6,20,1200,20,0,0,0,SSH-Bruteforce
18763,6,4,240,4,0,0,0,PortScan
34961,6,2,120,2,0,0,0,PortScan
55145,6,2,120,2,0,0,0,PortScan
16534,6,2,120,2,0,0,0,PortScan
80,6,20,1200,20,0,0,0,DoS-SYN-Flood
17600,6,4,240,4,0,0,0,PortScan
80,17,20,1200,0,0,0,0,DoS-UDP
38257,6,2,120,2,0,0,0,PortScan
55689,6,7,406,7,7,0,0,SSH-Bruteforce
80,6,20,1200,20,0,0,0,DoS-SYN-Flood
80,17,20,1200,0,0,0,0,DoS-UDP
59646,6,20,28276,0,20,0,0,BENIGN
57232,6,6,348,6,6,0,0,SSH-Bruteforce
80,6,20,1480,20,0,0,0,DoS-HTTP
0,1,20,1200,0,0,0,0,DoS-ICMP
80,17,20,1200,0,0,0,0,DoS-UDP
9606,6,6,360,6,0,0,0,PortScan
80,6,20,1480,20,0,0,0,DoS-HTTP
80,6,20,1200,20,0,0,0,DoS-SYN-Flood
80,6,20,1200,20,0,0,0,DoS-SYN-Flood
0,1,20,1200,0,0,0,0,DoS-ICMP
6351,6,8,464,8,8,0,0,SSH-Bruteforce
80,6,20,1200,20,0,0,0,DoS-SYN-Flood
3861,6,6,348,6,6,0,0,SSH-Bruteforce
22,6,20,1200,0,0,20,0,SSH-Bruteforce
42967,6,2,120,2,0,0,0,PortScan
80,6,20,1200,20,0,0,0,DoS-SYN-Flood
80,6,20,1200,20,0,0,0,DoS-SYN-Flood
36330,6,2,120,2,0,0,0,PortScan
80,17,20,1200,0,0,0,0,DoS-UDP
0,1,20,1200,0,0,0,0,DoS-ICMP
80,6,20,1480,20,0,0,0,DoS-HTTP
15124,6,2,120,2,0,0,0,PortScan
22,6,20,1200,0,0,20,0,SSH-Bruteforce
80,6,20,1200,20,0,0,0,DoS-SYN-Flood
80,6,20,1480,20,0,0,0,DoS-HTTP
52830,6,9,522,9,9,0,0,SSH-Bruteforce
22,6,20,1200,0,0,20,0,SSH-Bruteforce
65121,6,9,522,9,9,0,0,SSH-Bruteforce
80,6,20,1480,20,0,0,0,DoS-HTTP
80,17,20,1200,0,0,0,0,DoS-UDP
80,6,20,1200,20,0,0,0,DoS-SYN-Flood
14361,6,7,406,7,7,0,0,SSH-Bruteforce
22,6,20,1200,20,0,0,0,SSH-Bruteforce
0,1,20,840,0,0,0,0,DoS-ICMP
42465,6,7,406,7,7,0,0,SSH-Bruteforce
80,6,20,1200,20,0,0,0,DoS-SYN-Flood
80,6,20,1480,20,0,0,0,DoS-HTTP
80,17,20,1200,0,0,0,0,DoS-UDP
12816,6,4,240,4,0,0,0,PortScan
51052,6,9,522,9,9,0,0,SSH-Bruteforce
80,17,20,1200,0,0,0,0,DoS-UDP
0,1,20,840,0,0,0,0,DoS-ICMP
80,6,20,1200,20,0,0,0,DoS-SYN-Flood
0,1,20,1200,0,0,0,0,DoS-ICMP
80,17,20,1200,0,0,0,0,DoS-UDP
45424,6,20,1548,0,20,0,0,BENIGN
80,6,20,1200,20,0,0,0,DoS-SYN-Flood
80,6,20,1200,20,0,0,0,DoS-SYN-Flood
80,17,20,1200,0,0,0,0,DoS-UDP
80,17,20,1200,0,0,0,0,DoS-UDP
58762,6,7,406,7,7,0,0,SSH-Bruteforce
15806,6,7,406,7,7,0,0,SSH-Bruteforce
80,17,20,1200,0,0,0,0,DoS-UDP
80,17,20,1200,0,0,0,0,DoS-UDP
80,6,20,1480,20,0,0,0,DoS-HTTP
80,6,20,1200,20,0,0,0,DoS-SYN-Flood
80,6,20,1200,20,0,0,0,DoS-SYN-Flood
80,6,20,1200,20,0,0,0,DoS-SYN-Flood
30683,6,2,120,2,0,0,0,PortScan
27239,6,2,120,2,0,0,0,PortScan
80,6,20,1200,20,0,0,0,DoS-SYN-Flood
22,6,20,1200,0,0,20,0,SSH-Bruteforce
80,6,20,1480,20,0,0,0,DoS-HTTP
80,6,20,1480,20,0,0,0,DoS-HTTP
80,6,20,1480,20,0,0,0,DoS-HTTP
80,6,20,1480,20,0,0,0,DoS-HTTP
80,6,20,1200,20,0,0,0,DoS-SYN-Flood
38258,6,7,406,7,7,0,0,SSH-Bruteforce
80,17,20,1200,0,0,0,0,DoS-UDP
0,1,20,840,0,0,0,0,DoS-ICMP
43765,6,7,406,7,7,0,0,SSH-Bruteforce
57677,6,7,406,7,7,0,0,SSH-Bruteforce
80,6,20,1480,20,0,0,0,DoS-HTTP
80,6,20,1200,20,0,0,0,DoS-SYN-Flood
80,6,20,1200,20,0,0,0,DoS-SYN-Flood
15271,6,4,240,4,0,0,0,PortScan
17838,6,3,174,3,3,0,0,SSH-Bruteforce
80,6,20,1480,20,0,0,0,DoS-HTTP
0,1,20,1200,0,0,0,0,DoS-ICMP
22,6,20,1200,1,0,19,0,SSH-Bruteforce
80,6,20,1480,20,0,0,0,DoS-HTTP
80,17,20,1200,0,0,0,0,DoS-UDP
0,1,20,840,0,0,0,0,DoS-ICMP
22,6,20,1200,20,0,0,0,SSH-Bruteforce
30199,6,2,120,2,0,0,0,PortScan
80,6,20,1480,20,0,0,0,DoS-HTTP
443,6,20,13509,0,20,0,0,BENIGN
0,1,20,840,0,0,0,0,DoS-ICMP
80,6,20,1200,20,0,0,0,DoS-SYN-Flood
80,17,20,1200,0,0,0,0,DoS-UDP
0,1,20,1200,0,0,0,0,DoS-ICMP
22,6,20,1200,8,0,12,0,SSH-Bruteforce
80,6,20,1480,20,0,0,0,DoS-HTTP
80,6,20,1200,20,0,0,0,DoS-SYN-Flood
54612,6,2,120,2,0,0,0,PortScan
0,1,20,840,0,0,0,0,DoS-ICMP
80,6,20,1480,20,0,0,0,DoS-HTTP
60886,6,20,29080,0,20,0,0,BENIGN
12566,6,5,290,5,5,0,0,SSH-Bruteforce
13885,6,6,360,6,0,0,0,PortScan
0,1,20,1200,0,0,0,0,DoS-ICMP
80,6,20,1480,20,0,0,0,DoS-HTTP
80,17,20,1200,0,0,0,0,DoS-UDP
47737,6,4,240,4,0,0,0,PortScan
0,1,20,1200,0,0,0,0,DoS-ICMP
80,6,20,1200,20,0,0,0,DoS-SYN-Flood
80,6,20,1480,20,0,0,0,DoS-HTTP
80,6,20,1200,20,0,0,0,DoS-SYN-Flood
80,6,20,1480,20,0,0,0,DoS-HTTP
0,1,20,1200,0,0,0,0,DoS-ICMP
22,6,20,1200,0,0,20,0,SSH-Bruteforce
80,6,20,1480,20,0,0,0,DoS-HTTP
80,6,20,1480,20,0,0,0,DoS-HTTP
80,6,20,1200,20,0,0,0,DoS-SYN-Flood
80,17,20,1200,0,0,0,0,DoS-UDP
41479,6,11,638,11,11,0,0,SSH-Bruteforce
59510,6,8,464,8,8,0,0,SSH-Bruteforce
80,6,20,1480,20,0,0,0,DoS-HTTP
53326,6,4,240,4,0,0,0,PortScan
0,1,20,1200,0,0,0,0,DoS-ICMP
64821,6,2,120,2,0,0,0,PortScan
80,6,20,1480,20,0,0,0,DoS-HTTP
80,17,20,1200,0,0,0,0,DoS-UDP
0,1,20,840,0,0,0,0,DoS-ICMP
0,1,20,1200,0,0,0,0,DoS-ICMP
20402,6,2,120,2,0,0,0,PortScan
36520,17,20,27980,0,0,0,0,BENIGN
22,6,20,1200,0,0,20,0,SSH-Bruteforce
0,1,20,840,0,0,0,0,DoS-ICMP
48806,17,20,26906,0,0,0,0,BENIGN
80,6,20,1200,20,0,0,0,DoS-SYN-Flood
22,6,20,1200,20,0,0,0,SSH-Bruteforce
0,1,20,1200,0,0,0,0,DoS-ICMP
80,6,20,1480,20,0,0,0,DoS-HTTP
22,6,20,1200,20,0,0,0,SSH-Bruteforce
0,1,20,840,0,0,0,0,DoS-ICMP
6776,6,6,360,6,0,0,0,PortScan
34111,6,2,120,2,0,0,0,PortScan
63637,6,2,120,2,0,0,0,PortScan
80,17,20,1200,0,0,0,0,DoS-UDP
80,6,20,1200,20,0,0,0,DoS-SYN-Flood
80,6,20,1200,20,0,0,0,DoS-SYN-Flood
31917,6,2,120,2,0,0,0,PortScan
80,6,20,1200,20,0,0,0,DoS-SYN-Flood
39289,6,2,120,2,0,0,0,PortScan
80,17,20,1200,0,0,0,0,DoS-UDP
80,6,20,1200,20,0,0,0,DoS-SYN-Flood
46398,17,20,27980,0,0,0,0,BENIGN
80,17,20,1200,0,0,0,0,DoS-UDP
80,6,20,1480,20,0,0,0,DoS-HTTP
80,17,20,1200,0,0,0,0,DoS-UDP
41812,6,9,522,9,9,0,0,SSH-Bruteforce
80,6,20,1200,20,0,0,0,DoS-SYN-Flood
22,6,20,1200,6,0,14,0,SSH-Bruteforce
62335,6,2,120,2,0,0,0,PortScan
80,17,20,1200,0,0,0,0,DoS-UDP
0,1,20,1200,0,0,0,0,DoS-ICMP
80,6,20,1480,20,0,0,0,DoS-HTTP
80,17,20,1200,0,0,0,0,DoS-UDP
61787,6,4,240,4,0,0,0,PortScan
28735,6,2,120,2,0,0,0,PortScan
0,1,20,1200,0,0,0,0,DoS-ICMP
80,17,20,1200,0,0,0,0,DoS-UDP
22,6,20,1200,20,0,0,0,SSH-Bruteforce
80,6,20,1480,20,0,0,0,DoS-HTTP
80,6,20,1200,20,0,0,0,DoS-SYN-Flood
54422,6,7,406,7,7,0,0,SSH-Bruteforce
3443,6,9,522,9,9,0,0,SSH-Bruteforce
22,6,20,1200,20,0,0,0,SSH-Bruteforce
43992,17,20,27980,0,0,0,0,BENIGN
15730,6,10,580,10,10,0,0,SSH-Bruteforce
34662,6,4,240,4,0,0,0,PortScan
0,1,20,840,0,0,0,0,DoS-ICMP
80,6,20,1200,20,0,0,0,DoS-SYN-Flood
0,1,20,840,0,0,0,0,DoS-ICMP
22,6,20,1200,20,0,0,0,SSH-Bruteforce
0,1,20,1200,0,0,0,0,DoS-ICMP
80,17,20,1200,0,0,0,0,DoS-UDP
80,6,20,1200,20,0,0,0,DoS-SYN-Flood
80,6,20,1480,20,0,0,0,DoS-HTTP
52271,6,8,464,8,8,0,0,SSH-Bruteforce
80,17,20,1200,0,0,0,0,DoS-UDP
22,6,20,1200,0,0,20,0,SSH-Bruteforce
80,17,20,1200,0,0,0,0,DoS-UDP
61135,6,4,240,4,0,0,0,PortScan
80,17,20,1200,0,0,0,0,DoS-UDP
12391,6,6,360,6,0,0,0,PortScan
80,6,20,1200,20,0,0,0,DoS-SYN-Flood
47160,6,4,240,4,0,0,0,PortScan
42309,6,6,348,6,6,0,0,SSH-Bruteforce
80,6,20,1480,20,0,0,0,DoS-HTTP
80,17,20,1200,0,0,0,0,DoS-UDP
59749,6,4,240,4,0,0,0,PortScan
46768,6,2,120,2,0,0,0,PortScan
62563,6,2,120,2,0,0,0,PortScan
80,6,20,1480,20,0,0,0,DoS-HTTP
80,6,20,1200,20,0,0,0,DoS-SYN-Flood
0,1,20,840,0,0,0,0,DoS-ICMP
80,17,20,1200,0,0,0,0,DoS-UDP
80,17,20,1200,0,0,0,0,DoS-UDP
53272,6,20,28960,0,20,0,0,BENIGN
22,6,20,1200,20,0,0,0,SSH-Bruteforce
80,6,20,1480,20,0,0,0,DoS-HTTP
80,6,20,1480,20,0,0,0,DoS-HTTP
80,6,20,1200,20,0,0,0,DoS-SYN-Flood
80,17,20,1200,0,0,0,0,DoS-UDP
36520,17,20,27980,0,0,0,0,BENIGN
80,6,20,1200,20,0,0,0,DoS-SYN-Flood
80,6,20,1200,20,0,0,0,DoS-SYN-Flood
80,6,20,1200,20,0,0,0,DoS-SYN-Flood
80,6,20,1480,20,0,0,0,DoS-HTTP
54615,6,4,240,4,0,0,0,PortScan
80,17,20,1200,0,0,0,0,DoS-UDP
80,17,20,1200,0,0,0,0,DoS-UDP
44781,6,4,240,4,0,0,0,PortScan
0,1,20,1200,0,0,0,0,DoS-ICMP
80,6,20,1200,20,0,0,0,DoS-SYN-Flood
50236,6,2,120,2,0,0,0,PortScan
80,6,20,1480,20,0,0,0,DoS-HTTP
80,6,20,1480,20,0,0,0,DoS-HTTP
80,6,20,1200,20,0,0,0,DoS-SYN-Flood
80,6,20,1480,20,0,0,0,DoS-HTTP
80,6,20,1480,20,0,0,0,DoS-HTTP
80,6,20,1480,20,0,0,0,DoS-HTTP
80,6,20,1200,20,0,0,0,DoS-SYN-Flood
38369,6,7,406,7,7,0,0,SSH-Bruteforce
80,6,20,1480,20,0,0,0,DoS-HTTP
62959,6,2,120,2,0,0,0,PortScan
80,6,20,1480,20,0,0,0,DoS-HTTP
80,6,20,1200,20,0,0,0,DoS-SYN-Flood
53272,6,20,30280,0,20,0,0,BENIGN
53272,6,20,28780,0,20,0,0,BENIGN
80,6,20,1480,20,0,0,0,DoS-HTTP
80,17,20,1200,0,0,0,0,DoS-UDP
12869,6,6,360,6,0,0,0,PortScan
38262,6,2,120,2,0,0,0,PortScan
47298,6,2,120,2,0,0,0,PortScan
26429,6,2,120,2,0,0,0,PortScan
80,6,20,1480,20,0,0,0,DoS-HTTP
53970,6,2,120,2,0,0,0,PortScan
0,1,20,840,0,0,0,0,DoS-ICMP
0,1,20,1200,0,0,0,0,DoS-ICMP
80,17,20,1200,0,0,0,0,DoS-UDP
80,6,20,1200,20,0,0,0,DoS-SYN-Flood
36520,17,20,20992,0,0,0,0,BENIGN
36520,17,20,27980,0,0,0,0,BENIGN
43297,6,2,120,2,0,0,0,PortScan
80,6,20,1200,20,0,0,0,DoS-SYN-Flood
13070,6,10,580,10,10,0,0,SSH-Bruteforce
80,6,20,1480,20,0,0,0,DoS-HTTP
80,6,20,1480,20,0,0,0,DoS-HTTP
43678,17,20,27976,0,0,0,0,BENIGN
80,6,20,1200,20,0,0,0,DoS-SYN-Flood
80,6,20,1200,20,0,0,0,DoS-SYN-Flood
37116,6,4,240,4,0,0,0,PortScan
80,6,20,1480,20,0,0,0,DoS-HTTP
80,6,20,1200,20,0,0,0,DoS-SYN-Flood
45424,6,20,13753,0,20,0,0,BENIGN
28400,6,4,240,4,0,0,0,PortScan
0,1,20,1200,0,0,0,0,DoS-ICMP
0,1,20,840,0,0,0,0,DoS-ICMP
6204,6,10,580,10,10,0,0,SSH-Bruteforce
22,6,20,1200,20,0,0,0,SSH-Bruteforce
80,17,20,1200,0,0,0,0,DoS-UDP
8975,6,6,360,6,0,0,0,PortScan
80,6,20,1200,20,0,0,0,DoS-SYN-Flood
0,1,20,840,0,0,0,0,DoS-ICMP
54829,17,20,27980,0,0,0,0,BENIGN
80,6,20,1200,20,0,0,0,DoS-SYN-Flood
80,6,20,1480,20,0,0,0,DoS-HTTP
80,6,20,1480,20,0,0,0,DoS-HTTP
80,6,20,1480,20,0,0,0,DoS-HTTP
80,17,20,1200,0,0,0,0,DoS-UDP
22,6,20,1200,20,0,0,0,SSH-Bruteforce
0,1,20,1200,0,0,0,0,DoS-ICMP
443,17,15,4647,0,0,0,0,BENIGN
8466,6,4,240,4,0,0,0,PortScan
36520,17,20,27980,0,0,0,0,BENIGN
47993,6,4,240,4,0,0,0,PortScan
80,6,20,1480,20,0,0,0,DoS-HTTP
0,1,20,840,0,0,0,0,DoS-ICMP
22,6,20,1200,19,0,1,0,SSH-Bruteforce
0,1,20,1200,0,0,0,0,DoS-ICMP
0,1,20,840,0,0,0,0,DoS-ICMP
27485,6,7,406,7,7,0,0,SSH-Bruteforce
80,17,20,1200,0,0,0,0,DoS-UDP
80,6,20,1480,20,0,0,0,DoS-HTTP
10028,6,4,240,4,0,0,0,PortScan
80,6,20,1200,20,0,0,0,DoS-SYN-Flood
80,6,20,1200,20,0,0,0,DoS-SYN-Flood
0,1,20,840,0,0,0,0,DoS-ICMP
80,17,20,1200,0,0,0,0,DoS-UDP
21204,6,2,120,2,0,0,0,PortScan
80,6,20,1480,20,0,0,0,DoS-HTTP
50892,6,2,120,2,0,0,0,PortScan
0,1,20,840,0,0,0,0,DoS-ICMP
80,6,20,1480,20,0,0,0,DoS-HTTP
0,1,20,840,0,0,0,0,DoS-ICMP
80,6,20,1200,20,0,0,0,DoS-SYN-Flood
80,17,20,1200,0,0,0,0,DoS-UDP
42841,6,4,240,4,0,0,0,PortScan
80,6,20,1480,20,0,0,0,DoS-HTTP
40629,6,2,120,2,0,0,0,PortScan
33567,6,2,120,2,0,0,0,PortScan
80,17,20,1200,0,0,0,0,DoS-UDP
0,1,20,840,0,0,0,0,DoS-ICMP
80,6,20,1480,20,0,0,0,DoS-HTTP
0,1,20,1200,0,0,0,0,DoS-ICMP
0,1,20,840,0,0,0,0,DoS-ICMP
25846,6,10,580,10,10,0,0,SSH-Bruteforce
80,6,20,1480,20,0,0,0,DoS-HTTP
80,17,20,1200,0,0,0,0,DoS-UDP
22,6,20,1200,0,0,20,0,SSH-Bruteforce
80,17,20,1200,0,0,0,0,DoS-UDP
80,6,20,1200,20,0,0,0,DoS-SYN-Flood
80,6,20,1200,20,0,0,0,DoS-SYN-Flood
80,6,20,1200,20,0,0,0,DoS-SYN-Flood
22,6,20,1200,14,0,6,0,SSH-Bruteforce
0,1,20,1200,0,0,0,0,DoS-ICMP
80,6,20,1480,20,0,0,0,DoS-HTTP
80,6,20,1480,20,0,0,0,DoS-HTTP
80,6,20,1200,20,0,0,0,DoS-SYN-Flood
80,17,20,1200,0,0,0,0,DoS-UDP
20163,6,6,348,6,6,0,0,SSH-Bruteforce
80,6,20,1480,20,0,0,0,DoS-HTTP
0,1,20,1200,0,0,0,0,DoS-ICMP
80,17,20,1200,0,0,0,0,DoS-UDP
80,6,20,1200,20,0,0,0,DoS-SYN-Flood
80,6,20,1200,20,0,0,0,DoS-SYN-Flood
80,6,20,1480,20,0,0,0,DoS-HTTP
14805,6,4,240,4,0,0,0,PortScan
80,6,20,1480,20,0,0,0,DoS-HTTP
64804,6,2,120,2,0,0,0,PortScan
32082,6,2,120,2,0,0,0,PortScan
80,6,20,1200,20,0,0,0,DoS-SYN-Flood
56550,6,15,1753,1,15,0,1,BENIGN
80,6,20,1200,20,0,0,0,DoS-SYN-Flood
43284,6,4,240,4,0,0,0,PortScan
80,17,20,1200,0,0,0,0,DoS-UDP
80,6,20,1480,20,0,0,0,DoS-HTTP
80,6,20,1480,20,0,0,0,DoS-HTTP
80,17,20,1200,0,0,0,0,DoS-UDP
56016,6,6,348,6,6,0,0,SSH-Bruteforce
53540,6,10,580,10,10,0,0,SSH-Bruteforce
80,17,20,1200,0,0,0,0,DoS-UDP
80,6,20,1200,20,0,0,0,DoS-SYN-Flood
80,6,20,1480,20,0,0,0,DoS-HTTP
22,6,20,1200,20,0,0,0,SSH-Bruteforce
80,6,20,1200,20,0,0,0,DoS-SYN-Flood
80,6,20,1200,20,0,0,0,DoS-SYN-Flood
18644,6,7,406,7,7,0,0,SSH-Bruteforce
35194,6,4,240,4,0,0,0,PortScan
0,1,20,840,0,0,0,0,DoS-ICMP
80,6,20,1480,20,0,0,0,DoS-HTTP
80,6,20,1200,20,0,0,0,DoS-SYN-Flood
29257,6,2,120,2,0,0,0,PortScan
3362,6,4,240,4,0,0,0,PortScan
33240,6,20,29320,0,20,0,0,BENIGN
443,6,20,1366,0,20,0,0,BENIGN
8423,6,6,360,6,0,0,0,PortScan
80,17,20,1200,0,0,0,0,DoS-UDP
0,1,20,1200,0,0,0,0,DoS-ICMP
80,17,20,1200,0,0,0,0,DoS-UDP
80,17,20,1200,0,0,0,0,DoS-UDP
0,1,20,1200,0,0,0,0,DoS-ICMP
80,6,20,1200,20,0,0,0,DoS-SYN-Flood
22348,6,2,120,2,0,0,0,PortScan
80,6,20,1200,20,0,0,0,DoS-SYN-Flood
42904,17,20,27980,0,0,0,0,BENIGN
80,6,20,1200,20,0,0,0,DoS-SYN-Flood
80,17,20,1200,0,0,0,0,DoS-UDP
35854,6,20,14006,0,20,0,0,BENIGN
48107,6,9,522,9,9,0,0,SSH-Bruteforce
80,6,20,1200,20,0,0,0,DoS-SYN-Flood
80,17,20,1200,0,0,0,0,DoS-UDP
80,6,20,1200,20,0,0,0,DoS-SYN-Flood
80,6,20,1200,20,0,0,0,DoS-SYN-Flood
0,1,20,1200,0,0,0,0,DoS-ICMP
80,6,20,1200,20,0,0,0,DoS-SYN-Flood
80,17,20,1200,0,0,0,0,DoS-UDP
0,1,20,840,0,0,0,0,DoS-ICMP
80,17,20,1200,0,0,0,0,DoS-UDP
0,1,20,840,0,0,0,0,DoS-ICMP
80,6,20,1200,20,0,0,0,DoS-SYN-Flood
0,1,20,840,0,0,0,0,DoS-ICMP
80,6,20,1480,20,0,0,0,DoS-HTTP
54170,6,7,406,7,7,0,0,SSH-Bruteforce
80,17,20,1200,0,0,0,0,DoS-UDP
80,6,20,1480,20,0,0,0,DoS-HTTP
80,6,20,1200,20,0,0,0,DoS-SYN-Flood
55373,6,6,348,6,6,0,0,SSH-Bruteforce
7122,6,6,360,6,0,0,0,PortScan
80,17,20,1200,0,0,0,0,DoS-UDP
80,6,20,1200,20,0,0,0,DoS-SYN-Flood
48507,6,10,580,10,10,0,0,SSH-Bruteforce
80,17,20,1200,0,0,0,0,DoS-UDP
0,1,20,840,0,0,0,0,DoS-ICMP
22,6,20,1200,4,0,16,0,SSH-Bruteforce
80,6,20,1200,20,0,0,0,DoS-SYN-Flood
42842,6,4,240,4,0,0,0,PortScan
35570,6,2,120,2,0,0,0,PortScan
46320,6,2,120,2,0,0,0,PortScan
80,6,20,1480,20,0,0,0,DoS-HTTP
80,17,20,1200,0,0,0,0,DoS-UDP
41308,17,20,27980,0,0,0,0,BENIGN
34335,6,2,120,2,0,0,0,PortScan
80,17,20,1200,0,0,0,0,DoS-UDP
80,6,20,1200,20,0,0,0,DoS-SYN-Flood
36520,17,20,27980,0,0,0,0,BENIGN
55538,6,5,290,5,5,0,0,SSH-Bruteforce
80,6,20,1480,20,0,0,0,DoS-HTTP
0,1,20,840,0,0,0,0,DoS-ICMP
443,17,20,6145,0,0,0,0,BENIGN
80,6,20,1200,20,0,0,0,DoS-SYN-Flood
80,6,20,1200,20,0,0,0,DoS-SYN-Flood
34154,6,2,120,2,0,0,0,PortScan
80,6,20,1200,20,0,0,0,DoS-SYN-Flood
80,6,20,1200,20,0,0,0,DoS-SYN-Flood
0,1,20,840,0,0,0,0,DoS-ICMP
443,6,20,1200,0,20,0,0,BENIGN
0,1,20,1200,0,0,0,0,DoS-ICMP
19400,6,2,120,2,0,0,0,PortScan
80,6,20,1200,20,0,0,0,DoS-SYN-Flood
5630,6,10,580,10,10,0,0,SSH-Bruteforce
80,6,20,1200,20,0,0,0,DoS-SYN-Flood
80,6,20,1200,20,0,0,0,DoS-SYN-Flood
80,6,20,1200,20,0,0,0,DoS-SYN-Flood
63756,6,4,232,4,4,0,0,SSH-Bruteforce
80,17,20,1200,0,0,0,0,DoS-UDP
80,17,20,1200,0,0,0,0,DoS-UDP
80,17,20,1200,0,0,0,0,DoS-UDP
43544,6,2,120,2,0,0,0,PortScan
0,1,20,1200,0,0,0,0,DoS-ICMP
0,1,20,1200,0,0,0,0,DoS-ICMP
80,6,20,1200,20,0,0,0,DoS-SYN-Flood
80,6,20,1480,20,0,0,0,DoS-HTTP
45424,6,20,29043,0,20,0,0,BENIGN
46903,6,2,120,2,0,0,0,PortScan
80,6,20,1200,20,0,0,0,DoS-SYN-Flood
46439,6,4,240,4,0,0,0,PortScan
35713,6,9,522,9,9,0,0,SSH-Bruteforce
80,6,20,1480,20,0,0,0,DoS-HTTP
80,17,20,1200,0,0,0,0,DoS-UDP
26970,6,4,240,4,0,0,0,PortScan
40612,6,2,120,2,0,0,0,PortScan
80,6,20,1480,20,0,0,0,DoS-HTTP
80,17,20,1200,0,0,0,0,DoS-UDP
80,17,20,1200,0,0,0,0,DoS-UDP
22,6,20,1200,8,0,12,0,SSH-Bruteforce
14418,6,4,240,4,0,0,0,PortScan
80,6,20,1200,20,0,0,0,DoS-SYN-Flood
80,6,20,1200,20,0,0,0,DoS-SYN-Flood
80,6,20,1480,20,0,0,0,DoS-HTTP
80,17,20,1200,0,0,0,0,DoS-UDP
40687,6,4,240,4,0,0,0,PortScan
60886,6,20,28799,0,20,0,0,BENIGN
80,6,20,1480,20,0,0,0,DoS-HTTP
0,1,20,840,0,0,0,0,DoS-ICMP
0,1,20,1200,0,0,0,0,DoS-ICMP
80,6,20,1480,20,0,0,0,DoS-HTTP
0,1,20,840,0,0,0,0,DoS-ICMP
0,1,20,1200,0,0,0,0,DoS-ICMP
36385,6,2,120,2,0,0,0,PortScan
80,6,20,1200,20,0,0,0,DoS-SYN-Flood
18141,6,8,464,8,8,0,0,SSH-Bruteforce
80,17,20,1200,0,0,0,0,DoS-UDP
0,1,20,840,0,0,0,0,DoS-ICMP
80,17,20,1200,0,0,0,0,DoS-UDP
45953,6,2,120,2,0,0,0,PortScan
80,17,20,1200,0,0,0,0,DoS-UDP
60387,6,6,348,6,6,0,0,SSH-Bruteforce
22,6,20,1200,5,0,15,0,SSH-Bruteforce
56234,6,2,120,2,0,0,0,PortScan
24533,6,2,120,2,0,0,0,PortScan
80,6,20,1200,20,0,0,0,DoS-SYN-Flood
80,6,20,1480,20,0,0,0,DoS-HTTP
22,6,20,1200,0,0,20,0,SSH-Bruteforce
11167,6,6,360,6,0,0,0,PortScan
14623,6,9,522,9,9,0,0,SSH-Bruteforce
60394,17,20,22886,0,0,0,0,BENIGN
80,6,20,1480,20,0,0,0,DoS-HTTP
80,6,20,1480,20,0,0,0,DoS-HTTP
0,1,20,840,0,0,0,0,DoS-ICMP
80,6,20,1200,20,0,0,0,DoS-SYN-Flood
80,17,20,1200,0,0,0,0,DoS-UDP
80,6,20,1480,20,0,0,0,DoS-HTTP
0,1,20,840,0,0,0,0,DoS-ICMP
6169,6,4,240,4,0,0,0,PortScan
13933,6,4,240,4,0,0,0,PortScan
12982,6,4,240,4,0,0,0,PortScan
80,17,20,1200,0,0,0,0,DoS-UDP
19459,6,4,240,4,0,0,0,PortScan
51656,6,6,348,6,6,0,0,SSH-Bruteforce
53272,6,20,28780,0,20,0,0,BENIGN
80,17,20,1200,0,0,0,0,DoS-UDP
22,6,20,1200,0,0,20,0,SSH-Bruteforce
80,17,20,1200,0,0,0,0,DoS-UDP
80,6,20,1200,20,0,0,0,DoS-SYN-Flood
0,1,20,840,0,0,0,0,DoS-ICMP
27670,6,2,120,2,0,0,0,PortScan
0,1,20,1200,0,0,0,0,DoS-ICMP
0,1,20,840,0,0,0,0,DoS-ICMP
80,6,20,1480,20,0,0,0,DoS-HTTP
22260,6,7,406,7,7,0,0,SSH-Bruteforce
80,17,20,1200,0,0,0,0,DoS-UDP
80,6,20,1480,20,0,0,0,DoS-HTTP
28620,6,2,120,2,0,0,0,PortScan
0,1,20,840,0,0,0,0,DoS-ICMP
0,1,20,1200,0,0,0,0,DoS-ICMP
80,17,20,1200,0,0,0,0,DoS-UDP
80,6,20,1480,20,0,0,0,DoS-HTTP
80,6,20,1200,20,0,0,0,DoS-SYN-Flood
0,1,20,840,0,0,0,0,DoS-ICMP
80,17,20,1200,0,0,0,0,DoS-UDP
45577,6,2,120,2,0,0,0,PortScan
80,6,20,1480,20,0,0,0,DoS-HTTP
80,6,20,1200,20,0,0,0,DoS-SYN-Flood
47121,6,2,120,2,0,0,0,PortScan
27894,6,2,120,2,0,0,0,PortScan
0,1,20,840,0,0,0,0,DoS-ICMP
54829,17,20,27980,0,0,0,0,BENIGN
0,1,20,840,0,0,0,0,DoS-ICMP
80,6,20,1480,20,0,0,0,DoS-HTTP
80,6,20,1480,20,0,0,0,DoS-HTTP
80,6,20,1480,20,0,0,0,DoS-HTTP
0,1,20,1200,0,0,0,0,DoS-ICMP
80,17,20,1200,0,0,0,0,DoS-UDP
44240,6,4,232,4,4,0,0,SSH-Bruteforce
80,17,20,1200,0,0,0,0,DoS-UDP
80,6,20,1480,20,0,0,0,DoS-HTTP
12942,6,4,240,4,0,0,0,PortScan
11578,6,4,240,4,0,0,0,PortScan
80,17,20,1200,0,0,0,0,DoS-UDP
80,6,20,1200,20,0,0,0,DoS-SYN-Flood
80,17,20,1200,0,0,0,0,DoS-UDP
80,17,20,1200,0,0,0,0,DoS-UDP
27190,6,7,406,7,7,0,0,SSH-Bruteforce
80,6,20,1200,20,0,0,0,DoS-SYN-Flood
0,1,20,1200,0,0,0,0,DoS-ICMP
36520,17,20,27980,0,0,0,0,BENIGN
80,6,20,1480,20,0,0,0,DoS-HTTP
80,6,20,1480,20,0,0,0,DoS-HTTP
0,1,20,840,0,0,0,0,DoS-ICMP
80,6,20,1480,20,0,0,0,DoS-HTTP
80,17,20,1200,0,0,0,0,DoS-UDP
22,6,20,1200,20,0,0,0,SSH-Bruteforce
80,6,20,1480,20,0,0,0,DoS-HTTP
22415,6,7,406,7,7,0,0,SSH-Bruteforce
80,6,20,1480,20,0,0,0,DoS-HTTP
80,6,20,1480,20,0,0,0,DoS-HTTP
0,1,20,840,0,0,0,0,DoS-ICMP
22,6,20,1200,20,0,0,0,SSH-Bruteforce
0,1,20,1200,0,0,0,0,DoS-ICMP
22,6,20,1200,20,0,0,0,SSH-Bruteforce
36520,17,20,27980,0,0,0,0,BENIGN
80,6,20,1200,20,0,0,0,DoS-SYN-Flood
27577,6,11,638,11,11,0,0,SSH-Bruteforce
38687,6,6,348,6,6,0,0,SSH-Bruteforce
0,1,20,840,0,0,0,0,DoS-ICMP
80,6,20,1200,20,0,0,0,DoS-SYN-Flood
0,1,20,1200,0,0,0,0,DoS-ICMP
80,6,20,1480,20,0,0,0,DoS-HTTP
0,1,20,1200,0,0,0,0,DoS-ICMP
80,6,20,1200,20,0,0,0,DoS-SYN-Flood
80,6,20,1480,20,0,0,0,DoS-HTTP
33254,6,8,464,8,8,0,0,SSH-Bruteforce
80,17,20,1200,0,0,0,0,DoS-UDP
22,6,20,1200,0,0,20,0,SSH-Bruteforce
80,17,20,1200,0,0,0,0,DoS-UDP
80,17,20,1200,0,0,0,0,DoS-UDP
62436,6,2,120,2,0,0,0,PortScan
22,6,20,1200,0,0,20,0,SSH-Bruteforce
43678,17,20,27980,0,0,0,0,BENIGN
80,6,20,1200,20,0,0,0,DoS-SYN-Flood
80,17,20,1200,0,0,0,0,DoS-UDP
80,6,20,1480,20,0,0,0,DoS-HTTP
0,1,20,1200,0,0,0,0,DoS-ICMP
80,17,20,1200,0,0,0,0,DoS-UDP
57289,6,2,120,2,0,0,0,PortScan
80,6,20,1200,20,0,0,0,DoS-SYN-Flood
36520,17,20,27980,0,0,0,0,BENIGN
80,17,20,1200,0,0,0,0,DoS-UDP
80,17,20,1200,0,0,0,0,DoS-UDP
56398,6,2,120,2,0,0,0,PortScan
55502,6,2,120,2,0,0,0,PortScan
80,6,20,1480,20,0,0,0,DoS-HTTP
0,1,20,840,0,0,0,0,DoS-ICMP
80,17,20,1200,0,0,0,0,DoS-UDP
80,17,20,1200,0,0,0,0,DoS-UDP
80,6,20,1480,20,0,0,0,DoS-HTTP
52979,6,4,240,4,0,0,0,PortScan
80,6,20,1200,20,0,0,0,DoS-SYN-Flood
80,6,20,1480,20,0,0,0,DoS-HTTP
0,1,20,840,0,0,0,0,DoS-ICMP
0,1,20,1200,0,0,0,0,DoS-ICMP
36520,17,20,27980,0,0,0,0,BENIGN
0,1,20,840,0,0,0,0,DoS-ICMP
28755,6,2,120,2,0,0,0,PortScan
80,6,20,1480,20,0,0,0,DoS-HTTP
80,6,20,1480,20,0,0,0,DoS-HTTP
80,6,20,1480,20,0,0,0,DoS-HTTP
36520,17,20,27980,0,0,0,0,BENIGN
60886,6,20,29719,0,20,0,0,BENIGN
42650,17,2,363,0,0,0,0,BENIGN
80,17,20,1200,0,0,0,0,DoS-UDP
0,1,20,840,0,0,0,0,DoS-ICMP
80,6,20,1480,20,0,0,0,DoS-HTTP
80,6,20,1200,20,0,0,0,DoS-SYN-Flood
35799,6,12,696,12,12,0,0,SSH-Bruteforce
0,1,20,1200,0,0,0,0,DoS-ICMP
80,6,20,1200,20,0,0,0,DoS-SYN-Flood
80,6,20,1480,20,0,0,0,DoS-HTTP
80,17,20,1200,0,0,0,0,DoS-UDP
80,6,20,1480,20,0,0,0,DoS-HTTP
443,6,20,2653,1,19,0,1,BENIGN
80,6,20,1480,20,0,0,0,DoS-HTTP
80,6,20,1480,20,0,0,0,DoS-HTTP
80,17,20,1200,0,0,0,0,DoS-UDP
36520,17,20,27980,0,0,0,0,BENIGN
80,6,20,1480,20,0,0,0,DoS-HTTP
36520,17,20,27980,0,0,0,0,BENIGN
80,6,20,1200,20,0,0,0,DoS-SYN-Flood
19415,6,4,240,4,0,0,0,PortScan
53414,6,20,16213,0,20,0,0,BENIGN
0,1,20,1200,0,0,0,0,DoS-ICMP
0,1,20,840,0,0,0,0,DoS-ICMP
80,6,20,1200,20,0,0,0,DoS-SYN-Flood
20987,6,2,120,2,0,0,0,PortScan
22,6,20,1200,20,0,0,0,SSH-Bruteforce
53258,6,20,27876,0,20,0,0,BENIGN
32468,6,2,120,2,0,0,0,PortScan
80,6,20,1480,20,0,0,0,DoS-HTTP
5353,6,4,240,4,0,0,0,PortScan
31629,6,2,120,2,0,0,0,PortScan
59101,6,9,522,9,9,0,0,SSH-Bruteforce
80,17,20,1200,0,0,0,0,DoS-UDP
0,1,20,1200,0,0,0,0,DoS-ICMP
22,6,20,1200,0,0,20,0,SSH-Bruteforce
37545,6,10,580,10,10,0,0,SSH-Bruteforce
60394,17,20,26136,0,0,0,0,BENIGN
80,6,20,1480,20,0,0,0,DoS-HTTP
80,17,20,1200,0,0,0,0,DoS-UDP
80,17,20,1200,0,0,0,0,DoS-UDP
80,6,20,1200,20,0,0,0,DoS-SYN-Flood
11941,6,4,240,4,0,0,0,PortScan
0,1,20,1200,0,0,0,0,DoS-ICMP
80,17,20,1200,0,0,0,0,DoS-UDP
80,6,20,1200,20,0,0,0,DoS-SYN-Flood
80,6,20,1200,20,0,0,0,DoS-SYN-Flood
80,6,20,1480,20,0,0,0,DoS-HTTP
55095,6,4,240,4,0,0,0,PortScan
0,1,20,1200,0,0,0,0,DoS-ICMP
80,6,20,1200,20,0,0,0,DoS-SYN-Flood
80,17,20,1200,0,0,0,0,DoS-UDP
0,1,20,1200,0,0,0,0,DoS-ICMP
49416,6,2,120,2,0,0,0,PortScan
80,17,20,1200,0,0,0,0,DoS-UDP
42904,17,20,20775,0,0,0,0,BENIGN
6940,6,4,240,4,0,0,0,PortScan
80,17,20,1200,0,0,0,0,DoS-UDP
23077,6,2,120,2,0,0,0,PortScan
80,6,20,1200,20,0,0,0,DoS-SYN-Flood
80,17,20,1200,0,0,0,0,DoS-UDP
80,17,20,1200,0,0,0,0,DoS-UDP
33457,6,4,240,4,0,0,0,PortScan
80,17,20,1200,0,0,0,0,DoS-UDP
59370,6,4,240,4,0,0,0,PortScan
80,6,20,1200,20,0,0,0,DoS-SYN-Flood
80,6,20,1200,20,0,0,0,DoS-SYN-Flood
53296,6,20,29020,0,20,0,0,BENIGN
80,6,20,1480,20,0,0,0,DoS-HTTP
51775,6,2,120,2,0,0,0,PortScan
0,1,20,840,0,0,0,0,DoS-ICMP
0,1,20,840,0,0,0,0,DoS-ICMP
80,17,20,1200,0,0,0,0,DoS-UDP
0,1,20,1200,0,0,0,0,DoS-ICMP
0,1,20,840,0,0,0,0,DoS-ICMP
80,17,20,1200,0,0,0,0,DoS-UDP
80,17,20,1200,0,0,0,0,DoS-UDP
80,6,20,1480,20,0,0,0,DoS-HTTP
60886,6,20,29080,0,20,0,0,BENIGN
80,6,20,1480,20,0,0,0,DoS-HTTP
80,17,20,1200,0,0,0,0,DoS-UDP
57992,6,2,120,2,0,0,0,PortScan
5212,6,8,464,8,8,0,0,SSH-Bruteforce
80,17,20,1200,0,0,0,0,DoS-UDP
80,6,20,1480,20,0,0,0,DoS-HTTP
30011,6,2,120,2,0,0,0,PortScan
80,6,20,1200,20,0,0,0,DoS-SYN-Flood
80,6,20,1480,20,0,0,0,DoS-HTTP
80,6,20,1480,20,0,0,0,DoS-HTTP
80,17,20,1200,0,0,0,0,DoS-UDP
80,6,20,1200,20,0,0,0,DoS-SYN-Flood
33240,6,20,28960,0,20,0,0,BENIGN
22,6,20,1200,20,0,0,0,SSH-Bruteforce
80,6,20,1480,20,0,0,0,DoS-HTTP
80,6,20,1480,20,0,0,0,DoS-HTTP
80,17,20,1200,0,0,0,0,DoS-UDP
80,6,20,1480,20,0,0,0,DoS-HTTP
47225,6,4,240,4,0,0,0,PortScan
32477,6,2,120,2,0,0,0,PortScan
80,17,20,1200,0,0,0,0,DoS-UDP
0,1,20,1200,0,0,0,0,DoS-ICMP
33026,6,5,290,5,5,0,0,SSH-Bruteforce
80,17,20,1200,0,0,0,0,DoS-UDP
0,1,20,1200,0,0,0,0,DoS-ICMP
80,17,20,1200,0,0,0,0,DoS-UDP
18757,6,2,120,2,0,0,0,PortScan
80,6,20,1200,20,0,0,0,DoS-SYN-Flood
80,6,20,1200,20,0,0,0,DoS-SYN-Flood
18323,6,2,120,2,0,0,0,PortScan
80,6,20,1200,20,0,0,0,DoS-SYN-Flood
45405,6,6,348,6,6,0,0,SSH-Bruteforce
80,17,20,1200,0,0,0,0,DoS-UDP
17302,6,2,120,2,0,0,0,PortScan
26404,6,4,240,4,0,0,0,PortScan
32823,6,6,348,6,6,0,0,SSH-Bruteforce
41965,6,4,240,4,0,0,0,PortScan
9901,6,4,240,4,0,0,0,PortScan
80,6,20,1480,20,0,0,0,DoS-HTTP
443,6,20,1200,0,20,0,0,BENIGN
80,6,20,1200,20,0,0,0,DoS-SYN-Flood
59918,6,7,406,7,7,0,0,SSH-Bruteforce
0,1,20,840,0,0,0,0,DoS-ICMP
0,1,20,1200,0,0,0,0,DoS-ICMP
22,6,20,1200,20,0,0,0,SSH-Bruteforce
0,1,20,840,0,0,0,0,DoS-ICMP
80,6,20,1200,20,0,0,0,DoS-SYN-Flood
49092,6,2,120,2,0,0,0,PortScan
22,6,20,1200,20,0,0,0,SSH-Bruteforce
80,6,20,1480,20,0,0,0,DoS-HTTP
0,1,20,1200,0,0,0,0,DoS-ICMP
10148,6,8,464,8,8,0,0,SSH-Bruteforce
40945,6,8,464,8,8,0,0,SSH-Bruteforce
0,1,20,1200,0,0,0,0,DoS-ICMP
80,17,20,1200,0,0,0,0,DoS-UDP
80,6,20,1480,20,0,0,0,DoS-HTTP
0,1,20,840,0,0,0,0,DoS-ICMP
80,6,20,1200,20,0,0,0,DoS-SYN-Flood
80,17,20,1200,0,0,0,0,DoS-UDP
80,17,20,1200,0,0,0,0,DoS-UDP
80,6,20,1480,20,0,0,0,DoS-HTTP
80,17,20,1200,0,0,0,0,DoS-UDP
0,1,20,1200,0,0,0,0,DoS-ICMP
80,6,20,1200,20,0,0,0,DoS-SYN-Flood
54829,17,20,27980,0,0,0,0,BENIGN
80,6,20,1480,20,0,0,0,DoS-HTTP
80,6,20,1200,20,0,0,0,DoS-SYN-Flood
0,1,20,840,0,0,0,0,DoS-ICMP
30030,6,2,120,2,0,0,0,PortScan
24768,6,8,464,8,8,0,0,SSH-Bruteforce
80,17,20,1200,0,0,0,0,DoS-UDP
18264,6,2,120,2,0,0,0,PortScan
80,6,20,1480,20,0,0,0,DoS-HTTP
22,6,20,1200,4,0,16,0,SSH-Bruteforce
80,6,20,1480,20,0,0,0,DoS-HTTP
16821,6,2,120,2,0,0,0,PortScan
80,6,20,1200,20,0,0,0,DoS-SYN-Flood
80,6,20,1480,20,0,0,0,DoS-HTTP
42760,6,2,120,2,0,0,0,PortScan
22455,6,10,580,10,10,0,0,SSH-Bruteforce
13143,6,5,290,5,5,0,0,SSH-Bruteforce
0,1,20,840,0,0,0,0,DoS-ICMP
80,6,20,1200,20,0,0,0,DoS-SYN-Flood
30509,6,7,406,7,7,0,0,SSH-Bruteforce
30017,6,2,120,2,0,0,0,PortScan
22,6,20,1200,20,0,0,0,SSH-Bruteforce
80,6,20,1200,20,0,0,0,DoS-SYN-Flood
36520,17,20,24091,0,0,0,0,BENIGN
80,6,20,1480,20,0,0,0,DoS-HTTP
216,6,4,240,4,0,0,0,PortScan
0,1,20,840,0,0,0,0,DoS-ICMP
0,1,20,1200,0,0,0,0,DoS-ICMP
80,6,20,1200,20,0,0,0,DoS-SYN-Flood
29897,6,2,120,2,0,0,0,PortScan
80,6,20,1200,20,0,0,0,DoS-SYN-Flood
80,17,20,1200,0,0,0,0,DoS-UDP
80,17,20,1200,0,0,0,0,DoS-UDP
23672,6,7,406,7,7,0,0,SSH-Bruteforce
9749,6,4,240,4,0,0,0,PortScan
0,1,20,840,0,0,0,0,DoS-ICMP
80,6,20,1200,20,0,0,0,DoS-SYN-Flood
80,6,20,1480,20,0,0,0,DoS-HTTP
80,6,20,1480,20,0,0,0,DoS-HTTP
43992,17,20,27980,0,0,0,0,BENIGN
80,6,20,1200,20,0,0,0,DoS-SYN-Flood
53079,6,2,120,2,0,0,0,PortScan
80,6,20,1480,20,0,0,0,DoS-HTTP
27166,6,4,240,4,0,0,0,PortScan
80,6,20,1200,20,0,0,0,DoS-SYN-Flood
15417,6,2,120,2,0,0,0,PortScan
80,6,20,1480,20,0,0,0,DoS-HTTP
22,6,20,1200,13,0,7,0,SSH-Bruteforce
80,17,20,1200,0,0,0,0,DoS-UDP
36283,6,9,522,9,9,0,0,SSH-Bruteforce
40235,6,4,240,4,0,0,0,PortScan
80,6,20,1480,20,0,0,0,DoS-HTTP
0,1,20,840,0,0,0,0,DoS-ICMP
80,6,20,1480,20,0,0,0,DoS-HTTP
46398,17,20,27510,0,0,0,0,BENIGN
22,6,20,1200,20,0,0,0,SSH-Bruteforce
80,6,20,1200,20,0,0,0,DoS-SYN-Flood
5839,6,11,638,11,11,0,0,SSH-Bruteforce
80,17,20,1200,0,0,0,0,DoS-UDP
0,1,20,840,0,0,0,0,DoS-ICMP
28056,6,2,120,2,0,0,0,PortScan
36520,17,20,27980,0,0,0,0,BENIGN
80,17,20,1200,0,0,0,0,DoS-UDP
80,6,20,1480,20,0,0,0,DoS-HTTP
0,1,20,1200,0,0,0,0,DoS-ICMP
80,17,20,1200,0,0,0,0,DoS-UDP
80,6,20,1480,20,0,0,0,DoS-HTTP
27758,6,4,240,4,0,0,0,PortScan
22,6,20,1200,10,0,10,0,SSH-Bruteforce
15453,6,8,464,8,8,0,0,SSH-Bruteforce
80,6,20,1200,20,0,0,0,DoS-SYN-Flood
0,1,20,840,0,0,0,0,DoS-ICMP
80,17,20,1200,0,0,0,0,DoS-UDP
80,17,20,1200,0,0,0,0,DoS-UDP
80,17,20,1200,0,0,0,0,DoS-UDP
16738,6,2,120,2,0,0,0,PortScan
0,1,20,1200,0,0,0,0,DoS-ICMP
33240,6,20,28976,0,20,0,0,BENIGN
80,6,20,1480,20,0,0,0,DoS-HTTP
80,17,20,1200,0,0,0,0,DoS-UDP
80,6,20,1200,20,0,0,0,DoS-SYN-Flood
0,1,20,840,0,0,0,0,DoS-ICMP
80,6,20,1200,20,0,0,0,DoS-SYN-Flood
80,6,20,1200,20,0,0,0,DoS-SYN-Flood
0,1,20,1200,0,0,0,0,DoS-ICMP
80,17,20,1200,0,0,0,0,DoS-UDP
80,6,20,1480,20,0,0,0,DoS-HTTP
80,6,20,1200,20,0,0,0,DoS-SYN-Flood
0,1,20,840,0,0,0,0,DoS-ICMP
80,17,20,1200,0,0,0,0,DoS-UDP
80,6,20,1200,20,0,0,0,DoS-SYN-Flood
80,17,20,1200,0,0,0,0,DoS-UDP
80,17,20,1200,0,0,0,0,DoS-UDP
10560,6,4,240,4,0,0,0,PortScan
22,6,20,1200,0,0,20,0,SSH-Bruteforce
80,6,20,1480,20,0,0,0,DoS-HTTP
80,17,20,1200,0,0,0,0,DoS-UDP
80,17,20,1200,0,0,0,0,DoS-UDP
80,6,20,1200,20,0,0,0,DoS-SYN-Flood
24159,6,4,240,4,0,0,0,PortScan
80,17,20,1200,0,0,0,0,DoS-UDP
22,6,20,1200,16,0,4,0,SSH-Bruteforce
4734,6,7,406,7,7,0,0,SSH-Bruteforce
0,1,20,1200,0,0,0,0,DoS-ICMP
0,1,20,1200,0,0,0,0,DoS-ICMP
80,17,20,1200,0,0,0,0,DoS-UDP
36520,17,20,27980,0,0,0,0,BENIGN
0,1,20,1200,0,0,0,0,DoS-ICMP
80,6,20,1480,20,0,0,0,DoS-HTTP
80,6,20,1480,20,0,0,0,DoS-HTTP
0,1,20,840,0,0,0,0,DoS-ICMP
471,6,6,360,6,0,0,0,PortScan
0,2,11,594,0,0,0,0,DoS-SYN-Flood
35859,6,2,120,2,0,0,0,PortScan
33240,6,20,29080,0,20,0,0,BENIGN
0,1,20,840,0,0,0,0,DoS-ICMP
21904,6,9,522,9,9,0,0,SSH-Bruteforce
51096,6,4,232,4,4,0,0,SSH-Bruteforce
48859,6,5,290,5,5,0,0,SSH-Bruteforce
80,17,20,1200,0,0,0,0,DoS-UDP
80,6,20,1200,20,0,0,0,DoS-SYN-Flood
0,1,20,1200,0,0,0,0,DoS-ICMP
33240,6,20,29080,0,20,0,0,BENIGN
80,6,20,1200,20,0,0,0,DoS-SYN-Flood
45784,6,8,464,8,8,0,0,SSH-Bruteforce
80,6,20,1200,20,0,0,0,DoS-SYN-Flood
80,17,20,1200,0,0,0,0,DoS-UDP
80,6,20,1480,20,0,0,0,DoS-HTTP
0,1,20,840,0,0,0,0,DoS-ICMP
45636,6,2,120,2,0,0,0,PortScan
80,17,20,1200,0,0,0,0,DoS-UDP
80,6,20,1200,20,0,0,0,DoS-SYN-Flood
0,1,20,1200,0,0,0,0,DoS-ICMP
0,1,20,1200,0,0,0,0,DoS-ICMP
80,6,20,1200,20,0,0,0,DoS-SYN-Flood
23787,6,7,406,7,7,0,0,SSH-Bruteforce
39124,6,4,240,4,0,0,0,PortScan
0,1,20,840,0,0,0,0,DoS-ICMP
80,6,20,1200,20,0,0,0,DoS-SYN-Flood
80,17,20,1200,0,0,0,0,DoS-UDP
80,17,20,1200,0,0,0,0,DoS-UDP
19015,6,6,348,6,6,0,0,SSH-Bruteforce
0,1,20,1200,0,0,0,0,DoS-ICMP
80,6,20,1480,20,0,0,0,DoS-HTTP
53308,6,20,28960,0,20,0,0,BENIGN
80,17,20,1200,0,0,0,0,DoS-UDP
11095,6,6,360,6,0,0,0,PortScan
0,1,20,840,0,0,0,0,DoS-ICMP
80,6,20,1480,20,0,0,0,DoS-HTTP
45424,6,20,15273,0,20,0,0,BENIGN
80,6,20,1200,20,0,0,0,DoS-SYN-Flood
0,1,20,1200,0,0,0,0,DoS-ICMP
80,17,20,1200,0,0,0,0,DoS-UDP
55968,6,2,120,2,0,0,0,PortScan
48133,6,4,240,4,0,0,0,PortScan
80,6,20,1480,20,0,0,0,DoS-HTTP
80,6,20,1480,20,0,0,0,DoS-HTTP
0,1,20,840,0,0,0,0,DoS-ICMP
80,6,20,1200,20,0,0,0,DoS-SYN-Flood
47165,6,7,406,7,7,0,0,SSH-Bruteforce
80,6,20,1480,20,0,0,0,DoS-HTTP
2061,6,6,360,6,0,0,0,PortScan
80,6,20,1200,20,0,0,0,DoS-SYN-Flood
80,6,20,1200,20,0,0,0,DoS-SYN-Flood
0,1,20,840,0,0,0,0,DoS-ICMP
80,6,20,1200,20,0,0,0,DoS-SYN-Flood
80,17,20,1200,0,0,0,0,DoS-UDP
80,6,20,1200,20,0,0,0,DoS-SYN-Flood
80,17,20,1200,0,0,0,0,DoS-UDP
0,1,20,840,0,0,0,0,DoS-ICMP
22,6,20,1200,0,0,20,0,SSH-Bruteforce
80,6,20,1480,20,0,0,0,DoS-HTTP
22,6,20,1200,0,0,20,0,SSH-Bruteforce
28559,6,9,522,9,9,0,0,SSH-Bruteforce
80,17,20,1200,0,0,0,0,DoS-UDP
0,1,20,1200,0,0,0,0,DoS-ICMP
80,6,20,1480,20,0,0,0,DoS-HTTP
50639,6,6,348,6,6,0,0,SSH-Bruteforce
36520,17,20,27980,0,0,0,0,BENIGN
80,6,20,1480,20,0,0,0,DoS-HTTP
80,6,20,1480,20,0,0,0,DoS-HTTP
20365,6,5,290,5,5,0,0,SSH-Bruteforce
0,1,20,1200,0,0,0,0,DoS-ICMP
59505,6,4,240,4,0,0,0,PortScan
80,6,20,1480,20,0,0,0,DoS-HTTP
80,17,20,1200,0,0,0,0,DoS-UDP
80,17,20,1200,0,0,0,0,DoS-UDP
80,6,20,1480,20,0,0,0,DoS-HTTP
0,1,20,1200,0,0,0,0,DoS-ICMP
53272,6,20,29301,0,20,0,0,BENIGN
36520,17,20,27980,0,0,0,0,BENIGN
10264,6,9,522,9,9,0,0,SSH-Bruteforce
80,17,20,1200,0,0,0,0,DoS-UDP
20777,6,7,406,7,7,0,0,SSH-Bruteforce
80,6,20,1480,20,0,0,0,DoS-HTTP
80,6,20,1480,20,0,0,0,DoS-HTTP
80,17,20,1200,0,0,0,0,DoS-UDP
80,6,20,1480,20,0,0,0,DoS-HTTP
80,6,20,1480,20,0,0,0,DoS-HTTP
80,17,20,1200,0,0,0,0,DoS-UDP
22,6,20,1200,17,0,3,0,SSH-Bruteforce
0,1,20,840,0,0,0,0,DoS-ICMP
80,6,20,1200,20,0,0,0,DoS-SYN-Flood
0,1,20,840,0,0,0,0,DoS-ICMP
80,6,20,1480,20,0,0,0,DoS-HTTP
80,6,20,1200,20,0,0,0,DoS-SYN-Flood
45634,6,4,240,4,0,0,0,PortScan
80,17,20,1200,0,0,0,0,DoS-UDP
0,1,20,1200,0,0,0,0,DoS-ICMP
80,6,20,1200,20,0,0,0,DoS-SYN-Flood
80,6,20,1200,20,0,0,0,DoS-SYN-Flood
1832,6,2,116,2,2,0,0,SSH-Bruteforce
80,6,20,1200,20,0,0,0,DoS-SYN-Flood
80,6,20,1200,20,0,0,0,DoS-SYN-Flood
43992,17,20,27980,0,0,0,0,BENIGN
43808,6,2,120,2,0,0,0,PortScan
80,17,20,1200,0,0,0,0,DoS-UDP
48485,6,5,290,5,5,0,0,SSH-Bruteforce
61719,6,5,290,5,5,0,0,SSH-Bruteforce
0,1,20,840,0,0,0,0,DoS-ICMP
22,6,20,1200,7,0,13,0,SSH-Bruteforce
41450,6,13,754,13,13,0,0,SSH-Bruteforce
24332,6,2,120,2,0,0,0,PortScan
22,6,20,1200,20,0,0,0,SSH-Bruteforce
45404,6,7,406,7,7,0,0,SSH-Bruteforce
80,6,20,1480,20,0,0,0,DoS-HTTP
80,6,20,1200,20,0,0,0,DoS-SYN-Flood
29963,6,2,120,2,0,0,0,PortScan
80,17,20,1200,0,0,0,0,DoS-UDP
45447,17,20,27980,0,0,0,0,BENIGN
36520,17,20,27980,0,0,0,0,BENIGN
35643,6,11,638,11,11,0,0,SSH-Bruteforce
0,1,20,840,0,0,0,0,DoS-ICMP
31518,6,4,240,4,0,0,0,PortScan
80,17,20,1200,0,0,0,0,DoS-UDP
80,6,20,1480,20,0,0,0,DoS-HTTP
80,6,20,1200,20,0,0,0,DoS-SYN-Flood
0,1,20,1200,0,0,0,0,DoS-ICMP
23128,6,4,240,4,0,0,0,PortScan
80,6,20,1200,20,0,0,0,DoS-SYN-Flood
53614,6,2,120,2,0,0,0,PortScan
80,6,20,1480,20,0,0,0,DoS-HTTP
80,6,20,1480,20,0,0,0,DoS-HTTP
80,17,20,1200,0,0,0,0,DoS-UDP
0,1,20,1200,0,0,0,0,DoS-ICMP
80,6,20,1480,20,0,0,0,DoS-HTTP
63921,6,4,240,4,0,0,0,PortScan
80,6,20,1200,20,0,0,0,DoS-SYN-Flood
80,6,20,1200,20,0,0,0,DoS-SYN-Flood
0,1,20,1200,0,0,0,0,DoS-ICMP
80,6,20,1480,20,0,0,0,DoS-HTTP
33742,6,2,120,2,0,0,0,PortScan
80,17,20,1200,0,0,0,0,DoS-UDP
2490,6,4,240,4,0,0,0,PortScan
60394,17,20,27980,0,0,0,0,BENIGN
80,6,20,1200,20,0,0,0,DoS-SYN-Flood
80,17,20,1200,0,0,0,0,DoS-UDP
80,6,20,1480,20,0,0,0,DoS-HTTP
26637,6,4,240,4,0,0,0,PortScan
22952,6,7,406,7,7,0,0,SSH-Bruteforce
17879,6,8,464,8,8,0,0,SSH-Bruteforce
80,6,20,1480,20,0,0,0,DoS-HTTP
80,17,20,1200,0,0,0,0,DoS-UDP
80,6,20,1200,20,0,0,0,DoS-SYN-Flood
80,17,20,1200,0,0,0,0,DoS-UDP
18980,6,4,240,4,0,0,0,PortScan
48523,6,7,406,7,7,0,0,SSH-Bruteforce
39463,6,8,464,8,8,0,0,SSH-Bruteforce
80,6,20,1200,20,0,0,0,DoS-SYN-Flood
39816,6,7,406,7,7,0,0,SSH-Bruteforce
13205,6,4,240,4,0,0,0,PortScan
53477,6,5,290,5,5,0,0,SSH-Bruteforce
80,17,20,1200,0,0,0,0,DoS-UDP
80,6,20,1480,20,0,0,0,DoS-HTTP
443,17,7,2100,0,0,0,0,BENIGN
57257,6,7,406,7,7,0,0,SSH-Bruteforce
21620,6,2,120,2,0,0,0,PortScan
22,6,20,1200,20,0,0,0,SSH-Bruteforce
48691,6,4,240,4,0,0,0,PortScan
22,6,20,1200,20,0,0,0,SSH-Bruteforce
23074,6,12,696,12,12,0,0,SSH-Bruteforce
0,1,20,840,0,0,0,0,DoS-ICMP
35430,6,2,120,2,0,0,0,PortScan
80,17,20,1200,0,0,0,0,DoS-UDP
8895,6,8,464,8,8,0,0,SSH-Bruteforce
63172,6,6,348,6,6,0,0,SSH-Bruteforce
80,6,20,1200,20,0,0,0,DoS-SYN-Flood
44216,6,18,5830,1,18,0,1,BENIGN
80,6,20,1200,20,0,0,0,DoS-SYN-Flood
80,6,20,1480,20,0,0,0,DoS-HTTP
41154,6,2,120,2,0,0,0,PortScan
80,6,20,1200,20,0,0,0,DoS-SYN-Flood
80,6,20,1200,20,0,0,0,DoS-SYN-Flood
0,1,20,1200,0,0,0,0,DoS-ICMP
59646,6,20,30280,0,20,0,0,BENIGN
0,1,20,840,0,0,0,0,DoS-ICMP
14425,6,6,360,6,0,0,0,PortScan
80,6,20,1480,20,0,0,0,DoS-HTTP
18216,6,6,348,6,6,0,0,SSH-Bruteforce
11410,6,5,290,5,5,0,0,SSH-Bruteforce
0,1,20,840,0,0,0,0,DoS-ICMP
62674,6,2,120,2,0,0,0,PortScan
80,6,20,1200,20,0,0,0,DoS-SYN-Flood
33370,6,4,240,4,0,0,0,PortScan
80,17,20,1200,0,0,0,0,DoS-UDP
80,17,20,1200,0,0,0,0,DoS-UDP
80,6,20,1200,20,0,0,0,DoS-SYN-Flood
38582,6,2,120,2,0,0,0,PortScan
36520,17,20,27980,0,0,0,0,BENIGN
0,1,20,1200,0,0,0,0,DoS-ICMP
29008,6,6,348,6,6,0,0,SSH-Bruteforce
80,6,20,1200,20,0,0,0,DoS-SYN-Flood
80,6,20,1480,20,0,0,0,DoS-HTTP
0,1,20,1200,0,0,0,0,DoS-ICMP
80,17,20,1200,0,0,0,0,DoS-UDP
80,17,20,1200,0,0,0,0,DoS-UDP
55094,6,2,120,2,0,0,0,PortScan
80,6,20,1200,20,0,0,0,DoS-SYN-Flood
16180,6,10,580,10,10,0,0,SSH-Bruteforce
80,6,20,1480,20,0,0,0,DoS-HTTP
22,6,20,1200,1,0,19,0,SSH-Bruteforce
80,6,20,1200,20,0,0,0,DoS-SYN-Flood
80,6,20,1200,20,0,0,0,DoS-SYN-Flood
37296,6,13,754,13,13,0,0,SSH-Bruteforce
13648,6,4,240,4,0,0,0,PortScan
80,17,20,1200,0,0,0,0,DoS-UDP
80,6,20,1480,20,0,0,0,DoS-HTTP
22,6,20,1200,0,0,20,0,SSH-Bruteforce
59186,6,9,522,9,9,0,0,SSH-Bruteforce
64700,6,6,348,6,6,0,0,SSH-Bruteforce
80,6,20,1200,20,0,0,0,DoS-SYN-Flood
80,17,20,1200,0,0,0,0,DoS-UDP
47834,6,2,120,2,0,0,0,PortScan
22,6,20,1200,20,0,0,0,SSH-Bruteforce
18328,6,2,120,2,0,0,0,PortScan
57993,6,4,240,4,0,0,0,PortScan
36520,17,20,26658,0,0,0,0,BENIGN
80,17,20,1200,0,0,0,0,DoS-UDP
80,6,20,1200,20,0,0,0,DoS-SYN-Flood
0,1,20,1200,0,0,0,0,DoS-ICMP
0,1,20,840,0,0,0,0,DoS-ICMP
23897,6,2,120,2,0,0,0,PortScan
80,17,20,1200,0,0,0,0,DoS-UDP
80,6,20,1200,20,0,0,0,DoS-SYN-Flood
48251,6,1,58,1,1,0,0,PortScan
80,6,20,1480,20,0,0,0,DoS-HTTP
80,6,20,1200,20,0,0,0,DoS-SYN-Flood
22976,6,2,120,2,0,0,0,PortScan
17903,6,2,120,2,0,0,0,PortScan
80,6,20,1200,20,0,0,0,DoS-SYN-Flood
54746,6,20,16596,1,20,0,0,BENIGN
80,17,20,1200,0,0,0,0,DoS-UDP
80,6,20,1480,20,0,0,0,DoS-HTTP
22,6,20,1200,20,0,0,0,SSH-Bruteforce
0,1,20,1200,0,0,0,0,DoS-ICMP
44604,6,2,120,2,0,0,0,PortScan
35717,6,5,290,5,5,0,0,SSH-Bruteforce
35167,6,4,240,4,0,0,0,PortScan
80,6,20,1200,20,0,0,0,DoS-SYN-Flood
9879,6,6,360,6,0,0,0,PortScan
0,1,20,1200,0,0,0,0,DoS-ICMP
80,6,20,1480,20,0,0,0,DoS-HTTP
14578,6,8,464,8,8,0,0,SSH-Bruteforce
13611,6,4,240,4,0,0,0,PortScan
28537,6,9,522,9,9,0,0,SSH-Bruteforce
0,1,20,840,0,0,0,0,DoS-ICMP
80,17,20,1200,0,0,0,0,DoS-UDP
5471,6,4,240,4,0,0,0,PortScan
445,6,20,1200,10,0,10,0,PortScan
80,17,20,1200,0,0,0,0,DoS-UDP
80,6,20,1480,20,0,0,0,DoS-HTTP
0,1,20,1200,0,0,0,0,DoS-ICMP
17771,6,2,120,2,0,0,0,PortScan
80,6,20,1200,20,0,0,0,DoS-SYN-Flood
80,6,20,1480,20,0,0,0,DoS-HTTP
80,6,20,1480,20,0,0,0,DoS-HTTP
22,6,20,1200,0,0,20,0,SSH-Bruteforce
0,1,20,1200,0,0,0,0,DoS-ICMP
0,1,20,1200,0,0,0,0,DoS-ICMP
24634,6,2,120,2,0,0,0,PortScan
43586,6,2,120,2,0,0,0,PortScan
0,1,20,1200,0,0,0,0,DoS-ICMP
80,17,20,1200,0,0,0,0,DoS-UDP
0,1,20,840,0,0,0,0,DoS-ICMP
0,1,20,840,0,0,0,0,DoS-ICMP
80,6,20,1200,20,0,0,0,DoS-SYN-Flood
80,17,20,1200,0,0,0,0,DoS-UDP
80,6,20,1480,20,0,0,0,DoS-HTTP
65209,6,7,406,7,7,0,0,SSH-Bruteforce
39434,6,4,240,4,0,0,0,PortScan
80,6,20,1480,20,0,0,0,DoS-HTTP
58502,6,6,348,6,6,0,0,SSH-Bruteforce
80,6,20,1480,20,0,0,0,DoS-HTTP
80,6,20,1480,20,0,0,0,DoS-HTTP
80,6,20,1480,20,0,0,0,DoS-HTTP
49716,6,2,120,2,0,0,0,PortScan
80,6,20,1200,20,0,0,0,DoS-SYN-Flood
80,6,20,1480,20,0,0,0,DoS-HTTP
59458,6,4,240,4,0,0,0,PortScan
11292,6,4,240,4,0,0,0,PortScan
47822,6,20,28780,0,20,0,0,BENIGN
7024,6,6,360,6,0,0,0,PortScan
80,17,20,1200,0,0,0,0,DoS-UDP
34273,6,4,240,4,0,0,0,PortScan
443,6,20,14123,0,20,0,0,BENIGN
80,6,20,1480,20,0,0,0,DoS-HTTP
57139,6,8,464,8,8,0,0,SSH-Bruteforce
0,1,20,840,0,0,0,0,DoS-ICMP
80,17,20,1200,0,0,0,0,DoS-UDP
0,1,20,840,0,0,0,0,DoS-ICMP
80,17,20,1200,0,0,0,0,DoS-UDP
31568,6,2,120,2,0,0,0,PortScan
80,17,20,1200,0,0,0,0,DoS-UDP
48515,6,7,406,7,7,0,0,SSH-Bruteforce
12015,6,7,406,7,7,0,0,SSH-Bruteforce
80,17,20,1200,0,0,0,0,DoS-UDP
80,17,20,1200,0,0,0,0,DoS-UDP
24240,6,9,522,9,9,0,0,SSH-Bruteforce
43466,6,2,120,2,0,0,0,PortScan
80,6,20,1480,20,0,0,0,DoS-HTTP
80,6,20,1200,20,0,0,0,DoS-SYN-Flood
80,6,20,1200,20,0,0,0,DoS-SYN-Flood
80,17,20,1200,0,0,0,0,DoS-UDP
80,6,20,1480,20,0,0,0,DoS-HTTP
80,17,20,1200,0,0,0,0,DoS-UDP
80,6,20,1200,20,0,0,0,DoS-SYN-Flood
0,1,20,1200,0,0,0,0,DoS-ICMP
0,1,20,840,0,0,0,0,DoS-ICMP
8997,6,6,360,6,0,0,0,PortScan
0,1,20,1200,0,0,0,0,DoS-ICMP
80,6,20,1480,20,0,0,0,DoS-HTTP
37793,6,2,120,2,0,0,0,PortScan
0,1,20,840,0,0,0,0,DoS-ICMP
22193,6,7,406,7,7,0,0,SSH-Bruteforce
58041,6,2,120,2,0,0,0,PortScan
0,1,20,840,0,0,0,0,DoS-ICMP
35243,6,2,120,2,0,0,0,PortScan
2623,6,7,406,7,7,0,0,SSH-Bruteforce
0,1,20,1200,0,0,0,0,DoS-ICMP
45986,6,2,120,2,0,0,0,PortScan
39344,6,10,580,10,10,0,0,SSH-Bruteforce
57614,6,9,522,9,9,0,0,SSH-Bruteforce
80,17,20,1200,0,0,0,0,DoS-UDP
80,6,20,1480,20,0,0,0,DoS-HTTP
0,1,20,1200,0,0,0,0,DoS-ICMP
45616,6,8,464,8,8,0,0,SSH-Bruteforce
80,6,20,1200,20,0,0,0,DoS-SYN-Flood
80,6,20,1480,20,0,0,0,DoS-HTTP
51509,6,2,120,2,0,0,0,PortScan
12567,6,4,240,4,0,0,0,PortScan
42858,6,2,120,2,0,0,0,PortScan
51965,6,2,120,2,0,0,0,PortScan
80,17,20,1200,0,0,0,0,DoS-UDP
44132,6,7,406,7,7,0,0,SSH-Bruteforce
80,6,20,1200,20,0,0,0,DoS-SYN-Flood
0,1,20,1200,0,0,0,0,DoS-ICMP
22,6,20,1200,0,0,20,0,SSH-Bruteforce
0,1,20,840,0,0,0,0,DoS-ICMP
80,17,20,1200,0,0,0,0,DoS-UDP
80,6,20,1480,20,0,0,0,DoS-HTTP
0,1,20,1200,0,0,0,0,DoS-ICMP
80,17,20,1200,0,0,0,0,DoS-UDP
38852,6,7,406,7,7,0,0,SSH-Bruteforce
45992,6,2,120,2,0,0,0,PortScan
32835,6,6,348,6,6,0,0,SSH-Bruteforce
80,17,20,1200,0,0,0,0,DoS-UDP
80,6,20,1200,20,0,0,0,DoS-SYN-Flood
80,6,20,1480,20,0,0,0,DoS-HTTP
80,6,20,1200,20,0,0,0,DoS-SYN-Flood
0,1,20,1200,0,0,0,0,DoS-ICMP
53272,6,20,30280,0,20,0,0,BENIGN
80,17,20,1200,0,0,0,0,DoS-UDP
58894,6,2,120,2,0,0,0,PortScan
15987,6,2,120,2,0,0,0,PortScan
80,6,20,1200,20,0,0,0,DoS-SYN-Flood
33152,6,4,240,4,0,0,0,PortScan
80,6,20,1480,20,0,0,0,DoS-HTTP
80,6,20,1480,20,0,0,0,DoS-HTTP
80,6,20,1200,20,0,0,0,DoS-SYN-Flood
35598,6,11,638,11,11,0,0,SSH-Bruteforce
80,17,20,1200,0,0,0,0,DoS-UDP
80,6,20,1200,20,0,0,0,DoS-SYN-Flood
80,17,20,1200,0,0,0,0,DoS-UDP
80,6,20,1200,20,0,0,0,DoS-SYN-Flood
57090,6,2,120,2,0,0,0,PortScan
4135,6,4,240,4,0,0,0,PortScan
80,6,20,1200,20,0,0,0,DoS-SYN-Flood
56716,6,1,54,0,1,1,0,BENIGN
80,6,20,1200,20,0,0,0,DoS-SYN-Flood
80,6,20,1480,20,0,0,0,DoS-HTTP
80,6,20,1480,20,0,0,0,DoS-HTTP
80,6,20,1480,20,0,0,0,DoS-HTTP
60886,6,20,28900,0,20,0,0,BENIGN
0,1,20,840,0,0,0,0,DoS-ICMP
0,1,20,840,0,0,0,0,DoS-ICMP
80,6,20,1200,20,0,0,0,DoS-SYN-Flood
80,6,20,1480,20,0,0,0,DoS-HTTP
7850,6,5,290,5,5,0,0,SSH-Bruteforce
47774,17,20,25919,0,0,0,0,BENIGN
80,6,20,1200,20,0,0,0,DoS-SYN-Flood
65249,6,5,290,5,5,0,0,SSH-Bruteforce
31535,6,8,464,8,8,0,0,SSH-Bruteforce
0,1,20,840,0,0,0,0,DoS-ICMP
80,6,20,1480,20,0,0,0,DoS-HTTP
1421,6,4,240,4,0,0,0,PortScan
80,17,20,1200,0,0,0,0,DoS-UDP
80,17,20,1200,0,0,0,0,DoS-UDP
0,1,20,840,0,0,0,0,DoS-ICMP
80,6,20,1480,20,0,0,0,DoS-HTTP
33240,6,20,29140,0,20,0,0,BENIGN
80,17,20,1200,0,0,0,0,DoS-UDP
32392,6,2,120,2,0,0,0,PortScan
0,1,20,840,0,0,0,0,DoS-ICMP
0,1,20,1200,0,0,0,0,DoS-ICMP
80,17,20,1200,0,0,0,0,DoS-UDP
80,17,20,1200,0,0,0,0,DoS-UDP
80,6,20,1200,20,0,0,0,DoS-SYN-Flood
0,1,20,840,0,0,0,0,DoS-ICMP
2987,6,7,406,7,7,0,0,SSH-Bruteforce
80,6,20,1200,20,0,0,0,DoS-SYN-Flood
80,17,20,1200,0,0,0,0,DoS-UDP
80,6,20,1200,20,0,0,0,DoS-SYN-Flood
80,6,20,1200,20,0,0,0,DoS-SYN-Flood
31148,6,2,120,2,0,0,0,PortScan
80,6,20,1200,20,0,0,0,DoS-SYN-Flood
80,6,20,1200,20,0,0,0,DoS-SYN-Flood
41308,17,20,20083,0,0,0,0,BENIGN
80,17,20,1200,0,0,0,0,DoS-UDP
80,6,20,1200,20,0,0,0,DoS-SYN-Flood
0,1,20,1200,0,0,0,0,DoS-ICMP
59678,6,5,290,5,5,0,0,SSH-Bruteforce
15893,6,7,406,7,7,0,0,SSH-Bruteforce
17833,6,6,348,6,6,0,0,SSH-Bruteforce
80,6,20,1200,20,0,0,0,DoS-SYN-Flood
80,6,20,1200,20,0,0,0,DoS-SYN-Flood
10241,6,4,240,4,0,0,0,PortScan
0,1,20,1200,0,0,0,0,DoS-ICMP
22,6,20,1200,20,0,0,0,SSH-Bruteforce
80,6,20,1200,20,0,0,0,DoS-SYN-Flood
0,1,20,840,0,0,0,0,DoS-ICMP
33240,6,20,29320,0,20,0,0,BENIGN
80,6,20,1480,20,0,0,0,DoS-HTTP
80,6,20,1480,20,0,0,0,DoS-HTTP
185,6,8,464,8,8,0,0,SSH-Bruteforce
49943,6,9,522,9,9,0,0,SSH-Bruteforce
17707,6,4,232,4,4,0,0,SSH-Bruteforce
80,6,20,1200,20,0,0,0,DoS-SYN-Flood
80,6,20,1480,20,0,0,0,DoS-HTTP
12072,6,4,240,4,0,0,0,PortScan
24873,6,2,120,2,0,0,0,PortScan
80,6,20,1480,20,0,0,0,DoS-HTTP
80,17,20,1200,0,0,0,0,DoS-UDP
80,6,20,1480,20,0,0,0,DoS-HTTP
80,6,20,1480,20,0,0,0,DoS-HTTP
80,17,20,1200,0,0,0,0,DoS-UDP
63615,6,2,120,2,0,0,0,PortScan
0,1,20,840,0,0,0,0,DoS-ICMP
80,6,20,1480,20,0,0,0,DoS-HTTP
80,17,20,1200,0,0,0,0,DoS-UDP
0,1,20,1200,0,0,0,0,DoS-ICMP
0,1,20,840,0,0,0,0,DoS-ICMP
80,17,20,1200,0,0,0,0,DoS-UDP
30053,6,7,406,7,7,0,0,SSH-Bruteforce
80,6,20,1200,20,0,0,0,DoS-SYN-Flood
80,17,20,1200,0,0,0,0,DoS-UDP
21193,6,8,464,8,8,0,0,SSH-Bruteforce
80,6,20,1480,20,0,0,0,DoS-HTTP
80,6,20,1200,20,0,0,0,DoS-SYN-Flood
22,6,20,1200,11,0,9,0,SSH-Bruteforce
22,6,20,1200,0,0,20,0,SSH-Bruteforce
33240,6,20,29140,0,20,0,0,BENIGN
80,6,20,1480,20,0,0,0,DoS-HTTP
80,6,20,1200,20,0,0,0,DoS-SYN-Flood
0,1,20,840,0,0,0,0,DoS-ICMP
34981,6,8,464,8,8,0,0,SSH-Bruteforce
10143,6,7,406,7,7,0,0,SSH-Bruteforce
8759,6,8,464,8,8,0,0,SSH-Bruteforce
10142,6,6,360,6,0,0,0,PortScan
80,17,20,1200,0,0,0,0,DoS-UDP
53258,6,20,28582,0,20,0,0,BENIGN
51613,6,4,232,4,4,0,0,SSH-Bruteforce
80,17,20,1200,0,0,0,0,DoS-UDP
36520,17,20,27980,0,0,0,0,BENIGN
22,6,20,1200,0,0,20,0,SSH-Bruteforce
80,17,20,1200,0,0,0,0,DoS-UDP
80,17,20,1200,0,0,0,0,DoS-UDP
0,1,20,840,0,0,0,0,DoS-ICMP
80,17,20,1200,0,0,0,0,DoS-UDP
22,6,20,1200,18,0,2,0,SSH-Bruteforce
0,1,20,840,0,0,0,0,DoS-ICMP
0,1,20,840,0,0,0,0,DoS-ICMP
0,1,20,840,0,0,0,0,DoS-ICMP
22,6,20,1200,0,0,20,0,SSH-Bruteforce
80,6,20,1480,20,0,0,0,DoS-HTTP
0,1,20,840,0,0,0,0,DoS-ICMP
46277,6,2,120,2,0,0,0,PortScan
80,17,20,1200,0,0,0,0,DoS-UDP
11490,6,4,240,4,0,0,0,PortScan
80,17,20,1200,0,0,0,0,DoS-UDP
50139,6,4,240,4,0,0,0,PortScan
443,17,20,16622,0,0,0,0,BENIGN
0,1,20,1200,0,0,0,0,DoS-ICMP
0,1,20,840,0,0,0,0,DoS-ICMP
0,1,20,1200,0,0,0,0,DoS-ICMP
9499,6,4,240,4,0,0,0,PortScan
80,6,20,1480,20,0,0,0,DoS-HTTP
16056,6,8,464,8,8,0,0,SSH-Bruteforce
80,6,20,1480,20,0,0,0,DoS-HTTP
80,6,20,1480,20,0,0,0,DoS-HTTP
0,1,20,1200,0,0,0,0,DoS-ICMP
22337,6,9,522,9,9,0,0,SSH-Bruteforce
56413,6,12,696,12,12,0,0,SSH-Bruteforce
80,17,20,1200,0,0,0,0,DoS-UDP
80,6,20,1200,20,0,0,0,DoS-SYN-Flood
80,17,20,1200,0,0,0,0,DoS-UDP
80,6,20,1200,20,0,0,0,DoS-SYN-Flood
80,6,20,1480,20,0,0,0,DoS-HTTP
41478,6,2,120,2,0,0,0,PortScan
14117,6,7,406,7,7,0,0,SSH-Bruteforce
80,6,20,1480,20,0,0,0,DoS-HTTP
80,6,20,1480,20,0,0,0,DoS-HTTP
0,1,20,1200,0,0,0,0,DoS-ICMP
22,6,20,1200,20,0,0,0,SSH-Bruteforce
0,1,20,840,0,0,0,0,DoS-ICMP
61068,6,5,290,5,5,0,0,SSH-Bruteforce
22,6,20,1200,20,0,0,0,SSH-Bruteforce
36520,17,20,27980,0,0,0,0,BENIGN
80,6,20,1200,20,0,0,0,DoS-SYN-Flood
0,1,20,1200,0,0,0,0,DoS-ICMP
5898,6,4,240,4,0,0,0,PortScan
80,6,20,1480,20,0,0,0,DoS-HTTP
60886,6,20,29080,0,20,0,0,BENIGN
0,1,20,840,0,0,0,0,DoS-ICMP
12092,6,8,464,8,8,0,0,SSH-Bruteforce
80,17,20,1200,0,0,0,0,DoS-UDP
80,17,20,1200,0,0,0,0,DoS-UDP
80,6,20,1200,20,0,0,0,DoS-SYN-Flood
80,17,20,1200,0,0,0,0,DoS-UDP
14665,6,9,522,9,9,0,0,SSH-Bruteforce
80,6,20,1480,20,0,0,0,DoS-HTTP
80,6,20,1200,20,0,0,0,DoS-SYN-Flood
0,1,20,840,0,0,0,0,DoS-ICMP
0,1,20,840,0,0,0,0,DoS-ICMP
80,6,20,1480,20,0,0,0,DoS-HTTP
80,6,20,1200,20,0,0,0,DoS-SYN-Flood
0,1,20,840,0,0,0,0,DoS-ICMP
80,6,20,1480,20,0,0,0,DoS-HTTP
0,1,20,840,0,0,0,0,DoS-ICMP
0,1,20,1200,0,0,0,0,DoS-ICMP
80,6,20,1480,20,0,0,0,DoS-HTTP
47517,6,5,290,5,5,0,0,SSH-Bruteforce
6321,6,4,240,4,0,0,0,PortScan
80,6,20,1480,20,0,0,0,DoS-HTTP
80,6,20,1200,20,0,0,0,DoS-SYN-Flood
80,6,20,1200,20,0,0,0,DoS-SYN-Flood
0,1,20,1200,0,0,0,0,DoS-ICMP
13268,6,4,240,4,0,0,0,PortScan
80,17,20,1200,0,0,0,0,DoS-UDP
20125,6,6,348,6,6,0,0,SSH-Bruteforce
80,17,20,1200,0,0,0,0,DoS-UDP
80,6,20,1200,20,0,0,0,DoS-SYN-Flood
80,6,20,1200,20,0,0,0,DoS-SYN-Flood
22,6,20,1200,0,0,20,0,SSH-Bruteforce
57676,6,2,120,2,0,0,0,PortScan
80,6,20,1480,20,0,0,0,DoS-HTTP
17906,6,2,120,2,0,0,0,PortScan
48806,17,20,27980,0,0,0,0,BENIGN
80,6,20,1480,20,0,0,0,DoS-HTTP
30755,6,7,406,7,7,0,0,SSH-Bruteforce
18139,6,2,120,2,0,0,0,PortScan
80,17,20,1200,0,0,0,0,DoS-UDP
22,6,20,1200,20,0,0,0,SSH-Bruteforce
80,6,20,1480,20,0,0,0,DoS-HTTP
80,6,20,1480,20,0,0,0,DoS-HTTP
80,6,20,1200,20,0,0,0,DoS-SYN-Flood
80,6,20,1480,20,0,0,0,DoS-HTTP
364,6,6,360,6,0,0,0,PortScan
80,17,20,1200,0,0,0,0,DoS-UDP
80,17,20,1200,0,0,0,0,DoS-UDP
51837,6,2,120,2,0,0,0,PortScan
0,1,20,840,0,0,0,0,DoS-ICMP
80,6,20,1200,20,0,0,0,DoS-SYN-Flood
80,6,20,1480,20,0,0,0,DoS-HTTP
80,6,20,1480,20,0,0,0,DoS-HTTP
25806,6,11,638,11,11,0,0,SSH-Bruteforce
80,6,20,1480,20,0,0,0,DoS-HTTP
80,17,20,1200,0,0,0,0,DoS-UDP
0,1,20,1200,0,0,0,0,DoS-ICMP
53308,6,20,29200,0,20,0,0,BENIGN
36520,17,20,27980,0,0,0,0,BENIGN
30049,6,8,464,8,8,0,0,SSH-Bruteforce
0,1,20,1200,0,0,0,0,DoS-ICMP
80,6,20,1200,20,0,0,0,DoS-SYN-Flood
0,1,20,840,0,0,0,0,DoS-ICMP
37377,6,2,120,2,0,0,0,PortScan
45383,6,7,406,7,7,0,0,SSH-Bruteforce
1792,6,6,348,6,6,0,0,SSH-Bruteforce
443,17,20,10778,0,0,0,0,BENIGN
80,6,20,1480,20,0,0,0,DoS-HTTP
0,1,20,840,0,0,0,0,DoS-ICMP
46398,17,20,27980,0,0,0,0,BENIGN
80,6,20,1480,20,0,0,0,DoS-HTTP
0,1,20,1200,0,0,0,0,DoS-ICMP
0,1,20,840,0,0,0,0,DoS-ICMP
80,6,20,1480,20,0,0,0,DoS-HTTP
80,6,20,1480,20,0,0,0,DoS-HTTP
53296,6,20,20031,1,20,0,0,BENIGN
80,6,20,1480,20,0,0,0,DoS-HTTP
80,17,20,1200,0,0,0,0,DoS-UDP
7316,6,6,360,6,0,0,0,PortScan
80,6,20,1480,20,0,0,0,DoS-HTTP
80,6,20,1200,20,0,0,0,DoS-SYN-Flood
80,6,20,1200,20,0,0,0,DoS-SYN-Flood
48895,6,4,240,4,0,0,0,PortScan
0,1,20,1200,0,0,0,0,DoS-ICMP
80,6,20,1200,20,0,0,0,DoS-SYN-Flood
34130,6,4,240,4,0,0,0,PortScan
80,17,20,1200,0,0,0,0,DoS-UDP
0,1,20,840,0,0,0,0,DoS-ICMP
60394,17,20,22952,0,0,0,0,BENIGN
80,6,20,1200,20,0,0,0,DoS-SYN-Flood
80,6,20,1480,20,0,0,0,DoS-HTTP
22,6,20,1200,0,0,20,0,SSH-Bruteforce
0,1,20,840,0,0,0,0,DoS-ICMP
80,6,20,1480,20,0,0,0,DoS-HTTP
33051,6,4,240,4,0,0,0,PortScan
80,6,20,1200,20,0,0,0,DoS-SYN-Flood
80,6,20,1200,20,0,0,0,DoS-SYN-Flood
53272,6,20,29200,0,20,0,0,BENIGN
80,6,20,1200,20,0,0,0,DoS-SYN-Flood
80,17,20,1200,0,0,0,0,DoS-UDP
0,1,20,840,0,0,0,0,DoS-ICMP
80,17,20,1200,0,0,0,0,DoS-UDP
22,6,20,1200,20,0,0,0,SSH-Bruteforce
80,6,20,1200,20,0,0,0,DoS-SYN-Flood
13897,6,9,522,9,9,0,0,SSH-Bruteforce
35854,6,20,26334,0,20,0,0,BENIGN
80,17,20,1200,0,0,0,0,DoS-UDP
80,17,20,1200,0,0,0,0,DoS-UDP
38470,6,4,240,4,0,0,0,PortScan
80,17,20,1200,0,0,0,0,DoS-UDP
80,17,20,1200,0,0,0,0,DoS-UDP
80,6,20,1480,20,0,0,0,DoS-HTTP
80,6,20,1480,20,0,0,0,DoS-HTTP
80,6,20,1200,20,0,0,0,DoS-SYN-Flood
8801,6,8,464,8,8,0,0,SSH-Bruteforce
80,6,20,1480,20,0,0,0,DoS-HTTP
0,1,20,840,0,0,0,0,DoS-ICMP
80,6,20,1480,20,0,0,0,DoS-HTTP
48329,6,8,464,8,8,0,0,SSH-Bruteforce
80,6,20,1480,20,0,0,0,DoS-HTTP
80,6,20,1200,20,0,0,0,DoS-SYN-Flood
80,6,20,1480,20,0,0,0,DoS-HTTP
1971,6,4,240,4,0,0,0,PortScan
51415,6,2,120,2,0,0,0,PortScan
13863,6,6,360,6,0,0,0,PortScan
80,6,20,1200,20,0,0,0,DoS-SYN-Flood
47345,6,6,348,6,6,0,0,SSH-Bruteforce
59007,6,2,120,2,0,0,0,PortScan
80,6,20,1200,20,0,0,0,DoS-SYN-Flood
80,17,20,1200,0,0,0,0,DoS-UDP
33240,6,20,29080,0,20,0,0,BENIGN
80,17,20,1200,0,0,0,0,DoS-UDP
0,1,20,840,0,0,0,0,DoS-ICMP
0,1,20,1200,0,0,0,0,DoS-ICMP
17913,6,2,120,2,0,0,0,PortScan
80,6,20,1200,20,0,0,0,DoS-SYN-Flood
40638,6,10,580,10,10,0,0,SSH-Bruteforce
80,6,20,1200,20,0,0,0,DoS-SYN-Flood
80,17,20,1200,0,0,0,0,DoS-UDP
31027,6,5,290,5,5,0,0,SSH-Bruteforce
22,6,20,1200,0,0,20,0,SSH-Bruteforce
0,1,20,840,0,0,0,0,DoS-ICMP
80,6,20,1480,20,0,0,0,DoS-HTTP
19093,6,8,464,8,8,0,0,SSH-Bruteforce
80,6,20,1480,20,0,0,0,DoS-HTTP
5358,6,6,348,6,6,0,0,SSH-Bruteforce
80,17,20,1200,0,0,0,0,DoS-UDP
13739,6,4,240,4,0,0,0,PortScan
0,1,20,840,0,0,0,0,DoS-ICMP
80,17,20,1200,0,0,0,0,DoS-UDP
80,6,20,1200,20,0,0,0,DoS-SYN-Flood
80,6,20,1480,20,0,0,0,DoS-HTTP
45447,17,20,27980,0,0,0,0,BENIGN
0,1,20,840,0,0,0,0,DoS-ICMP
80,6,20,1200,20,0,0,0,DoS-SYN-Flood
22,6,20,1200,19,0,1,0,SSH-Bruteforce
52740,17,2,481,0,0,0,0,BENIGN
3318,6,4,240,4,0,0,0,PortScan
80,17,20,1200,0,0,0,0,DoS-UDP
22,6,20,1200,1,0,19,0,SSH-Bruteforce
0,1,20,840,0,0,0,0,DoS-ICMP
80,6,20,1200,20,0,0,0,DoS-SYN-Flood
0,1,20,1200,0,0,0,0,DoS-ICMP
80,17,20,1200,0,0,0,0,DoS-UDP
0,1,20,840,0,0,0,0,DoS-ICMP
59601,6,4,240,4,0,0,0,PortScan
17020,6,9,522,9,9,0,0,SSH-Bruteforce
15156,6,7,406,7,7,0,0,SSH-Bruteforce
22,6,20,1200,20,0,0,0,SSH-Bruteforce
80,6,20,1480,20,0,0,0,DoS-HTTP
22,6,20,1200,4,0,16,0,SSH-Bruteforce
22,6,20,1200,5,0,15,0,SSH-Bruteforce
0,1,20,1200,0,0,0,0,DoS-ICMP
52360,6,2,120,2,0,0,0,PortScan
80,6,20,1480,20,0,0,0,DoS-HTTP
36520,17,20,27980,0,0,0,0,BENIGN
0,1,20,1200,0,0,0,0,DoS-ICMP
80,17,20,1200,0,0,0,0,DoS-UDP
1914,6,5,290,5,5,0,0,SSH-Bruteforce
80,6,20,1480,20,0,0,0,DoS-HTTP
80,6,20,1200,20,0,0,0,DoS-SYN-Flood
80,17,20,1200,0,0,0,0,DoS-UDP
0,1,20,840,0,0,0,0,DoS-ICMP
80,17,20,1200,0,0,0,0,DoS-UDP
0,1,20,1200,0,0,0,0,DoS-ICMP
0,1,20,1200,0,0,0,0,DoS-ICMP
80,6,20,1200,20,0,0,0,DoS-SYN-Flood
22,6,20,1200,20,0,0,0,SSH-Bruteforce
80,17,20,1200,0,0,0,0,DoS-UDP
80,6,20,1480,20,0,0,0,DoS-HTTP
49231,6,10,580,10,10,0,0,SSH-Bruteforce
80,17,20,1200,0,0,0,0,DoS-UDP
80,17,20,1200,0,0,0,0,DoS-UDP
80,6,20,1200,20,0,0,0,DoS-SYN-Flood
0,1,20,840,0,0,0,0,DoS-ICMP
80,6,20,1480,20,0,0,0,DoS-HTTP
20742,6,6,348,6,6,0,0,SSH-Bruteforce
80,6,20,1480,20,0,0,0,DoS-HTTP
0,1,20,840,0,0,0,0,DoS-ICMP
41548,6,4,240,4,0,0,0,PortScan
80,6,20,1200,20,0,0,0,DoS-SYN-Flood
80,6,20,1480,20,0,0,0,DoS-HTTP
80,6,20,1200,20,0,0,0,DoS-SYN-Flood
80,6,20,1200,20,0,0,0,DoS-SYN-Flood
80,6,20,1480,20,0,0,0,DoS-HTTP
21534,6,2,120,2,0,0,0,PortScan
40492,6,4,240,4,0,0,0,PortScan
0,1,20,1200,0,0,0,0,DoS-ICMP
80,6,20,1200,20,0,0,0,DoS-SYN-Flood
0,1,20,840,0,0,0,0,DoS-ICMP
80,17,20,1200,0,0,0,0,DoS-UDP
80,17,20,1200,0,0,0,0,DoS-UDP
22705,6,4,240,4,0,0,0,PortScan
0,1,20,840,0,0,0,0,DoS-ICMP
52809,6,2,120,2,0,0,0,PortScan
80,6,20,1200,20,0,0,0,DoS-SYN-Flood
80,17,20,1200,0,0,0,0,DoS-UDP
80,6,20,1200,20,0,0,0,DoS-SYN-Flood
80,6,20,1200,20,0,0,0,DoS-SYN-Flood
17734,6,8,464,8,8,0,0,SSH-Bruteforce
45349,6,4,240,4,0,0,0,PortScan
43545,6,8,464,8,8,0,0,SSH-Bruteforce
0,1,20,1200,0,0,0,0,DoS-ICMP
80,6,20,1480,20,0,0,0,DoS-HTTP
80,17,20,1200,0,0,0,0,DoS-UDP
80,17,20,1200,0,0,0,0,DoS-UDP
0,1,20,1200,0,0,0,0,DoS-ICMP
23469,6,4,240,4,0,0,0,PortScan
22,6,20,1200,20,0,0,0,SSH-Bruteforce
80,17,20,1200,0,0,0,0,DoS-UDP
80,6,20,1200,20,0,0,0,DoS-SYN-Flood
30609,6,7,406,7,7,0,0,SSH-Bruteforce
80,6,20,1480,20,0,0,0,DoS-HTTP
80,6,20,1480,20,0,0,0,DoS-HTTP
0,1,20,1200,0,0,0,0,DoS-ICMP
80,6,20,1200,20,0,0,0,DoS-SYN-Flood
80,17,20,1200,0,0,0,0,DoS-UDP
6454,6,6,360,6,0,0,0,PortScan
445,6,18,1080,9,0,9,0,PortScan
0,1,20,840,0,0,0,0,DoS-ICMP
22,6,20,1200,20,0,0,0,SSH-Bruteforce
80,17,20,1200,0,0,0,0,DoS-UDP
80,6,20,1200,20,0,0,0,DoS-SYN-Flood
80,6,20,1480,20,0,0,0,DoS-HTTP
80,17,20,1200,0,0,0,0,DoS-UDP
0,1,20,1200,0,0,0,0,DoS-ICMP
80,6,20,1480,20,0,0,0,DoS-HTTP
80,6,20,1480,20,0,0,0,DoS-HTTP
23073,6,10,580,10,10,0,0,SSH-Bruteforce
80,6,20,1200,20,0,0,0,DoS-SYN-Flood
33240,6,20,28240,0,20,0,0,BENIGN
0,1,20,840,0,0,0,0,DoS-ICMP
80,6,20,1200,20,0,0,0,DoS-SYN-Flood
80,17,20,1200,0,0,0,0,DoS-UDP
80,6,20,1480,20,0,0,0,DoS-HTTP
80,6,20,1200,20,0,0,0,DoS-SYN-Flood
0,1,20,1200,0,0,0,0,DoS-ICMP
80,17,20,1200,0,0,0,0,DoS-UDP
80,17,20,1200,0,0,0,0,DoS-UDP
36357,6,2,120,2,0,0,0,PortScan
80,6,20,1200,20,0,0,0,DoS-SYN-Flood
80,6,20,1480,20,0,0,0,DoS-HTTP
80,6,20,1480,20,0,0,0,DoS-HTTP
48806,17,20,27980,0,0,0,0,BENIGN
0,1,20,1200,0,0,0,0,DoS-ICMP
80,6,20,1480,20,0,0,0,DoS-HTTP
80,17,20,1200,0,0,0,0,DoS-UDP
22,6,20,1200,20,0,0,0,SSH-Bruteforce
56150,6,6,348,6,6,0,0,SSH-Bruteforce
26703,6,2,120,2,0,0,0,PortScan
80,17,20,1200,0,0,0,0,DoS-UDP
47328,6,4,232,4,4,0,0,SSH-Bruteforce
6431,6,4,240,4,0,0,0,PortScan
18368,6,8,464,8,8,0,0,SSH-Bruteforce
80,6,20,1200,20,0,0,0,DoS-SYN-Flood
22569,6,6,348,6,6,0,0,SSH-Bruteforce
16063,6,2,120,2,0,0,0,PortScan
80,17,20,1200,0,0,0,0,DoS-UDP
0,1,20,840,0,0,0,0,DoS-ICMP
13736,6,4,240,4,0,0,0,PortScan
80,6,20,1200,20,0,0,0,DoS-SYN-Flood
13734,6,4,240,4,0,0,0,PortScan
22,6,20,1200,1,0,19,0,SSH-Bruteforce
0,1,20,1200,0,0,0,0,DoS-ICMP
80,6,20,1480,20,0,0,0,DoS-HTTP
0,1,20,840,0,0,0,0,DoS-ICMP
0,1,20,1200,0,0,0,0,DoS-ICMP
80,6,20,1200,20,0,0,0,DoS-SYN-Flood
80,17,20,1200,0,0,0,0,DoS-UDP
80,17,20,1200,0,0,0,0,DoS-UDP
80,6,20,1200,20,0,0,0,DoS-SYN-Flood
22,6,20,1200,0,0,20,0,SSH-Bruteforce
48931,6,2,120,2,0,0,0,PortScan
80,6,20,1480,20,0,0,0,DoS-HTTP
53,17,20,1633,0,0,0,0,BENIGN
80,6,20,1480,20,0,0,0,DoS-HTTP
22,6,20,1200,10,0,10,0,SSH-Bruteforce
47094,17,20,16629,0,0,0,0,BENIGN
80,6,20,1480,20,0,0,0,DoS-HTTP
0,1,20,1200,0,0,0,0,DoS-ICMP
27587,6,4,240,4,0,0,0,PortScan
80,6,20,1200,20,0,0,0,DoS-SYN-Flood
80,6,20,1480,20,0,0,0,DoS-HTTP
0,1,20,1200,0,0,0,0,DoS-ICMP
80,17,20,1200,0,0,0,0,DoS-UDP
80,17,20,1200,0,0,0,0,DoS-UDP
80,6,20,1200,20,0,0,0,DoS-SYN-Flood
80,6,20,1480,20,0,0,0,DoS-HTTP
80,6,20,1480,20,0,0,0,DoS-HTTP
80,17,20,1200,0,0,0,0,DoS-UDP
80,17,20,1200,0,0,0,0,DoS-UDP
80,6,20,1200,20,0,0,0,DoS-SYN-Flood
51827,6,4,240,4,0,0,0,PortScan
80,6,20,1480,20,0,0,0,DoS-HTTP
80,6,20,1200,20,0,0,0,DoS-SYN-Flood
22,6,20,1200,0,0,20,0,SSH-Bruteforce
80,17,20,1200,0,0,0,0,DoS-UDP
0,1,20,1200,0,0,0,0,DoS-ICMP
24578,6,4,240,4,0,0,0,PortScan
0,1,20,1200,0,0,0,0,DoS-ICMP
0,1,20,1200,0,0,0,0,DoS-ICMP
25567,6,8,464,8,8,0,0,SSH-Bruteforce
57921,6,4,232,4,4,0,0,SSH-Bruteforce
443,6,20,1673,0,20,0,0,BENIGN
80,17,20,1200,0,0,0,0,DoS-UDP
0,1,20,840,0,0,0,0,DoS-ICMP
80,6,20,1200,20,0,0,0,DoS-SYN-Flood
80,6,20,1480,20,0,0,0,DoS-HTTP
0,1,20,840,0,0,0,0,DoS-ICMP
80,6,20,1200,20,0,0,0,DoS-SYN-Flood
80,6,20,1480,20,0,0,0,DoS-HTTP
25681,6,8,464,8,8,0,0,SSH-Bruteforce
0,1,20,840,0,0,0,0,DoS-ICMP
36520,17,20,27980,0,0,0,0,BENIGN
60886,6,20,26900,0,20,0,0,BENIGN
0,1,20,840,0,0,0,0,DoS-ICMP
0,1,20,1200,0,0,0,0,DoS-ICMP
36520,17,20,27980,0,0,0,0,BENIGN
80,6,20,1200,20,0,0,0,DoS-SYN-Flood
0,1,20,1200,0,0,0,0,DoS-ICMP
36520,17,20,27980,0,0,0,0,BENIGN
41720,6,4,240,4,0,0,0,PortScan
443,6,15,2295,1,14,0,1,BENIGN
80,17,20,1200,0,0,0,0,DoS-UDP
80,6,20,1480,20,0,0,0,DoS-HTTP
19975,6,6,348,6,6,0,0,SSH-Bruteforce
80,6,20,1200,20,0,0,0,DoS-SYN-Flood
3320,6,8,464,8,8,0,0,SSH-Bruteforce
49830,6,4,240,4,0,0,0,PortScan
21578,6,2,120,2,0,0,0,PortScan
80,6,20,1480,20,0,0,0,DoS-HTTP
22,6,20,1200,0,0,20,0,SSH-Bruteforce
36520,17,20,27980,0,0,0,0,BENIGN
47959,6,4,240,4,0,0,0,PortScan
33240,6,20,29140,0,20,0,0,BENIGN
16257,6,2,120,2,0,0,0,PortScan
0,1,20,1200,0,0,0,0,DoS-ICMP
80,6,20,1200,20,0,0,0,DoS-SYN-Flood
80,6,20,1200,20,0,0,0,DoS-SYN-Flood
10925,6,11,638,11,11,0,0,SSH-Bruteforce
80,6,20,1200,20,0,0,0,DoS-SYN-Flood
33240,6,20,28900,0,20,0,0,BENIGN
61462,6,3,174,3,3,0,0,SSH-Bruteforce
0,1,20,1200,0,0,0,0,DoS-ICMP
80,17,20,1200,0,0,0,0,DoS-UDP
0,1,20,840,0,0,0,0,DoS-ICMP
13775,6,6,360,6,0,0,0,PortScan
80,6,20,1200,20,0,0,0,DoS-SYN-Flood
19810,6,2,120,2,0,0,0,PortScan
80,6,20,1480,20,0,0,0,DoS-HTTP
52626,6,10,580,10,10,0,0,SSH-Bruteforce
0,1,20,840,0,0,0,0,DoS-ICMP
60887,17,2,348,0,0,0,0,BENIGN
80,6,20,1480,20,0,0,0,DoS-HTTP
23478,6,7,406,7,7,0,0,SSH-Bruteforce
80,6,20,1200,20,0,0,0,DoS-SYN-Flood
0,1,20,1200,0,0,0,0,DoS-ICMP
80,17,20,1200,0,0,0,0,DoS-UDP
80,6,20,1200,20,0,0,0,DoS-SYN-Flood
19166,6,10,580,10,10,0,0,SSH-Bruteforce
55139,6,2,120,2,0,0,0,PortScan
80,6,20,1480,20,0,0,0,DoS-HTTP
80,6,20,1480,20,0,0,0,DoS-HTTP
38790,6,4,240,4,0,0,0,PortScan
80,6,20,1480,20,0,0,0,DoS-HTTP
36520,17,20,27980,0,0,0,0,BENIGN
80,17,20,1200,0,0,0,0,DoS-UDP
80,6,20,1480,20,0,0,0,DoS-HTTP
22,6,20,1200,13,0,7,0,SSH-Bruteforce
36520,17,20,27980,0,0,0,0,BENIGN
80,17,20,1200,0,0,0,0,DoS-UDP
80,17,20,1200,0,0,0,0,DoS-UDP
52253,6,2,120,2,0,0,0,PortScan
0,1,20,1200,0,0,0,0,DoS-ICMP
0,1,20,840,0,0,0,0,DoS-ICMP
0,1,20,1200,0,0,0,0,DoS-ICMP
22449,6,10,580,10,10,0,0,SSH-Bruteforce
80,6,20,1480,20,0,0,0,DoS-HTTP
36520,17,20,27980,0,0,0,0,BENIGN
0,1,20,1200,0,0,0,0,DoS-ICMP
13954,6,6,348,6,6,0,0,SSH-Bruteforce
36520,17,20,27980,0,0,0,0,BENIGN
0,1,20,840,0,0,0,0,DoS-ICMP
22,6,20,1200,0,0,20,0,SSH-Bruteforce
80,17,20,1200,0,0,0,0,DoS-UDP
80,6,20,1480,20,0,0,0,DoS-HTTP
80,17,20,1200,0,0,0,0,DoS-UDP
80,6,20,1480,20,0,0,0,DoS-HTTP
33240,6,20,29320,0,20,0,0,BENIGN
80,17,20,1200,0,0,0,0,DoS-UDP
0,1,20,840,0,0,0,0,DoS-ICMP
80,6,20,1200,20,0,0,0,DoS-SYN-Flood
22,6,20,1200,0,0,20,0,SSH-Bruteforce
4586,6,4,240,4,0,0,0,PortScan
80,6,20,1200,20,0,0,0,DoS-SYN-Flood
19798,6,2,120,2,0,0,0,PortScan
21373,6,8,464,8,8,0,0,SSH-Bruteforce
0,1,20,1200,0,0,0,0,DoS-ICMP
0,1,20,1200,0,0,0,0,DoS-ICMP
32730,6,2,120,2,0,0,0,PortScan
32945,6,2,120,2,0,0,0,PortScan
80,6,20,1480,20,0,0,0,DoS-HTTP
80,6,20,1480,20,0,0,0,DoS-HTTP
6005,6,10,580,10,10,0,0,SSH-Bruteforce
80,6,20,1200,20,0,0,0,DoS-SYN-Flood
80,6,20,1480,20,0,0,0,DoS-HTTP
80,6,20,1200,20,0,0,0,DoS-SYN-Flood
46398,17,20,27980,0,0,0,0,BENIGN
22,6,20,1200,3,0,17,0,SSH-Bruteforce
80,6,20,1480,20,0,0,0,DoS-HTTP
80,6,20,1200,20,0,0,0,DoS-SYN-Flood
443,6,20,1200,0,20,0,0,BENIGN
80,6,20,1480,20,0,0,0,DoS-HTTP
80,6,20,1480,20,0,0,0,DoS-HTTP
18427,6,4,240,4,0,0,0,PortScan
0,1,20,840,0,0,0,0,DoS-ICMP
80,17,20,1200,0,0,0,0,DoS-UDP
80,6,20,1480,20,0,0,0,DoS-HTTP
80,6,20,1480,20,0,0,0,DoS-HTTP
80,17,20,1200,0,0,0,0,DoS-UDP
80,17,20,1200,0,0,0,0,DoS-UDP
0,1,20,1200,0,0,0,0,DoS-ICMP
22,6,20,1200,4,0,16,0,SSH-Bruteforce
0,1,20,1200,0,0,0,0,DoS-ICMP
0,1,20,840,0,0,0,0,DoS-ICMP
80,17,20,1200,0,0,0,0,DoS-UDP
2299,6,4,240,4,0,0,0,PortScan
80,6,20,1200,20,0,0,0,DoS-SYN-Flood
80,17,20,1200,0,0,0,0,DoS-UDP
80,17,20,1200,0,0,0,0,DoS-UDP
80,6,20,1200,20,0,0,0,DoS-SYN-Flood
0,1,20,840,0,0,0,0,DoS-ICMP
80,17,20,1200,0,0,0,0,DoS-UDP
0,1,20,1200,0,0,0,0,DoS-ICMP
443,6,20,1200,0,20,0,0,BENIGN
80,17,20,1200,0,0,0,0,DoS-UDP
13700,6,12,696,12,12,0,0,SSH-Bruteforce
0,1,20,840,0,0,0,0,DoS-ICMP
80,17,20,1200,0,0,0,0,DoS-UDP
64887,6,4,232,4,4,0,0,SSH-Bruteforce
0,1,20,1200,0,0,0,0,DoS-ICMP
80,17,20,1200,0,0,0,0,DoS-UDP
80,17,20,1200,0,0,0,0,DoS-UDP
80,6,20,1480,20,0,0,0,DoS-HTTP
29535,6,2,120,2,0,0,0,PortScan
14714,6,6,360,6,0,0,0,PortScan
22,6,20,1200,20,0,0,0,SSH-Bruteforce
80,6,20,1200,20,0,0,0,DoS-SYN-Flood
43030,6,7,406,7,7,0,0,SSH-Bruteforce
0,1,20,840,0,0,0,0,DoS-ICMP
80,6,20,1480,20,0,0,0,DoS-HTTP
0,1,20,840,0,0,0,0,DoS-ICMP
36364,6,2,120,2,0,0,0,PortScan
80,6,20,1480,20,0,0,0,DoS-HTTP
36520,17,20,27980,0,0,0,0,BENIGN
2613,6,6,348,6,6,0,0,SSH-Bruteforce
50902,6,2,120,2,0,0,0,PortScan
80,6,20,1200,20,0,0,0,DoS-SYN-Flood
80,6,20,1480,20,0,0,0,DoS-HTTP
80,17,20,1200,0,0,0,0,DoS-UDP
80,17,20,1200,0,0,0,0,DoS-UDP
48670,6,6,348,6,6,0,0,SSH-Bruteforce
51207,6,2,120,2,0,0,0,PortScan
80,6,20,1200,20,0,0,0,DoS-SYN-Flood
0,1,20,1200,0,0,0,0,DoS-ICMP
80,6,20,1200,20,0,0,0,DoS-SYN-Flood
80,17,20,1200,0,0,0,0,DoS-UDP
24818,6,2,120,2,0,0,0,PortScan
25506,6,2,120,2,0,0,0,PortScan
80,6,20,1200,20,0,0,0,DoS-SYN-Flood
32250,6,2,120,2,0,0,0,PortScan
20131,6,8,464,8,8,0,0,SSH-Bruteforce
13225,6,10,580,10,10,0,0,SSH-Bruteforce
53655,6,2,120,2,0,0,0,PortScan
80,6,20,1480,20,0,0,0,DoS-HTTP
53555,6,9,522,9,9,0,0,SSH-Bruteforce
49973,6,2,120,2,0,0,0,PortScan
34496,6,2,120,2,0,0,0,PortScan
80,6,20,1200,20,0,0,0,DoS-SYN-Flood
59646,6,20,28600,0,20,0,0,BENIGN
80,6,20,1480,20,0,0,0,DoS-HTTP
0,1,20,1200,0,0,0,0,DoS-ICMP
80,6,20,1200,20,0,0,0,DoS-SYN-Flood
80,6,20,1200,20,0,0,0,DoS-SYN-Flood
80,6,20,1200,20,0,0,0,DoS-SYN-Flood
80,6,20,1200,20,0,0,0,DoS-SYN-Flood
80,17,20,1200,0,0,0,0,DoS-UDP
33773,6,4,240,4,0,0,0,PortScan
80,6,20,1200,20,0,0,0,DoS-SYN-Flood
80,17,20,1200,0,0,0,0,DoS-UDP
80,6,20,1200,20,0,0,0,DoS-SYN-Flood
80,6,20,1200,20,0,0,0,DoS-SYN-Flood
80,6,20,1200,20,0,0,0,DoS-SYN-Flood
80,6,20,1200,20,0,0,0,DoS-SYN-Flood
80,6,20,1200,20,0,0,0,DoS-SYN-Flood
51475,6,4,240,4,0,0,0,PortScan
57343,6,2,120,2,0,0,0,PortScan
0,1,20,840,0,0,0,0,DoS-ICMP
0,1,20,1200,0,0,0,0,DoS-ICMP
80,17,20,1200,0,0,0,0,DoS-UDP
80,17,20,1200,0,0,0,0,DoS-UDP
80,17,20,1200,0,0,0,0,DoS-UDP
46398,17,20,27980,0,0,0,0,BENIGN
80,6,20,1200,20,0,0,0,DoS-SYN-Flood
43476,6,4,240,4,0,0,0,PortScan
80,6,20,1480,20,0,0,0,DoS-HTTP
54850,6,4,240,4,0,0,0,PortScan
80,6,20,1200,20,0,0,0,DoS-SYN-Flood
80,17,20,1200,0,0,0,0,DoS-UDP
38212,6,8,464,8,8,0,0,SSH-Bruteforce
0,1,20,840,0,0,0,0,DoS-ICMP
22,6,20,1200,0,0,20,0,SSH-Bruteforce
80,6,20,1200,20,0,0,0,DoS-SYN-Flood
80,17,20,1200,0,0,0,0,DoS-UDP
57413,6,7,406,7,7,0,0,SSH-Bruteforce
28534,6,2,120,2,0,0,0,PortScan
1545,6,6,360,6,0,0,0,PortScan
0,1,20,840,0,0,0,0,DoS-ICMP
62984,6,7,406,7,7,0,0,SSH-Bruteforce
80,17,20,1200,0,0,0,0,DoS-UDP
80,17,20,1200,0,0,0,0,DoS-UDP
80,17,20,1200,0,0,0,0,DoS-UDP
59765,6,2,120,2,0,0,0,PortScan
80,6,20,1480,20,0,0,0,DoS-HTTP
80,6,20,1200,20,0,0,0,DoS-SYN-Flood
80,6,20,1480,20,0,0,0,DoS-HTTP
80,6,20,1200,20,0,0,0,DoS-SYN-Flood
21302,6,7,406,7,7,0,0,SSH-Bruteforce
80,6,20,1480,20,0,0,0,DoS-HTTP
50807,6,7,406,7,7,0,0,SSH-Bruteforce
443,17,20,6607,0,0,0,0,BENIGN
27092,6,7,406,7,7,0,0,SSH-Bruteforce
80,6,20,1200,20,0,0,0,DoS-SYN-Flood
41797,6,4,240,4,0,0,0,PortScan
61046,6,5,290,5,5,0,0,SSH-Bruteforce
0,1,20,840,0,0,0,0,DoS-ICMP
26442,6,8,464,8,8,0,0,SSH-Bruteforce
0,1,20,840,0,0,0,0,DoS-ICMP
36268,17,20,27980,0,0,0,0,BENIGN
6756,6,6,348,6,6,0,0,SSH-Bruteforce
80,17,20,1200,0,0,0,0,DoS-UDP
0,1,20,1200,0,0,0,0,DoS-ICMP
33240,6,20,29200,0,20,0,0,BENIGN
6931,6,5,290,5,5,0,0,SSH-Bruteforce
0,1,20,840,0,0,0,0,DoS-ICMP
13566,6,10,580,10,10,0,0,SSH-Bruteforce
80,17,20,1200,0,0,0,0,DoS-UDP
80,17,20,1200,0,0,0,0,DoS-UDP
0,1,20,1200,0,0,0,0,DoS-ICMP
53272,6,20,28720,0,20,0,0,BENIGN
80,6,20,1480,20,0,0,0,DoS-HTTP
80,17,20,1200,0,0,0,0,DoS-UDP
59269,6,7,406,7,7,0,0,SSH-Bruteforce
0,1,20,840,0,0,0,0,DoS-ICMP
30703,6,2,120,2,0,0,0,PortScan
80,17,20,1200,0,0,0,0,DoS-UDP
80,6,20,1480,20,0,0,0,DoS-HTTP
63005,6,6,348,6,6,0,0,SSH-Bruteforce
80,6,20,1480,20,0,0,0,DoS-HTTP
80,6,20,1200,20,0,0,0,DoS-SYN-Flood
80,6,20,1200,20,0,0,0,DoS-SYN-Flood
80,6,20,1480,20,0,0,0,DoS-HTTP
0,1,20,840,0,0,0,0,DoS-ICMP
80,6,20,1480,20,0,0,0,DoS-HTTP
17741,6,2,120,2,0,0,0,PortScan
80,17,20,1200,0,0,0,0,DoS-UDP
80,6,20,1480,20,0,0,0,DoS-HTTP
80,17,20,1200,0,0,0,0,DoS-UDP
45447,17,20,27980,0,0,0,0,BENIGN
36520,17,20,27980,0,0,0,0,BENIGN
80,6,20,1480,20,0,0,0,DoS-HTTP
56831,6,8,464,8,8,0,0,SSH-Bruteforce
80,6,20,1200,20,0,0,0,DoS-SYN-Flood
80,6,20,1480,20,0,0,0,DoS-HTTP
16739,6,2,120,2,0,0,0,PortScan
80,6,20,1200,20,0,0,0,DoS-SYN-Flood
64879,6,2,120,2,0,0,0,PortScan
80,6,20,1480,20,0,0,0,DoS-HTTP
65116,6,6,348,6,6,0,0,SSH-Bruteforce
80,6,20,1480,20,0,0,0,DoS-HTTP
80,17,20,1200,0,0,0,0,DoS-UDP
22,6,20,1200,20,0,0,0,SSH-Bruteforce
80,6,20,1200,20,0,0,0,DoS-SYN-Flood
80,6,20,1480,20,0,0,0,DoS-HTTP
80,6,20,1480,20,0,0,0,DoS-HTTP
54829,17,20,27980,0,0,0,0,BENIGN
80,6,20,1480,20,0,0,0,DoS-HTTP
80,6,20,1480,20,0,0,0,DoS-HTTP
80,17,20,1200,0,0,0,0,DoS-UDP
80,17,20,1200,0,0,0,0,DoS-UDP
80,17,20,1200,0,0,0,0,DoS-UDP
0,1,20,840,0,0,0,0,DoS-ICMP
22,6,20,1200,0,0,20,0,SSH-Bruteforce
22,6,20,1200,0,0,20,0,SSH-Bruteforce
0,1,20,1200,0,0,0,0,DoS-ICMP
14565,6,10,580,10,10,0,0,SSH-Bruteforce
80,6,20,1200,20,0,0,0,DoS-SYN-Flood
80,6,20,1480,20,0,0,0,DoS-HTTP
16185,6,2,120,2,0,0,0,PortScan
80,6,20,1200,20,0,0,0,DoS-SYN-Flood
24625,6,2,120,2,0,0,0,PortScan
80,6,20,1200,20,0,0,0,DoS-SYN-Flood
443,6,20,1330,0,20,0,0,BENIGN
80,6,20,1200,20,0,0,0,DoS-SYN-Flood
0,1,20,1200,0,0,0,0,DoS-ICMP
22,6,20,1200,20,0,0,0,SSH-Bruteforce
80,17,20,1200,0,0,0,0,DoS-UDP
80,6,20,1200,20,0,0,0,DoS-SYN-Flood
36520,17,20,27980,0,0,0,0,BENIGN
0,1,20,1200,0,0,0,0,DoS-ICMP
80,6,20,1480,20,0,0,0,DoS-HTTP
31516,6,7,406,7,7,0,0,SSH-Bruteforce
39021,6,2,120,2,0,0,0,PortScan
80,6,20,1480,20,0,0,0,DoS-HTTP
60608,6,4,240,4,0,0,0,PortScan
80,6,20,1200,20,0,0,0,DoS-SYN-Flood
80,17,20,1200,0,0,0,0,DoS-UDP
36520,17,20,27980,0,0,0,0,BENIGN
17244,6,2,120,2,0,0,0,PortScan
54285,6,2,120,2,0,0,0,PortScan
17255,6,2,120,2,0,0,0,PortScan
33595,17,20,4457,0,0,0,0,BENIGN
80,6,20,1200,20,0,0,0,DoS-SYN-Flood
80,6,20,1480,20,0,0,0,DoS-HTTP
0,1,20,840,0,0,0,0,DoS-ICMP
22,6,20,1200,20,0,0,0,SSH-Bruteforce
4755,6,6,360,6,0,0,0,PortScan
327,6,8,464,8,8,0,0,SSH-Bruteforce
80,6,20,1480,20,0,0,0,DoS-HTTP
0,1,20,1200,0,0,0,0,DoS-ICMP
22,6,20,1200,20,0,0,0,SSH-Bruteforce
55565,6,2,120,2,0,0,0,PortScan
80,17,20,1200,0,0,0,0,DoS-UDP
80,17,20,1200,0,0,0,0,DoS-UDP
80,17,20,1200,0,0,0,0,DoS-UDP
80,6,20,1480,20,0,0,0,DoS-HTTP
0,1,20,1200,0,0,0,0,DoS-ICMP
54829,17,20,27980,0,0,0,0,BENIGN
80,6,20,1200,20,0,0,0,DoS-SYN-Flood
0,1,20,1200,0,0,0,0,DoS-ICMP
0,1,20,840,0,0,0,0,DoS-ICMP
80,17,20,1200,0,0,0,0,DoS-UDP
46398,17,20,27980,0,0,0,0,BENIGN
55944,6,7,406,7,7,0,0,SSH-Bruteforce
443,6,20,1200,0,20,0,0,BENIGN
22,6,20,1200,20,0,0,0,SSH-Bruteforce
80,6,20,1480,20,0,0,0,DoS-HTTP
80,6,20,1200,20,0,0,0,DoS-SYN-Flood
80,17,20,1200,0,0,0,0,DoS-UDP
80,17,20,1200,0,0,0,0,DoS-UDP
59420,6,8,464,8,8,0,0,SSH-Bruteforce
80,6,20,1200,20,0,0,0,DoS-SYN-Flood
30212,6,2,120,2,0,0,0,PortScan
80,6,20,1200,20,0,0,0,DoS-SYN-Flood
80,6,20,1480,20,0,0,0,DoS-HTTP
80,6,20,1200,20,0,0,0,DoS-SYN-Flood
36520,17,20,27980,0,0,0,0,BENIGN
14905,6,4,240,4,0,0,0,PortScan
6526,6,7,406,7,7,0,0,SSH-Bruteforce
443,6,20,6761,0,20,0,0,BENIGN
0,1,20,1200,0,0,0,0,DoS-ICMP
21317,6,2,120,2,0,0,0,PortScan
0,1,20,1200,0,0,0,0,DoS-ICMP
22,6,20,1200,18,0,2,0,SSH-Bruteforce
22,6,20,1200,0,0,20,0,SSH-Bruteforce
80,6,20,1480,20,0,0,0,DoS-HTTP
55303,6,7,406,7,7,0,0,SSH-Bruteforce
28714,6,7,406,7,7,0,0,SSH-Bruteforce
80,6,20,1200,20,0,0,0,DoS-SYN-Flood
80,17,20,1200,0,0,0,0,DoS-UDP
80,6,20,1200,20,0,0,0,DoS-SYN-Flood
0,1,20,1200,0,0,0,0,DoS-ICMP
0,1,20,1200,0,0,0,0,DoS-ICMP
80,6,20,1480,20,0,0,0,DoS-HTTP
80,17,20,1200,0,0,0,0,DoS-UDP
80,6,20,1480,20,0,0,0,DoS-HTTP
0,1,20,840,0,0,0,0,DoS-ICMP
22,6,20,1200,0,0,20,0,SSH-Bruteforce
31377,6,7,406,7,7,0,0,SSH-Bruteforce
80,6,20,1480,20,0,0,0,DoS-HTTP
80,6,20,1480,20,0,0,0,DoS-HTTP
80,6,20,1480,20,0,0,0,DoS-HTTP
80,17,20,1200,0,0,0,0,DoS-UDP
39165,6,8,464,8,8,0,0,SSH-Bruteforce
80,6,20,1480,20,0,0,0,DoS-HTTP
80,17,20,1200,0,0,0,0,DoS-UDP
80,6,20,1480,20,0,0,0,DoS-HTTP
25412,6,2,120,2,0,0,0,PortScan
0,1,20,1200,0,0,0,0,DoS-ICMP
80,6,20,1480,20,0,0,0,DoS-HTTP
0,1,20,840,0,0,0,0,DoS-ICMP
80,17,20,1200,0,0,0,0,DoS-UDP
80,6,20,1480,20,0,0,0,DoS-HTTP
62380,6,2,120,2,0,0,0,PortScan
80,6,20,1480,20,0,0,0,DoS-HTTP
22,6,20,1200,5,0,15,0,SSH-Bruteforce
80,17,20,1200,0,0,0,0,DoS-UDP
60255,6,7,406,7,7,0,0,SSH-Bruteforce
0,1,20,840,0,0,0,0,DoS-ICMP
306,6,6,360,6,0,0,0,PortScan
80,6,20,1480,20,0,0,0,DoS-HTTP
80,6,20,1200,20,0,0,0,DoS-SYN-Flood
80,6,20,1480,20,0,0,0,DoS-HTTP
0,1,20,1200,0,0,0,0,DoS-ICMP
42904,17,20,27048,0,0,0,0,BENIGN
80,6,20,1480,20,0,0,0,DoS-HTTP
80,6,20,1480,20,0,0,0,DoS-HTTP
57935,6,7,406,7,7,0,0,SSH-Bruteforce
31892,6,12,696,12,12,0,0,SSH-Bruteforce
0,1,20,840,0,0,0,0,DoS-ICMP
80,6,20,1480,20,0,0,0,DoS-HTTP
25538,6,2,120,2,0,0,0,PortScan
54829,17,20,27980,0,0,0,0,BENIGN
0,1,20,840,0,0,0,0,DoS-ICMP
59469,6,8,464,8,8,0,0,SSH-Bruteforce
80,6,20,1480,20,0,0,0,DoS-HTTP
21874,6,8,464,8,8,0,0,SSH-Bruteforce
33240,6,20,29080,0,20,0,0,BENIGN
11978,6,8,464,8,8,0,0,SSH-Bruteforce
0,1,20,840,0,0,0,0,DoS-ICMP
80,17,20,1200,0,0,0,0,DoS-UDP
80,6,20,1480,20,0,0,0,DoS-HTTP
57415,6,2,120,2,0,0,0,PortScan
80,6,20,1200,20,0,0,0,DoS-SYN-Flood
0,1,20,1200,0,0,0,0,DoS-ICMP
45658,6,7,406,7,7,0,0,SSH-Bruteforce
80,6,20,1200,20,0,0,0,DoS-SYN-Flood
60886,6,20,28960,0,20,0,0,BENIGN
80,6,20,1200,20,0,0,0,DoS-SYN-Flood
0,1,20,840,0,0,0,0,DoS-ICMP
6128,6,4,240,4,0,0,0,PortScan
40350,6,4,240,4,0,0,0,PortScan
80,6,20,1480,20,0,0,0,DoS-HTTP
0,1,20,1200,0,0,0,0,DoS-ICMP
31298,6,2,120,2,0,0,0,PortScan
21285,6,6,348,6,6,0,0,SSH-Bruteforce
57778,6,4,240,4,0,0,0,PortScan
18616,6,7,406,7,7,0,0,SSH-Bruteforce
80,6,20,1200,20,0,0,0,DoS-SYN-Flood
80,6,20,1200,20,0,0,0,DoS-SYN-Flood
0,1,20,1200,0,0,0,0,DoS-ICMP
8706,6,6,348,6,6,0,0,SSH-Bruteforce
0,1,20,1200,0,0,0,0,DoS-ICMP
22,6,20,1200,20,0,0,0,SSH-Bruteforce
35863,6,6,348,6,6,0,0,SSH-Bruteforce
51975,6,4,240,4,0,0,0,PortScan
46645,6,2,120,2,0,0,0,PortScan
80,6,20,1200,20,0,0,0,DoS-SYN-Flood
61916,6,4,232,4,4,0,0,SSH-Bruteforce
80,6,20,1480,20,0,0,0,DoS-HTTP
0,1,20,840,0,0,0,0,DoS-ICMP
80,6,20,1200,20,0,0,0,DoS-SYN-Flood
80,17,20,1200,0,0,0,0,DoS-UDP
48806,17,20,27980,0,0,0,0,BENIGN
80,6,20,1480,20,0,0,0,DoS-HTTP
21988,6,2,120,2,0,0,0,PortScan
0,1,20,840,0,0,0,0,DoS-ICMP
26788,6,2,120,2,0,0,0,PortScan
40219,6,9,522,9,9,0,0,SSH-Bruteforce
80,17,20,1200,0,0,0,0,DoS-UDP
0,1,20,840,0,0,0,0,DoS-ICMP
64230,6,2,120,2,0,0,0,PortScan
80,6,20,1480,20,0,0,0,DoS-HTTP
0,1,20,840,0,0,0,0,DoS-ICMP
1485,6,4,240,4,0,0,0,PortScan
13823,6,4,240,4,0,0,0,PortScan
80,6,20,1480,20,0,0,0,DoS-HTTP
80,6,20,1200,20,0,0,0,DoS-SYN-Flood
80,17,20,1200,0,0,0,0,DoS-UDP
53775,6,4,240,4,0,0,0,PortScan
32463,6,2,120,2,0,0,0,PortScan
44395,6,8,464,8,8,0,0,SSH-Bruteforce
80,6,20,1200,20,0,0,0,DoS-SYN-Flood
33829,6,2,120,2,0,0,0,PortScan
80,17,20,1200,0,0,0,0,DoS-UDP
61406,6,6,348,6,6,0,0,SSH-Bruteforce
80,17,20,1200,0,0,0,0,DoS-UDP
53078,6,2,120,2,0,0,0,PortScan
36520,17,20,27980,0,0,0,0,BENIGN
0,1,20,840,0,0,0,0,DoS-ICMP
80,17,20,1200,0,0,0,0,DoS-UDP
80,6,20,1480,20,0,0,0,DoS-HTTP
80,6,20,1200,20,0,0,0,DoS-SYN-Flood
80,17,20,1200,0,0,0,0,DoS-UDP
0,1,20,840,0,0,0,0,DoS-ICMP
80,6,20,1200,20,0,0,0,DoS-SYN-Flood
54829,17,20,27980,0,0,0,0,BENIGN
80,6,20,1200,20,0,0,0,DoS-SYN-Flood
28045,6,2,120,2,0,0,0,PortScan
22,6,20,1200,5,0,15,0,SSH-Bruteforce
0,1,20,1200,0,0,0,0,DoS-ICMP
49407,6,7,406,7,7,0,0,SSH-Bruteforce
80,6,20,1480,20,0,0,0,DoS-HTTP
27028,6,4,240,4,0,0,0,PortScan
80,6,20,1200,20,0,0,0,DoS-SYN-Flood
0,1,20,840,0,0,0,0,DoS-ICMP
24053,6,4,240,4,0,0,0,PortScan
80,6,20,1200,20,0,0,0,DoS-SYN-Flood
34400,6,2,120,2,0,0,0,PortScan
80,17,20,1200,0,0,0,0,DoS-UDP
50809,6,7,406,7,7,0,0,SSH-Bruteforce
0,1,20,840,0,0,0,0,DoS-ICMP
80,6,20,1480,20,0,0,0,DoS-HTTP
80,17,20,1200,0,0,0,0,DoS-UDP
34385,6,11,638,11,11,0,0,SSH-Bruteforce
80,17,20,1200,0,0,0,0,DoS-UDP
51976,6,4,240,4,0,0,0,PortScan
80,6,20,1200,20,0,0,0,DoS-SYN-Flood
53546,6,4,240,4,0,0,0,PortScan
0,1,20,840,0,0,0,0,DoS-ICMP
80,6,20,1480,20,0,0,0,DoS-HTTP
14177,6,5,290,5,5,0,0,SSH-Bruteforce
33240,6,20,29020,0,20,0,0,BENIGN
3205,6,6,360,6,0,0,0,PortScan
0,1,20,1200,0,0,0,0,DoS-ICMP
0,1,20,840,0,0,0,0,DoS-ICMP
0,1,20,1200,0,0,0,0,DoS-ICMP
80,6,20,1480,20,0,0,0,DoS-HTTP
10610,6,4,240,4,0,0,0,PortScan
53778,6,2,120,2,0,0,0,PortScan
80,6,20,1480,20,0,0,0,DoS-HTTP
28030,6,2,120,2,0,0,0,PortScan
20427,6,4,240,4,0,0,0,PortScan
80,17,20,1200,0,0,0,0,DoS-UDP
22,6,20,1200,4,0,16,0,SSH-Bruteforce
80,6,20,1200,20,0,0,0,DoS-SYN-Flood
54344,6,8,464,8,8,0,0,SSH-Bruteforce
0,1,20,840,0,0,0,0,DoS-ICMP
18920,6,7,406,7,7,0,0,SSH-Bruteforce
80,6,20,1200,20,0,0,0,DoS-SYN-Flood
16358,6,4,240,4,0,0,0,PortScan
0,1,20,840,0,0,0,0,DoS-ICMP
0,1,20,1200,0,0,0,0,DoS-ICMP
80,6,20,1480,20,0,0,0,DoS-HTTP
0,1,20,840,0,0,0,0,DoS-ICMP
80,6,20,1480,20,0,0,0,DoS-HTTP
80,17,20,1200,0,0,0,0,DoS-UDP
80,17,20,1200,0,0,0,0,DoS-UDP
80,17,20,1200,0,0,0,0,DoS-UDP
0,1,20,840,0,0,0,0,DoS-ICMP
80,17,20,1200,0,0,0,0,DoS-UDP
15707,6,2,120,2,0,0,0,PortScan
4626,6,4,240,4,0,0,0,PortScan
80,6,20,1480,20,0,0,0,DoS-HTTP
41308,17,20,27756,0,0,0,0,BENIGN
61973,6,5,290,5,5,0,0,SSH-Bruteforce
80,17,20,1200,0,0,0,0,DoS-UDP
80,6,20,1200,20,0,0,0,DoS-SYN-Flood
63517,6,2,120,2,0,0,0,PortScan
80,6,20,1200,20,0,0,0,DoS-SYN-Flood
55803,6,2,120,2,0,0,0,PortScan
80,17,20,1200,0,0,0,0,DoS-UDP
0,1,20,840,0,0,0,0,DoS-ICMP
80,17,20,1200,0,0,0,0,DoS-UDP
0,1,20,840,0,0,0,0,DoS-ICMP
0,1,20,1200,0,0,0,0,DoS-ICMP
80,6,20,1480,20,0,0,0,DoS-HTTP
80,6,20,1200,20,0,0,0,DoS-SYN-Flood
80,17,20,1200,0,0,0,0,DoS-UDP
11697,6,6,348,6,6,0,0,SSH-Bruteforce
23023,6,4,240,4,0,0,0,PortScan
80,6,20,1480,20,0,0,0,DoS-HTTP
22,6,20,1200,4,0,16,0,SSH-Bruteforce
80,17,20,1200,0,0,0,0,DoS-UDP
80,17,20,1200,0,0,0,0,DoS-UDP
53256,6,2,120,2,0,0,0,PortScan
17822,6,2,120,2,0,0,0,PortScan
36520,17,20,27980,0,0,0,0,BENIGN
0,1,20,840,0,0,0,0,DoS-ICMP
80,6,20,1200,20,0,0,0,DoS-SYN-Flood
80,17,20,1200,0,0,0,0,DoS-UDP
13251,6,4,240,4,0,0,0,PortScan
22,6,20,1200,0,0,20,0,SSH-Bruteforce
80,17,20,1200,0,0,0,0,DoS-UDP
80,17,20,1200,0,0,0,0,DoS-UDP
80,6,20,1480,20,0,0,0,DoS-HTTP
80,6,20,1200,20,0,0,0,DoS-SYN-Flood
22,6,20,1200,20,0,0,0,SSH-Bruteforce
80,6,20,1480,20,0,0,0,DoS-HTTP
80,6,20,1480,20,0,0,0,DoS-HTTP
80,17,20,1200,0,0,0,0,DoS-UDP
80,6,20,1480,20,0,0,0,DoS-HTTP
42925,6,9,522,9,9,0,0,SSH-Bruteforce
80,6,20,1200,20,0,0,0,DoS-SYN-Flood
22,6,20,1200,0,0,20,0,SSH-Bruteforce
0,1,20,840,0,0,0,0,DoS-ICMP
80,6,20,1200,20,0,0,0,DoS-SYN-Flood
80,6,20,1200,20,0,0,0,DoS-SYN-Flood
80,6,20,1200,20,0,0,0,DoS-SYN-Flood
0,1,20,840,0,0,0,0,DoS-ICMP
9149,6,9,522,9,9,0,0,SSH-Bruteforce
80,6,20,1480,20,0,0,0,DoS-HTTP
0,1,20,1200,0,0,0,0,DoS-ICMP
80,6,20,1200,20,0,0,0,DoS-SYN-Flood
3738,6,4,240,4,0,0,0,PortScan
80,6,20,1200,20,0,0,0,DoS-SYN-Flood
58202,6,2,120,2,0,0,0,PortScan
0,1,20,840,0,0,0,0,DoS-ICMP
33593,6,6,348,6,6,0,0,SSH-Bruteforce
80,6,20,1200,20,0,0,0,DoS-SYN-Flood
80,17,20,1200,0,0,0,0,DoS-UDP
80,17,20,1200,0,0,0,0,DoS-UDP
80,17,20,1200,0,0,0,0,DoS-UDP
80,6,20,1200,20,0,0,0,DoS-SYN-Flood
80,6,20,1480,20,0,0,0,DoS-HTTP
0,1,20,1200,0,0,0,0,DoS-ICMP
80,6,20,1200,20,0,0,0,DoS-SYN-Flood
80,6,20,1480,20,0,0,0,DoS-HTTP
0,1,20,840,0,0,0,0,DoS-ICMP
80,6,20,1480,20,0,0,0,DoS-HTTP
80,6,20,1200,20,0,0,0,DoS-SYN-Flood
80,6,20,1480,20,0,0,0,DoS-HTTP
80,6,20,1480,20,0,0,0,DoS-HTTP
80,6,20,1480,20,0,0,0,DoS-HTTP
57341,6,2,120,2,0,0,0,PortScan
80,17,20,1200,0,0,0,0,DoS-UDP
8496,6,4,240,4,0,0,0,PortScan
33089,6,4,240,4,0,0,0,PortScan
63058,6,2,120,2,0,0,0,PortScan
80,6,20,1480,20,0,0,0,DoS-HTTP
41779,6,2,120,2,0,0,0,PortScan
19117,6,2,120,2,0,0,0,PortScan
0,1,20,1200,0,0,0,0,DoS-ICMP
0,1,20,840,0,0,0,0,DoS-ICMP
0,1,20,1200,0,0,0,0,DoS-ICMP
0,1,20,1200,0,0,0,0,DoS-ICMP
80,17,20,1200,0,0,0,0,DoS-UDP
21287,6,2,120,2,0,0,0,PortScan
80,6,20,1480,20,0,0,0,DoS-HTTP
80,6,20,1480,20,0,0,0,DoS-HTTP
80,17,20,1200,0,0,0,0,DoS-UDP
80,6,20,1480,20,0,0,0,DoS-HTTP
0,1,20,840,0,0,0,0,DoS-ICMP
0,1,20,1200,0,0,0,0,DoS-ICMP
0,1,20,840,0,0,0,0,DoS-ICMP
80,6,20,1480,20,0,0,0,DoS-HTTP
80,6,20,1200,20,0,0,0,DoS-SYN-Flood
7718,6,8,464,8,8,0,0,SSH-Bruteforce
80,6,20,1200,20,0,0,0,DoS-SYN-Flood
0,1,20,840,0,0,0,0,DoS-ICMP
80,6,20,1200,20,0,0,0,DoS-SYN-Flood
80,17,20,1200,0,0,0,0,DoS-UDP
80,6,20,1200,20,0,0,0,DoS-SYN-Flood
7188,6,4,240,4,0,0,0,PortScan
80,6,20,1480,20,0,0,0,DoS-HTTP
80,17,20,1200,0,0,0,0,DoS-UDP
59646,6,20,29200,0,20,0,0,BENIGN
80,17,20,1200,0,0,0,0,DoS-UDP
0,1,20,1200,0,0,0,0,DoS-ICMP
0,1,20,1200,0,0,0,0,DoS-ICMP
0,1,20,840,0,0,0,0,DoS-ICMP
52723,6,12,696,12,12,0,0,SSH-Bruteforce
21659,6,9,522,9,9,0,0,SSH-Bruteforce
80,6,20,1200,20,0,0,0,DoS-SYN-Flood
12328,6,4,240,4,0,0,0,PortScan
80,6,20,1200,20,0,0,0,DoS-SYN-Flood
52775,6,4,240,4,0,0,0,PortScan
0,1,20,1200,0,0,0,0,DoS-ICMP
22,6,20,1200,20,0,0,0,SSH-Bruteforce
137,17,3,276,0,0,0,0,DoS-HTTP
19024,6,4,240,4,0,0,0,PortScan
80,17,20,1200,0,0,0,0,DoS-UDP
51791,6,6,348,6,6,0,0,SSH-Bruteforce
0,1,20,1200,0,0,0,0,DoS-ICMP
0,1,20,840,0,0,0,0,DoS-ICMP
80,17,20,1200,0,0,0,0,DoS-UDP
80,17,20,1200,0,0,0,0,DoS-UDP
80,6,20,1480,20,0,0,0,DoS-HTTP
80,17,20,1200,0,0,0,0,DoS-UDP
22,6,20,1200,20,0,0,0,SSH-Bruteforce
80,6,20,1200,20,0,0,0,DoS-SYN-Flood
0,1,20,840,0,0,0,0,DoS-ICMP
80,17,20,1200,0,0,0,0,DoS-UDP
80,6,20,1200,20,0,0,0,DoS-SYN-Flood
80,6,20,1200,20,0,0,0,DoS-SYN-Flood
48745,6,6,348,6,6,0,0,SSH-Bruteforce
80,17,20,1200,0,0,0,0,DoS-UDP
80,6,20,1480,20,0,0,0,DoS-HTTP
0,1,20,1200,0,0,0,0,DoS-ICMP
80,6,20,1480,20,0,0,0,DoS-HTTP
22,6,20,1200,20,0,0,0,SSH-Bruteforce
80,6,20,1200,20,0,0,0,DoS-SYN-Flood
0,1,20,840,0,0,0,0,DoS-ICMP
80,6,20,1480,20,0,0,0,DoS-HTTP
80,6,20,1200,20,0,0,0,DoS-SYN-Flood
80,6,20,1200,20,0,0,0,DoS-SYN-Flood
80,17,20,1200,0,0,0,0,DoS-UDP
25225,6,2,120,2,0,0,0,PortScan
80,17,20,1200,0,0,0,0,DoS-UDP
43583,6,2,120,2,0,0,0,PortScan
26626,6,8,464,8,8,0,0,SSH-Bruteforce
80,17,20,1200,0,0,0,0,DoS-UDP
80,6,20,1200,20,0,0,0,DoS-SYN-Flood
53258,6,20,30280,0,20,0,0,BENIGN
80,6,20,1200,20,0,0,0,DoS-SYN-Flood
80,6,20,1480,20,0,0,0,DoS-HTTP
80,6,20,1480,20,0,0,0,DoS-HTTP
32131,6,9,522,9,9,0,0,SSH-Bruteforce
25836,6,4,240,4,0,0,0,PortScan
80,6,20,1200,20,0,0,0,DoS-SYN-Flood
31370,6,2,120,2,0,0,0,PortScan
80,6,20,1200,20,0,0,0,DoS-SYN-Flood
80,6,20,1200,20,0,0,0,DoS-SYN-Flood
80,6,20,1200,20,0,0,0,DoS-SYN-Flood
0,1,20,1200,0,0,0,0,DoS-ICMP
443,6,20,2077,1,18,1,1,BENIGN
45054,6,4,232,4,4,0,0,SSH-Bruteforce
80,17,20,1200,0,0,0,0,DoS-UDP
26543,6,4,240,4,0,0,0,PortScan
80,6,20,1480,20,0,0,0,DoS-HTTP
80,6,20,1200,20,0,0,0,DoS-SYN-Flood
22,6,20,1200,0,0,20,0,SSH-Bruteforce
60886,6,20,29080,0,20,0,0,BENIGN
63952,6,4,240,4,0,0,0,PortScan
80,6,20,1200,20,0,0,0,DoS-SYN-Flood
80,6,20,1480,20,0,0,0,DoS-HTTP
80,6,20,1480,20,0,0,0,DoS-HTTP
80,6,20,1480,20,0,0,0,DoS-HTTP
0,1,20,1200,0,0,0,0,DoS-ICMP
0,1,20,1200,0,0,0,0,DoS-ICMP
80,6,20,1200,20,0,0,0,DoS-SYN-Flood
443,6,20,1200,0,20,0,0,BENIGN
80,17,20,1200,0,0,0,0,DoS-UDP
80,17,20,1200,0,0,0,0,DoS-UDP
25636,6,2,120,2,0,0,0,PortScan
0,1,20,1200,0,0,0,0,DoS-ICMP
39093,6,2,120,2,0,0,0,PortScan
80,17,20,1200,0,0,0,0,DoS-UDP
0,1,20,840,0,0,0,0,DoS-ICMP
43320,6,4,240,4,0,0,0,PortScan
80,17,20,1200,0,0,0,0,DoS-UDP
80,6,20,1480,20,0,0,0,DoS-HTTP
0,1,20,1200,0,0,0,0,DoS-ICMP
22,6,20,1200,5,0,15,0,SSH-Bruteforce
31985,6,2,120,2,0,0,0,PortScan
61307,6,5,290,5,5,0,0,SSH-Bruteforce
80,6,20,1200,20,0,0,0,DoS-SYN-Flood
29405,6,4,240,4,0,0,0,PortScan
80,17,20,1200,0,0,0,0,DoS-UDP
0,1,20,1200,0,0,0,0,DoS-ICMP
80,6,20,1200,20,0,0,0,DoS-SYN-Flood
12256,6,4,240,4,0,0,0,PortScan
676,6,5,290,5,5,0,0,SSH-Bruteforce
17636,6,8,464,8,8,0,0,SSH-Bruteforce
0,1,20,840,0,0,0,0,DoS-ICMP
80,6,20,1480,20,0,0,0,DoS-HTTP
80,6,20,1200,20,0,0,0,DoS-SYN-Flood
63538,6,6,348,6,6,0,0,SSH-Bruteforce
42904,17,20,27980,0,0,0,0,BENIGN
443,6,20,1988,0,20,0,0,BENIGN
9723,6,10,580,10,10,0,0,SSH-Bruteforce
80,6,20,1200,20,0,0,0,DoS-SYN-Flood
80,17,20,1200,0,0,0,0,DoS-UDP
44177,6,2,120,2,0,0,0,PortScan
7589,6,4,240,4,0,0,0,PortScan
80,6,20,1200,20,0,0,0,DoS-SYN-Flood
61126,6,4,240,4,0,0,0,PortScan
80,6,20,1480,20,0,0,0,DoS-HTTP
17053,6,10,580,10,10,0,0,SSH-Bruteforce
80,6,20,1200,20,0,0,0,DoS-SYN-Flood
62233,6,2,120,2,0,0,0,PortScan
53278,6,20,28312,0,20,0,0,BENIGN
80,6,20,1200,20,0,0,0,DoS-SYN-Flood
0,1,20,1200,0,0,0,0,DoS-ICMP
80,6,20,1200,20,0,0,0,DoS-SYN-Flood
37170,6,10,580,10,10,0,0,SSH-Bruteforce
80,17,20,1200,0,0,0,0,DoS-UDP
43384,6,7,406,7,7,0,0,SSH-Bruteforce
80,6,20,1200,20,0,0,0,DoS-SYN-Flood
80,6,20,1200,20,0,0,0,DoS-SYN-Flood
22,6,20,1200,17,0,3,0,SSH-Bruteforce
32560,6,4,232,4,4,0,0,SSH-Bruteforce
80,6,20,1200,20,0,0,0,DoS-SYN-Flood
80,6,20,1480,20,0,0,0,DoS-HTTP
80,6,20,1480,20,0,0,0,DoS-HTTP
80,17,20,1200,0,0,0,0,DoS-UDP
0,1,20,840,0,0,0,0,DoS-ICMP
80,17,20,1200,0,0,0,0,DoS-UDP
80,6,20,1480,20,0,0,0,DoS-HTTP
80,6,20,1480,20,0,0,0,DoS-HTTP
80,6,20,1200,20,0,0,0,DoS-SYN-Flood
80,17,20,1200,0,0,0,0,DoS-UDP
80,6,20,1480,20,0,0,0,DoS-HTTP
48469,6,6,348,6,6,0,0,SSH-Bruteforce
80,6,20,1480,20,0,0,0,DoS-HTTP
80,6,20,1200,20,0,0,0,DoS-SYN-Flood
80,6,20,1480,20,0,0,0,DoS-HTTP
60886,6,20,29140,0,20,0,0,BENIGN
4567,6,6,348,6,6,0,0,SSH-Bruteforce
80,6,20,1200,20,0,0,0,DoS-SYN-Flood
443,17,20,16249,0,0,0,0,BENIGN
57499,6,2,120,2,0,0,0,PortScan
443,6,20,14224,1,19,0,0,BENIGN
80,6,20,1480,20,0,0,0,DoS-HTTP
0,1,20,840,0,0,0,0,DoS-ICMP
35208,6,4,240,4,0,0,0,PortScan
80,17,20,1200,0,0,0,0,DoS-UDP
0,1,20,1200,0,0,0,0,DoS-ICMP
80,17,20,1200,0,0,0,0,DoS-UDP
0,1,20,1200,0,0,0,0,DoS-ICMP
3192,6,4,240,4,0,0,0,PortScan
41254,6,6,348,6,6,0,0,SSH-Bruteforce
61315,6,2,120,2,0,0,0,PortScan
23407,6,2,120,2,0,0,0,PortScan
80,6,20,1200,20,0,0,0,DoS-SYN-Flood
0,1,20,1200,0,0,0,0,DoS-ICMP
61943,6,2,120,2,0,0,0,PortScan
80,6,20,1200,20,0,0,0,DoS-SYN-Flood
80,17,20,1200,0,0,0,0,DoS-UDP
80,6,20,1200,20,0,0,0,DoS-SYN-Flood
0,1,20,840,0,0,0,0,DoS-ICMP
80,17,20,1200,0,0,0,0,DoS-UDP
6775,6,5,290,5,5,0,0,SSH-Bruteforce
47186,6,7,406,7,7,0,0,SSH-Bruteforce
80,6,20,1480,20,0,0,0,DoS-HTTP
80,17,20,1200,0,0,0,0,DoS-UDP
80,6,20,1480,20,0,0,0,DoS-HTTP
80,6,20,1480,20,0,0,0,DoS-HTTP
80,6,20,1200,20,0,0,0,DoS-SYN-Flood
36520,17,20,27980,0,0,0,0,BENIGN
80,6,20,1200,20,0,0,0,DoS-SYN-Flood
80,17,20,1200,0,0,0,0,DoS-UDP
80,6,20,1200,20,0,0,0,DoS-SYN-Flood
80,6,20,1480,20,0,0,0,DoS-HTTP
80,6,20,1480,20,0,0,0,DoS-HTTP
0,1,20,1200,0,0,0,0,DoS-ICMP
39846,6,2,120,2,0,0,0,PortScan
80,6,20,1200,20,0,0,0,DoS-SYN-Flood
80,6,20,1200,20,0,0,0,DoS-SYN-Flood
14049,6,4,240,4,0,0,0,PortScan
3123,6,4,240,4,0,0,0,PortScan
80,17,20,1200,0,0,0,0,DoS-UDP
80,6,20,1480,20,0,0,0,DoS-HTTP
80,6,20,1200,20,0,0,0,DoS-SYN-Flood
31646,6,10,580,10,10,0,0,SSH-Bruteforce
17682,6,8,464,8,8,0,0,SSH-Bruteforce
42904,17,20,22052,0,0,0,0,BENIGN
57642,17,1,103,0,0,0,0,BENIGN
0,1,20,1200,0,0,0,0,DoS-ICMP
80,6,20,1480,20,0,0,0,DoS-HTTP
80,6,20,1480,20,0,0,0,DoS-HTTP
80,6,20,1200,20,0,0,0,DoS-SYN-Flood
80,17,20,1200,0,0,0,0,DoS-UDP
61447,6,7,406,7,7,0,0,SSH-Bruteforce
80,17,20,1200,0,0,0,0,DoS-UDP
80,6,20,1480,20,0,0,0,DoS-HTTP
80,6,20,1200,20,0,0,0,DoS-SYN-Flood
80,6,20,1200,20,0,0,0,DoS-SYN-Flood
80,6,20,1480,20,0,0,0,DoS-HTTP
80,6,20,1200,20,0,0,0,DoS-SYN-Flood
0,1,20,1200,0,0,0,0,DoS-ICMP
80,6,20,1200,20,0,0,0,DoS-SYN-Flood
80,6,20,1480,20,0,0,0,DoS-HTTP
80,6,20,1200,20,0,0,0,DoS-SYN-Flood
25717,6,2,120,2,0,0,0,PortScan
80,6,20,1480,20,0,0,0,DoS-HTTP
21284,6,2,120,2,0,0,0,PortScan
0,1,20,1200,0,0,0,0,DoS-ICMP
7247,6,6,348,6,6,0,0,SSH-Bruteforce
80,17,20,1200,0,0,0,0,DoS-UDP
19556,6,2,120,2,0,0,0,PortScan
61712,6,2,120,2,0,0,0,PortScan
80,6,20,1480,20,0,0,0,DoS-HTTP
80,6,20,1480,20,0,0,0,DoS-HTTP
80,6,20,1200,20,0,0,0,DoS-SYN-Flood
80,6,20,1480,20,0,0,0,DoS-HTTP
80,17,20,1200,0,0,0,0,DoS-UDP
38962,17,2,262,0,0,0,0,BENIGN
60022,6,2,120,2,0,0,0,PortScan
9030,6,7,406,7,7,0,0,SSH-Bruteforce
80,6,20,1480,20,0,0,0,DoS-HTTP
0,1,20,840,0,0,0,0,DoS-ICMP
22872,6,7,406,7,7,0,0,SSH-Bruteforce
80,6,20,1200,20,0,0,0,DoS-SYN-Flood
80,6,20,1480,20,0,0,0,DoS-HTTP
80,6,20,1200,20,0,0,0,DoS-SYN-Flood
0,1,20,840,0,0,0,0,DoS-ICMP
80,17,20,1200,0,0,0,0,DoS-UDP
0,1,20,1200,0,0,0,0,DoS-ICMP
80,6,20,1480,20,0,0,0,DoS-HTTP
80,6,20,1480,20,0,0,0,DoS-HTTP
23527,6,6,348,6,6,0,0,SSH-Bruteforce
0,1,20,1200,0,0,0,0,DoS-ICMP
80,6,20,1200,20,0,0,0,DoS-SYN-Flood
80,17,20,1200,0,0,0,0,DoS-UDP
80,6,20,1480,20,0,0,0,DoS-HTTP
80,6,20,1200,20,0,0,0,DoS-SYN-Flood
80,6,20,1480,20,0,0,0,DoS-HTTP
52933,6,9,522,9,9,0,0,SSH-Bruteforce
80,6,20,1200,20,0,0,0,DoS-SYN-Flood
80,17,20,1200,0,0,0,0,DoS-UDP
80,17,20,1200,0,0,0,0,DoS-UDP
0,1,20,840,0,0,0,0,DoS-ICMP
31971,6,4,240,4,0,0,0,PortScan
6693,6,4,240,4,0,0,0,PortScan
80,6,20,1480,20,0,0,0,DoS-HTTP
44289,6,9,522,9,9,0,0,SSH-Bruteforce
22,6,20,1200,3,0,17,0,SSH-Bruteforce
57504,6,2,120,2,0,0,0,PortScan
80,6,20,1200,20,0,0,0,DoS-SYN-Flood
60886,6,20,25108,0,20,0,0,BENIGN
14497,6,4,240,4,0,0,0,PortScan
0,1,20,840,0,0,0,0,DoS-ICMP
9165,6,4,240,4,0,0,0,PortScan
80,6,20,1200,20,0,0,0,DoS-SYN-Flood
80,17,20,1200,0,0,0,0,DoS-UDP
80,6,20,1200,20,0,0,0,DoS-SYN-Flood
577,6,6,360,6,0,0,0,PortScan
44579,6,2,120,2,0,0,0,PortScan
80,17,20,1200,0,0,0,0,DoS-UDP
80,17,20,1200,0,0,0,0,DoS-UDP
80,6,20,1200,20,0,0,0,DoS-SYN-Flood
80,6,20,1480,20,0,0,0,DoS-HTTP
22,6,20,1200,0,0,20,0,SSH-Bruteforce
80,17,20,1200,0,0,0,0,DoS-UDP
22,6,20,1200,20,0,0,0,SSH-Bruteforce
42379,6,4,240,4,0,0,0,PortScan
0,1,20,1200,0,0,0,0,DoS-ICMP
37101,6,2,120,2,0,0,0,PortScan
80,6,20,1200,20,0,0,0,DoS-SYN-Flood
80,6,20,1480,20,0,0,0,DoS-HTTP
5602,6,8,464,8,8,0,0,SSH-Bruteforce
80,6,20,1200,20,0,0,0,DoS-SYN-Flood
0,1,20,840,0,0,0,0,DoS-ICMP
80,17,20,1200,0,0,0,0,DoS-UDP
39902,17,20,27980,0,0,0,0,BENIGN
80,17,20,1200,0,0,0,0,DoS-UDP
80,6,20,1200,20,0,0,0,DoS-SYN-Flood
80,6,20,1480,20,0,0,0,DoS-HTTP
53258,6,20,28388,0,20,0,0,BENIGN
4564,6,4,240,4,0,0,0,PortScan
80,6,20,1200,20,0,0,0,DoS-SYN-Flood
80,6,20,1480,20,0,0,0,DoS-HTTP
80,6,20,1480,20,0,0,0,DoS-HTTP
18447,6,4,240,4,0,0,0,PortScan
80,6,20,1200,20,0,0,0,DoS-SYN-Flood
80,6,20,1200,20,0,0,0,DoS-SYN-Flood
0,1,20,1200,0,0,0,0,DoS-ICMP
38180,6,2,120,2,0,0,0,PortScan
80,6,20,1480,20,0,0,0,DoS-HTTP
80,6,20,1480,20,0,0,0,DoS-HTTP
80,6,20,1200,20,0,0,0,DoS-SYN-Flood
34984,6,4,240,4,0,0,0,PortScan
80,17,20,1200,0,0,0,0,DoS-UDP
22,6,20,1200,13,0,7,0,SSH-Bruteforce
5394,6,9,522,9,9,0,0,SSH-Bruteforce
46378,6,4,240,4,0,0,0,PortScan
12057,6,6,360,6,0,0,0,PortScan
0,1,20,840,0,0,0,0,DoS-ICMP
80,6,20,1480,20,0,0,0,DoS-HTTP
80,17,20,1200,0,0,0,0,DoS-UDP
0,1,20,1200,0,0,0,0,DoS-ICMP
48128,6,2,120,2,0,0,0,PortScan
33674,6,9,522,9,9,0,0,SSH-Bruteforce
80,6,20,1480,20,0,0,0,DoS-HTTP
46121,6,4,240,4,0,0,0,PortScan
80,17,20,1200,0,0,0,0,DoS-UDP
80,17,20,1200,0,0,0,0,DoS-UDP
80,6,20,1200,20,0,0,0,DoS-SYN-Flood
0,1,20,840,0,0,0,0,DoS-ICMP
51936,6,7,406,7,7,0,0,SSH-Bruteforce
22,6,20,1200,0,0,20,0,SSH-Bruteforce
80,17,20,1200,0,0,0,0,DoS-UDP
80,17,20,1200,0,0,0,0,DoS-UDP
80,17,20,1200,0,0,0,0,DoS-UDP
80,6,20,1480,20,0,0,0,DoS-HTTP
41087,6,2,120,2,0,0,0,PortScan
80,17,20,1200,0,0,0,0,DoS-UDP
19401,6,4,240,4,0,0,0,PortScan
47757,6,2,120,2,0,0,0,PortScan
2243,6,4,240,4,0,0,0,PortScan
36520,17,20,27980,0,0,0,0,BENIGN
35924,6,2,120,2,0,0,0,PortScan
80,17,20,1200,0,0,0,0,DoS-UDP
47462,6,2,120,2,0,0,0,PortScan
0,1,20,840,0,0,0,0,DoS-ICMP
80,6,20,1200,20,0,0,0,DoS-SYN-Flood
22,6,20,1200,0,0,20,0,SSH-Bruteforce
80,6,20,1480,20,0,0,0,DoS-HTTP
80,6,20,1200,20,0,0,0,DoS-SYN-Flood
80,17,20,1200,0,0,0,0,DoS-UDP
80,6,20,1480,20,0,0,0,DoS-HTTP
80,6,20,1480,20,0,0,0,DoS-HTTP
80,6,20,1200,20,0,0,0,DoS-SYN-Flood
22,6,20,1200,0,0,20,0,SSH-Bruteforce
33240,6,20,29200,0,20,0,0,BENIGN
80,6,20,1200,20,0,0,0,DoS-SYN-Flood
50025,6,10,580,10,10,0,0,SSH-Bruteforce
80,6,20,1200,20,0,0,0,DoS-SYN-Flood
0,1,20,840,0,0,0,0,DoS-ICMP
80,6,20,1480,20,0,0,0,DoS-HTTP
80,6,20,1480,20,0,0,0,DoS-HTTP
80,6,20,1480,20,0,0,0,DoS-HTTP
22,6,20,1200,1,0,19,0,SSH-Bruteforce
31020,6,2,120,2,0,0,0,PortScan
80,6,20,1480,20,0,0,0,DoS-HTTP
36520,17,20,27980,0,0,0,0,BENIGN
80,17,20,1200,0,0,0,0,DoS-UDP
34393,6,2,120,2,0,0,0,PortScan
80,17,20,1200,0,0,0,0,DoS-UDP
8646,6,4,240,4,0,0,0,PortScan
80,6,20,1200,20,0,0,0,DoS-SYN-Flood
80,6,20,1200,20,0,0,0,DoS-SYN-Flood
5911,6,4,240,4,0,0,0,PortScan
0,1,20,840,0,0,0,0,DoS-ICMP
80,17,20,1200,0,0,0,0,DoS-UDP
0,1,20,1200,0,0,0,0,DoS-ICMP
80,6,20,1200,20,0,0,0,DoS-SYN-Flood
80,17,20,1200,0,0,0,0,DoS-UDP
80,17,20,1200,0,0,0,0,DoS-UDP
46398,17,20,27980,0,0,0,0,BENIGN
31941,6,4,232,4,4,0,0,SSH-Bruteforce
80,6,20,1200,20,0,0,0,DoS-SYN-Flood
42892,6,2,120,2,0,0,0,PortScan
22,6,20,1200,20,0,0,0,SSH-Bruteforce
80,17,20,1200,0,0,0,0,DoS-UDP
39002,6,9,522,9,9,0,0,SSH-Bruteforce
80,6,20,1200,20,0,0,0,DoS-SYN-Flood
7030,6,6,360,6,0,0,0,PortScan
80,6,20,1480,20,0,0,0,DoS-HTTP
64818,6,2,120,2,0,0,0,PortScan
80,6,20,1480,20,0,0,0,DoS-HTTP
45447,17,20,26476,0,0,0,0,BENIGN
80,6,20,1480,20,0,0,0,DoS-HTTP
1070,6,4,240,4,0,0,0,PortScan
38156,6,2,120,2,0,0,0,PortScan
11505,6,5,290,5,5,0,0,SSH-Bruteforce
80,17,20,1200,0,0,0,0,DoS-UDP
80,17,20,1200,0,0,0,0,DoS-UDP
39151,6,4,240,4,0,0,0,PortScan
8596,6,8,464,8,8,0,0,SSH-Bruteforce
80,17,20,1200,0,0,0,0,DoS-UDP
13735,6,4,240,4,0,0,0,PortScan
28574,6,2,120,2,0,0,0,PortScan
80,17,20,1200,0,0,0,0,DoS-UDP
0,1,20,840,0,0,0,0,DoS-ICMP
18411,6,6,348,6,6,0,0,SSH-Bruteforce
14846,6,8,464,8,8,0,0,SSH-Bruteforce
42097,6,2,120,2,0,0,0,PortScan
20654,6,6,348,6,6,0,0,SSH-Bruteforce
12244,6,6,360,6,0,0,0,PortScan
80,6,20,1480,20,0,0,0,DoS-HTTP
7069,6,5,290,5,5,0,0,SSH-Bruteforce
73,6,4,240,4,0,0,0,PortScan
80,6,20,1200,20,0,0,0,DoS-SYN-Flood
40380,6,20,6948,1,20,0,0,BENIGN
80,6,20,1200,20,0,0,0,DoS-SYN-Flood
80,6,20,1480,20,0,0,0,DoS-HTTP
37108,6,12,696,12,12,0,0,SSH-Bruteforce
60886,6,20,19064,0,20,0,0,BENIGN
80,6,20,1480,20,0,0,0,DoS-HTTP
59646,6,20,11306,1,20,0,0,BENIGN
80,6,20,1480,20,0,0,0,DoS-HTTP
80,6,20,1200,20,0,0,0,DoS-SYN-Flood
80,6,20,1480,20,0,0,0,DoS-HTTP
29135,6,2,120,2,0,0,0,PortScan
36520,17,20,27980,0,0,0,0,BENIGN
28007,6,2,120,2,0,0,0,PortScan
53737,6,4,240,4,0,0,0,PortScan
80,17,20,1200,0,0,0,0,DoS-UDP
0,1,20,840,0,0,0,0,DoS-ICMP
80,6,20,1480,20,0,0,0,DoS-HTTP
80,6,20,1200,20,0,0,0,DoS-SYN-Flood
80,6,20,1480,20,0,0,0,DoS-HTTP
33240,6,20,28600,0,20,0,0,BENIGN
80,6,20,1480,20,0,0,0,DoS-HTTP
80,17,20,1200,0,0,0,0,DoS-UDP
22776,6,2,120,2,0,0,0,PortScan
80,6,20,1200,20,0,0,0,DoS-SYN-Flood
22,6,20,1200,10,0,10,0,SSH-Bruteforce
26139,6,7,406,7,7,0,0,SSH-Bruteforce
0,1,20,840,0,0,0,0,DoS-ICMP
22,6,20,1200,20,0,0,0,SSH-Bruteforce
80,6,20,1200,20,0,0,0,DoS-SYN-Flood
22,6,20,1200,20,0,0,0,SSH-Bruteforce
80,17,20,1200,0,0,0,0,DoS-UDP
80,6,20,1480,20,0,0,0,DoS-HTTP
80,6,20,1480,20,0,0,0,DoS-HTTP
17096,6,2,120,2,0,0,0,PortScan
45135,6,9,522,9,9,0,0,SSH-Bruteforce
80,6,20,1480,20,0,0,0,DoS-HTTP
0,1,20,1200,0,0,0,0,DoS-ICMP
38873,6,4,240,4,0,0,0,PortScan
80,6,20,1200,20,0,0,0,DoS-SYN-Flood
34681,6,4,240,4,0,0,0,PortScan
80,17,20,1200,0,0,0,0,DoS-UDP
33240,6,20,29140,0,20,0,0,BENIGN
22,6,20,1200,0,0,20,0,SSH-Bruteforce
1497,6,4,240,4,0,0,0,PortScan
0,1,20,840,0,0,0,0,DoS-ICMP
0,1,20,1200,0,0,0,0,DoS-ICMP
59769,17,20,27980,0,0,0,0,BENIGN
80,6,20,1480,20,0,0,0,DoS-HTTP
28247,6,6,348,6,6,0,0,SSH-Bruteforce
0,1,20,1200,0,0,0,0,DoS-ICMP
63117,6,2,120,2,0,0,0,PortScan
80,17,20,1200,0,0,0,0,DoS-UDP
36520,17,20,27980,0,0,0,0,BENIGN
22,6,20,1200,0,0,20,0,SSH-Bruteforce
80,6,20,1200,20,0,0,0,DoS-SYN-Flood
0,1,20,1200,0,0,0,0,DoS-ICMP
80,6,20,1480,20,0,0,0,DoS-HTTP
4416,6,4,240,4,0,0,0,PortScan
53742,6,10,580,10,10,0,0,SSH-Bruteforce
80,6,20,1200,20,0,0,0,DoS-SYN-Flood
0,1,20,840,0,0,0,0,DoS-ICMP
0,1,20,840,0,0,0,0,DoS-ICMP
80,17,20,1200,0,0,0,0,DoS-UDP
16521,6,2,120,2,0,0,0,PortScan
80,6,20,1480,20,0,0,0,DoS-HTTP
24739,6,7,406,7,7,0,0,SSH-Bruteforce
27895,6,2,120,2,0,0,0,PortScan
0,1,20,1200,0,0,0,0,DoS-ICMP
80,6,20,1480,20,0,0,0,DoS-HTTP
18834,6,9,522,9,9,0,0,SSH-Bruteforce
41913,6,8,464,8,8,0,0,SSH-Bruteforce
80,6,20,1480,20,0,0,0,DoS-HTTP
80,17,20,1200,0,0,0,0,DoS-UDP
80,6,20,1200,20,0,0,0,DoS-SYN-Flood
80,17,20,1200,0,0,0,0,DoS-UDP
37119,6,2,120,2,0,0,0,PortScan
0,1,20,1200,0,0,0,0,DoS-ICMP
80,17,20,1200,0,0,0,0,DoS-UDP
0,1,20,840,0,0,0,0,DoS-ICMP
80,17,20,1200,0,0,0,0,DoS-UDP
80,6,20,1200,20,0,0,0,DoS-SYN-Flood
0,1,20,840,0,0,0,0,DoS-ICMP
0,1,20,840,0,0,0,0,DoS-ICMP
0,1,20,840,0,0,0,0,DoS-ICMP
80,17,20,1200,0,0,0,0,DoS-UDP
80,17,20,1200,0,0,0,0,DoS-UDP
22,6,20,1200,20,0,0,0,SSH-Bruteforce
0,1,20,1200,0,0,0,0,DoS-ICMP
80,6,20,1480,20,0,0,0,DoS-HTTP
0,1,20,840,0,0,0,0,DoS-ICMP
0,1,20,1200,0,0,0,0,DoS-ICMP
28358,6,10,580,10,10,0,0,SSH-Bruteforce
36520,17,20,27980,0,0,0,0,BENIGN
0,1,20,1200,0,0,0,0,DoS-ICMP
80,6,20,1200,20,0,0,0,DoS-SYN-Flood
22,6,20,1200,0,0,20,0,SSH-Bruteforce
0,1,20,1200,0,0,0,0,DoS-ICMP
41295,6,2,120,2,0,0,0,PortScan
80,17,20,1200,0,0,0,0,DoS-UDP
36520,17,20,27980,0,0,0,0,BENIGN
80,6,20,1480,20,0,0,0,DoS-HTTP
53258,6,20,28506,0,20,0,0,BENIGN
23163,6,2,120,2,0,0,0,PortScan
80,6,20,1480,20,0,0,0,DoS-HTTP
80,6,20,1200,20,0,0,0,DoS-SYN-Flood
0,1,20,1200,0,0,0,0,DoS-ICMP
80,6,20,1200,20,0,0,0,DoS-SYN-Flood
80,6,20,1480,20,0,0,0,DoS-HTTP
80,17,20,1200,0,0,0,0,DoS-UDP
80,6,20,1480,20,0,0,0,DoS-HTTP
80,6,20,1200,20,0,0,0,DoS-SYN-Flood
0,1,20,840,0,0,0,0,DoS-ICMP
0,1,20,840,0,0,0,0,DoS-ICMP
0,1,20,1200,0,0,0,0,DoS-ICMP
80,17,20,1200,0,0,0,0,DoS-UDP
80,6,20,1480,20,0,0,0,DoS-HTTP
33240,6,20,29560,0,20,0,0,BENIGN
21952,6,4,240,4,0,0,0,PortScan
40261,6,2,120,2,0,0,0,PortScan
56110,6,7,406,7,7,0,0,SSH-Bruteforce
80,6,20,1200,20,0,0,0,DoS-SYN-Flood
80,6,20,1200,20,0,0,0,DoS-SYN-Flood
80,6,20,1200,20,0,0,0,DoS-SYN-Flood
80,6,20,1480,20,0,0,0,DoS-HTTP
80,6,20,1480,20,0,0,0,DoS-HTTP
26012,6,8,464,8,8,0,0,SSH-Bruteforce
80,6,20,1480,20,0,0,0,DoS-HTTP
0,1,20,840,0,0,0,0,DoS-ICMP
80,6,20,1200,20,0,0,0,DoS-SYN-Flood
0,1,20,840,0,0,0,0,DoS-ICMP
80,6,20,1480,20,0,0,0,DoS-HTTP
80,6,20,1200,20,0,0,0,DoS-SYN-Flood
80,6,20,1200,20,0,0,0,DoS-SYN-Flood
46621,6,6,348,6,6,0,0,SSH-Bruteforce
42119,6,6,348,6,6,0,0,SSH-Bruteforce
33240,6,20,29260,0,20,0,0,BENIGN
80,6,20,1480,20,0,0,0,DoS-HTTP
0,1,20,1200,0,0,0,0,DoS-ICMP
80,6,20,1480,20,0,0,0,DoS-HTTP
22,6,20,1200,0,0,20,0,SSH-Bruteforce
46017,6,2,120,2,0,0,0,PortScan
80,17,20,1200,0,0,0,0,DoS-UDP
80,6,20,1480,20,0,0,0,DoS-HTTP
80,6,20,1200,20,0,0,0,DoS-SYN-Flood
80,6,20,1200,20,0,0,0,DoS-SYN-Flood
58136,6,2,120,2,0,0,0,PortScan
21101,6,2,120,2,0,0,0,PortScan
0,1,20,1200,0,0,0,0,DoS-ICMP
80,6,20,1200,20,0,0,0,DoS-SYN-Flood
80,6,20,1480,20,0,0,0,DoS-HTTP
80,6,20,1480,20,0,0,0,DoS-HTTP
33286,6,20,26215,0,20,0,0,BENIGN
80,6,20,1200,20,0,0,0,DoS-SYN-Flood
80,17,20,1200,0,0,0,0,DoS-UDP
80,17,20,1200,0,0,0,0,DoS-UDP
80,6,20,1480,20,0,0,0,DoS-HTTP
0,1,20,1200,0,0,0,0,DoS-ICMP
0,1,20,1200,0,0,0,0,DoS-ICMP
35854,6,20,28720,0,20,0,0,BENIGN
0,1,20,840,0,0,0,0,DoS-ICMP
80,6,20,1200,20,0,0,0,DoS-SYN-Flood
80,17,20,1200,0,0,0,0,DoS-UDP
80,6,20,1480,20,0,0,0,DoS-HTTP
62205,6,2,120,2,0,0,0,PortScan
80,6,20,1480,20,0,0,0,DoS-HTTP
36520,17,20,27980,0,0,0,0,BENIGN
0,1,20,1200,0,0,0,0,DoS-ICMP
45387,6,4,240,4,0,0,0,PortScan
0,1,20,1200,0,0,0,0,DoS-ICMP
80,6,20,1200,20,0,0,0,DoS-SYN-Flood
47661,6,4,240,4,0,0,0,PortScan
80,6,20,1480,20,0,0,0,DoS-HTTP
80,6,20,1200,20,0,0,0,DoS-SYN-Flood
80,17,20,1200,0,0,0,0,DoS-UDP
43202,6,2,120,2,0,0,0,PortScan
47631,6,9,522,9,9,0,0,SSH-Bruteforce
22230,6,6,348,6,6,0,0,SSH-Bruteforce
80,6,20,1480,20,0,0,0,DoS-HTTP
80,6,20,1480,20,0,0,0,DoS-HTTP
80,6,20,1200,20,0,0,0,DoS-SYN-Flood
30791,6,7,406,7,7,0,0,SSH-Bruteforce
80,6,20,1480,20,0,0,0,DoS-HTTP
63432,6,4,240,4,0,0,0,PortScan
20574,6,4,240,4,0,0,0,PortScan
80,6,20,1200,20,0,0,0,DoS-SYN-Flood
80,6,20,1200,20,0,0,0,DoS-SYN-Flood
36692,6,2,120,2,0,0,0,PortScan
80,6,20,1200,20,0,0,0,DoS-SYN-Flood
443,6,20,1200,0,20,0,0,BENIGN
80,17,20,1200,0,0,0,0,DoS-UDP
55440,6,2,120,2,0,0,0,PortScan
80,6,20,1480,20,0,0,0,DoS-HTTP
0,1,20,1200,0,0,0,0,DoS-ICMP
40322,6,4,240,4,0,0,0,PortScan
53070,6,2,120,2,0,0,0,PortScan
80,6,20,1200,20,0,0,0,DoS-SYN-Flood
0,1,20,1200,0,0,0,0,DoS-ICMP
328,6,6,360,6,0,0,0,PortScan
0,1,20,840,0,0,0,0,DoS-ICMP
80,17,20,1200,0,0,0,0,DoS-UDP
41783,6,2,120,2,0,0,0,PortScan
80,6,20,1480,20,0,0,0,DoS-HTTP
80,6,20,1480,20,0,0,0,DoS-HTTP
45801,6,2,120,2,0,0,0,PortScan
0,1,20,840,0,0,0,0,DoS-ICMP
80,6,20,1200,20,0,0,0,DoS-SYN-Flood
0,1,20,1200,0,0,0,0,DoS-ICMP
80,17,20,1200,0,0,0,0,DoS-UDP
80,17,20,1200,0,0,0,0,DoS-UDP
17282,6,2,120,2,0,0,0,PortScan
80,6,20,1200,20,0,0,0,DoS-SYN-Flood
80,6,20,1200,20,0,0,0,DoS-SYN-Flood
22609,6,2,120,2,0,0,0,PortScan
80,17,20,1200,0,0,0,0,DoS-UDP
21260,6,2,120,2,0,0,0,PortScan
22,6,20,1200,0,0,20,0,SSH-Bruteforce
2494,6,9,522,9,9,0,0,SSH-Bruteforce
80,6,20,1480,20,0,0,0,DoS-HTTP
14491,6,4,240,4,0,0,0,PortScan
80,6,20,1200,20,0,0,0,DoS-SYN-Flood
80,17,20,1200,0,0,0,0,DoS-UDP
80,6,20,1200,20,0,0,0,DoS-SYN-Flood
80,17,20,1200,0,0,0,0,DoS-UDP
12191,6,4,240,4,0,0,0,PortScan
59804,6,20,15017,0,20,0,0,BENIGN
40754,6,8,464,8,8,0,0,SSH-Bruteforce
0,1,20,840,0,0,0,0,DoS-ICMP
0,1,20,1200,0,0,0,0,DoS-ICMP
53308,6,20,29080,0,20,0,0,BENIGN
36649,6,4,240,4,0,0,0,PortScan
80,6,20,1480,20,0,0,0,DoS-HTTP
12241,6,6,348,6,6,0,0,SSH-Bruteforce
0,1,20,840,0,0,0,0,DoS-ICMP
80,6,20,1480,20,0,0,0,DoS-HTTP
80,17,20,1200,0,0,0,0,DoS-UDP
80,6,20,1200,20,0,0,0,DoS-SYN-Flood
80,17,20,1200,0,0,0,0,DoS-UDP
59686,6,2,120,2,0,0,0,PortScan
80,17,20,1200,0,0,0,0,DoS-UDP
33304,6,8,464,8,8,0,0,SSH-Bruteforce
80,6,20,1200,20,0,0,0,DoS-SYN-Flood
37898,6,4,240,4,0,0,0,PortScan
25647,6,4,240,4,0,0,0,PortScan
80,17,20,1200,0,0,0,0,DoS-UDP
80,6,20,1200,20,0,0,0,DoS-SYN-Flood
80,17,20,1200,0,0,0,0,DoS-UDP
80,6,20,1200,20,0,0,0,DoS-SYN-Flood
80,6,20,1480,20,0,0,0,DoS-HTTP
80,6,20,1480,20,0,0,0,DoS-HTTP
35134,6,4,240,4,0,0,0,PortScan
80,6,20,1200,20,0,0,0,DoS-SYN-Flood
80,17,20,1200,0,0,0,0,DoS-UDP
80,17,20,1200,0,0,0,0,DoS-UDP
80,6,20,1200,20,0,0,0,DoS-SYN-Flood
0,1,20,840,0,0,0,0,DoS-ICMP
36520,17,20,27980,0,0,0,0,BENIGN
0,1,20,1200,0,0,0,0,DoS-ICMP
0,1,20,1200,0,0,0,0,DoS-ICMP
80,6,20,1200,20,0,0,0,DoS-SYN-Flood
18450,6,6,348,6,6,0,0,SSH-Bruteforce
2914,6,4,240,4,0,0,0,PortScan
14730,6,6,360,6,0,0,0,PortScan
22,6,20,1200,20,0,0,0,SSH-Bruteforce
80,6,20,1480,20,0,0,0,DoS-HTTP
22,6,20,1200,20,0,0,0,SSH-Bruteforce
80,6,20,1480,20,0,0,0,DoS-HTTP
59515,17,8,6553,0,0,0,0,BENIGN
80,6,20,1480,20,0,0,0,DoS-HTTP
80,17,20,1200,0,0,0,0,DoS-UDP
51371,6,9,522,9,9,0,0,SSH-Bruteforce
12252,6,4,240,4,0,0,0,PortScan
57529,6,4,232,4,4,0,0,SSH-Bruteforce
0,1,20,1200,0,0,0,0,DoS-ICMP
0,1,20,1200,0,0,0,0,DoS-ICMP
80,6,20,1480,20,0,0,0,DoS-HTTP
0,1,20,840,0,0,0,0,DoS-ICMP
80,17,20,1200,0,0,0,0,DoS-UDP
80,6,20,1480,20,0,0,0,DoS-HTTP
80,6,20,1200,20,0,0,0,DoS-SYN-Flood
522,6,4,240,4,0,0,0,PortScan
80,6,20,1200,20,0,0,0,DoS-SYN-Flood
57959,6,7,406,7,7,0,0,SSH-Bruteforce
19028,6,4,240,4,0,0,0,PortScan
32233,6,8,464,8,8,0,0,SSH-Bruteforce
80,17,20,1200,0,0,0,0,DoS-UDP
80,6,20,1480,20,0,0,0,DoS-HTTP
80,6,20,1200,20,0,0,0,DoS-SYN-Flood
80,6,20,1200,20,0,0,0,DoS-SYN-Flood
0,1,20,1200,0,0,0,0,DoS-ICMP
43824,6,9,522,9,9,0,0,SSH-Bruteforce
443,6,20,2472,1,19,0,0,BENIGN
0,1,20,1200,0,0,0,0,DoS-ICMP
80,6,20,1200,20,0,0,0,DoS-SYN-Flood
80,6,20,1200,20,0,0,0,DoS-SYN-Flood
23706,6,7,406,7,7,0,0,SSH-Bruteforce
5567,6,8,464,8,8,0,0,SSH-Bruteforce
56530,6,3,162,0,3,0,1,BENIGN
54118,6,4,240,4,0,0,0,PortScan
80,17,20,1200,0,0,0,0,DoS-UDP
10149,6,6,360,6,0,0,0,PortScan
61589,6,2,120,2,0,0,0,PortScan
35972,6,4,240,4,0,0,0,PortScan
22,6,20,1200,0,0,20,0,SSH-Bruteforce
80,17,20,1200,0,0,0,0,DoS-UDP
36520,17,20,27980,0,0,0,0,BENIGN
0,1,20,1200,0,0,0,0,DoS-ICMP
80,17,20,1200,0,0,0,0,DoS-UDP
12194,6,4,240,4,0,0,0,PortScan
80,6,20,1480,20,0,0,0,DoS-HTTP
7512,6,9,522,9,9,0,0,SSH-Bruteforce
24494,6,7,406,7,7,0,0,SSH-Bruteforce
19709,6,7,406,7,7,0,0,SSH-Bruteforce
80,17,20,1200,0,0,0,0,DoS-UDP
0,1,20,1200,0,0,0,0,DoS-ICMP
0,1,20,840,0,0,0,0,DoS-ICMP
58282,6,2,120,2,0,0,0,PortScan
0,1,20,840,0,0,0,0,DoS-ICMP
27274,6,6,348,6,6,0,0,SSH-Bruteforce
80,6,20,1200,20,0,0,0,DoS-SYN-Flood
80,6,20,1480,20,0,0,0,DoS-HTTP
80,6,20,1480,20,0,0,0,DoS-HTTP
80,17,20,1200,0,0,0,0,DoS-UDP
59973,6,8,464,8,8,0,0,SSH-Bruteforce
80,6,20,1480,20,0,0,0,DoS-HTTP
7604,6,8,464,8,8,0,0,SSH-Bruteforce
50692,6,8,464,8,8,0,0,SSH-Bruteforce
80,6,20,1480,20,0,0,0,DoS-HTTP
0,1,20,1200,0,0,0,0,DoS-ICMP
60677,6,4,240,4,0,0,0,PortScan
80,6,20,1200,20,0,0,0,DoS-SYN-Flood
80,6,20,1200,20,0,0,0,DoS-SYN-Flood
80,17,20,1200,0,0,0,0,DoS-UDP
6261,6,9,522,9,9,0,0,SSH-Bruteforce
80,17,20,1200,0,0,0,0,DoS-UDP
80,6,20,1200,20,0,0,0,DoS-SYN-Flood
80,17,20,1200,0,0,0,0,DoS-UDP
0,1,20,1200,0,0,0,0,DoS-ICMP
80,6,20,1200,20,0,0,0,DoS-SYN-Flood
80,6,20,1200,20,0,0,0,DoS-SYN-Flood
22,6,20,1200,0,0,20,0,SSH-Bruteforce
0,1,20,840,0,0,0,0,DoS-ICMP
18865,6,2,120,2,0,0,0,PortScan
80,17,20,1200,0,0,0,0,DoS-UDP
22188,6,2,120,2,0,0,0,PortScan
80,17,20,1200,0,0,0,0,DoS-UDP
7221,6,4,240,4,0,0,0,PortScan
36520,17,20,27980,0,0,0,0,BENIGN
0,1,20,840,0,0,0,0,DoS-ICMP
0,1,20,840,0,0,0,0,DoS-ICMP
0,1,20,840,0,0,0,0,DoS-ICMP
0,1,20,1200,0,0,0,0,DoS-ICMP
0,1,20,1200,0,0,0,0,DoS-ICMP
36520,17,20,27980,0,0,0,0,BENIGN
33045,6,4,232,4,4,0,0,SSH-Bruteforce
0,1,20,1200,0,0,0,0,DoS-ICMP
0,1,20,840,0,0,0,0,DoS-ICMP
38069,6,2,120,2,0,0,0,PortScan
0,1,20,840,0,0,0,0,DoS-ICMP
13031,6,4,240,4,0,0,0,PortScan
80,17,20,1200,0,0,0,0,DoS-UDP
80,6,20,1200,20,0,0,0,DoS-SYN-Flood
443,6,20,1200,0,20,0,0,BENIGN
33240,6,20,29080,0,20,0,0,BENIGN
33240,6,20,29140,0,20,0,0,BENIGN
80,17,20,1200,0,0,0,0,DoS-UDP
0,1,20,840,0,0,0,0,DoS-ICMP
21623,6,8,464,8,8,0,0,SSH-Bruteforce
80,17,20,1200,0,0,0,0,DoS-UDP
80,6,20,1200,20,0,0,0,DoS-SYN-Flood
0,1,20,840,0,0,0,0,DoS-ICMP
80,17,20,1200,0,0,0,0,DoS-UDP
11420,6,4,240,4,0,0,0,PortScan
80,17,20,1200,0,0,0,0,DoS-UDP
41097,6,2,120,2,0,0,0,PortScan
80,6,20,1200,20,0,0,0,DoS-SYN-Flood
80,6,20,1200,20,0,0,0,DoS-SYN-Flood
0,1,20,1200,0,0,0,0,DoS-ICMP
80,6,20,1480,20,0,0,0,DoS-HTTP
443,6,20,2936,0,18,2,1,BENIGN
80,17,20,1200,0,0,0,0,DoS-UDP
80,6,20,1480,20,0,0,0,DoS-HTTP
0,1,20,1200,0,0,0,0,DoS-ICMP
80,6,20,1200,20,0,0,0,DoS-SYN-Flood
47895,6,4,240,4,0,0,0,PortScan
80,6,20,1200,20,0,0,0,DoS-SYN-Flood
80,17,20,1200,0,0,0,0,DoS-UDP
35854,6,20,27789,0,20,0,0,BENIGN
22,6,20,1200,20,0,0,0,SSH-Bruteforce
8928,6,10,580,10,10,0,0,SSH-Bruteforce
80,6,20,1480,20,0,0,0,DoS-HTTP
35854,6,20,30280,0,20,0,0,BENIGN
31126,6,7,406,7,7,0,0,SSH-Bruteforce
49430,6,4,240,4,0,0,0,PortScan
22,6,20,1200,20,0,0,0,SSH-Bruteforce
80,17,20,1200,0,0,0,0,DoS-UDP
22,6,20,1200,16,0,4,0,SSH-Bruteforce
80,17,20,1200,0,0,0,0,DoS-UDP
0,1,20,1200,0,0,0,0,DoS-ICMP
80,6,20,1200,20,0,0,0,DoS-SYN-Flood
80,6,20,1480,20,0,0,0,DoS-HTTP
0,1,20,840,0,0,0,0,DoS-ICMP
19963,6,2,120,2,0,0,0,PortScan
0,1,20,840,0,0,0,0,DoS-ICMP
80,17,20,1200,0,0,0,0,DoS-UDP
30265,6,2,120,2,0,0,0,PortScan
18997,6,6,348,6,6,0,0,SSH-Bruteforce
80,6,20,1480,20,0,0,0,DoS-HTTP
80,17,20,1200,0,0,0,0,DoS-UDP
32519,6,4,240,4,0,0,0,PortScan
0,1,20,840,0,0,0,0,DoS-ICMP
26130,6,2,120,2,0,0,0,PortScan
80,17,20,1200,0,0,0,0,DoS-UDP
9466,6,6,360,6,0,0,0,PortScan
80,17,20,1200,0,0,0,0,DoS-UDP
0,1,20,1200,0,0,0,0,DoS-ICMP
80,6,20,1200,20,0,0,0,DoS-SYN-Flood
80,6,20,1480,20,0,0,0,DoS-HTTP
30920,6,2,120,2,0,0,0,PortScan
0,1,20,840,0,0,0,0,DoS-ICMP
53258,6,4,240,4,0,0,0,PortScan
25901,6,5,290,5,5,0,0,SSH-Bruteforce
80,6,20,1200,20,0,0,0,DoS-SYN-Flood
16875,6,6,348,6,6,0,0,SSH-Bruteforce
80,6,20,1200,20,0,0,0,DoS-SYN-Flood
38362,6,9,522,9,9,0,0,SSH-Bruteforce
80,6,20,1480,20,0,0,0,DoS-HTTP
80,17,20,1200,0,0,0,0,DoS-UDP
80,6,20,1200,20,0,0,0,DoS-SYN-Flood
80,6,20,1480,20,0,0,0,DoS-HTTP
0,1,20,1200,0,0,0,0,DoS-ICMP
80,6,20,1200,20,0,0,0,DoS-SYN-Flood
30964,6,4,240,4,0,0,0,PortScan
80,6,20,1200,20,0,0,0,DoS-SYN-Flood
80,17,20,1200,0,0,0,0,DoS-UDP
10693,6,8,464,8,8,0,0,SSH-Bruteforce
40882,6,2,120,2,0,0,0,PortScan
80,6,20,1480,20,0,0,0,DoS-HTTP
0,1,20,1200,0,0,0,0,DoS-ICMP
35854,6,20,14468,0,20,0,0,BENIGN
80,17,20,1200,0,0,0,0,DoS-UDP
80,6,20,1200,20,0,0,0,DoS-SYN-Flood
0,1,20,1200,0,0,0,0,DoS-ICMP
22,6,20,1200,0,0,20,0,SSH-Bruteforce
80,17,20,1200,0,0,0,0,DoS-UDP
80,17,20,1200,0,0,0,0,DoS-UDP
31772,6,2,120,2,0,0,0,PortScan
80,17,20,1200,0,0,0,0,DoS-UDP
80,6,20,1200,20,0,0,0,DoS-SYN-Flood
80,17,20,1200,0,0,0,0,DoS-UDP
80,17,20,1200,0,0,0,0,DoS-UDP
0,1,20,1200,0,0,0,0,DoS-ICMP
26385,6,4,240,4,0,0,0,PortScan
80,6,20,1480,20,0,0,0,DoS-HTTP
80,6,20,1200,20,0,0,0,DoS-SYN-Flood
80,17,20,1200,0,0,0,0,DoS-UDP
80,17,20,1200,0,0,0,0,DoS-UDP
80,6,20,1200,20,0,0,0,DoS-SYN-Flood
28993,6,7,406,7,7,0,0,SSH-Bruteforce
80,17,20,1200,0,0,0,0,DoS-UDP
34626,6,4,240,4,0,0,0,PortScan
20191,6,2,120,2,0,0,0,PortScan
80,6,20,1200,20,0,0,0,DoS-SYN-Flood
0,1,20,1200,0,0,0,0,DoS-ICMP
22,6,20,1200,4,0,16,0,SSH-Bruteforce
80,17,20,1200,0,0,0,0,DoS-UDP
22,6,20,1200,0,0,20,0,SSH-Bruteforce
46812,6,2,120,2,0,0,0,PortScan
80,17,20,1200,0,0,0,0,DoS-UDP
80,17,20,1200,0,0,0,0,DoS-UDP
0,1,20,840,0,0,0,0,DoS-ICMP
33240,6,20,27692,0,20,0,0,BENIGN
80,6,20,1200,20,0,0,0,DoS-SYN-Flood
22080,6,4,240,4,0,0,0,PortScan
80,17,20,1200,0,0,0,0,DoS-UDP
80,17,20,1200,0,0,0,0,DoS-UDP
80,17,20,1200,0,0,0,0,DoS-UDP
10251,6,4,240,4,0,0,0,PortScan
6531,6,7,406,7,7,0,0,SSH-Bruteforce
0,1,20,840,0,0,0,0,DoS-ICMP
0,1,20,840,0,0,0,0,DoS-ICMP
0,1,20,840,0,0,0,0,DoS-ICMP
80,6,20,1200,20,0,0,0,DoS-SYN-Flood
4166,6,4,240,4,0,0,0,PortScan
0,1,20,1200,0,0,0,0,DoS-ICMP
80,6,20,1480,20,0,0,0,DoS-HTTP
19622,6,2,120,2,0,0,0,PortScan
57488,6,2,120,2,0,0,0,PortScan
60957,6,4,240,4,0,0,0,PortScan
80,6,20,1480,20,0,0,0,DoS-HTTP
80,17,20,1200,0,0,0,0,DoS-UDP
0,1,20,840,0,0,0,0,DoS-ICMP
80,17,20,1200,0,0,0,0,DoS-UDP
80,6,20,1200,20,0,0,0,DoS-SYN-Flood
80,6,20,1480,20,0,0,0,DoS-HTTP
80,6,20,1200,20,0,0,0,DoS-SYN-Flood
80,17,20,1200,0,0,0,0,DoS-UDP
80,6,20,1480,20,0,0,0,DoS-HTTP
80,6,20,1200,20,0,0,0,DoS-SYN-Flood
46822,6,2,120,2,0,0,0,PortScan
19005,6,6,348,6,6,0,0,SSH-Bruteforce
80,17,20,1200,0,0,0,0,DoS-UDP
80,6,20,1480,20,0,0,0,DoS-HTTP
80,17,20,1200,0,0,0,0,DoS-UDP
80,17,20,1200,0,0,0,0,DoS-UDP
80,6,20,1200,20,0,0,0,DoS-SYN-Flood
43678,17,20,27980,0,0,0,0,BENIGN
80,17,20,1200,0,0,0,0,DoS-UDP
80,17,20,1200,0,0,0,0,DoS-UDP
80,6,20,1480,20,0,0,0,DoS-HTTP
39905,6,12,696,12,12,0,0,SSH-Bruteforce
21676,6,4,240,4,0,0,0,PortScan
60999,6,5,290,5,5,0,0,SSH-Bruteforce
47094,17,20,27641,0,0,0,0,BENIGN
36520,17,20,27980,0,0,0,0,BENIGN
80,6,20,1480,20,0,0,0,DoS-HTTP
38960,6,10,580,10,10,0,0,SSH-Bruteforce
80,17,20,1200,0,0,0,0,DoS-UDP
80,6,20,1200,20,0,0,0,DoS-SYN-Flood
22,6,20,1200,0,0,20,0,SSH-Bruteforce
80,17,20,1200,0,0,0,0,DoS-UDP
36520,17,20,27980,0,0,0,0,BENIGN
80,17,20,1200,0,0,0,0,DoS-UDP
80,6,20,1480,20,0,0,0,DoS-HTTP
80,6,20,1480,20,0,0,0,DoS-HTTP
22,6,20,1200,4,0,16,0,SSH-Bruteforce
80,6,20,1480,20,0,0,0,DoS-HTTP
80,6,20,1200,20,0,0,0,DoS-SYN-Flood
22,6,20,1200,20,0,0,0,SSH-Bruteforce
45177,6,6,348,6,6,0,0,SSH-Bruteforce
80,17,20,1200,0,0,0,0,DoS-UDP
80,6,20,1480,20,0,0,0,DoS-HTTP
80,17,20,1200,0,0,0,0,DoS-UDP
80,6,20,1200,20,0,0,0,DoS-SYN-Flood
80,6,20,1200,20,0,0,0,DoS-SYN-Flood
6172,6,4,240,4,0,0,0,PortScan
0,1,20,1200,0,0,0,0,DoS-ICMP
18066,6,7,406,7,7,0,0,SSH-Bruteforce
80,6,20,1480,20,0,0,0,DoS-HTTP
80,17,20,1200,0,0,0,0,DoS-UDP
80,6,20,1480,20,0,0,0,DoS-HTTP
80,17,20,1200,0,0,0,0,DoS-UDP
34554,6,2,120,2,0,0,0,PortScan
36520,17,20,27980,0,0,0,0,BENIGN
43777,6,7,406,7,7,0,0,SSH-Bruteforce
80,6,20,1200,20,0,0,0,DoS-SYN-Flood
30776,6,2,120,2,0,0,0,PortScan
22,6,20,1200,2,0,18,0,SSH-Bruteforce
80,6,20,1200,20,0,0,0,DoS-SYN-Flood
80,6,20,1480,20,0,0,0,DoS-HTTP
80,17,20,1200,0,0,0,0,DoS-UDP
22,6,20,1200,4,0,16,0,SSH-Bruteforce
33240,6,20,28900,0,20,0,0,BENIGN
23518,6,2,120,2,0,0,0,PortScan
22,6,20,1200,20,0,0,0,SSH-Bruteforce
22,6,20,1200,20,0,0,0,SSH-Bruteforce
80,6,20,1200,20,0,0,0,DoS-SYN-Flood
80,17,20,1200,0,0,0,0,DoS-UDP
80,6,20,1200,20,0,0,0,DoS-SYN-Flood
80,17,20,1200,0,0,0,0,DoS-UDP
80,6,20,1200,20,0,0,0,DoS-SYN-Flood
80,6,20,1200,20,0,0,0,DoS-SYN-Flood
0,1,20,840,0,0,0,0,DoS-ICMP
80,6,20,1200,20,0,0,0,DoS-SYN-Flood
60394,17,20,27577,0,0,0,0,BENIGN
80,6,20,1480,20,0,0,0,DoS-HTTP
80,17,20,1200,0,0,0,0,DoS-UDP
61228,6,2,120,2,0,0,0,PortScan
42458,6,7,406,7,7,0,0,SSH-Bruteforce
80,6,20,1480,20,0,0,0,DoS-HTTP
80,17,20,1200,0,0,0,0,DoS-UDP
0,1,20,1200,0,0,0,0,DoS-ICMP
22,6,20,1200,0,0,20,0,SSH-Bruteforce
80,6,20,1480,20,0,0,0,DoS-HTTP
41614,6,12,696,12,12,0,0,SSH-Bruteforce
80,6,20,1200,20,0,0,0,DoS-SYN-Flood
80,17,20,1200,0,0,0,0,DoS-UDP
80,6,20,1200,20,0,0,0,DoS-SYN-Flood
46760,6,10,580,10,10,0,0,SSH-Bruteforce
31869,6,8,464,8,8,0,0,SSH-Bruteforce
22,6,20,1200,19,0,1,0,SSH-Bruteforce
36520,17,20,27980,0,0,0,0,BENIGN
16735,6,4,240,4,0,0,0,PortScan
80,6,20,1480,20,0,0,0,DoS-HTTP
41386,6,4,240,4,0,0,0,PortScan
80,17,20,1200,0,0,0,0,DoS-UDP
36520,17,20,27980,0,0,0,0,BENIGN
0,1,20,1200,0,0,0,0,DoS-ICMP
56232,6,6,348,6,6,0,0,SSH-Bruteforce
80,6,20,1480,20,0,0,0,DoS-HTTP
33240,6,20,28420,0,20,0,0,BENIGN
0,1,20,1200,0,0,0,0,DoS-ICMP
80,6,20,1480,20,0,0,0,DoS-HTTP
80,6,20,1480,20,0,0,0,DoS-HTTP
0,1,20,840,0,0,0,0,DoS-ICMP
0,1,20,1200,0,0,0,0,DoS-ICMP
36520,17,20,27973,0,0,0,0,BENIGN
80,17,20,1200,0,0,0,0,DoS-UDP
80,6,20,1480,20,0,0,0,DoS-HTTP
44874,6,4,240,4,0,0,0,PortScan
0,1,20,840,0,0,0,0,DoS-ICMP
45968,6,16,1881,1,16,0,1,BENIGN
20001,6,6,348,6,6,0,0,SSH-Bruteforce
0,1,20,1200,0,0,0,0,DoS-ICMP
80,6,20,1480,20,0,0,0,DoS-HTTP
80,6,20,1200,20,0,0,0,DoS-SYN-Flood
80,6,20,1480,20,0,0,0,DoS-HTTP
17216,6,2,120,2,0,0,0,PortScan
80,17,20,1200,0,0,0,0,DoS-UDP
42544,6,2,120,2,0,0,0,PortScan
80,6,20,1480,20,0,0,0,DoS-HTTP
80,6,20,1480,20,0,0,0,DoS-HTTP
42846,6,10,580,10,10,0,0,SSH-Bruteforce
80,17,20,1200,0,0,0,0,DoS-UDP
59769,17,20,27980,0,0,0,0,BENIGN
0,1,20,1200,0,0,0,0,DoS-ICMP
45447,17,20,27980,0,0,0,0,BENIGN
80,17,20,1200,0,0,0,0,DoS-UDP
80,6,20,1200,20,0,0,0,DoS-SYN-Flood
38695,6,7,406,7,7,0,0,SSH-Bruteforce
80,6,20,1200,20,0,0,0,DoS-SYN-Flood
10425,6,4,240,4,0,0,0,PortScan
80,6,20,1200,20,0,0,0,DoS-SYN-Flood
80,6,20,1200,20,0,0,0,DoS-SYN-Flood
19871,6,2,120,2,0,0,0,PortScan
36520,17,20,27980,0,0,0,0,BENIGN
58795,6,2,120,2,0,0,0,PortScan
80,17,20,1200,0,0,0,0,DoS-UDP
22,6,20,1200,0,0,20,0,SSH-Bruteforce
0,1,20,840,0,0,0,0,DoS-ICMP
15758,6,11,638,11,11,0,0,SSH-Bruteforce
22,6,20,1200,0,0,20,0,SSH-Bruteforce
80,17,20,1200,0,0,0,0,DoS-UDP
80,6,20,1480,20,0,0,0,DoS-HTTP
80,6,20,1200,20,0,0,0,DoS-SYN-Flood
46749,6,10,580,10,10,0,0,SSH-Bruteforce
0,1,20,840,0,0,0,0,DoS-ICMP
0,1,20,1200,0,0,0,0,DoS-ICMP
80,6,20,1480,20,0,0,0,DoS-HTTP
0,1,20,1200,0,0,0,0,DoS-ICMP
1589,6,6,360,6,0,0,0,PortScan
80,17,20,1200,0,0,0,0,DoS-UDP
13714,6,4,240,4,0,0,0,PortScan
0,1,20,1200,0,0,0,0,DoS-ICMP
20913,6,4,240,4,0,0,0,PortScan
80,6,20,1200,20,0,0,0,DoS-SYN-Flood
80,6,20,1200,20,0,0,0,DoS-SYN-Flood
80,17,20,1200,0,0,0,0,DoS-UDP
80,6,20,1200,20,0,0,0,DoS-SYN-Flood
24526,6,8,464,8,8,0,0,SSH-Bruteforce
80,6,20,1480,20,0,0,0,DoS-HTTP
43521,6,4,240,4,0,0,0,PortScan
0,1,20,840,0,0,0,0,DoS-ICMP
1885,6,4,240,4,0,0,0,PortScan
59660,6,2,120,2,0,0,0,PortScan
80,6,20,1480,20,0,0,0,DoS-HTTP
30330,6,2,120,2,0,0,0,PortScan
80,6,20,1200,20,0,0,0,DoS-SYN-Flood
13512,6,9,522,9,9,0,0,SSH-Bruteforce
40741,6,2,120,2,0,0,0,PortScan
80,6,20,1480,20,0,0,0,DoS-HTTP
14051,6,6,360,6,0,0,0,PortScan
6751,6,6,348,6,6,0,0,SSH-Bruteforce
80,6,20,1480,20,0,0,0,DoS-HTTP
80,6,20,1200,20,0,0,0,DoS-SYN-Flood
37433,6,9,522,9,9,0,0,SSH-Bruteforce
80,17,20,1200,0,0,0,0,DoS-UDP
80,17,20,1200,0,0,0,0,DoS-UDP
80,17,20,1200,0,0,0,0,DoS-UDP
37949,6,4,240,4,0,0,0,PortScan
45798,6,2,120,2,0,0,0,PortScan
0,1,20,840,0,0,0,0,DoS-ICMP
26209,6,4,240,4,0,0,0,PortScan
80,6,20,1200,20,0,0,0,DoS-SYN-Flood
0,1,20,1200,0,0,0,0,DoS-ICMP
63877,6,2,120,2,0,0,0,PortScan
0,1,20,840,0,0,0,0,DoS-ICMP
0,1,20,840,0,0,0,0,DoS-ICMP
0,1,20,1200,0,0,0,0,DoS-ICMP
22,6,20,1200,0,0,20,0,SSH-Bruteforce
21864,6,2,120,2,0,0,0,PortScan
0,1,20,1200,0,0,0,0,DoS-ICMP
36520,17,20,27980,0,0,0,0,BENIGN
80,6,20,1200,20,0,0,0,DoS-SYN-Flood
0,1,20,840,0,0,0,0,DoS-ICMP
4978,6,4,240,4,0,0,0,PortScan
80,6,20,1200,20,0,0,0,DoS-SYN-Flood
80,6,20,1200,20,0,0,0,DoS-SYN-Flood
22,6,20,1200,0,0,20,0,SSH-Bruteforce
80,6,20,1200,20,0,0,0,DoS-SYN-Flood
80,6,20,1480,20,0,0,0,DoS-HTTP
45104,6,4,240,4,0,0,0,PortScan
0,1,20,840,0,0,0,0,DoS-ICMP
60629,6,4,240,4,0,0,0,PortScan
80,6,20,1200,20,0,0,0,DoS-SYN-Flood
24871,6,2,120,2,0,0,0,PortScan
58583,6,7,406,7,7,0,0,SSH-Bruteforce
80,17,20,1200,0,0,0,0,DoS-UDP
80,6,20,1200,20,0,0,0,DoS-SYN-Flood
80,17,20,1200,0,0,0,0,DoS-UDP
80,6,20,1480,20,0,0,0,DoS-HTTP
36520,17,20,27980,0,0,0,0,BENIGN
2063,6,4,240,4,0,0,0,PortScan
60886,6,20,29080,0,20,0,0,BENIGN
33240,6,20,29020,0,20,0,0,BENIGN
62809,6,4,240,4,0,0,0,PortScan
33530,6,2,120,2,0,0,0,PortScan
54392,6,4,232,4,4,0,0,SSH-Bruteforce
80,17,20,1200,0,0,0,0,DoS-UDP
80,6,20,1200,20,0,0,0,DoS-SYN-Flood
60886,6,20,29020,0,20,0,0,BENIGN
28753,6,4,240,4,0,0,0,PortScan
11662,6,4,240,4,0,0,0,PortScan
80,17,20,1200,0,0,0,0,DoS-UDP
0,1,20,840,0,0,0,0,DoS-ICMP
80,17,20,1200,0,0,0,0,DoS-UDP
80,6,20,1200,20,0,0,0,DoS-SYN-Flood
80,17,20,1200,0,0,0,0,DoS-UDP
80,17,20,1200,0,0,0,0,DoS-UDP
80,17,20,1200,0,0,0,0,DoS-UDP
80,17,20,1200,0,0,0,0,DoS-UDP
80,17,20,1200,0,0,0,0,DoS-UDP
30701,6,8,464,8,8,0,0,SSH-Bruteforce
39902,17,1,1391,0,0,0,0,BENIGN
0,1,20,840,0,0,0,0,DoS-ICMP
80,17,20,1200,0,0,0,0,DoS-UDP
0,1,20,1200,0,0,0,0,DoS-ICMP
20222,6,5,290,5,5,0,0,SSH-Bruteforce
80,17,20,1200,0,0,0,0,DoS-UDP
0,1,20,840,0,0,0,0,DoS-ICMP
80,17,20,1200,0,0,0,0,DoS-UDP
80,6,20,1480,20,0,0,0,DoS-HTTP
63621,6,5,290,5,5,0,0,SSH-Bruteforce
80,6,20,1480,20,0,0,0,DoS-HTTP
0,1,20,840,0,0,0,0,DoS-ICMP
0,1,20,1200,0,0,0,0,DoS-ICMP
0,1,20,840,0,0,0,0,DoS-ICMP
80,6,20,1200,20,0,0,0,DoS-SYN-Flood
0,1,20,840,0,0,0,0,DoS-ICMP
80,6,20,1200,20,0,0,0,DoS-SYN-Flood
0,1,20,840,0,0,0,0,DoS-ICMP
0,1,20,840,0,0,0,0,DoS-ICMP
80,6,20,1200,20,0,0,0,DoS-SYN-Flood
80,6,20,1480,20,0,0,0,DoS-HTTP
80,17,20,1200,0,0,0,0,DoS-UDP
10296,6,4,240,4,0,0,0,PortScan
56010,6,2,120,2,0,0,0,PortScan
80,6,20,1480,20,0,0,0,DoS-HTTP
0,1,20,1200,0,0,0,0,DoS-ICMP
44199,6,6,348,6,6,0,0,SSH-Bruteforce
0,1,20,1200,0,0,0,0,DoS-ICMP
80,6,20,1200,20,0,0,0,DoS-SYN-Flood
80,6,20,1480,20,0,0,0,DoS-HTTP
11685,6,4,240,4,0,0,0,PortScan
80,6,20,1200,20,0,0,0,DoS-SYN-Flood
45447,17,20,27980,0,0,0,0,BENIGN
80,6,20,1200,20,0,0,0,DoS-SYN-Flood
0,1,20,1200,0,0,0,0,DoS-ICMP
80,6,20,1200,20,0,0,0,DoS-SYN-Flood
80,17,20,1200,0,0,0,0,DoS-UDP
39390,6,2,120,2,0,0,0,PortScan
55811,6,2,120,2,0,0,0,PortScan
0,1,20,1200,0,0,0,0,DoS-ICMP
0,1,20,1200,0,0,0,0,DoS-ICMP
33482,6,2,120,2,0,0,0,PortScan
80,17,20,1200,0,0,0,0,DoS-UDP
80,6,20,1480,20,0,0,0,DoS-HTTP
80,17,20,1200,0,0,0,0,DoS-UDP
43678,17,20,27980,0,0,0,0,BENIGN
80,6,20,1200,20,0,0,0,DoS-SYN-Flood
22,6,20,1200,20,0,0,0,SSH-Bruteforce
80,17,20,1200,0,0,0,0,DoS-UDP
80,6,20,1480,20,0,0,0,DoS-HTTP
80,17,20,1200,0,0,0,0,DoS-UDP
80,17,20,1200,0,0,0,0,DoS-UDP
80,6,20,1200,20,0,0,0,DoS-SYN-Flood
80,6,20,1480,20,0,0,0,DoS-HTTP
80,17,20,1200,0,0,0,0,DoS-UDP
80,6,20,1480,20,0,0,0,DoS-HTTP
0,1,20,840,0,0,0,0,DoS-ICMP
80,17,20,1200,0,0,0,0,DoS-UDP
80,6,20,1480,20,0,0,0,DoS-HTTP
80,17,20,1200,0,0,0,0,DoS-UDP
80,6,20,1200,20,0,0,0,DoS-SYN-Flood
80,17,20,1200,0,0,0,0,DoS-UDP
80,6,20,1480,20,0,0,0,DoS-HTTP
35657,6,8,464,8,8,0,0,SSH-Bruteforce
80,6,20,1200,20,0,0,0,DoS-SYN-Flood
0,1,20,840,0,0,0,0,DoS-ICMP
34659,6,8,464,8,8,0,0,SSH-Bruteforce
36520,17,20,27980,0,0,0,0,BENIGN
80,17,20,1200,0,0,0,0,DoS-UDP
0,1,20,840,0,0,0,0,DoS-ICMP
80,6,20,1200,20,0,0,0,DoS-SYN-Flood
36520,17,20,27980,0,0,0,0,BENIGN
48017,6,11,638,11,11,0,0,SSH-Bruteforce
80,6,20,1200,20,0,0,0,DoS-SYN-Flood
48687,6,4,240,4,0,0,0,PortScan
80,6,20,1200,20,0,0,0,DoS-SYN-Flood
0,1,20,1200,0,0,0,0,DoS-ICMP
80,6,20,1480,20,0,0,0,DoS-HTTP
45424,6,20,19536,0,20,0,0,BENIGN
19634,6,6,348,6,6,0,0,SSH-Bruteforce
0,1,20,840,0,0,0,0,DoS-ICMP
80,17,20,1200,0,0,0,0,DoS-UDP
80,17,20,1200,0,0,0,0,DoS-UDP
10222,6,9,522,9,9,0,0,SSH-Bruteforce
0,1,20,1200,0,0,0,0,DoS-ICMP
22,6,20,1200,20,0,0,0,SSH-Bruteforce
80,6,20,1480,20,0,0,0,DoS-HTTP
80,6,20,1200,20,0,0,0,DoS-SYN-Flood
80,6,20,1200,20,0,0,0,DoS-SYN-Flood
22151,6,2,120,2,0,0,0,PortScan
80,6,20,1480,20,0,0,0,DoS-HTTP
80,17,20,1200,0,0,0,0,DoS-UDP
80,17,20,1200,0,0,0,0,DoS-UDP
80,17,20,1200,0,0,0,0,DoS-UDP
80,6,20,1200,20,0,0,0,DoS-SYN-Flood
58151,6,7,406,7,7,0,0,SSH-Bruteforce
80,17,20,1200,0,0,0,0,DoS-UDP
80,6,20,1480,20,0,0,0,DoS-HTTP
22,6,20,1200,0,0,20,0,SSH-Bruteforce
80,6,20,1480,20,0,0,0,DoS-HTTP
80,17,20,1200,0,0,0,0,DoS-UDP
80,6,20,1480,20,0,0,0,DoS-HTTP
443,6,20,3422,1,18,1,1,BENIGN
80,6,20,1200,20,0,0,0,DoS-SYN-Flood
0,1,20,1200,0,0,0,0,DoS-ICMP
80,6,20,1200,20,0,0,0,DoS-SYN-Flood
80,6,20,1200,20,0,0,0,DoS-SYN-Flood
0,1,20,1200,0,0,0,0,DoS-ICMP
8762,6,6,348,6,6,0,0,SSH-Bruteforce
0,1,20,1200,0,0,0,0,DoS-ICMP
54814,6,7,406,7,7,0,0,SSH-Bruteforce
80,6,20,1200,20,0,0,0,DoS-SYN-Flood
80,6,20,1480,20,0,0,0,DoS-HTTP
53272,6,20,29680,0,20,0,0,BENIGN
57729,6,4,240,4,0,0,0,PortScan
80,6,20,1480,20,0,0,0,DoS-HTTP
80,17,20,1200,0,0,0,0,DoS-UDP
22,6,20,1200,0,0,20,0,SSH-Bruteforce
2666,6,4,240,4,0,0,0,PortScan
80,6,20,1480,20,0,0,0,DoS-HTTP
7516,6,4,240,4,0,0,0,PortScan
80,17,20,1200,0,0,0,0,DoS-UDP
80,6,20,1200,20,0,0,0,DoS-SYN-Flood
80,6,20,1480,20,0,0,0,DoS-HTTP
0,1,20,1200,0,0,0,0,DoS-ICMP
51771,6,2,120,2,0,0,0,PortScan
11377,6,6,348,6,6,0,0,SSH-Bruteforce
80,6,20,1480,20,0,0,0,DoS-HTTP
80,17,20,1200,0,0,0,0,DoS-UDP
63029,6,6,348,6,6,0,0,SSH-Bruteforce
80,6,20,1200,20,0,0,0,DoS-SYN-Flood
1474,6,5,290,5,5,0,0,SSH-Bruteforce
80,17,20,1200,0,0,0,0,DoS-UDP
80,6,20,1480,20,0,0,0,DoS-HTTP
7582,6,7,406,7,7,0,0,SSH-Bruteforce
80,6,20,1480,20,0,0,0,DoS-HTTP
22,6,20,1200,20,0,0,0,SSH-Bruteforce
80,6,20,1200,20,0,0,0,DoS-SYN-Flood
80,6,20,1200,20,0,0,0,DoS-SYN-Flood
80,17,20,1200,0,0,0,0,DoS-UDP
80,6,20,1480,20,0,0,0,DoS-HTTP
0,1,20,840,0,0,0,0,DoS-ICMP
37226,6,11,4337,1,11,0,1,BENIGN
80,6,20,1200,20,0,0,0,DoS-SYN-Flood
80,6,20,1200,20,0,0,0,DoS-SYN-Flood
80,6,20,1480,20,0,0,0,DoS-HTTP
80,6,20,1200,20,0,0,0,DoS-SYN-Flood
7253,6,4,240,4,0,0,0,PortScan
10220,6,4,240,4,0,0,0,PortScan
80,6,20,1480,20,0,0,0,DoS-HTTP
54289,6,4,240,4,0,0,0,PortScan
80,6,20,1200,20,0,0,0,DoS-SYN-Flood
36520,17,20,27980,0,0,0,0,BENIGN
60374,6,4,240,4,0,0,0,PortScan
0,1,20,1200,0,0,0,0,DoS-ICMP
0,1,20,840,0,0,0,0,DoS-ICMP
80,6,20,1200,20,0,0,0,DoS-SYN-Flood
58156,6,2,120,2,0,0,0,PortScan
12454,6,6,360,6,0,0,0,PortScan
36520,17,20,27980,0,0,0,0,BENIGN
80,6,20,1200,20,0,0,0,DoS-SYN-Flood
80,17,20,1200,0,0,0,0,DoS-UDP
80,6,20,1480,20,0,0,0,DoS-HTTP
0,1,20,840,0,0,0,0,DoS-ICMP
80,6,20,1480,20,0,0,0,DoS-HTTP
80,17,20,1200,0,0,0,0,DoS-UDP
2972,6,4,240,4,0,0,0,PortScan
28488,6,8,464,8,8,0,0,SSH-Bruteforce
48806,17,20,27980,0,0,0,0,BENIGN
52568,6,2,120,2,0,0,0,PortScan
22,6,20,1200,20,0,0,0,SSH-Bruteforce
22,6,20,1200,20,0,0,0,SSH-Bruteforce
80,6,20,1200,20,0,0,0,DoS-SYN-Flood
80,17,20,1200,0,0,0,0,DoS-UDP
80,6,20,1200,20,0,0,0,DoS-SYN-Flood
80,6,20,1200,20,0,0,0,DoS-SYN-Flood
53308,6,20,29320,0,20,0,0,BENIGN
45979,17,2,439,0,0,0,0,BENIGN
80,6,20,1480,20,0,0,0,DoS-HTTP
0,1,20,840,0,0,0,0,DoS-ICMP
54886,6,2,120,2,0,0,0,PortScan
15057,6,4,240,4,0,0,0,PortScan
80,6,20,1480,20,0,0,0,DoS-HTTP
60886,6,20,27022,0,20,0,0,BENIGN
80,6,20,1480,20,0,0,0,DoS-HTTP
22,6,20,1200,20,0,0,0,SSH-Bruteforce
80,6,20,1200,20,0,0,0,DoS-SYN-Flood
80,17,20,1200,0,0,0,0,DoS-UDP
8650,6,4,240,4,0,0,0,PortScan
80,6,20,1200,20,0,0,0,DoS-SYN-Flood
80,17,20,1200,0,0,0,0,DoS-UDP
80,6,20,1200,20,0,0,0,DoS-SYN-Flood
80,17,20,1200,0,0,0,0,DoS-UDP
0,1,20,1200,0,0,0,0,DoS-ICMP
80,17,20,1200,0,0,0,0,DoS-UDP
80,6,20,1200,20,0,0,0,DoS-SYN-Flood
53308,6,20,29320,0,20,0,0,BENIGN
80,17,20,1200,0,0,0,0,DoS-UDP
80,6,20,1200,20,0,0,0,DoS-SYN-Flood
80,6,20,1200,20,0,0,0,DoS-SYN-Flood
58337,6,3,174,3,3,0,0,SSH-Bruteforce
0,1,20,840,0,0,0,0,DoS-ICMP
22,6,20,1200,20,0,0,0,SSH-Bruteforce
80,17,20,1200,0,0,0,0,DoS-UDP
22,6,20,1200,20,0,0,0,SSH-Bruteforce
0,1,20,840,0,0,0,0,DoS-ICMP
80,17,20,1200,0,0,0,0,DoS-UDP
80,17,20,1200,0,0,0,0,DoS-UDP
33557,6,9,522,9,9,0,0,SSH-Bruteforce
13433,6,12,696,12,12,0,0,SSH-Bruteforce
0,1,20,840,0,0,0,0,DoS-ICMP
57935,6,4,240,4,0,0,0,PortScan
13183,6,11,638,11,11,0,0,SSH-Bruteforce
13082,6,4,240,4,0,0,0,PortScan
80,6,20,1480,20,0,0,0,DoS-HTTP
556,6,4,240,4,0,0,0,PortScan
0,1,20,840,0,0,0,0,DoS-ICMP
80,6,20,1480,20,0,0,0,DoS-HTTP
0,1,20,1200,0,0,0,0,DoS-ICMP
32925,6,9,522,9,9,0,0,SSH-Bruteforce
28450,6,4,240,4,0,0,0,PortScan
80,6,20,1200,20,0,0,0,DoS-SYN-Flood
80,6,20,1200,20,0,0,0,DoS-SYN-Flood
20879,6,8,464,8,8,0,0,SSH-Bruteforce
0,1,20,840,0,0,0,0,DoS-ICMP
40074,6,2,120,2,0,0,0,PortScan
80,6,20,1200,20,0,0,0,DoS-SYN-Flood
22,6,20,1200,0,0,20,0,SSH-Bruteforce
80,6,20,1480,20,0,0,0,DoS-HTTP
80,17,20,1200,0,0,0,0,DoS-UDP
80,17,20,1200,0,0,0,0,DoS-UDP
0,1,20,1200,0,0,0,0,DoS-ICMP
62769,6,4,240,4,0,0,0,PortScan
47118,6,4,240,4,0,0,0,PortScan
80,6,20,1480,20,0,0,0,DoS-HTTP
53272,6,20,29140,0,20,0,0,BENIGN
59121,6,6,348,6,6,0,0,SSH-Bruteforce
80,6,20,1200,20,0,0,0,DoS-SYN-Flood
55814,6,6,348,6,6,0,0,SSH-Bruteforce
80,6,20,1480,20,0,0,0,DoS-HTTP
80,17,20,1200,0,0,0,0,DoS-UDP
63641,6,2,120,2,0,0,0,PortScan
80,17,20,1200,0,0,0,0,DoS-UDP
0,1,20,840,0,0,0,0,DoS-ICMP
80,6,20,1480,20,0,0,0,DoS-HTTP
0,1,20,840,0,0,0,0,DoS-ICMP
80,17,20,1200,0,0,0,0,DoS-UDP
80,17,20,1200,0,0,0,0,DoS-UDP
45974,6,2,120,2,0,0,0,PortScan
80,6,20,1200,20,0,0,0,DoS-SYN-Flood
80,17,20,1200,0,0,0,0,DoS-UDP
80,17,20,1200,0,0,0,0,DoS-UDP
22771,6,2,120,2,0,0,0,PortScan
80,6,20,1480,20,0,0,0,DoS-HTTP
0,1,20,1200,0,0,0,0,DoS-ICMP
80,17,20,1200,0,0,0,0,DoS-UDP
80,6,20,1480,20,0,0,0,DoS-HTTP
39902,17,20,27980,0,0,0,0,BENIGN
80,6,20,1480,20,0,0,0,DoS-HTTP
80,17,20,1200,0,0,0,0,DoS-UDP
80,17,20,1200,0,0,0,0,DoS-UDP
0,1,20,1200,0,0,0,0,DoS-ICMP
36564,6,9,522,9,9,0,0,SSH-Bruteforce
60886,6,20,29700,0,20,0,0,BENIGN
0,1,20,1200,0,0,0,0,DoS-ICMP
80,6,20,1200,20,0,0,0,DoS-SYN-Flood
80,17,20,1200,0,0,0,0,DoS-UDP
80,6,20,1480,20,0,0,0,DoS-HTTP
54829,17,20,24917,0,0,0,0,BENIGN
80,6,20,1200,20,0,0,0,DoS-SYN-Flood
11099,6,4,240,4,0,0,0,PortScan
36520,17,20,27980,0,0,0,0,BENIGN
47601,6,4,240,4,0,0,0,PortScan
80,6,20,1200,20,0,0,0,DoS-SYN-Flood
36520,17,20,27980,0,0,0,0,BENIGN
80,6,20,1200,20,0,0,0,DoS-SYN-Flood
80,17,20,1200,0,0,0,0,DoS-UDP
45424,6,20,24454,0,20,0,0,BENIGN
0,1,20,840,0,0,0,0,DoS-ICMP
80,6,20,1480,20,0,0,0,DoS-HTTP
10726,6,8,464,8,8,0,0,SSH-Bruteforce
11212,6,6,360,6,0,0,0,PortScan
20030,6,6,348,6,6,0,0,SSH-Bruteforce
80,6,20,1480,20,0,0,0,DoS-HTTP
63092,6,2,120,2,0,0,0,PortScan
0,1,20,1200,0,0,0,0,DoS-ICMP
44576,6,4,240,4,0,0,0,PortScan
80,6,20,1480,20,0,0,0,DoS-HTTP
29116,6,6,348,6,6,0,0,SSH-Bruteforce
0,1,20,1200,0,0,0,0,DoS-ICMP
80,6,20,1480,20,0,0,0,DoS-HTTP
80,17,20,1200,0,0,0,0,DoS-UDP
0,1,20,1200,0,0,0,0,DoS-ICMP
80,17,20,1200,0,0,0,0,DoS-UDP
80,17,20,1200,0,0,0,0,DoS-UDP
22,6,20,1200,0,0,20,0,SSH-Bruteforce
80,6,20,1200,20,0,0,0,DoS-SYN-Flood
43993,6,4,240,4,0,0,0,PortScan
80,6,20,1480,20,0,0,0,DoS-HTTP
80,17,20,1200,0,0,0,0,DoS-UDP
0,1,20,1200,0,0,0,0,DoS-ICMP
36520,17,20,27980,0,0,0,0,BENIGN
80,17,20,1200,0,0,0,0,DoS-UDP
80,6,20,1480,20,0,0,0,DoS-HTTP
80,17,20,1200,0,0,0,0,DoS-UDP
0,1,20,1200,0,0,0,0,DoS-ICMP
80,6,20,1200,20,0,0,0,DoS-SYN-Flood
22,6,20,1200,0,0,20,0,SSH-Bruteforce
80,6,20,1200,20,0,0,0,DoS-SYN-Flood
0,1,20,840,0,0,0,0,DoS-ICMP
0,1,20,1200,0,0,0,0,DoS-ICMP
17758,6,7,406,7,7,0,0,SSH-Bruteforce
80,6,20,1480,20,0,0,0,DoS-HTTP
49140,6,2,120,2,0,0,0,PortScan
80,6,20,1480,20,0,0,0,DoS-HTTP
0,1,20,840,0,0,0,0,DoS-ICMP
0,1,20,840,0,0,0,0,DoS-ICMP
80,17,20,1200,0,0,0,0,DoS-UDP
47796,6,4,240,4,0,0,0,PortScan
80,6,20,1200,20,0,0,0,DoS-SYN-Flood
40141,6,2,120,2,0,0,0,PortScan
0,1,20,840,0,0,0,0,DoS-ICMP
6008,6,11,638,11,11,0,0,SSH-Bruteforce
80,6,20,1480,20,0,0,0,DoS-HTTP
26802,6,2,120,2,0,0,0,PortScan
80,6,20,1200,20,0,0,0,DoS-SYN-Flood
80,6,20,1480,20,0,0,0,DoS-HTTP
80,17,20,1200,0,0,0,0,DoS-UDP
0,1,20,1200,0,0,0,0,DoS-ICMP
443,17,20,1502,0,0,0,0,BENIGN
0,1,20,1200,0,0,0,0,DoS-ICMP
80,6,20,1480,20,0,0,0,DoS-HTTP
80,17,20,1200,0,0,0,0,DoS-UDP
8907,6,4,240,4,0,0,0,PortScan
0,1,20,1200,0,0,0,0,DoS-ICMP
80,6,20,1480,20,0,0,0,DoS-HTTP
22,6,20,1200,0,0,20,0,SSH-Bruteforce
22,6,20,1200,20,0,0,0,SSH-Bruteforce
49917,6,4,240,4,0,0,0,PortScan
38441,6,2,120,2,0,0,0,PortScan
0,1,20,840,0,0,0,0,DoS-ICMP
80,6,20,1200,20,0,0,0,DoS-SYN-Flood
59607,6,6,348,6,6,0,0,SSH-Bruteforce
80,6,20,1200,20,0,0,0,DoS-SYN-Flood
29120,6,2,120,2,0,0,0,PortScan
80,6,20,1200,20,0,0,0,DoS-SYN-Flood
0,1,20,840,0,0,0,0,DoS-ICMP
25939,6,2,120,2,0,0,0,PortScan
80,6,20,1480,20,0,0,0,DoS-HTTP
31995,6,2,120,2,0,0,0,PortScan
80,6,20,1200,20,0,0,0,DoS-SYN-Flood
22,6,20,1200,0,0,20,0,SSH-Bruteforce
80,6,20,1200,20,0,0,0,DoS-SYN-Flood
80,17,20,1200,0,0,0,0,DoS-UDP
22726,6,2,120,2,0,0,0,PortScan
54064,6,2,120,2,0,0,0,PortScan
3439,6,6,360,6,0,0,0,PortScan
80,6,20,1480,20,0,0,0,DoS-HTTP
80,6,20,1200,20,0,0,0,DoS-SYN-Flood
47822,6,20,28360,0,20,0,0,BENIGN
0,1,20,840,0,0,0,0,DoS-ICMP
80,6,20,1200,20,0,0,0,DoS-SYN-Flood
80,6,20,1200,20,0,0,0,DoS-SYN-Flood
22,6,20,1200,0,0,20,0,SSH-Bruteforce
0,1,20,840,0,0,0,0,DoS-ICMP
80,6,20,1480,20,0,0,0,DoS-HTTP
80,6,20,1200,20,0,0,0,DoS-SYN-Flood
80,6,20,1480,20,0,0,0,DoS-HTTP
50681,6,8,464,8,8,0,0,SSH-Bruteforce
57901,17,20,24670,0,0,0,0,BENIGN
969,6,6,348,6,6,0,0,SSH-Bruteforce
80,17,20,1200,0,0,0,0,DoS-UDP
80,6,20,1480,20,0,0,0,DoS-HTTP
0,1,20,840,0,0,0,0,DoS-ICMP
80,6,20,1200,20,0,0,0,DoS-SYN-Flood
40279,6,8,464,8,8,0,0,SSH-Bruteforce
6719,6,4,240,4,0,0,0,PortScan
80,6,20,1480,20,0,0,0,DoS-HTTP
14078,6,4,240,4,0,0,0,PortScan
35234,6,2,120,2,0,0,0,PortScan
9211,6,7,406,7,7,0,0,SSH-Bruteforce
52906,6,9,522,9,9,0,0,SSH-Bruteforce
22,6,20,1200,0,0,20,0,SSH-Bruteforce
80,17,20,1200,0,0,0,0,DoS-UDP
0,1,20,1200,0,0,0,0,DoS-ICMP
80,17,20,1200,0,0,0,0,DoS-UDP
15983,6,5,290,5,5,0,0,SSH-Bruteforce
48519,17,2,204,0,0,0,0,BENIGN
80,17,20,1200,0,0,0,0,DoS-UDP
80,6,20,1200,20,0,0,0,DoS-SYN-Flood
0,1,20,1200,0,0,0,0,DoS-ICMP
0,1,20,1200,0,0,0,0,DoS-ICMP
80,6,20,1480,20,0,0,0,DoS-HTTP
0,1,20,840,0,0,0,0,DoS-ICMP
0,1,20,840,0,0,0,0,DoS-ICMP
80,17,20,1200,0,0,0,0,DoS-UDP
36520,17,20,27980,0,0,0,0,BENIGN
80,6,20,1200,20,0,0,0,DoS-SYN-Flood
0,1,20,1200,0,0,0,0,DoS-ICMP
80,17,20,1200,0,0,0,0,DoS-UDP
80,6,20,1480,20,0,0,0,DoS-HTTP
80,6,20,1480,20,0,0,0,DoS-HTTP
80,6,20,1200,20,0,0,0,DoS-SYN-Flood
36520,17,20,27980,0,0,0,0,BENIGN
0,1,20,1200,0,0,0,0,DoS-ICMP
0,1,20,840,0,0,0,0,DoS-ICMP
80,6,20,1200,20,0,0,0,DoS-SYN-Flood
41040,6,2,120,2,0,0,0,PortScan
0,1,20,1200,0,0,0,0,DoS-ICMP
80,17,20,1200,0,0,0,0,DoS-UDP
80,6,20,1480,20,0,0,0,DoS-HTTP
80,6,20,1200,20,0,0,0,DoS-SYN-Flood
80,6,20,1480,20,0,0,0,DoS-HTTP
41314,6,7,406,7,7,0,0,SSH-Bruteforce
55487,6,7,406,7,7,0,0,SSH-Bruteforce
80,6,20,1200,20,0,0,0,DoS-SYN-Flood
64601,6,2,120,2,0,0,0,PortScan
80,17,20,1200,0,0,0,0,DoS-UDP
47271,6,5,290,5,5,0,0,SSH-Bruteforce
80,6,20,1480,20,0,0,0,DoS-HTTP
80,6,20,1480,20,0,0,0,DoS-HTTP
80,6,20,1480,20,0,0,0,DoS-HTTP
22,6,20,1200,4,0,16,0,SSH-Bruteforce
80,6,20,1480,20,0,0,0,DoS-HTTP
50787,6,7,406,7,7,0,0,SSH-Bruteforce
80,6,20,1480,20,0,0,0,DoS-HTTP
57818,6,2,120,2,0,0,0,PortScan
80,17,20,1200,0,0,0,0,DoS-UDP
80,17,20,1200,0,0,0,0,DoS-UDP
80,6,20,1480,20,0,0,0,DoS-HTTP
80,6,20,1200,20,0,0,0,DoS-SYN-Flood
80,6,20,1480,20,0,0,0,DoS-HTTP
80,6,20,1200,20,0,0,0,DoS-SYN-Flood
22932,6,2,120,2,0,0,0,PortScan
80,6,20,1200,20,0,0,0,DoS-SYN-Flood
58524,6,2,120,2,0,0,0,PortScan
80,17,20,1200,0,0,0,0,DoS-UDP
15458,6,7,406,7,7,0,0,SSH-Bruteforce
4557,6,4,240,4,0,0,0,PortScan
80,17,20,1200,0,0,0,0,DoS-UDP
80,6,20,1480,20,0,0,0,DoS-HTTP
31612,6,2,120,2,0,0,0,PortScan
5251,6,11,638,11,11,0,0,SSH-Bruteforce
0,1,20,840,0,0,0,0,DoS-ICMP
0,1,20,1200,0,0,0,0,DoS-ICMP
80,17,20,1200,0,0,0,0,DoS-UDP
80,6,20,1480,20,0,0,0,DoS-HTTP
4615,6,4,240,4,0,0,0,PortScan
65043,6,6,348,6,6,0,0,SSH-Bruteforce
9507,6,4,240,4,0,0,0,PortScan
80,17,20,1200,0,0,0,0,DoS-UDP
80,6,20,1480,20,0,0,0,DoS-HTTP
80,6,20,1480,20,0,0,0,DoS-HTTP
80,6,20,1200,20,0,0,0,DoS-SYN-Flood
80,6,20,1200,20,0,0,0,DoS-SYN-Flood
0,1,20,840,0,0,0,0,DoS-ICMP
138,17,3,729,0,0,0,0,DoS-HTTP
80,6,20,1480,20,0,0,0,DoS-HTTP
80,6,20,1480,20,0,0,0,DoS-HTTP
0,1,20,840,0,0,0,0,DoS-ICMP
80,6,20,1480,20,0,0,0,DoS-HTTP
17696,6,2,120,2,0,0,0,PortScan
41973,6,7,406,7,7,0,0,SSH-Bruteforce
0,1,20,1200,0,0,0,0,DoS-ICMP
8478,6,4,240,4,0,0,0,PortScan
80,6,20,1200,20,0,0,0,DoS-SYN-Flood
52184,6,2,120,2,0,0,0,PortScan
0,1,20,840,0,0,0,0,DoS-ICMP
80,6,20,1480,20,0,0,0,DoS-HTTP
80,17,20,1200,0,0,0,0,DoS-UDP
80,6,20,1480,20,0,0,0,DoS-HTTP
80,17,20,1200,0,0,0,0,DoS-UDP
22,6,20,1200,17,0,3,0,SSH-Bruteforce
80,6,20,1200,20,0,0,0,DoS-SYN-Flood
443,6,10,2139,1,9,0,0,BENIGN
0,1,20,840,0,0,0,0,DoS-ICMP
18321,6,2,120,2,0,0,0,PortScan
80,6,20,1200,20,0,0,0,DoS-SYN-Flood
0,1,20,840,0,0,0,0,DoS-ICMP
0,1,20,1200,0,0,0,0,DoS-ICMP
36520,17,20,27980,0,0,0,0,BENIGN
0,1,20,1200,0,0,0,0,DoS-ICMP
51207,6,9,522,9,9,0,0,SSH-Bruteforce
5852,6,9,522,9,9,0,0,SSH-Bruteforce
0,1,20,840,0,0,0,0,DoS-ICMP
11558,6,6,348,6,6,0,0,SSH-Bruteforce
80,17,20,1200,0,0,0,0,DoS-UDP
0,1,20,840,0,0,0,0,DoS-ICMP
46854,17,2,194,0,0,0,0,BENIGN
80,17,20,1200,0,0,0,0,DoS-UDP
80,6,20,1480,20,0,0,0,DoS-HTTP
80,17,20,1200,0,0,0,0,DoS-UDP
0,1,20,840,0,0,0,0,DoS-ICMP
80,6,20,1480,20,0,0,0,DoS-HTTP
80,17,20,1200,0,0,0,0,DoS-UDP
64819,6,4,240,4,0,0,0,PortScan
80,17,20,1200,0,0,0,0,DoS-UDP
80,6,20,1480,20,0,0,0,DoS-HTTP
15264,6,7,406,7,7,0,0,SSH-Bruteforce
15606,6,2,120,2,0,0,0,PortScan
80,6,20,1480,20,0,0,0,DoS-HTTP
80,6,20,1480,20,0,0,0,DoS-HTTP
43678,17,20,27980,0,0,0,0,BENIGN
80,6,20,1200,20,0,0,0,DoS-SYN-Flood
10806,6,5,290,5,5,0,0,SSH-Bruteforce
19875,6,4,240,4,0,0,0,PortScan
80,6,20,1200,20,0,0,0,DoS-SYN-Flood
22171,6,5,290,5,5,0,0,SSH-Bruteforce
20153,6,4,240,4,0,0,0,PortScan
0,1,20,840,0,0,0,0,DoS-ICMP
80,6,20,1480,20,0,0,0,DoS-HTTP
19628,6,4,240,4,0,0,0,PortScan
80,6,20,1200,20,0,0,0,DoS-SYN-Flood
80,6,20,1480,20,0,0,0,DoS-HTTP
80,6,20,1480,20,0,0,0,DoS-HTTP
22,6,20,1200,0,0,20,0,SSH-Bruteforce
80,17,20,1200,0,0,0,0,DoS-UDP
80,6,20,1480,20,0,0,0,DoS-HTTP
80,6,20,1480,20,0,0,0,DoS-HTTP
80,6,20,1200,20,0,0,0,DoS-SYN-Flood
80,6,20,1480,20,0,0,0,DoS-HTTP
14076,6,7,406,7,7,0,0,SSH-Bruteforce
0,1,20,840,0,0,0,0,DoS-ICMP
55109,6,7,406,7,7,0,0,SSH-Bruteforce
80,6,20,1480,20,0,0,0,DoS-HTTP
22,6,20,1200,0,0,20,0,SSH-Bruteforce
80,6,20,1200,20,0,0,0,DoS-SYN-Flood
80,17,20,1200,0,0,0,0,DoS-UDP
0,1,20,840,0,0,0,0,DoS-ICMP
9670,6,4,240,4,0,0,0,PortScan
0,1,20,1200,0,0,0,0,DoS-ICMP
80,17,20,1200,0,0,0,0,DoS-UDP
443,17,7,1618,0,0,0,0,BENIGN
80,17,20,1200,0,0,0,0,DoS-UDP
80,6,20,1480,20,0,0,0,DoS-HTTP
80,6,20,1200,20,0,0,0,DoS-SYN-Flood
10541,6,6,360,6,0,0,0,PortScan
22,6,20,1200,18,0,2,0,SSH-Bruteforce
0,1,20,1200,0,0,0,0,DoS-ICMP
80,6,20,1200,20,0,0,0,DoS-SYN-Flood
44474,6,2,120,2,0,0,0,PortScan
80,6,20,1200,20,0,0,0,DoS-SYN-Flood
443,6,20,1623,0,20,0,0,BENIGN
9883,6,4,240,4,0,0,0,PortScan
443,6,20,2887,1,19,0,1,BENIGN
21883,6,4,240,4,0,0,0,PortScan
0,1,20,1200,0,0,0,0,DoS-ICMP
80,17,20,1200,0,0,0,0,DoS-UDP
80,6,20,1200,20,0,0,0,DoS-SYN-Flood
80,17,20,1200,0,0,0,0,DoS-UDP
1711,6,6,360,6,0,0,0,PortScan
3880,6,5,290,5,5,0,0,SSH-Bruteforce
0,1,20,840,0,0,0,0,DoS-ICMP
0,1,20,1200,0,0,0,0,DoS-ICMP
80,6,20,1200,20,0,0,0,DoS-SYN-Flood
14205,6,8,464,8,8,0,0,SSH-Bruteforce
8916,6,6,360,6,0,0,0,PortScan
80,17,20,1200,0,0,0,0,DoS-UDP
80,6,20,1200,20,0,0,0,DoS-SYN-Flood
47300,6,4,240,4,0,0,0,PortScan
0,1,20,840,0,0,0,0,DoS-ICMP
443,6,20,8379,0,20,0,0,BENIGN
56494,6,2,120,2,0,0,0,PortScan
80,17,20,1200,0,0,0,0,DoS-UDP
80,6,20,1480,20,0,0,0,DoS-HTTP
63174,6,2,120,2,0,0,0,PortScan
80,6,20,1200,20,0,0,0,DoS-SYN-Flood
0,1,20,840,0,0,0,0,DoS-ICMP
80,6,20,1480,20,0,0,0,DoS-HTTP
80,6,20,1200,20,0,0,0,DoS-SYN-Flood
80,6,20,1200,20,0,0,0,DoS-SYN-Flood
80,6,20,1200,20,0,0,0,DoS-SYN-Flood
80,6,20,1480,20,0,0,0,DoS-HTTP
80,17,20,1200,0,0,0,0,DoS-UDP
80,6,20,1200,20,0,0,0,DoS-SYN-Flood
80,17,20,1200,0,0,0,0,DoS-UDP
80,17,20,1200,0,0,0,0,DoS-UDP
80,6,20,1480,20,0,0,0,DoS-HTTP
0,1,20,1200,0,0,0,0,DoS-ICMP
80,17,20,1200,0,0,0,0,DoS-UDP
80,6,20,1480,20,0,0,0,DoS-HTTP
80,6,20,1480,20,0,0,0,DoS-HTTP
80,17,20,1200,0,0,0,0,DoS-UDP
40704,6,8,464,8,8,0,0,SSH-Bruteforce
56839,6,9,522,9,9,0,0,SSH-Bruteforce
80,6,20,1200,20,0,0,0,DoS-SYN-Flood
80,6,20,1200,20,0,0,0,DoS-SYN-Flood
80,6,20,1480,20,0,0,0,DoS-HTTP
51450,6,4,240,4,0,0,0,PortScan
80,6,20,1200,20,0,0,0,DoS-SYN-Flood
0,1,20,1200,0,0,0,0,DoS-ICMP
49448,6,2,120,2,0,0,0,PortScan
41909,6,10,580,10,10,0,0,SSH-Bruteforce
26390,6,4,240,4,0,0,0,PortScan
80,17,20,1200,0,0,0,0,DoS-UDP
80,17,20,1200,0,0,0,0,DoS-UDP
14808,6,9,522,9,9,0,0,SSH-Bruteforce
53272,6,20,28780,0,20,0,0,BENIGN
0,1,20,840,0,0,0,0,DoS-ICMP
80,6,20,1200,20,0,0,0,DoS-SYN-Flood
80,6,20,1200,20,0,0,0,DoS-SYN-Flood
33240,6,20,29080,0,20,0,0,BENIGN
80,6,20,1480,20,0,0,0,DoS-HTTP
80,6,20,1480,20,0,0,0,DoS-HTTP
80,17,20,1200,0,0,0,0,DoS-UDP
80,17,20,1200,0,0,0,0,DoS-UDP
80,17,20,1200,0,0,0,0,DoS-UDP
80,17,20,1200,0,0,0,0,DoS-UDP
0,1,20,1200,0,0,0,0,DoS-ICMP
43159,6,4,240,4,0,0,0,PortScan
80,6,20,1480,20,0,0,0,DoS-HTTP
22,6,20,1200,20,0,0,0,SSH-Bruteforce
62187,6,10,580,10,10,0,0,SSH-Bruteforce
443,17,6,1927,0,0,0,0,BENIGN
60886,6,20,28840,0,20,0,0,BENIGN
80,6,20,1480,20,0,0,0,DoS-HTTP
80,6,20,1480,20,0,0,0,DoS-HTTP
0,1,20,840,0,0,0,0,DoS-ICMP
22,6,20,1200,20,0,0,0,SSH-Bruteforce
80,6,20,1480,20,0,0,0,DoS-HTTP
9141,6,10,580,10,10,0,0,SSH-Bruteforce
63883,6,4,240,4,0,0,0,PortScan
58788,6,2,120,2,0,0,0,PortScan
443,17,20,17625,0,0,0,0,BENIGN
80,6,20,1200,20,0,0,0,DoS-SYN-Flood
22,6,20,1200,20,0,0,0,SSH-Bruteforce
80,17,20,1200,0,0,0,0,DoS-UDP
53308,6,20,29140,0,20,0,0,BENIGN
80,6,20,1200,20,0,0,0,DoS-SYN-Flood
80,6,20,1200,20,0,0,0,DoS-SYN-Flood
80,17,20,1200,0,0,0,0,DoS-UDP
80,6,20,1480,20,0,0,0,DoS-HTTP
80,6,20,1480,20,0,0,0,DoS-HTTP
80,6,20,1480,20,0,0,0,DoS-HTTP
1952,6,4,232,4,4,0,0,SSH-Bruteforce
80,6,20,1480,20,0,0,0,DoS-HTTP
0,1,20,1200,0,0,0,0,DoS-ICMP
80,6,20,1480,20,0,0,0,DoS-HTTP
80,6,20,1480,20,0,0,0,DoS-HTTP
60886,6,20,29740,0,20,0,0,BENIGN
80,6,20,1200,20,0,0,0,DoS-SYN-Flood
80,17,20,1200,0,0,0,0,DoS-UDP
80,6,20,1480,20,0,0,0,DoS-HTTP
80,6,20,1200,20,0,0,0,DoS-SYN-Flood
77,6,7,406,7,7,0,0,SSH-Bruteforce
80,6,20,1480,20,0,0,0,DoS-HTTP
0,1,20,840,0,0,0,0,DoS-ICMP
80,6,20,1200,20,0,0,0,DoS-SYN-Flood
80,6,20,1480,20,0,0,0,DoS-HTTP
13328,6,4,240,4,0,0,0,PortScan
61942,6,4,240,4,0,0,0,PortScan
80,6,20,1480,20,0,0,0,DoS-HTTP
39941,6,2,120,2,0,0,0,PortScan
80,17,20,1200,0,0,0,0,DoS-UDP
80,6,20,1200,20,0,0,0,DoS-SYN-Flood
80,6,20,1480,20,0,0,0,DoS-HTTP
40919,6,2,120,2,0,0,0,PortScan
80,6,20,1480,20,0,0,0,DoS-HTTP
80,6,20,1200,20,0,0,0,DoS-SYN-Flood
80,6,20,1200,20,0,0,0,DoS-SYN-Flood
39500,6,2,120,2,0,0,0,PortScan
80,17,20,1200,0,0,0,0,DoS-UDP
80,17,20,1200,0,0,0,0,DoS-UDP
11671,6,5,290,5,5,0,0,SSH-Bruteforce
80,6,20,1200,20,0,0,0,DoS-SYN-Flood
80,6,20,1480,20,0,0,0,DoS-HTTP
46014,6,9,522,9,9,0,0,SSH-Bruteforce
80,6,20,1480,20,0,0,0,DoS-HTTP
47431,6,4,240,4,0,0,0,PortScan
80,6,20,1200,20,0,0,0,DoS-SYN-Flood
11884,6,6,360,6,0,0,0,PortScan
80,6,20,1200,20,0,0,0,DoS-SYN-Flood
0,1,20,1200,0,0,0,0,DoS-ICMP
80,6,20,1480,20,0,0,0,DoS-HTTP
80,6,20,1480,20,0,0,0,DoS-HTTP
41201,6,2,120,2,0,0,0,PortScan
0,1,20,1200,0,0,0,0,DoS-ICMP
22,6,20,1200,20,0,0,0,SSH-Bruteforce
22,6,20,1200,20,0,0,0,SSH-Bruteforce
0,1,20,840,0,0,0,0,DoS-ICMP
80,6,20,1480,20,0,0,0,DoS-HTTP
59646,6,14,756,0,14,0,1,BENIGN
46398,17,20,27980,0,0,0,0,BENIGN
80,6,20,1480,20,0,0,0,DoS-HTTP
80,6,20,1200,20,0,0,0,DoS-SYN-Flood
80,17,20,1200,0,0,0,0,DoS-UDP
80,17,20,1200,0,0,0,0,DoS-UDP
80,6,20,1480,20,0,0,0,DoS-HTTP
80,6,20,1480,20,0,0,0,DoS-HTTP
80,6,20,1200,20,0,0,0,DoS-SYN-Flood
80,6,20,1480,20,0,0,0,DoS-HTTP
22,6,20,1200,0,0,20,0,SSH-Bruteforce
80,6,20,1480,20,0,0,0,DoS-HTTP
22,6,20,1200,20,0,0,0,SSH-Bruteforce
21104,6,7,406,7,7,0,0,SSH-Bruteforce
443,6,20,1200,0,20,0,0,BENIGN
20720,6,2,120,2,0,0,0,PortScan
80,6,20,1200,20,0,0,0,DoS-SYN-Flood
0,1,20,840,0,0,0,0,DoS-ICMP
80,17,20,1200,0,0,0,0,DoS-UDP
80,6,20,1480,20,0,0,0,DoS-HTTP
22,6,20,1200,0,0,20,0,SSH-Bruteforce
23411,6,4,240,4,0,0,0,PortScan
80,6,20,1200,20,0,0,0,DoS-SYN-Flood
0,1,20,840,0,0,0,0,DoS-ICMP
80,6,20,1480,20,0,0,0,DoS-HTTP
80,6,20,1200,20,0,0,0,DoS-SYN-Flood
61330,6,6,348,6,6,0,0,SSH-Bruteforce
80,6,20,1480,20,0,0,0,DoS-HTTP
38743,6,8,464,8,8,0,0,SSH-Bruteforce
22,6,20,1200,1,0,19,0,SSH-Bruteforce
80,6,20,1200,20,0,0,0,DoS-SYN-Flood
0,1,20,1200,0,0,0,0,DoS-ICMP
80,17,20,1200,0,0,0,0,DoS-UDP
48705,6,4,240,4,0,0,0,PortScan
80,6,20,1480,20,0,0,0,DoS-HTTP
80,17,20,1200,0,0,0,0,DoS-UDP
80,6,20,1200,20,0,0,0,DoS-SYN-Flood
80,6,20,1480,20,0,0,0,DoS-HTTP
60886,6,20,29080,0,20,0,0,BENIGN
80,6,20,1480,20,0,0,0,DoS-HTTP
36520,17,20,27980,0,0,0,0,BENIGN
44713,6,7,406,7,7,0,0,SSH-Bruteforce
80,6,20,1480,20,0,0,0,DoS-HTTP
80,6,20,1480,20,0,0,0,DoS-HTTP
0,1,20,1200,0,0,0,0,DoS-ICMP
7859,6,6,360,6,0,0,0,PortScan
80,6,20,1200,20,0,0,0,DoS-SYN-Flood
0,1,20,1200,0,0,0,0,DoS-ICMP
60886,6,20,29680,0,20,0,0,BENIGN
6272,6,4,240,4,0,0,0,PortScan
80,6,20,1200,20,0,0,0,DoS-SYN-Flood
80,6,20,1480,20,0,0,0,DoS-HTTP
36520,17,20,26773,0,0,0,0,BENIGN
0,1,20,840,0,0,0,0,DoS-ICMP
80,6,20,1480,20,0,0,0,DoS-HTTP
0,1,20,840,0,0,0,0,DoS-ICMP
0,1,20,1200,0,0,0,0,DoS-ICMP
80,17,20,1200,0,0,0,0,DoS-UDP
36520,17,20,27980,0,0,0,0,BENIGN
80,6,20,1480,20,0,0,0,DoS-HTTP
43678,17,20,27979,0,0,0,0,BENIGN
2475,6,5,290,5,5,0,0,SSH-Bruteforce
80,6,20,1200,20,0,0,0,DoS-SYN-Flood
53272,6,20,29020,0,20,0,0,BENIGN
80,6,20,1480,20,0,0,0,DoS-HTTP
35059,6,2,120,2,0,0,0,PortScan
0,1,20,1200,0,0,0,0,DoS-ICMP
80,6,20,1480,20,0,0,0,DoS-HTTP
0,1,20,1200,0,0,0,0,DoS-ICMP
0,1,20,840,0,0,0,0,DoS-ICMP
80,6,20,1200,20,0,0,0,DoS-SYN-Flood
23209,6,4,240,4,0,0,0,PortScan
0,1,20,1200,0,0,0,0,DoS-ICMP
80,6,20,1200,20,0,0,0,DoS-SYN-Flood
47895,17,2,218,0,0,0,0,BENIGN
80,17,20,1200,0,0,0,0,DoS-UDP
61766,6,2,120,2,0,0,0,PortScan
80,6,20,1480,20,0,0,0,DoS-HTTP
80,17,20,1200,0,0,0,0,DoS-UDP
60886,6,20,29200,0,20,0,0,BENIGN
36623,6,7,406,7,7,0,0,SSH-Bruteforce
18718,6,2,120,2,0,0,0,PortScan
80,6,20,1480,20,0,0,0,DoS-HTTP
23926,6,7,406,7,7,0,0,SSH-Bruteforce
0,1,20,840,0,0,0,0,DoS-ICMP
7785,6,4,240,4,0,0,0,PortScan
80,6,20,1200,20,0,0,0,DoS-SYN-Flood
80,6,20,1200,20,0,0,0,DoS-SYN-Flood
80,17,20,1200,0,0,0,0,DoS-UDP
443,17,20,7213,0,0,0,0,BENIGN
0,1,20,840,0,0,0,0,DoS-ICMP
443,6,20,1200,0,20,0,0,BENIGN
0,1,20,840,0,0,0,0,DoS-ICMP
22,6,20,1200,0,0,20,0,SSH-Bruteforce
12088,6,6,360,6,0,0,0,PortScan
80,6,20,1200,20,0,0,0,DoS-SYN-Flood
0,1,20,840,0,0,0,0,DoS-ICMP
22,6,20,1200,20,0,0,0,SSH-Bruteforce
61761,6,2,120,2,0,0,0,PortScan
36520,17,20,27980,0,0,0,0,BENIGN
80,6,20,1480,20,0,0,0,DoS-HTTP
0,1,20,1200,0,0,0,0,DoS-ICMP
80,17,20,1200,0,0,0,0,DoS-UDP
80,6,20,1480,20,0,0,0,DoS-HTTP
80,17,20,1200,0,0,0,0,DoS-UDP
80,6,20,1200,20,0,0,0,DoS-SYN-Flood
80,6,20,1200,20,0,0,0,DoS-SYN-Flood
61799,6,4,240,4,0,0,0,PortScan
12503,6,4,240,4,0,0,0,PortScan
80,6,20,1200,20,0,0,0,DoS-SYN-Flood
80,17,20,1200,0,0,0,0,DoS-UDP
80,6,20,1200,20,0,0,0,DoS-SYN-Flood
80,6,20,1200,20,0,0,0,DoS-SYN-Flood
17016,6,9,522,9,9,0,0,SSH-Bruteforce
28919,6,4,240,4,0,0,0,PortScan
44951,6,4,240,4,0,0,0,PortScan
80,6,20,1200,20,0,0,0,DoS-SYN-Flood
80,6,20,1480,20,0,0,0,DoS-HTTP
80,6,20,1200,20,0,0,0,DoS-SYN-Flood
60391,6,2,120,2,0,0,0,PortScan
49110,6,2,120,2,0,0,0,PortScan
0,1,20,840,0,0,0,0,DoS-ICMP
80,6,20,1200,20,0,0,0,DoS-SYN-Flood
80,17,20,1200,0,0,0,0,DoS-UDP
80,6,20,1200,20,0,0,0,DoS-SYN-Flood
80,6,20,1480,20,0,0,0,DoS-HTTP
0,1,20,840,0,0,0,0,DoS-ICMP
5849,6,4,240,4,0,0,0,PortScan
80,6,20,1200,20,0,0,0,DoS-SYN-Flood
80,6,20,1200,20,0,0,0,DoS-SYN-Flood
80,6,20,1480,20,0,0,0,DoS-HTTP
80,17,20,1200,0,0,0,0,DoS-UDP
22670,6,7,406,7,7,0,0,SSH-Bruteforce
0,1,20,1200,0,0,0,0,DoS-ICMP
80,6,20,1200,20,0,0,0,DoS-SYN-Flood
80,6,20,1200,20,0,0,0,DoS-SYN-Flood
0,1,20,840,0,0,0,0,DoS-ICMP
80,17,20,1200,0,0,0,0,DoS-UDP
0,1,20,840,0,0,0,0,DoS-ICMP
80,6,20,1200,20,0,0,0,DoS-SYN-Flood
36520,17,20,27545,0,0,0,0,BENIGN
0,1,20,1200,0,0,0,0,DoS-ICMP
0,1,20,1200,0,0,0,0,DoS-ICMP
22,6,20,1200,19,0,1,0,SSH-Bruteforce
80,6,20,1200,20,0,0,0,DoS-SYN-Flood
60984,6,5,290,5,5,0,0,SSH-Bruteforce
80,6,20,1480,20,0,0,0,DoS-HTTP
80,6,20,1200,20,0,0,0,DoS-SYN-Flood
0,1,20,840,0,0,0,0,DoS-ICMP
0,1,20,840,0,0,0,0,DoS-ICMP
26136,6,7,406,7,7,0,0,SSH-Bruteforce
49941,6,9,522,9,9,0,0,SSH-Bruteforce
80,6,20,1480,20,0,0,0,DoS-HTTP
80,6,20,1480,20,0,0,0,DoS-HTTP
80,17,20,1200,0,0,0,0,DoS-UDP
80,17,20,1200,0,0,0,0,DoS-UDP
80,17,20,1200,0,0,0,0,DoS-UDP
80,6,20,1480,20,0,0,0,DoS-HTTP
0,1,20,840,0,0,0,0,DoS-ICMP
0,1,20,1200,0,0,0,0,DoS-ICMP
80,6,20,1480,20,0,0,0,DoS-HTTP
80,6,20,1480,20,0,0,0,DoS-HTTP
80,6,20,1200,20,0,0,0,DoS-SYN-Flood
12957,6,6,360,6,0,0,0,PortScan
22,6,20,1200,15,0,5,0,SSH-Bruteforce
80,6,20,1200,20,0,0,0,DoS-SYN-Flood
60139,6,4,240,4,0,0,0,PortScan
80,6,20,1480,20,0,0,0,DoS-HTTP
80,6,20,1480,20,0,0,0,DoS-HTTP
80,6,20,1200,20,0,0,0,DoS-SYN-Flood
80,6,20,1200,20,0,0,0,DoS-SYN-Flood
80,17,20,1200,0,0,0,0,DoS-UDP
0,1,20,840,0,0,0,0,DoS-ICMP
0,1,20,840,0,0,0,0,DoS-ICMP
22,6,20,1200,12,0,8,0,SSH-Bruteforce
80,6,20,1480,20,0,0,0,DoS-HTTP
80,6,20,1480,20,0,0,0,DoS-HTTP
0,1,20,840,0,0,0,0,DoS-ICMP
53308,6,9,486,0,9,0,1,BENIGN
80,6,20,1200,20,0,0,0,DoS-SYN-Flood
80,17,20,1200,0,0,0,0,DoS-UDP
22,6,20,1200,0,0,20,0,SSH-Bruteforce
20289,6,6,348,6,6,0,0,SSH-Bruteforce
0,1,20,1200,0,0,0,0,DoS-ICMP
0,1,20,1200,0,0,0,0,DoS-ICMP
22,6,20,1200,8,0,12,0,SSH-Bruteforce
17110,6,8,464,8,8,0,0,SSH-Bruteforce
80,17,20,1200,0,0,0,0,DoS-UDP
0,1,20,840,0,0,0,0,DoS-ICMP
53308,6,20,28960,0,20,0,0,BENIGN
3125,6,8,464,8,8,0,0,SSH-Bruteforce
80,6,20,1480,20,0,0,0,DoS-HTTP
60302,6,2,120,2,0,0,0,PortScan
5503,6,8,464,8,8,0,0,SSH-Bruteforce
36520,17,20,27980,0,0,0,0,BENIGN
1791,6,4,240,4,0,0,0,PortScan
32067,6,10,580,10,10,0,0,SSH-Bruteforce
80,17,20,1200,0,0,0,0,DoS-UDP
80,6,20,1200,20,0,0,0,DoS-SYN-Flood
443,6,20,1499,0,20,0,0,BENIGN
23349,6,2,120,2,0,0,0,PortScan
34110,6,4,240,4,0,0,0,PortScan
80,17,20,1200,0,0,0,0,DoS-UDP
80,6,20,1480,20,0,0,0,DoS-HTTP
80,17,20,1200,0,0,0,0,DoS-UDP
80,6,20,1200,20,0,0,0,DoS-SYN-Flood
80,17,20,1200,0,0,0,0,DoS-UDP
0,1,20,840,0,0,0,0,DoS-ICMP
80,6,20,1480,20,0,0,0,DoS-HTTP
80,6,20,1200,20,0,0,0,DoS-SYN-Flood
80,17,20,1200,0,0,0,0,DoS-UDP
80,6,20,1200,20,0,0,0,DoS-SYN-Flood
80,6,20,1480,20,0,0,0,DoS-HTTP
0,1,20,840,0,0,0,0,DoS-ICMP
80,17,20,1200,0,0,0,0,DoS-UDP
0,1,20,840,0,0,0,0,DoS-ICMP
80,17,20,1200,0,0,0,0,DoS-UDP
473,6,4,240,4,0,0,0,PortScan
80,6,20,1480,20,0,0,0,DoS-HTTP
80,6,20,1480,20,0,0,0,DoS-HTTP
19881,6,5,290,5,5,0,0,SSH-Bruteforce
80,6,20,1480,20,0,0,0,DoS-HTTP
80,6,20,1480,20,0,0,0,DoS-HTTP
80,17,20,1200,0,0,0,0,DoS-UDP
80,6,20,1200,20,0,0,0,DoS-SYN-Flood
48439,6,6,348,6,6,0,0,SSH-Bruteforce
80,6,20,1200,20,0,0,0,DoS-SYN-Flood
80,6,20,1200,20,0,0,0,DoS-SYN-Flood
80,6,20,1480,20,0,0,0,DoS-HTTP
80,6,20,1480,20,0,0,0,DoS-HTTP
63606,6,5,290,5,5,0,0,SSH-Bruteforce
80,6,20,1200,20,0,0,0,DoS-SYN-Flood
14928,6,4,240,4,0,0,0,PortScan
80,6,20,1480,20,0,0,0,DoS-HTTP
22,6,20,1200,20,0,0,0,SSH-Bruteforce
58946,6,2,120,2,0,0,0,PortScan
9148,6,4,240,4,0,0,0,PortScan
64405,6,4,240,4,0,0,0,PortScan
80,6,20,1200,20,0,0,0,DoS-SYN-Flood
22,6,20,1200,2,0,18,0,SSH-Bruteforce
80,6,20,1480,20,0,0,0,DoS-HTTP
53272,6,20,28480,0,20,0,0,BENIGN
80,6,20,1200,20,0,0,0,DoS-SYN-Flood
80,6,20,1200,20,0,0,0,DoS-SYN-Flood
0,1,20,1200,0,0,0,0,DoS-ICMP
50334,6,2,120,2,0,0,0,PortScan
80,6,20,1480,20,0,0,0,DoS-HTTP
80,17,20,1200,0,0,0,0,DoS-UDP
54987,6,2,120,2,0,0,0,PortScan
80,6,20,1200,20,0,0,0,DoS-SYN-Flood
80,17,20,1200,0,0,0,0,DoS-UDP
57029,6,6,348,6,6,0,0,SSH-Bruteforce
80,6,20,1480,20,0,0,0,DoS-HTTP
80,6,20,1200,20,0,0,0,DoS-SYN-Flood
443,6,20,6877,0,20,0,0,BENIGN
38185,6,2,120,2,0,0,0,PortScan
36520,17,6,8394,0,0,0,0,BENIGN
53278,6,20,27192,0,20,0,0,BENIGN
0,1,20,1200,0,0,0,0,DoS-ICMP
0,1,20,1200,0,0,0,0,DoS-ICMP
41782,6,2,120,2,0,0,0,PortScan
22,6,20,1200,1,0,19,0,SSH-Bruteforce
15579,6,2,120,2,0,0,0,PortScan
80,6,20,1200,20,0,0,0,DoS-SYN-Flood
80,17,20,1200,0,0,0,0,DoS-UDP
80,17,20,1200,0,0,0,0,DoS-UDP
63858,6,4,232,4,4,0,0,SSH-Bruteforce
80,6,20,1200,20,0,0,0,DoS-SYN-Flood
4299,6,4,240,4,0,0,0,PortScan
55824,17,2,577,0,0,0,0,BENIGN
80,17,20,1200,0,0,0,0,DoS-UDP
80,17,20,1200,0,0,0,0,DoS-UDP
80,6,20,1200,20,0,0,0,DoS-SYN-Flood
80,6,20,1200,20,0,0,0,DoS-SYN-Flood
54829,17,20,22760,0,0,0,0,BENIGN
0,1,20,840,0,0,0,0,DoS-ICMP
80,6,20,1480,20,0,0,0,DoS-HTTP
0,1,20,1200,0,0,0,0,DoS-ICMP
80,6,20,1200,20,0,0,0,DoS-SYN-Flood
8173,6,6,360,6,0,0,0,PortScan
48752,6,4,240,4,0,0,0,PortScan
0,1,20,1200,0,0,0,0,DoS-ICMP
9070,6,4,240,4,0,0,0,PortScan
22,6,20,1200,20,0,0,0,SSH-Bruteforce
80,17,20,1200,0,0,0,0,DoS-UDP
80,6,20,1480,20,0,0,0,DoS-HTTP
12095,6,9,522,9,9,0,0,SSH-Bruteforce
80,17,20,1200,0,0,0,0,DoS-UDP
80,6,20,1200,20,0,0,0,DoS-SYN-Flood
80,6,20,1480,20,0,0,0,DoS-HTTP
80,6,20,1480,20,0,0,0,DoS-HTTP
80,6,20,1200,20,0,0,0,DoS-SYN-Flood
1081,6,5,290,5,5,0,0,SSH-Bruteforce
80,6,20,1480,20,0,0,0,DoS-HTTP
80,6,20,1480,20,0,0,0,DoS-HTTP
53296,6,20,29020,0,20,0,0,BENIGN
0,1,20,840,0,0,0,0,DoS-ICMP
55326,6,4,240,4,0,0,0,PortScan
20954,6,2,120,2,0,0,0,PortScan
0,1,20,1200,0,0,0,0,DoS-ICMP
51332,6,9,522,9,9,0,0,SSH-Bruteforce
80,6,20,1480,20,0,0,0,DoS-HTTP
60847,6,4,240,4,0,0,0,PortScan
22,6,20,1200,0,0,20,0,SSH-Bruteforce
80,17,20,1200,0,0,0,0,DoS-UDP
80,6,20,1200,20,0,0,0,DoS-SYN-Flood
36478,6,2,120,2,0,0,0,PortScan
36520,17,20,27980,0,0,0,0,BENIGN
0,1,20,840,0,0,0,0,DoS-ICMP
22,6,20,1200,20,0,0,0,SSH-Bruteforce
59577,6,2,120,2,0,0,0,PortScan
80,17,20,1200,0,0,0,0,DoS-UDP
80,6,20,1480,20,0,0,0,DoS-HTTP
21382,6,9,522,9,9,0,0,SSH-Bruteforce
80,6,20,1480,20,0,0,0,DoS-HTTP
80,6,20,1200,20,0,0,0,DoS-SYN-Flood
80,6,20,1480,20,0,0,0,DoS-HTTP
80,6,20,1200,20,0,0,0,DoS-SYN-Flood
80,17,20,1200,0,0,0,0,DoS-UDP
0,1,20,840,0,0,0,0,DoS-ICMP
22,6,20,1200,20,0,0,0,SSH-Bruteforce
80,6,20,1480,20,0,0,0,DoS-HTTP
22,6,20,1200,0,0,20,0,SSH-Bruteforce
21163,6,8,464,8,8,0,0,SSH-Bruteforce
80,6,20,1200,20,0,0,0,DoS-SYN-Flood
80,6,20,1480,20,0,0,0,DoS-HTTP
22,6,20,1200,0,0,20,0,SSH-Bruteforce
80,6,20,1480,20,0,0,0,DoS-HTTP
80,6,20,1480,20,0,0,0,DoS-HTTP
27834,6,2,120,2,0,0,0,PortScan
0,1,20,840,0,0,0,0,DoS-ICMP
22,6,20,1200,0,0,20,0,SSH-Bruteforce
5431,6,4,240,4,0,0,0,PortScan
0,1,20,840,0,0,0,0,DoS-ICMP
0,1,20,1200,0,0,0,0,DoS-ICMP
23473,6,2,120,2,0,0,0,PortScan
0,1,20,1200,0,0,0,0,DoS-ICMP
80,6,20,1200,20,0,0,0,DoS-SYN-Flood
60886,6,20,28960,0,20,0,0,BENIGN
80,6,20,1200,20,0,0,0,DoS-SYN-Flood
0,1,20,840,0,0,0,0,DoS-ICMP
57342,6,5,290,5,5,0,0,SSH-Bruteforce
80,6,20,1200,20,0,0,0,DoS-SYN-Flood
80,6,20,1480,20,0,0,0,DoS-HTTP
80,17,20,1200,0,0,0,0,DoS-UDP
63356,6,7,406,7,7,0,0,SSH-Bruteforce
80,17,20,1200,0,0,0,0,DoS-UDP
80,17,20,1200,0,0,0,0,DoS-UDP
22,6,20,1200,20,0,0,0,SSH-Bruteforce
27339,6,2,120,2,0,0,0,PortScan
80,17,20,1200,0,0,0,0,DoS-UDP
80,6,20,1200,20,0,0,0,DoS-SYN-Flood
80,17,20,1200,0,0,0,0,DoS-UDP
80,17,20,1200,0,0,0,0,DoS-UDP
80,17,20,1200,0,0,0,0,DoS-UDP
80,6,20,1200,20,0,0,0,DoS-SYN-Flood
80,17,20,1200,0,0,0,0,DoS-UDP
80,6,20,1200,20,0,0,0,DoS-SYN-Flood
2639,6,4,240,4,0,0,0,PortScan
80,17,20,1200,0,0,0,0,DoS-UDP
80,17,20,1200,0,0,0,0,DoS-UDP
22,6,20,1200,0,0,20,0,SSH-Bruteforce
0,1,20,840,0,0,0,0,DoS-ICMP
80,17,20,1200,0,0,0,0,DoS-UDP
80,17,20,1200,0,0,0,0,DoS-UDP
62862,6,2,120,2,0,0,0,PortScan
0,1,20,1200,0,0,0,0,DoS-ICMP
19354,6,8,464,8,8,0,0,SSH-Bruteforce
80,6,20,1480,20,0,0,0,DoS-HTTP
80,6,20,1200,20,0,0,0,DoS-SYN-Flood
46592,6,2,120,2,0,0,0,PortScan
16310,6,2,120,2,0,0,0,PortScan
22,6,20,1200,20,0,0,0,SSH-Bruteforce
1751,6,4,240,4,0,0,0,PortScan
26435,6,8,464,8,8,0,0,SSH-Bruteforce
0,1,20,840,0,0,0,0,DoS-ICMP
51101,6,9,522,9,9,0,0,SSH-Bruteforce
0,1,20,1200,0,0,0,0,DoS-ICMP
0,1,20,840,0,0,0,0,DoS-ICMP
4786,6,6,360,6,0,0,0,PortScan
33138,6,8,464,8,8,0,0,SSH-Bruteforce
80,6,20,1480,20,0,0,0,DoS-HTTP
0,1,20,1200,0,0,0,0,DoS-ICMP
80,6,20,1480,20,0,0,0,DoS-HTTP
32676,6,4,240,4,0,0,0,PortScan
80,6,20,1480,20,0,0,0,DoS-HTTP
19909,6,5,290,5,5,0,0,SSH-Bruteforce
80,17,20,1200,0,0,0,0,DoS-UDP
80,6,20,1200,20,0,0,0,DoS-SYN-Flood
31362,6,4,240,4,0,0,0,PortScan
22,6,20,1200,1,0,19,0,SSH-Bruteforce
57143,6,4,240,4,0,0,0,PortScan
80,6,20,1480,20,0,0,0,DoS-HTTP
0,1,20,840,0,0,0,0,DoS-ICMP
80,17,20,1200,0,0,0,0,DoS-UDP
80,6,20,1480,20,0,0,0,DoS-HTTP
0,1,20,840,0,0,0,0,DoS-ICMP
36520,17,20,27980,0,0,0,0,BENIGN
80,6,20,1480,20,0,0,0,DoS-HTTP
12979,6,4,240,4,0,0,0,PortScan
80,17,20,1200,0,0,0,0,DoS-UDP
80,17,20,1200,0,0,0,0,DoS-UDP
0,1,20,1200,0,0,0,0,DoS-ICMP
80,17,20,1200,0,0,0,0,DoS-UDP
80,6,20,1200,20,0,0,0,DoS-SYN-Flood
39431,6,8,464,8,8,0,0,SSH-Bruteforce
22,6,20,1200,15,0,5,0,SSH-Bruteforce
0,1,20,1200,0,0,0,0,DoS-ICMP
55618,6,4,240,4,0,0,0,PortScan
80,6,20,1200,20,0,0,0,DoS-SYN-Flood
32977,6,2,120,2,0,0,0,PortScan
0,1,20,1200,0,0,0,0,DoS-ICMP
80,6,20,1200,20,0,0,0,DoS-SYN-Flood
0,1,20,1200,0,0,0,0,DoS-ICMP
80,6,20,1480,20,0,0,0,DoS-HTTP
80,6,20,1200,20,0,0,0,DoS-SYN-Flood
80,17,20,1200,0,0,0,0,DoS-UDP
47363,6,7,406,7,7,0,0,SSH-Bruteforce
11267,6,10,580,10,10,0,0,SSH-Bruteforce
0,1,20,840,0,0,0,0,DoS-ICMP
80,6,20,1200,20,0,0,0,DoS-SYN-Flood
80,6,20,1200,20,0,0,0,DoS-SYN-Flood
80,6,20,1480,20,0,0,0,DoS-HTTP
17486,6,4,240,4,0,0,0,PortScan
80,6,20,1480,20,0,0,0,DoS-HTTP
0,1,20,840,0,0,0,0,DoS-ICMP
33240,6,20,29320,0,20,0,0,BENIGN
940,6,4,240,4,0,0,0,PortScan
80,17,20,1200,0,0,0,0,DoS-UDP
80,6,20,1480,20,0,0,0,DoS-HTTP
80,6,20,1200,20,0,0,0,DoS-SYN-Flood
0,1,20,840,0,0,0,0,DoS-ICMP
53258,6,20,29794,0,20,0,0,BENIGN
22696,6,7,406,7,7,0,0,SSH-Bruteforce
80,17,20,1200,0,0,0,0,DoS-UDP
80,17,20,1200,0,0,0,0,DoS-UDP
80,6,20,1480,20,0,0,0,DoS-HTTP
31997,6,4,240,4,0,0,0,PortScan
57976,6,2,120,2,0,0,0,PortScan
30690,6,7,406,7,7,0,0,SSH-Bruteforce
17694,6,8,464,8,8,0,0,SSH-Bruteforce
54538,6,15,1753,1,15,0,1,BENIGN
0,1,20,1200,0,0,0,0,DoS-ICMP
47401,6,5,290,5,5,0,0,SSH-Bruteforce
43678,17,20,27980,0,0,0,0,BENIGN
0,1,20,1200,0,0,0,0,DoS-ICMP
22,6,20,1200,4,0,16,0,SSH-Bruteforce
22,6,20,1200,0,0,20,0,SSH-Bruteforce
80,6,20,1480,20,0,0,0,DoS-HTTP
22,6,20,1200,14,0,6,0,SSH-Bruteforce
36520,17,20,27980,0,0,0,0,BENIGN
38821,6,2,120,2,0,0,0,PortScan
0,1,20,1200,0,0,0,0,DoS-ICMP
51091,6,2,120,2,0,0,0,PortScan
80,6,20,1200,20,0,0,0,DoS-SYN-Flood
33737,6,4,240,4,0,0,0,PortScan
0,1,20,840,0,0,0,0,DoS-ICMP
22,6,20,1200,0,0,20,0,SSH-Bruteforce
80,17,20,1200,0,0,0,0,DoS-UDP
80,17,20,1200,0,0,0,0,DoS-UDP
80,17,20,1200,0,0,0,0,DoS-UDP
27518,6,4,240,4,0,0,0,PortScan
39992,6,12,696,12,12,0,0,SSH-Bruteforce
36520,17,20,27980,0,0,0,0,BENIGN
51844,6,6,348,6,6,0,0,SSH-Bruteforce
19607,6,2,120,2,0,0,0,PortScan
80,17,20,1200,0,0,0,0,DoS-UDP
80,17,20,1200,0,0,0,0,DoS-UDP
80,6,20,1200,20,0,0,0,DoS-SYN-Flood
0,1,20,1200,0,0,0,0,DoS-ICMP
5321,6,9,522,9,9,0,0,SSH-Bruteforce
22,6,20,1200,20,0,0,0,SSH-Bruteforce
80,6,20,1480,20,0,0,0,DoS-HTTP
8730,6,6,360,6,0,0,0,PortScan
0,1,20,840,0,0,0,0,DoS-ICMP
53092,17,20,27980,0,0,0,0,BENIGN
80,17,20,1200,0,0,0,0,DoS-UDP
0,1,20,1200,0,0,0,0,DoS-ICMP
80,6,20,1200,20,0,0,0,DoS-SYN-Flood
80,6,20,1480,20,0,0,0,DoS-HTTP
22,6,20,1200,20,0,0,0,SSH-Bruteforce
0,1,20,1200,0,0,0,0,DoS-ICMP
6466,6,7,406,7,7,0,0,SSH-Bruteforce
80,17,20,1200,0,0,0,0,DoS-UDP
80,17,20,1200,0,0,0,0,DoS-UDP
80,6,20,1480,20,0,0,0,DoS-HTTP
3915,6,4,240,4,0,0,0,PortScan
36520,17,20,27980,0,0,0,0,BENIGN
80,6,20,1200,20,0,0,0,DoS-SYN-Flood
0,1,20,1200,0,0,0,0,DoS-ICMP
80,6,20,1480,20,0,0,0,DoS-HTTP
22,6,20,1200,20,0,0,0,SSH-Bruteforce
80,6,20,1480,20,0,0,0,DoS-HTTP
80,6,20,1200,20,0,0,0,DoS-SYN-Flood
80,6,20,1480,20,0,0,0,DoS-HTTP
0,1,20,1200,0,0,0,0,DoS-ICMP
80,6,20,1200,20,0,0,0,DoS-SYN-Flood
41308,17,20,27980,0,0,0,0,BENIGN
22,6,20,1200,20,0,0,0,SSH-Bruteforce
80,6,20,1480,20,0,0,0,DoS-HTTP
80,6,20,1200,20,0,0,0,DoS-SYN-Flood
49509,6,2,120,2,0,0,0,PortScan
0,1,20,840,0,0,0,0,DoS-ICMP
0,1,20,1200,0,0,0,0,DoS-ICMP
39567,6,2,120,2,0,0,0,PortScan
0,1,20,840,0,0,0,0,DoS-ICMP
60886,6,20,29211,0,20,0,0,BENIGN
80,6,20,1480,20,0,0,0,DoS-HTTP
80,17,20,1200,0,0,0,0,DoS-UDP
80,17,20,1200,0,0,0,0,DoS-UDP
80,6,20,1200,20,0,0,0,DoS-SYN-Flood
80,17,20,1200,0,0,0,0,DoS-UDP
80,6,20,1480,20,0,0,0,DoS-HTTP
22,6,20,1200,0,0,20,0,SSH-Bruteforce
80,6,20,1480,20,0,0,0,DoS-HTTP
80,6,20,1480,20,0,0,0,DoS-HTTP
0,1,20,1200,0,0,0,0,DoS-ICMP
0,1,20,840,0,0,0,0,DoS-ICMP
0,1,20,1200,0,0,0,0,DoS-ICMP
50222,6,4,240,4,0,0,0,PortScan
0,1,20,840,0,0,0,0,DoS-ICMP
80,17,20,1200,0,0,0,0,DoS-UDP
59785,6,5,290,5,5,0,0,SSH-Bruteforce
80,6,20,1200,20,0,0,0,DoS-SYN-Flood
80,17,20,1200,0,0,0,0,DoS-UDP
80,6,20,1200,20,0,0,0,DoS-SYN-Flood
80,6,20,1480,20,0,0,0,DoS-HTTP
80,6,20,1200,20,0,0,0,DoS-SYN-Flood
80,17,20,1200,0,0,0,0,DoS-UDP
35902,6,2,120,2,0,0,0,PortScan
80,17,20,1200,0,0,0,0,DoS-UDP
22,6,20,1200,0,0,20,0,SSH-Bruteforce
0,1,20,840,0,0,0,0,DoS-ICMP
0,1,20,1200,0,0,0,0,DoS-ICMP
16786,6,2,120,2,0,0,0,PortScan
0,1,20,1200,0,0,0,0,DoS-ICMP
13643,6,11,638,11,11,0,0,SSH-Bruteforce
35214,6,4,240,4,0,0,0,PortScan
80,6,20,1480,20,0,0,0,DoS-HTTP
80,6,20,1480,20,0,0,0,DoS-HTTP
15984,6,8,464,8,8,0,0,SSH-Bruteforce
80,17,20,1200,0,0,0,0,DoS-UDP
26496,6,4,240,4,0,0,0,PortScan
80,6,20,1200,20,0,0,0,DoS-SYN-Flood
33898,6,4,240,4,0,0,0,PortScan
6120,6,7,406,7,7,0,0,SSH-Bruteforce
13301,6,4,240,4,0,0,0,PortScan
80,6,20,1200,20,0,0,0,DoS-SYN-Flood
63319,6,2,120,2,0,0,0,PortScan
80,6,20,1200,20,0,0,0,DoS-SYN-Flood
80,6,20,1200,20,0,0,0,DoS-SYN-Flood
80,6,20,1480,20,0,0,0,DoS-HTTP
0,1,20,1200,0,0,0,0,DoS-ICMP
0,1,20,1200,0,0,0,0,DoS-ICMP
54829,17,20,27980,0,0,0,0,BENIGN
22,6,20,1200,0,0,20,0,SSH-Bruteforce
80,6,20,1480,20,0,0,0,DoS-HTTP
80,17,20,1200,0,0,0,0,DoS-UDP
80,17,20,1200,0,0,0,0,DoS-UDP
22,6,20,1200,0,0,20,0,SSH-Bruteforce
80,6,20,1480,20,0,0,0,DoS-HTTP
80,17,20,1200,0,0,0,0,DoS-UDP
80,6,20,1480,20,0,0,0,DoS-HTTP
80,6,20,1200,20,0,0,0,DoS-SYN-Flood
80,6,20,1200,20,0,0,0,DoS-SYN-Flood
80,6,20,1200,20,0,0,0,DoS-SYN-Flood
80,6,20,1480,20,0,0,0,DoS-HTTP
80,6,20,1200,20,0,0,0,DoS-SYN-Flood
80,6,20,1480,20,0,0,0,DoS-HTTP
0,1,20,1200,0,0,0,0,DoS-ICMP
0,1,20,1200,0,0,0,0,DoS-ICMP
80,6,20,1480,20,0,0,0,DoS-HTTP
80,6,20,1200,20,0,0,0,DoS-SYN-Flood
10638,6,8,464,8,8,0,0,SSH-Bruteforce
80,6,20,1200,20,0,0,0,DoS-SYN-Flood
22,6,20,1200,3,0,17,0,SSH-Bruteforce
0,1,20,1200,0,0,0,0,DoS-ICMP
80,17,20,1200,0,0,0,0,DoS-UDP
80,6,20,1200,20,0,0,0,DoS-SYN-Flood
80,6,20,1480,20,0,0,0,DoS-HTTP
80,6,20,1480,20,0,0,0,DoS-HTTP
80,6,20,1200,20,0,0,0,DoS-SYN-Flood
80,17,20,1200,0,0,0,0,DoS-UDP
80,17,20,1200,0,0,0,0,DoS-UDP
80,17,20,1200,0,0,0,0,DoS-UDP
2012,6,4,240,4,0,0,0,PortScan
22,6,20,1200,0,0,20,0,SSH-Bruteforce
45447,17,20,27980,0,0,0,0,BENIGN
80,6,20,1480,20,0,0,0,DoS-HTTP
80,6,20,1480,20,0,0,0,DoS-HTTP
80,6,20,1200,20,0,0,0,DoS-SYN-Flood
80,17,20,1200,0,0,0,0,DoS-UDP
80,6,20,1480,20,0,0,0,DoS-HTTP
0,1,20,840,0,0,0,0,DoS-ICMP
48806,17,20,27980,0,0,0,0,BENIGN
80,17,20,1200,0,0,0,0,DoS-UDP
80,6,20,1480,20,0,0,0,DoS-HTTP
80,6,20,1480,20,0,0,0,DoS-HTTP
22,6,20,1200,20,0,0,0,SSH-Bruteforce
80,6,20,1200,20,0,0,0,DoS-SYN-Flood
80,6,20,1200,20,0,0,0,DoS-SYN-Flood
22,6,20,1200,0,0,20,0,SSH-Bruteforce
80,6,20,1480,20,0,0,0,DoS-HTTP
80,6,20,1480,20,0,0,0,DoS-HTTP
28650,6,7,406,7,7,0,0,SSH-Bruteforce
80,6,20,1480,20,0,0,0,DoS-HTTP
0,1,20,1200,0,0,0,0,DoS-ICMP
80,6,20,1200,20,0,0,0,DoS-SYN-Flood
47774,17,20,27980,0,0,0,0,BENIGN
80,6,20,1480,20,0,0,0,DoS-HTTP
80,6,20,1480,20,0,0,0,DoS-HTTP
80,17,20,1200,0,0,0,0,DoS-UDP
60886,6,20,29080,0,20,0,0,BENIGN
80,6,20,1480,20,0,0,0,DoS-HTTP
80,17,20,1200,0,0,0,0,DoS-UDP
25710,6,6,348,6,6,0,0,SSH-Bruteforce
40034,6,4,240,4,0,0,0,PortScan
0,1,20,1200,0,0,0,0,DoS-ICMP
42904,17,20,26995,0,0,0,0,BENIGN
22,6,20,1200,4,0,16,0,SSH-Bruteforce
80,6,20,1200,20,0,0,0,DoS-SYN-Flood
80,17,20,1200,0,0,0,0,DoS-UDP
80,17,20,1200,0,0,0,0,DoS-UDP
80,17,20,1200,0,0,0,0,DoS-UDP
10040,6,4,240,4,0,0,0,PortScan
22,6,20,1200,20,0,0,0,SSH-Bruteforce
42440,17,20,23730,0,0,0,0,BENIGN
80,6,20,1480,20,0,0,0,DoS-HTTP
0,1,20,840,0,0,0,0,DoS-ICMP
80,6,20,1480,20,0,0,0,DoS-HTTP
589,6,4,240,4,0,0,0,PortScan
22,6,20,1200,3,0,17,0,SSH-Bruteforce
2777,6,6,360,6,0,0,0,PortScan
80,6,20,1200,20,0,0,0,DoS-SYN-Flood
35502,6,2,120,2,0,0,0,PortScan
80,6,20,1480,20,0,0,0,DoS-HTTP
20972,6,4,240,4,0,0,0,PortScan
0,1,20,1200,0,0,0,0,DoS-ICMP
36447,6,7,406,7,7,0,0,SSH-Bruteforce
80,6,20,1480,20,0,0,0,DoS-HTTP
80,6,20,1200,20,0,0,0,DoS-SYN-Flood
80,6,20,1200,20,0,0,0,DoS-SYN-Flood
0,1,20,840,0,0,0,0,DoS-ICMP
80,6,20,1200,20,0,0,0,DoS-SYN-Flood
22,6,20,1200,8,0,12,0,SSH-Bruteforce
0,1,20,840,0,0,0,0,DoS-ICMP
31419,6,4,240,4,0,0,0,PortScan
0,1,20,840,0,0,0,0,DoS-ICMP
36033,6,4,240,4,0,0,0,PortScan
80,6,20,1200,20,0,0,0,DoS-SYN-Flood
80,6,20,1200,20,0,0,0,DoS-SYN-Flood
0,1,20,1200,0,0,0,0,DoS-ICMP
80,17,20,1200,0,0,0,0,DoS-UDP
80,6,20,1480,20,0,0,0,DoS-HTTP
80,6,20,1480,20,0,0,0,DoS-HTTP
80,6,20,1480,20,0,0,0,DoS-HTTP
80,17,20,1200,0,0,0,0,DoS-UDP
80,17,20,1200,0,0,0,0,DoS-UDP
80,17,20,1200,0,0,0,0,DoS-UDP
36520,17,20,27980,0,0,0,0,BENIGN
80,17,20,1200,0,0,0,0,DoS-UDP
63065,6,6,348,6,6,0,0,SSH-Bruteforce
80,6,20,1200,20,0,0,0,DoS-SYN-Flood
80,17,20,1200,0,0,0,0,DoS-UDP
35669,6,10,580,10,10,0,0,SSH-Bruteforce
80,6,20,1480,20,0,0,0,DoS-HTTP
80,17,20,1200,0,0,0,0,DoS-UDP
0,1,20,840,0,0,0,0,DoS-ICMP
13198,6,4,240,4,0,0,0,PortScan
25537,6,8,464,8,8,0,0,SSH-Bruteforce
59804,6,20,15553,0,20,0,0,BENIGN
0,1,20,840,0,0,0,0,DoS-ICMP
0,1,20,840,0,0,0,0,DoS-ICMP
80,17,20,1200,0,0,0,0,DoS-UDP
0,1,20,840,0,0,0,0,DoS-ICMP
64258,6,2,120,2,0,0,0,PortScan
80,6,20,1200,20,0,0,0,DoS-SYN-Flood
80,6,20,1200,20,0,0,0,DoS-SYN-Flood
80,17,20,1200,0,0,0,0,DoS-UDP
42908,6,4,240,4,0,0,0,PortScan
80,6,20,1480,20,0,0,0,DoS-HTTP
22,6,20,1200,20,0,0,0,SSH-Bruteforce
26305,6,7,406,7,7,0,0,SSH-Bruteforce
80,6,20,1480,20,0,0,0,DoS-HTTP
80,17,20,1200,0,0,0,0,DoS-UDP
22,6,20,1200,0,0,20,0,SSH-Bruteforce
80,6,20,1480,20,0,0,0,DoS-HTTP
22,6,20,1200,19,0,1,0,SSH-Bruteforce
22,6,20,1200,0,0,20,0,SSH-Bruteforce
80,6,20,1200,20,0,0,0,DoS-SYN-Flood
80,6,20,1480,20,0,0,0,DoS-HTTP
63096,6,2,120,2,0,0,0,PortScan
15570,6,4,240,4,0,0,0,PortScan
7863,6,6,348,6,6,0,0,SSH-Bruteforce
405,6,6,360,6,0,0,0,PortScan
0,1,20,840,0,0,0,0,DoS-ICMP
80,6,20,1200,20,0,0,0,DoS-SYN-Flood
80,17,20,1200,0,0,0,0,DoS-UDP
80,6,20,1200,20,0,0,0,DoS-SYN-Flood
37499,6,10,580,10,10,0,0,SSH-Bruteforce
80,17,20,1200,0,0,0,0,DoS-UDP
80,17,20,1200,0,0,0,0,DoS-UDP
22086,6,6,348,6,6,0,0,SSH-Bruteforce
80,17,20,1200,0,0,0,0,DoS-UDP
80,17,20,1200,0,0,0,0,DoS-UDP
80,6,20,1480,20,0,0,0,DoS-HTTP
22,6,20,1200,17,0,3,0,SSH-Bruteforce
44815,6,8,464,8,8,0,0,SSH-Bruteforce
9361,6,4,240,4,0,0,0,PortScan
80,6,20,1200,20,0,0,0,DoS-SYN-Flood
80,6,20,1200,20,0,0,0,DoS-SYN-Flood
19668,6,11,638,11,11,0,0,SSH-Bruteforce
80,6,20,1480,20,0,0,0,DoS-HTTP
22,6,20,1200,0,0,20,0,SSH-Bruteforce
80,17,20,1200,0,0,0,0,DoS-UDP
80,6,20,1480,20,0,0,0,DoS-HTTP
80,17,20,1200,0,0,0,0,DoS-UDP
80,6,20,1200,20,0,0,0,DoS-SYN-Flood
0,1,20,840,0,0,0,0,DoS-ICMP
80,17,20,1200,0,0,0,0,DoS-UDP
50290,6,4,240,4,0,0,0,PortScan
22,6,20,1200,0,0,20,0,SSH-Bruteforce
5013,6,9,522,9,9,0,0,SSH-Bruteforce
80,6,20,1200,20,0,0,0,DoS-SYN-Flood
2469,6,4,240,4,0,0,0,PortScan
80,6,20,1480,20,0,0,0,DoS-HTTP
80,17,20,1200,0,0,0,0,DoS-UDP
80,6,20,1480,20,0,0,0,DoS-HTTP
80,6,20,1200,20,0,0,0,DoS-SYN-Flood
8307,6,6,348,6,6,0,0,SSH-Bruteforce
0,1,20,1200,0,0,0,0,DoS-ICMP
80,6,20,1480,20,0,0,0,DoS-HTTP
34631,6,5,290,5,5,0,0,SSH-Bruteforce
80,6,20,1200,20,0,0,0,DoS-SYN-Flood
61916,6,4,240,4,0,0,0,PortScan
80,17,20,1200,0,0,0,0,DoS-UDP
0,1,20,1200,0,0,0,0,DoS-ICMP
0,1,20,1200,0,0,0,0,DoS-ICMP
80,17,20,1200,0,0,0,0,DoS-UDP
80,17,20,1200,0,0,0,0,DoS-UDP
80,17,20,1200,0,0,0,0,DoS-UDP
80,17,20,1200,0,0,0,0,DoS-UDP
80,17,20,1200,0,0,0,0,DoS-UDP
0,1,20,840,0,0,0,0,DoS-ICMP
80,17,20,1200,0,0,0,0,DoS-UDP
36520,17,20,27980,0,0,0,0,BENIGN
0,1,20,1200,0,0,0,0,DoS-ICMP
0,1,20,1200,0,0,0,0,DoS-ICMP
80,17,20,1200,0,0,0,0,DoS-UDP
80,17,20,1200,0,0,0,0,DoS-UDP
56719,6,6,348,6,6,0,0,SSH-Bruteforce
80,6,20,1480,20,0,0,0,DoS-HTTP
22,6,20,1200,0,0,20,0,SSH-Bruteforce
2839,6,6,360,6,0,0,0,PortScan
80,6,20,1480,20,0,0,0,DoS-HTTP
8846,6,5,290,5,5,0,0,SSH-Bruteforce
80,17,20,1200,0,0,0,0,DoS-UDP
36520,17,20,27980,0,0,0,0,BENIGN
3695,6,4,240,4,0,0,0,PortScan
4791,6,7,406,7,7,0,0,SSH-Bruteforce
37810,6,2,120,2,0,0,0,PortScan
0,1,20,1200,0,0,0,0,DoS-ICMP
0,1,20,1200,0,0,0,0,DoS-ICMP
0,1,20,1200,0,0,0,0,DoS-ICMP
22,6,20,1200,0,0,20,0,SSH-Bruteforce
80,17,20,1200,0,0,0,0,DoS-UDP
80,17,20,1200,0,0,0,0,DoS-UDP
35753,6,4,240,4,0,0,0,PortScan
7689,6,4,240,4,0,0,0,PortScan
22,6,20,1200,10,0,10,0,SSH-Bruteforce
5066,6,8,464,8,8,0,0,SSH-Bruteforce
0,1,20,1200,0,0,0,0,DoS-ICMP
63422,6,4,240,4,0,0,0,PortScan
80,6,20,1480,20,0,0,0,DoS-HTTP
80,6,20,1480,20,0,0,0,DoS-HTTP
588,6,9,522,9,9,0,0,SSH-Bruteforce
36520,17,20,27980,0,0,0,0,BENIGN
57263,6,2,120,2,0,0,0,PortScan
80,6,20,1200,20,0,0,0,DoS-SYN-Flood
80,6,20,1480,20,0,0,0,DoS-HTTP
33010,6,4,240,4,0,0,0,PortScan
50597,17,2,238,0,0,0,0,BENIGN
80,6,20,1200,20,0,0,0,DoS-SYN-Flood
80,6,20,1200,20,0,0,0,DoS-SYN-Flood
80,17,20,1200,0,0,0,0,DoS-UDP
16279,6,2,120,2,0,0,0,PortScan
13403,6,12,696,12,12,0,0,SSH-Bruteforce
80,6,20,1480,20,0,0,0,DoS-HTTP
80,6,20,1200,20,0,0,0,DoS-SYN-Flood
80,6,20,1480,20,0,0,0,DoS-HTTP
0,1,20,1200,0,0,0,0,DoS-ICMP
80,6,20,1200,20,0,0,0,DoS-SYN-Flood
80,17,20,1200,0,0,0,0,DoS-UDP
22,6,20,1200,19,0,1,0,SSH-Bruteforce
0,1,20,840,0,0,0,0,DoS-ICMP
22,6,20,1200,10,0,10,0,SSH-Bruteforce
0,1,20,840,0,0,0,0,DoS-ICMP
0,1,20,1200,0,0,0,0,DoS-ICMP
80,6,20,1200,20,0,0,0,DoS-SYN-Flood
80,17,20,1200,0,0,0,0,DoS-UDP
23608,6,6,348,6,6,0,0,SSH-Bruteforce
80,6,20,1200,20,0,0,0,DoS-SYN-Flood
36520,17,20,27980,0,0,0,0,BENIGN
80,17,20,1200,0,0,0,0,DoS-UDP
0,1,20,840,0,0,0,0,DoS-ICMP
80,6,20,1480,20,0,0,0,DoS-HTTP
0,1,20,1200,0,0,0,0,DoS-ICMP
80,6,20,1480,20,0,0,0,DoS-HTTP
23967,6,5,290,5,5,0,0,SSH-Bruteforce
80,17,20,1200,0,0,0,0,DoS-UDP
0,1,20,840,0,0,0,0,DoS-ICMP
22,6,20,1200,20,0,0,0,SSH-Bruteforce
80,6,20,1200,20,0,0,0,DoS-SYN-Flood
80,17,20,1200,0,0,0,0,DoS-UDP
43378,6,7,406,7,7,0,0,SSH-Bruteforce
80,6,20,1200,20,0,0,0,DoS-SYN-Flood
25978,6,7,406,7,7,0,0,SSH-Bruteforce
80,6,20,1200,20,0,0,0,DoS-SYN-Flood
13298,6,4,240,4,0,0,0,PortScan
49494,6,2,120,2,0,0,0,PortScan
80,17,20,1200,0,0,0,0,DoS-UDP
80,6,20,1200,20,0,0,0,DoS-SYN-Flood
60259,6,2,120,2,0,0,0,PortScan
349,6,6,360,6,0,0,0,PortScan
0,1,20,1200,0,0,0,0,DoS-ICMP
3171,6,4,240,4,0,0,0,PortScan
80,17,20,1200,0,0,0,0,DoS-UDP
0,1,20,840,0,0,0,0,DoS-ICMP
30777,6,6,348,6,6,0,0,SSH-Bruteforce
61587,6,2,120,2,0,0,0,PortScan
33545,6,2,120,2,0,0,0,PortScan
0,1,20,1200,0,0,0,0,DoS-ICMP
80,6,20,1480,20,0,0,0,DoS-HTTP
0,1,20,1200,0,0,0,0,DoS-ICMP
36617,6,4,240,4,0,0,0,PortScan
22,6,20,1200,9,0,11,0,SSH-Bruteforce
24735,6,6,348,6,6,0,0,SSH-Bruteforce
36520,17,20,27980,0,0,0,0,BENIGN
0,1,20,1200,0,0,0,0,DoS-ICMP
80,6,20,1200,20,0,0,0,DoS-SYN-Flood
35101,6,4,240,4,0,0,0,PortScan
15611,6,7,406,7,7,0,0,SSH-Bruteforce
35127,6,2,120,2,0,0,0,PortScan
80,6,20,1480,20,0,0,0,DoS-HTTP
0,1,20,1200,0,0,0,0,DoS-ICMP
3348,6,4,240,4,0,0,0,PortScan
0,1,20,840,0,0,0,0,DoS-ICMP
28945,6,6,348,6,6,0,0,SSH-Bruteforce
44503,6,4,240,4,0,0,0,PortScan
80,6,20,1480,20,0,0,0,DoS-HTTP
80,6,20,1480,20,0,0,0,DoS-HTTP
22,6,20,1200,20,0,0,0,SSH-Bruteforce
58442,6,8,464,8,8,0,0,SSH-Bruteforce
22,6,20,1200,0,0,20,0,SSH-Bruteforce
80,6,20,1480,20,0,0,0,DoS-HTTP
443,6,20,1635,0,20,0,0,BENIGN
20228,6,6,348,6,6,0,0,SSH-Bruteforce
80,17,20,1200,0,0,0,0,DoS-UDP
80,17,20,1200,0,0,0,0,DoS-UDP
80,6,20,1480,20,0,0,0,DoS-HTTP
0,1,20,1200,0,0,0,0,DoS-ICMP
80,17,20,1200,0,0,0,0,DoS-UDP
39067,6,2,120,2,0,0,0,PortScan
43441,6,2,120,2,0,0,0,PortScan
230,6,6,360,6,0,0,0,PortScan
46673,6,4,240,4,0,0,0,PortScan
80,6,20,1480,20,0,0,0,DoS-HTTP
12201,6,4,240,4,0,0,0,PortScan
22,6,20,1200,20,0,0,0,SSH-Bruteforce
0,1,20,1200,0,0,0,0,DoS-ICMP
80,6,20,1480,20,0,0,0,DoS-HTTP
0,1,20,1200,0,0,0,0,DoS-ICMP
39773,6,2,120,2,0,0,0,PortScan
22,6,20,1200,0,0,20,0,SSH-Bruteforce
41507,6,2,120,2,0,0,0,PortScan
80,17,20,1200,0,0,0,0,DoS-UDP
80,6,20,1480,20,0,0,0,DoS-HTTP
80,6,20,1200,20,0,0,0,DoS-SYN-Flood
0,1,20,840,0,0,0,0,DoS-ICMP
0,1,20,840,0,0,0,0,DoS-ICMP
22,6,20,1200,20,0,0,0,SSH-Bruteforce
80,17,20,1200,0,0,0,0,DoS-UDP
80,6,20,1200,20,0,0,0,DoS-SYN-Flood
80,6,20,1200,20,0,0,0,DoS-SYN-Flood
80,6,20,1480,20,0,0,0,DoS-HTTP
22883,6,2,120,2,0,0,0,PortScan
80,6,20,1480,20,0,0,0,DoS-HTTP
22,6,20,1200,20,0,0,0,SSH-Bruteforce
80,6,20,1480,20,0,0,0,DoS-HTTP
80,6,20,1200,20,0,0,0,DoS-SYN-Flood
80,6,20,1480,20,0,0,0,DoS-HTTP
13932,6,6,348,6,6,0,0,SSH-Bruteforce
80,17,20,1200,0,0,0,0,DoS-UDP
80,17,20,1200,0,0,0,0,DoS-UDP
41063,6,2,120,2,0,0,0,PortScan
12222,6,6,360,6,0,0,0,PortScan
63860,6,4,240,4,0,0,0,PortScan
36520,17,20,27980,0,0,0,0,BENIGN
80,17,20,1200,0,0,0,0,DoS-UDP
80,6,20,1200,20,0,0,0,DoS-SYN-Flood
80,6,20,1480,20,0,0,0,DoS-HTTP
0,1,20,840,0,0,0,0,DoS-ICMP
80,6,20,1200,20,0,0,0,DoS-SYN-Flood
6290,6,4,240,4,0,0,0,PortScan
80,6,20,1480,20,0,0,0,DoS-HTTP
80,17,20,1200,0,0,0,0,DoS-UDP
80,6,20,1480,20,0,0,0,DoS-HTTP
0,1,20,840,0,0,0,0,DoS-ICMP
80,6,20,1480,20,0,0,0,DoS-HTTP
80,6,20,1480,20,0,0,0,DoS-HTTP
80,17,20,1200,0,0,0,0,DoS-UDP
80,6,20,1480,20,0,0,0,DoS-HTTP
80,6,20,1480,20,0,0,0,DoS-HTTP
80,17,20,1200,0,0,0,0,DoS-UDP
42994,6,8,464,8,8,0,0,SSH-Bruteforce
59804,6,20,14489,0,20,0,0,BENIGN
22,6,20,1200,17,0,3,0,SSH-Bruteforce
61454,6,4,240,4,0,0,0,PortScan
80,6,20,1480,20,0,0,0,DoS-HTTP
80,6,20,1480,20,0,0,0,DoS-HTTP
43992,17,20,27980,0,0,0,0,BENIGN
0,1,20,840,0,0,0,0,DoS-ICMP
9172,6,4,240,4,0,0,0,PortScan
80,17,20,1200,0,0,0,0,DoS-UDP
80,17,20,1200,0,0,0,0,DoS-UDP
0,1,20,840,0,0,0,0,DoS-ICMP
80,6,20,1480,20,0,0,0,DoS-HTTP
80,6,20,1200,20,0,0,0,DoS-SYN-Flood
80,17,20,1200,0,0,0,0,DoS-UDP
0,1,20,840,0,0,0,0,DoS-ICMP
10308,6,9,522,9,9,0,0,SSH-Bruteforce
80,6,20,1480,20,0,0,0,DoS-HTTP
63224,6,2,120,2,0,0,0,PortScan
80,17,20,1200,0,0,0,0,DoS-UDP
80,6,20,1200,20,0,0,0,DoS-SYN-Flood
80,6,20,1200,20,0,0,0,DoS-SYN-Flood
21463,6,2,120,2,0,0,0,PortScan
52025,6,4,240,4,0,0,0,PortScan
0,1,20,840,0,0,0,0,DoS-ICMP
80,6,20,1480,20,0,0,0,DoS-HTTP
0,1,20,840,0,0,0,0,DoS-ICMP
21611,6,2,120,2,0,0,0,PortScan
80,17,20,1200,0,0,0,0,DoS-UDP
12234,6,8,464,8,8,0,0,SSH-Bruteforce
2108,6,4,240,4,0,0,0,PortScan
0,1,20,840,0,0,0,0,DoS-ICMP
0,1,20,840,0,0,0,0,DoS-ICMP
80,6,20,1480,20,0,0,0,DoS-HTTP
54981,6,2,120,2,0,0,0,PortScan
80,17,20,1200,0,0,0,0,DoS-UDP
80,17,20,1200,0,0,0,0,DoS-UDP
0,1,20,840,0,0,0,0,DoS-ICMP
80,6,20,1200,20,0,0,0,DoS-SYN-Flood
80,6,20,1480,20,0,0,0,DoS-HTTP
22,6,20,1200,0,0,20,0,SSH-Bruteforce
80,6,20,1200,20,0,0,0,DoS-SYN-Flood
80,17,20,1200,0,0,0,0,DoS-UDP
80,17,20,1200,0,0,0,0,DoS-UDP
80,6,20,1200,20,0,0,0,DoS-SYN-Flood
80,6,20,1480,20,0,0,0,DoS-HTTP
60886,6,20,29200,0,20,0,0,BENIGN
22204,6,7,406,7,7,0,0,SSH-Bruteforce
80,6,20,1480,20,0,0,0,DoS-HTTP
22,6,20,1200,10,0,10,0,SSH-Bruteforce
7534,6,8,464,8,8,0,0,SSH-Bruteforce
26019,6,7,406,7,7,0,0,SSH-Bruteforce
45510,6,12,696,12,12,0,0,SSH-Bruteforce
34169,6,2,120,2,0,0,0,PortScan
0,1,20,840,0,0,0,0,DoS-ICMP
80,17,20,1200,0,0,0,0,DoS-UDP
80,17,20,1200,0,0,0,0,DoS-UDP
19656,6,2,120,2,0,0,0,PortScan
22,6,20,1200,0,0,20,0,SSH-Bruteforce
80,6,20,1480,20,0,0,0,DoS-HTTP
0,1,20,1200,0,0,0,0,DoS-ICMP
80,6,20,1200,20,0,0,0,DoS-SYN-Flood
36520,17,20,27980,0,0,0,0,BENIGN
80,6,20,1480,20,0,0,0,DoS-HTTP
80,17,20,1200,0,0,0,0,DoS-UDP
14970,6,4,240,4,0,0,0,PortScan
37788,6,8,464,8,8,0,0,SSH-Bruteforce
0,1,20,840,0,0,0,0,DoS-ICMP
80,6,20,1200,20,0,0,0,DoS-SYN-Flood
0,1,20,1200,0,0,0,0,DoS-ICMP
22,6,20,1200,0,0,20,0,SSH-Bruteforce
33240,6,20,29020,0,20,0,0,BENIGN
80,6,20,1480,20,0,0,0,DoS-HTTP
0,1,20,840,0,0,0,0,DoS-ICMP
45240,6,10,580,10,10,0,0,SSH-Bruteforce
80,17,20,1200,0,0,0,0,DoS-UDP
59487,6,2,120,2,0,0,0,PortScan
80,17,20,1200,0,0,0,0,DoS-UDP
80,17,20,1200,0,0,0,0,DoS-UDP
80,17,20,1200,0,0,0,0,DoS-UDP
80,17,20,1200,0,0,0,0,DoS-UDP
0,1,20,840,0,0,0,0,DoS-ICMP
34781,6,2,120,2,0,0,0,PortScan
80,6,20,1200,20,0,0,0,DoS-SYN-Flood
80,17,20,1200,0,0,0,0,DoS-UDP
80,17,20,1200,0,0,0,0,DoS-UDP
80,17,20,1200,0,0,0,0,DoS-UDP
80,17,20,1200,0,0,0,0,DoS-UDP
0,1,20,1200,0,0,0,0,DoS-ICMP
0,1,20,1200,0,0,0,0,DoS-ICMP
80,6,20,1200,20,0,0,0,DoS-SYN-Flood
80,17,20,1200,0,0,0,0,DoS-UDP
80,6,20,1200,20,0,0,0,DoS-SYN-Flood
80,6,20,1480,20,0,0,0,DoS-HTTP
22,6,20,1200,8,0,12,0,SSH-Bruteforce
0,1,20,840,0,0,0,0,DoS-ICMP
0,1,20,840,0,0,0,0,DoS-ICMP
80,17,20,1200,0,0,0,0,DoS-UDP
0,1,20,840,0,0,0,0,DoS-ICMP
80,17,20,1200,0,0,0,0,DoS-UDP
16143,6,2,120,2,0,0,0,PortScan
28469,6,8,464,8,8,0,0,SSH-Bruteforce
40134,6,4,240,4,0,0,0,PortScan
0,1,20,1200,0,0,0,0,DoS-ICMP
80,6,20,1200,20,0,0,0,DoS-SYN-Flood
0,1,20,840,0,0,0,0,DoS-ICMP
60886,6,20,28780,0,20,0,0,BENIGN
80,6,20,1480,20,0,0,0,DoS-HTTP
80,6,20,1200,20,0,0,0,DoS-SYN-Flood
0,1,20,1200,0,0,0,0,DoS-ICMP
80,17,20,1200,0,0,0,0,DoS-UDP
0,1,20,840,0,0,0,0,DoS-ICMP
0,1,20,840,0,0,0,0,DoS-ICMP
0,1,20,1200,0,0,0,0,DoS-ICMP
80,6,20,1200,20,0,0,0,DoS-SYN-Flood
80,6,20,1200,20,0,0,0,DoS-SYN-Flood
80,17,20,1200,0,0,0,0,DoS-UDP
80,6,20,1480,20,0,0,0,DoS-HTTP
80,6,20,1480,20,0,0,0,DoS-HTTP
80,6,20,1200,20,0,0,0,DoS-SYN-Flood
20294,6,6,348,6,6,0,0,SSH-Bruteforce
80,17,20,1200,0,0,0,0,DoS-UDP
80,17,20,1200,0,0,0,0,DoS-UDP
36520,17,20,27980,0,0,0,0,BENIGN
80,17,20,1200,0,0,0,0,DoS-UDP
0,1,20,1200,0,0,0,0,DoS-ICMP
0,1,20,1200,0,0,0,0,DoS-ICMP
80,17,20,1200,0,0,0,0,DoS-UDP
26980,6,7,406,7,7,0,0,SSH-Bruteforce
80,6,20,1480,20,0,0,0,DoS-HTTP
31642,6,10,580,10,10,0,0,SSH-Bruteforce
36520,17,20,27980,0,0,0,0,BENIGN
0,1,20,1200,0,0,0,0,DoS-ICMP
80,6,20,1480,20,0,0,0,DoS-HTTP
0,1,20,1200,0,0,0,0,DoS-ICMP
80,6,20,1480,20,0,0,0,DoS-HTTP
80,6,20,1200,20,0,0,0,DoS-SYN-Flood
80,17,20,1200,0,0,0,0,DoS-UDP
80,17,20,1200,0,0,0,0,DoS-UDP
0,1,20,1200,0,0,0,0,DoS-ICMP
61579,6,4,240,4,0,0,0,PortScan
0,1,20,840,0,0,0,0,DoS-ICMP
24298,6,2,120,2,0,0,0,PortScan
80,6,20,1200,20,0,0,0,DoS-SYN-Flood
80,6,20,1480,20,0,0,0,DoS-HTTP
43472,6,2,120,2,0,0,0,PortScan
80,17,20,1200,0,0,0,0,DoS-UDP
64900,6,7,406,7,7,0,0,SSH-Bruteforce
80,17,20,1200,0,0,0,0,DoS-UDP
49603,6,9,522,9,9,0,0,SSH-Bruteforce
80,6,20,1200,20,0,0,0,DoS-SYN-Flood
80,17,20,1200,0,0,0,0,DoS-UDP
52336,6,6,348,6,6,0,0,SSH-Bruteforce
22,6,20,1200,20,0,0,0,SSH-Bruteforce
80,17,20,1200,0,0,0,0,DoS-UDP
22,6,20,1200,10,0,10,0,SSH-Bruteforce
80,6,20,1480,20,0,0,0,DoS-HTTP
0,1,20,840,0,0,0,0,DoS-ICMP
36518,6,4,240,4,0,0,0,PortScan
36520,17,20,27980,0,0,0,0,BENIGN
80,6,20,1480,20,0,0,0,DoS-HTTP
42229,6,4,240,4,0,0,0,PortScan
2704,6,6,360,6,0,0,0,PortScan
0,1,20,840,0,0,0,0,DoS-ICMP
26272,6,10,580,10,10,0,0,SSH-Bruteforce
0,1,20,1200,0,0,0,0,DoS-ICMP
80,6,20,1480,20,0,0,0,DoS-HTTP
80,6,20,1480,20,0,0,0,DoS-HTTP
0,1,20,1200,0,0,0,0,DoS-ICMP
30597,6,4,240,4,0,0,0,PortScan
80,6,20,1480,20,0,0,0,DoS-HTTP
80,17,20,1200,0,0,0,0,DoS-UDP
80,17,20,1200,0,0,0,0,DoS-UDP
22,6,20,1200,0,0,20,0,SSH-Bruteforce
36520,17,20,27980,0,0,0,0,BENIGN
0,1,20,1200,0,0,0,0,DoS-ICMP
80,6,20,1480,20,0,0,0,DoS-HTTP
44107,6,4,240,4,0,0,0,PortScan
80,6,20,1480,20,0,0,0,DoS-HTTP
80,6,20,1200,20,0,0,0,DoS-SYN-Flood
80,17,20,1200,0,0,0,0,DoS-UDP
80,6,20,1200,20,0,0,0,DoS-SYN-Flood
443,17,11,3165,0,0,0,0,BENIGN
43992,17,20,27980,0,0,0,0,BENIGN
0,1,20,840,0,0,0,0,DoS-ICMP
2525,6,4,240,4,0,0,0,PortScan
80,17,20,1200,0,0,0,0,DoS-UDP
54202,6,6,348,6,6,0,0,SSH-Bruteforce
0,1,20,1200,0,0,0,0,DoS-ICMP
50549,6,4,240,4,0,0,0,PortScan
0,1,20,1200,0,0,0,0,DoS-ICMP
0,1,20,1200,0,0,0,0,DoS-ICMP
7343,6,4,240,4,0,0,0,PortScan
30773,6,2,120,2,0,0,0,PortScan
0,1,20,840,0,0,0,0,DoS-ICMP
12409,6,8,464,8,8,0,0,SSH-Bruteforce
80,6,20,1480,20,0,0,0,DoS-HTTP
80,6,20,1200,20,0,0,0,DoS-SYN-Flood
80,6,20,1480,20,0,0,0,DoS-HTTP
0,1,20,840,0,0,0,0,DoS-ICMP
80,17,20,1200,0,0,0,0,DoS-UDP
36600,6,4,240,4,0,0,0,PortScan
80,6,20,1480,20,0,0,0,DoS-HTTP
80,17,20,1200,0,0,0,0,DoS-UDP
80,17,20,1200,0,0,0,0,DoS-UDP
443,6,20,1200,0,20,0,0,BENIGN
34183,6,4,240,4,0,0,0,PortScan
80,6,20,1480,20,0,0,0,DoS-HTTP
61845,6,4,240,4,0,0,0,PortScan
80,17,20,1200,0,0,0,0,DoS-UDP
80,6,20,1200,20,0,0,0,DoS-SYN-Flood
80,6,20,1480,20,0,0,0,DoS-HTTP
63822,6,4,232,4,4,0,0,SSH-Bruteforce
80,17,20,1200,0,0,0,0,DoS-UDP
0,1,20,1200,0,0,0,0,DoS-ICMP
80,6,20,1200,20,0,0,0,DoS-SYN-Flood
0,1,20,1200,0,0,0,0,DoS-ICMP
61228,6,6,348,6,6,0,0,SSH-Bruteforce
0,1,20,1200,0,0,0,0,DoS-ICMP
80,6,20,1200,20,0,0,0,DoS-SYN-Flood
80,6,20,1200,20,0,0,0,DoS-SYN-Flood
80,6,20,1480,20,0,0,0,DoS-HTTP
22,6,20,1200,20,0,0,0,SSH-Bruteforce
80,17,20,1200,0,0,0,0,DoS-UDP
22,6,20,1200,20,0,0,0,SSH-Bruteforce
80,17,20,1200,0,0,0,0,DoS-UDP
80,6,20,1200,20,0,0,0,DoS-SYN-Flood
80,6,20,1200,20,0,0,0,DoS-SYN-Flood
80,17,20,1200,0,0,0,0,DoS-UDP
80,6,20,1480,20,0,0,0,DoS-HTTP
80,6,20,1200,20,0,0,0,DoS-SYN-Flood
7489,6,4,240,4,0,0,0,PortScan
80,6,20,1200,20,0,0,0,DoS-SYN-Flood
35854,6,20,29020,0,20,0,0,BENIGN
80,6,20,1480,20,0,0,0,DoS-HTTP
9599,6,4,240,4,0,0,0,PortScan
54794,6,8,464,8,8,0,0,SSH-Bruteforce
48806,17,20,27980,0,0,0,0,BENIGN
0,1,20,1200,0,0,0,0,DoS-ICMP
30800,6,2,120,2,0,0,0,PortScan
80,17,20,1200,0,0,0,0,DoS-UDP
22,6,20,1200,1,0,19,0,SSH-Bruteforce
80,6,20,1200,20,0,0,0,DoS-SYN-Flood
832,6,4,240,4,0,0,0,PortScan
22,6,20,1200,20,0,0,0,SSH-Bruteforce
80,6,20,1200,20,0,0,0,DoS-SYN-Flood
80,6,20,1200,20,0,0,0,DoS-SYN-Flood
80,17,20,1200,0,0,0,0,DoS-UDP
80,6,20,1480,20,0,0,0,DoS-HTTP
35619,6,2,120,2,0,0,0,PortScan
49405,6,4,240,4,0,0,0,PortScan
60886,6,20,29061,0,20,0,0,BENIGN
80,6,20,1480,20,0,0,0,DoS-HTTP
80,6,20,1200,20,0,0,0,DoS-SYN-Flood
80,17,20,1200,0,0,0,0,DoS-UDP
80,6,20,1200,20,0,0,0,DoS-SYN-Flood
18882,6,2,120,2,0,0,0,PortScan
0,1,20,840,0,0,0,0,DoS-ICMP
20645,6,2,120,2,0,0,0,PortScan
0,1,20,1200,0,0,0,0,DoS-ICMP
80,6,20,1480,20,0,0,0,DoS-HTTP
23919,6,2,120,2,0,0,0,PortScan
22,6,20,1200,20,0,0,0,SSH-Bruteforce
80,6,20,1200,20,0,0,0,DoS-SYN-Flood
37263,6,13,754,13,13,0,0,SSH-Bruteforce
39092,6,4,240,4,0,0,0,PortScan
80,6,20,1480,20,0,0,0,DoS-HTTP
0,1,20,840,0,0,0,0,DoS-ICMP
80,6,20,1480,20,0,0,0,DoS-HTTP
43133,17,2,214,0,0,0,0,BENIGN
80,17,20,1200,0,0,0,0,DoS-UDP
29122,6,5,290,5,5,0,0,SSH-Bruteforce
80,17,20,1200,0,0,0,0,DoS-UDP
0,1,20,840,0,0,0,0,DoS-ICMP
80,6,20,1200,20,0,0,0,DoS-SYN-Flood
8317,6,4,240,4,0,0,0,PortScan
80,17,20,1200,0,0,0,0,DoS-UDP
443,17,20,13704,0,0,0,0,BENIGN
80,17,20,1200,0,0,0,0,DoS-UDP
60163,6,4,240,4,0,0,0,PortScan
0,1,20,1200,0,0,0,0,DoS-ICMP
80,17,20,1200,0,0,0,0,DoS-UDP
80,6,20,1200,20,0,0,0,DoS-SYN-Flood
80,17,20,1200,0,0,0,0,DoS-UDP
37545,6,2,120,2,0,0,0,PortScan
0,1,20,840,0,0,0,0,DoS-ICMP
80,6,20,1200,20,0,0,0,DoS-SYN-Flood
80,6,20,1480,20,0,0,0,DoS-HTTP
80,17,20,1200,0,0,0,0,DoS-UDP
46540,6,9,522,9,9,0,0,SSH-Bruteforce
26579,6,2,120,2,0,0,0,PortScan
80,17,20,1200,0,0,0,0,DoS-UDP
36520,17,20,27980,0,0,0,0,BENIGN
36520,17,20,27980,0,0,0,0,BENIGN
80,6,20,1200,20,0,0,0,DoS-SYN-Flood
80,6,20,1480,20,0,0,0,DoS-HTTP
80,6,20,1480,20,0,0,0,DoS-HTTP
44904,6,7,406,7,7,0,0,SSH-Bruteforce
19374,6,9,522,9,9,0,0,SSH-Bruteforce
2140,6,8,464,8,8,0,0,SSH-Bruteforce
0,1,20,1200,0,0,0,0,DoS-ICMP
22,6,20,1200,20,0,0,0,SSH-Bruteforce
30145,6,7,406,7,7,0,0,SSH-Bruteforce
8300,6,5,290,5,5,0,0,SSH-Bruteforce
80,17,20,1200,0,0,0,0,DoS-UDP
55506,6,2,120,2,0,0,0,PortScan
80,17,20,1200,0,0,0,0,DoS-UDP
49713,6,2,120,2,0,0,0,PortScan
36520,17,20,27980,0,0,0,0,BENIGN
80,6,20,1200,20,0,0,0,DoS-SYN-Flood
80,6,20,1480,20,0,0,0,DoS-HTTP
80,17,20,1200,0,0,0,0,DoS-UDP
0,1,20,840,0,0,0,0,DoS-ICMP
53814,6,2,120,2,0,0,0,PortScan
0,1,20,1200,0,0,0,0,DoS-ICMP
80,17,20,1200,0,0,0,0,DoS-UDP
48535,6,2,120,2,0,0,0,PortScan
10752,6,8,464,8,8,0,0,SSH-Bruteforce
80,6,20,1200,20,0,0,0,DoS-SYN-Flood
80,6,20,1200,20,0,0,0,DoS-SYN-Flood
30695,6,9,522,9,9,0,0,SSH-Bruteforce
80,17,20,1200,0,0,0,0,DoS-UDP
25799,6,3,174,3,3,0,0,SSH-Bruteforce
0,1,20,840,0,0,0,0,DoS-ICMP
80,6,20,1480,20,0,0,0,DoS-HTTP
9121,6,6,360,6,0,0,0,PortScan
54829,17,20,27980,0,0,0,0,BENIGN
80,17,20,1200,0,0,0,0,DoS-UDP
0,1,20,840,0,0,0,0,DoS-ICMP
80,17,20,1200,0,0,0,0,DoS-UDP
60886,6,20,29080,0,20,0,0,BENIGN
0,1,20,1200,0,0,0,0,DoS-ICMP
0,1,20,1200,0,0,0,0,DoS-ICMP
80,6,20,1200,20,0,0,0,DoS-SYN-Flood
80,17,20,1200,0,0,0,0,DoS-UDP
0,1,20,840,0,0,0,0,DoS-ICMP
80,17,20,1200,0,0,0,0,DoS-UDP
80,6,20,1200,20,0,0,0,DoS-SYN-Flood
80,17,20,1200,0,0,0,0,DoS-UDP
80,6,20,1200,20,0,0,0,DoS-SYN-Flood
50179,6,7,406,7,7,0,0,SSH-Bruteforce
80,6,20,1200,20,0,0,0,DoS-SYN-Flood
80,6,20,1480,20,0,0,0,DoS-HTTP
80,17,20,1200,0,0,0,0,DoS-UDP
80,17,20,1200,0,0,0,0,DoS-UDP
44691,6,4,240,4,0,0,0,PortScan
9066,6,4,240,4,0,0,0,PortScan
11252,6,9,522,9,9,0,0,SSH-Bruteforce
0,1,20,1200,0,0,0,0,DoS-ICMP
80,17,20,1200,0,0,0,0,DoS-UDP
80,6,20,1480,20,0,0,0,DoS-HTTP
46234,6,7,406,7,7,0,0,SSH-Bruteforce
41320,6,2,120,2,0,0,0,PortScan
36963,6,11,638,11,11,0,0,SSH-Bruteforce
0,1,20,840,0,0,0,0,DoS-ICMP
46883,6,4,240,4,0,0,0,PortScan
80,6,20,1480,20,0,0,0,DoS-HTTP
36520,17,20,27980,0,0,0,0,BENIGN
80,6,20,1480,20,0,0,0,DoS-HTTP
80,17,20,1200,0,0,0,0,DoS-UDP
80,6,20,1200,20,0,0,0,DoS-SYN-Flood
80,17,20,1200,0,0,0,0,DoS-UDP
0,1,20,840,0,0,0,0,DoS-ICMP
443,6,20,1328,0,20,0,0,BENIGN
22,6,20,1200,18,0,2,0,SSH-Bruteforce
22,6,20,1200,20,0,0,0,SSH-Bruteforce
80,6,20,1200,20,0,0,0,DoS-SYN-Flood
80,17,20,1200,0,0,0,0,DoS-UDP
22,6,20,1200,0,0,20,0,SSH-Bruteforce
80,6,20,1480,20,0,0,0,DoS-HTTP
5404,6,6,360,6,0,0,0,PortScan
6666,6,7,406,7,7,0,0,SSH-Bruteforce
20429,6,7,406,7,7,0,0,SSH-Bruteforce
63681,6,10,576,9,9,1,0,SSH-Bruteforce
80,6,20,1200,20,0,0,0,DoS-SYN-Flood
43992,17,20,27980,0,0,0,0,BENIGN
21712,6,2,120,2,0,0,0,PortScan
80,6,20,1480,20,0,0,0,DoS-HTTP
80,17,20,1200,0,0,0,0,DoS-UDP
54461,17,2,192,0,0,0,0,BENIGN
80,6,20,1200,20,0,0,0,DoS-SYN-Flood
14422,6,4,240,4,0,0,0,PortScan
0,1,20,1200,0,0,0,0,DoS-ICMP
80,6,20,1200,20,0,0,0,DoS-SYN-Flood
0,1,20,840,0,0,0,0,DoS-ICMP
0,1,20,1200,0,0,0,0,DoS-ICMP
80,6,20,1200,20,0,0,0,DoS-SYN-Flood
80,6,20,1480,20,0,0,0,DoS-HTTP
10892,6,7,406,7,7,0,0,SSH-Bruteforce
41051,6,2,120,2,0,0,0,PortScan
80,17,20,1200,0,0,0,0,DoS-UDP
10058,6,8,464,8,8,0,0,SSH-Bruteforce
80,6,20,1480,20,0,0,0,DoS-HTTP
80,17,20,1200,0,0,0,0,DoS-UDP
80,6,20,1480,20,0,0,0,DoS-HTTP
80,17,20,1200,0,0,0,0,DoS-UDP
80,6,20,1200,20,0,0,0,DoS-SYN-Flood
7367,6,4,240,4,0,0,0,PortScan
7897,6,5,290,5,5,0,0,SSH-Bruteforce
33240,6,20,29320,0,20,0,0,BENIGN
22,6,20,1200,6,0,14,0,SSH-Bruteforce
0,1,20,840,0,0,0,0,DoS-ICMP
80,6,20,1200,20,0,0,0,DoS-SYN-Flood
80,6,20,1200,20,0,0,0,DoS-SYN-Flood
0,1,20,1200,0,0,0,0,DoS-ICMP
80,17,20,1200,0,0,0,0,DoS-UDP
5682,6,4,240,4,0,0,0,PortScan
0,1,20,1200,0,0,0,0,DoS-ICMP
60394,17,20,26669,0,0,0,0,BENIGN
0,1,20,1200,0,0,0,0,DoS-ICMP
0,1,20,1200,0,0,0,0,DoS-ICMP
58018,6,8,464,8,8,0,0,SSH-Bruteforce
6524,6,6,360,6,0,0,0,PortScan
80,17,20,1200,0,0,0,0,DoS-UDP
22,6,20,1200,20,0,0,0,SSH-Bruteforce
22,6,20,1200,20,0,0,0,SSH-Bruteforce
80,6,20,1480,20,0,0,0,DoS-HTTP
16411,6,5,290,5,5,0,0,SSH-Bruteforce
63553,6,2,120,2,0,0,0,PortScan
80,6,20,1200,20,0,0,0,DoS-SYN-Flood
80,6,20,1480,20,0,0,0,DoS-HTTP
0,1,20,1200,0,0,0,0,DoS-ICMP
80,6,20,1480,20,0,0,0,DoS-HTTP
0,1,20,1200,0,0,0,0,DoS-ICMP
3791,6,6,348,6,6,0,0,SSH-Bruteforce
63290,6,6,348,6,6,0,0,SSH-Bruteforce
44794,6,2,120,2,0,0,0,PortScan
80,17,20,1200,0,0,0,0,DoS-UDP
80,6,20,1200,20,0,0,0,DoS-SYN-Flood
27705,6,2,120,2,0,0,0,PortScan
80,6,20,1200,20,0,0,0,DoS-SYN-Flood
22,6,20,1200,7,0,13,0,SSH-Bruteforce
80,17,20,1200,0,0,0,0,DoS-UDP
80,6,20,1480,20,0,0,0,DoS-HTTP
80,6,20,1480,20,0,0,0,DoS-HTTP
80,6,20,1200,20,0,0,0,DoS-SYN-Flood
80,17,20,1200,0,0,0,0,DoS-UDP
80,6,20,1480,20,0,0,0,DoS-HTTP
12063,6,4,240,4,0,0,0,PortScan
0,1,20,840,0,0,0,0,DoS-ICMP
80,6,20,1480,20,0,0,0,DoS-HTTP
80,6,20,1480,20,0,0,0,DoS-HTTP
43992,17,20,27980,0,0,0,0,BENIGN
80,17,20,1200,0,0,0,0,DoS-UDP
80,6,20,1480,20,0,0,0,DoS-HTTP
0,1,20,1200,0,0,0,0,DoS-ICMP
80,6,20,1200,20,0,0,0,DoS-SYN-Flood
22,6,20,1200,0,0,20,0,SSH-Bruteforce
80,17,20,1200,0,0,0,0,DoS-UDP
22,6,20,1200,20,0,0,0,SSH-Bruteforce
80,6,20,1200,20,0,0,0,DoS-SYN-Flood
80,6,20,1480,20,0,0,0,DoS-HTTP
54829,17,20,27980,0,0,0,0,BENIGN
0,1,20,840,0,0,0,0,DoS-ICMP
0,1,20,840,0,0,0,0,DoS-ICMP
0,1,20,840,0,0,0,0,DoS-ICMP
80,6,20,1480,20,0,0,0,DoS-HTTP
24819,6,6,348,6,6,0,0,SSH-Bruteforce
58467,6,4,240,4,0,0,0,PortScan
80,6,20,1480,20,0,0,0,DoS-HTTP
80,6,20,1480,20,0,0,0,DoS-HTTP
80,6,20,1480,20,0,0,0,DoS-HTTP
22,6,20,1200,7,0,13,0,SSH-Bruteforce
49377,6,4,240,4,0,0,0,PortScan
80,17,20,1200,0,0,0,0,DoS-UDP
80,6,20,1200,20,0,0,0,DoS-SYN-Flood
0,1,20,1200,0,0,0,0,DoS-ICMP
80,17,20,1200,0,0,0,0,DoS-UDP
0,1,20,840,0,0,0,0,DoS-ICMP
80,17,20,1200,0,0,0,0,DoS-UDP
80,6,20,1200,20,0,0,0,DoS-SYN-Flood
80,17,20,1200,0,0,0,0,DoS-UDP
22,6,20,1200,0,0,20,0,SSH-Bruteforce
0,1,20,1200,0,0,0,0,DoS-ICMP
80,6,20,1480,20,0,0,0,DoS-HTTP
80,6,20,1200,20,0,0,0,DoS-SYN-Flood
80,6,20,1480,20,0,0,0,DoS-HTTP
36520,17,20,27980,0,0,0,0,BENIGN
80,17,20,1200,0,0,0,0,DoS-UDP
33240,6,20,29020,0,20,0,0,BENIGN
22,6,20,1200,0,0,20,0,SSH-Bruteforce
5938,6,10,580,10,10,0,0,SSH-Bruteforce
80,6,20,1200,20,0,0,0,DoS-SYN-Flood
39902,17,20,27980,0,0,0,0,BENIGN
36520,17,20,27980,0,0,0,0,BENIGN
80,6,20,1480,20,0,0,0,DoS-HTTP
80,17,20,1200,0,0,0,0,DoS-UDP
80,17,20,1200,0,0,0,0,DoS-UDP
80,17,20,1200,0,0,0,0,DoS-UDP
80,6,20,1480,20,0,0,0,DoS-HTTP
80,6,20,1480,20,0,0,0,DoS-HTTP
42848,6,10,580,10,10,0,0,SSH-Bruteforce
80,6,20,1200,20,0,0,0,DoS-SYN-Flood
43678,17,20,27980,0,0,0,0,BENIGN
80,6,20,1480,20,0,0,0,DoS-HTTP
0,1,20,840,0,0,0,0,DoS-ICMP
43776,6,2,120,2,0,0,0,PortScan
26419,6,4,240,4,0,0,0,PortScan
443,6,20,1200,0,20,0,0,BENIGN
80,17,20,1200,0,0,0,0,DoS-UDP
57738,6,8,464,8,8,0,0,SSH-Bruteforce
0,1,20,840,0,0,0,0,DoS-ICMP
22,6,20,1200,20,0,0,0,SSH-Bruteforce
80,17,20,1200,0,0,0,0,DoS-UDP
80,17,20,1200,0,0,0,0,DoS-UDP
0,1,20,840,0,0,0,0,DoS-ICMP
80,6,20,1480,20,0,0,0,DoS-HTTP
4681,6,4,240,4,0,0,0,PortScan
15021,6,4,240,4,0,0,0,PortScan
14808,6,4,240,4,0,0,0,PortScan
0,1,20,1200,0,0,0,0,DoS-ICMP
80,17,20,1200,0,0,0,0,DoS-UDP
80,6,20,1480,20,0,0,0,DoS-HTTP
80,17,20,1200,0,0,0,0,DoS-UDP
80,6,20,1480,20,0,0,0,DoS-HTTP
80,6,20,1480,20,0,0,0,DoS-HTTP
56291,6,2,120,2,0,0,0,PortScan
58960,6,2,120,2,0,0,0,PortScan
80,6,20,1200,20,0,0,0,DoS-SYN-Flood
0,1,20,840,0,0,0,0,DoS-ICMP
36520,17,20,27980,0,0,0,0,BENIGN
50388,6,7,406,7,7,0,0,SSH-Bruteforce
80,6,20,1200,20,0,0,0,DoS-SYN-Flood
0,1,20,1200,0,0,0,0,DoS-ICMP
80,17,20,1200,0,0,0,0,DoS-UDP
48974,6,5,290,5,5,0,0,SSH-Bruteforce
6191,6,4,240,4,0,0,0,PortScan
80,6,20,1200,20,0,0,0,DoS-SYN-Flood
45424,6,20,3307,0,20,0,0,BENIGN
0,1,20,840,0,0,0,0,DoS-ICMP
80,6,20,1480,20,0,0,0,DoS-HTTP
80,17,20,1200,0,0,0,0,DoS-UDP
80,17,20,1200,0,0,0,0,DoS-UDP
80,6,20,1200,20,0,0,0,DoS-SYN-Flood
3965,6,4,240,4,0,0,0,PortScan
80,6,20,1480,20,0,0,0,DoS-HTTP
80,6,20,1200,20,0,0,0,DoS-SYN-Flood
80,6,20,1480,20,0,0,0,DoS-HTTP
80,6,20,1200,20,0,0,0,DoS-SYN-Flood
80,17,20,1200,0,0,0,0,DoS-UDP
80,6,20,1200,20,0,0,0,DoS-SYN-Flood
80,6,20,1200,20,0,0,0,DoS-SYN-Flood
80,6,20,1480,20,0,0,0,DoS-HTTP
0,1,20,1200,0,0,0,0,DoS-ICMP
22,6,20,1200,1,0,19,0,SSH-Bruteforce
0,1,20,840,0,0,0,0,DoS-ICMP
80,6,20,1200,20,0,0,0,DoS-SYN-Flood
36520,17,20,27980,0,0,0,0,BENIGN
0,1,20,1200,0,0,0,0,DoS-ICMP
80,17,20,1200,0,0,0,0,DoS-UDP
34070,6,5,290,5,5,0,0,SSH-Bruteforce
80,6,20,1200,20,0,0,0,DoS-SYN-Flood
80,6,20,1200,20,0,0,0,DoS-SYN-Flood
80,17,20,1200,0,0,0,0,DoS-UDP
0,1,20,840,0,0,0,0,DoS-ICMP
0,1,20,1200,0,0,0,0,DoS-ICMP
45027,6,2,120,2,0,0,0,PortScan
80,6,20,1200,20,0,0,0,DoS-SYN-Flood
22232,6,4,240,4,0,0,0,PortScan
80,6,20,1200,20,0,0,0,DoS-SYN-Flood
80,6,20,1480,20,0,0,0,DoS-HTTP
0,1,20,1200,0,0,0,0,DoS-ICMP
80,6,20,1480,20,0,0,0,DoS-HTTP
80,17,20,1200,0,0,0,0,DoS-UDP
48415,6,2,120,2,0,0,0,PortScan
80,6,20,1200,20,0,0,0,DoS-SYN-Flood
80,6,20,1480,20,0,0,0,DoS-HTTP
28617,6,4,240,4,0,0,0,PortScan
80,6,20,1200,20,0,0,0,DoS-SYN-Flood
80,17,20,1200,0,0,0,0,DoS-UDP
80,17,20,1200,0,0,0,0,DoS-UDP
22,6,20,1200,20,0,0,0,SSH-Bruteforce
80,17,20,1200,0,0,0,0,DoS-UDP
22,6,20,1200,0,0,20,0,SSH-Bruteforce
80,6,20,1480,20,0,0,0,DoS-HTTP
80,17,20,1200,0,0,0,0,DoS-UDP
7528,6,7,406,7,7,0,0,SSH-Bruteforce
80,6,20,1200,20,0,0,0,DoS-SYN-Flood
53278,6,20,28012,0,20,0,0,BENIGN
80,6,20,1200,20,0,0,0,DoS-SYN-Flood
0,1,20,840,0,0,0,0,DoS-ICMP
80,6,20,1200,20,0,0,0,DoS-SYN-Flood
0,1,20,1200,0,0,0,0,DoS-ICMP
443,6,20,5059,6,14,0,0,BENIGN
50642,6,2,120,2,0,0,0,PortScan
0,1,20,1200,0,0,0,0,DoS-ICMP
0,1,20,1200,0,0,0,0,DoS-ICMP
4968,6,10,580,10,10,0,0,SSH-Bruteforce
80,6,20,1200,20,0,0,0,DoS-SYN-Flood
0,1,20,840,0,0,0,0,DoS-ICMP
80,17,20,1200,0,0,0,0,DoS-UDP
80,17,20,1200,0,0,0,0,DoS-UDP
80,17,20,1200,0,0,0,0,DoS-UDP
48614,6,2,120,2,0,0,0,PortScan
22,6,20,1200,0,0,20,0,SSH-Bruteforce
80,6,20,1200,20,0,0,0,DoS-SYN-Flood
80,17,20,1200,0,0,0,0,DoS-UDP
80,6,20,1200,20,0,0,0,DoS-SYN-Flood
80,6,20,1200,20,0,0,0,DoS-SYN-Flood
33240,6,20,28900,0,20,0,0,BENIGN
80,6,20,1480,20,0,0,0,DoS-HTTP
0,1,20,840,0,0,0,0,DoS-ICMP
80,6,20,1200,20,0,0,0,DoS-SYN-Flood
80,17,20,1200,0,0,0,0,DoS-UDP
80,6,20,1480,20,0,0,0,DoS-HTTP
42904,17,20,27980,0,0,0,0,BENIGN
80,6,20,1480,20,0,0,0,DoS-HTTP
24236,6,2,120,2,0,0,0,PortScan
80,17,20,1200,0,0,0,0,DoS-UDP
36453,6,11,638,11,11,0,0,SSH-Bruteforce
80,6,20,1480,20,0,0,0,DoS-HTTP
80,6,20,1200,20,0,0,0,DoS-SYN-Flood
0,1,20,1200,0,0,0,0,DoS-ICMP
18551,6,2,120,2,0,0,0,PortScan
0,1,20,1200,0,0,0,0,DoS-ICMP
48239,6,4,240,4,0,0,0,PortScan
80,17,20,1200,0,0,0,0,DoS-UDP
60886,6,20,27620,0,20,0,0,BENIGN
80,6,20,1200,20,0,0,0,DoS-SYN-Flood
80,6,20,1200,20,0,0,0,DoS-SYN-Flood
22,6,20,1200,20,0,0,0,SSH-Bruteforce
80,6,20,1480,20,0,0,0,DoS-HTTP
80,6,20,1480,20,0,0,0,DoS-HTTP
80,17,20,1200,0,0,0,0,DoS-UDP
0,1,20,840,0,0,0,0,DoS-ICMP
80,6,20,1200,20,0,0,0,DoS-SYN-Flood
0,1,20,840,0,0,0,0,DoS-ICMP
45422,6,4,240,4,0,0,0,PortScan
80,6,20,1480,20,0,0,0,DoS-HTTP
0,1,20,840,0,0,0,0,DoS-ICMP
22,6,20,1200,0,0,20,0,SSH-Bruteforce
59646,6,20,30259,0,20,0,0,BENIGN
80,6,20,1200,20,0,0,0,DoS-SYN-Flood
80,6,20,1200,20,0,0,0,DoS-SYN-Flood
80,6,20,1480,20,0,0,0,DoS-HTTP
18922,6,4,240,4,0,0,0,PortScan
43992,17,20,27980,0,0,0,0,BENIGN
28344,6,4,240,4,0,0,0,PortScan
11500,6,4,240,4,0,0,0,PortScan
39139,6,7,406,7,7,0,0,SSH-Bruteforce
59646,6,20,29361,0,20,0,0,BENIGN
0,1,20,840,0,0,0,0,DoS-ICMP
52022,6,9,522,9,9,0,0,SSH-Bruteforce
80,17,20,1200,0,0,0,0,DoS-UDP
80,17,20,1200,0,0,0,0,DoS-UDP
0,1,20,1200,0,0,0,0,DoS-ICMP
22,6,20,1200,20,0,0,0,SSH-Bruteforce
80,6,20,1200,20,0,0,0,DoS-SYN-Flood
80,17,20,1200,0,0,0,0,DoS-UDP
0,1,20,1200,0,0,0,0,DoS-ICMP
22,6,20,1200,20,0,0,0,SSH-Bruteforce
0,1,20,1200,0,0,0,0,DoS-ICMP
0,1,20,1200,0,0,0,0,DoS-ICMP
0,1,20,1200,0,0,0,0,DoS-ICMP
80,6,20,1200,20,0,0,0,DoS-SYN-Flood
15753,6,2,120,2,0,0,0,PortScan
0,1,20,1200,0,0,0,0,DoS-ICMP
16822,6,7,406,7,7,0,0,SSH-Bruteforce
80,6,20,1480,20,0,0,0,DoS-HTTP
0,1,20,840,0,0,0,0,DoS-ICMP
80,6,20,1200,20,0,0,0,DoS-SYN-Flood
36783,6,2,120,2,0,0,0,PortScan
80,6,20,1200,20,0,0,0,DoS-SYN-Flood
80,6,20,1480,20,0,0,0,DoS-HTTP
80,6,20,1200,20,0,0,0,DoS-SYN-Flood
63618,6,5,290,5,5,0,0,SSH-Bruteforce
80,6,20,1480,20,0,0,0,DoS-HTTP
26505,6,2,120,2,0,0,0,PortScan
80,6,20,1200,20,0,0,0,DoS-SYN-Flood
64375,6,2,120,2,0,0,0,PortScan
0,1,20,1200,0,0,0,0,DoS-ICMP
0,1,20,840,0,0,0,0,DoS-ICMP
22,6,20,1200,0,0,20,0,SSH-Bruteforce
80,17,20,1200,0,0,0,0,DoS-UDP
80,6,20,1480,20,0,0,0,DoS-HTTP
40871,6,2,120,2,0,0,0,PortScan
43992,17,20,27980,0,0,0,0,BENIGN
80,6,20,1480,20,0,0,0,DoS-HTTP
39902,17,20,27980,0,0,0,0,BENIGN
22,6,20,1200,20,0,0,0,SSH-Bruteforce
50609,6,6,348,6,6,0,0,SSH-Bruteforce
80,6,20,1480,20,0,0,0,DoS-HTTP
0,1,20,840,0,0,0,0,DoS-ICMP
0,1,20,840,0,0,0,0,DoS-ICMP
49071,6,4,240,4,0,0,0,PortScan
20776,6,2,120,2,0,0,0,PortScan
80,6,20,1480,20,0,0,0,DoS-HTTP
80,6,20,1200,20,0,0,0,DoS-SYN-Flood
80,6,20,1480,20,0,0,0,DoS-HTTP
0,1,20,840,0,0,0,0,DoS-ICMP
80,6,20,1200,20,0,0,0,DoS-SYN-Flood
0,1,20,840,0,0,0,0,DoS-ICMP
0,1,20,1200,0,0,0,0,DoS-ICMP
80,17,20,1200,0,0,0,0,DoS-UDP
80,6,20,1480,20,0,0,0,DoS-HTTP
50140,6,4,240,4,0,0,0,PortScan
80,17,20,1200,0,0,0,0,DoS-UDP
80,6,20,1480,20,0,0,0,DoS-HTTP
52135,6,2,120,2,0,0,0,PortScan
80,6,20,1200,20,0,0,0,DoS-SYN-Flood
80,6,20,1200,20,0,0,0,DoS-SYN-Flood
58975,6,7,406,7,7,0,0,SSH-Bruteforce
80,6,20,1480,20,0,0,0,DoS-HTTP
80,6,20,1200,20,0,0,0,DoS-SYN-Flood
80,17,20,1200,0,0,0,0,DoS-UDP
19395,6,8,464,8,8,0,0,SSH-Bruteforce
80,6,20,1480,20,0,0,0,DoS-HTTP
80,6,20,1200,20,0,0,0,DoS-SYN-Flood
35573,6,4,240,4,0,0,0,PortScan
0,1,20,1200,0,0,0,0,DoS-ICMP
4459,6,6,360,6,0,0,0,PortScan
80,6,20,1480,20,0,0,0,DoS-HTTP
0,1,20,840,0,0,0,0,DoS-ICMP
32478,6,4,240,4,0,0,0,PortScan
24467,6,2,120,2,0,0,0,PortScan
42740,6,7,406,7,7,0,0,SSH-Bruteforce
22,6,20,1200,8,0,12,0,SSH-Bruteforce
80,6,20,1200,20,0,0,0,DoS-SYN-Flood
56747,6,2,120,2,0,0,0,PortScan
80,6,20,1480,20,0,0,0,DoS-HTTP
0,1,20,1200,0,0,0,0,DoS-ICMP
64627,6,4,240,4,0,0,0,PortScan
41667,6,2,120,2,0,0,0,PortScan
44918,6,4,240,4,0,0,0,PortScan
80,6,20,1200,20,0,0,0,DoS-SYN-Flood
80,6,20,1480,20,0,0,0,DoS-HTTP
80,6,20,1480,20,0,0,0,DoS-HTTP
80,6,20,1200,20,0,0,0,DoS-SYN-Flood
36345,6,2,120,2,0,0,0,PortScan
18751,6,2,120,2,0,0,0,PortScan
0,1,20,840,0,0,0,0,DoS-ICMP
0,1,20,840,0,0,0,0,DoS-ICMP
80,6,20,1480,20,0,0,0,DoS-HTTP
80,17,20,1200,0,0,0,0,DoS-UDP
35363,6,9,522,9,9,0,0,SSH-Bruteforce
80,6,20,1480,20,0,0,0,DoS-HTTP
80,17,20,1200,0,0,0,0,DoS-UDP
80,6,20,1480,20,0,0,0,DoS-HTTP
0,1,20,1200,0,0,0,0,DoS-ICMP
80,6,20,1480,20,0,0,0,DoS-HTTP
80,6,20,1200,20,0,0,0,DoS-SYN-Flood
0,1,20,840,0,0,0,0,DoS-ICMP
0,1,20,840,0,0,0,0,DoS-ICMP
60898,6,5,290,5,5,0,0,SSH-Bruteforce
80,17,20,1200,0,0,0,0,DoS-UDP
1890,6,6,360,6,0,0,0,PortScan
51177,6,6,348,6,6,0,0,SSH-Bruteforce
33240,6,20,28780,0,20,0,0,BENIGN
80,6,20,1200,20,0,0,0,DoS-SYN-Flood
35854,6,20,29560,0,20,0,0,BENIGN
80,6,20,1200,20,0,0,0,DoS-SYN-Flood
80,6,20,1200,20,0,0,0,DoS-SYN-Flood
22,6,20,1200,20,0,0,0,SSH-Bruteforce
32449,6,2,120,2,0,0,0,PortScan
52838,6,8,464,8,8,0,0,SSH-Bruteforce
80,6,20,1200,20,0,0,0,DoS-SYN-Flood
52305,6,2,120,2,0,0,0,PortScan
0,1,20,1200,0,0,0,0,DoS-ICMP
0,1,20,1200,0,0,0,0,DoS-ICMP
80,6,20,1200,20,0,0,0,DoS-SYN-Flood
3559,6,4,240,4,0,0,0,PortScan
80,6,20,1200,20,0,0,0,DoS-SYN-Flood
80,17,20,1200,0,0,0,0,DoS-UDP
22,6,20,1200,20,0,0,0,SSH-Bruteforce
0,1,20,1200,0,0,0,0,DoS-ICMP
20492,6,4,240,4,0,0,0,PortScan
80,6,20,1200,20,0,0,0,DoS-SYN-Flood
0,1,20,840,0,0,0,0,DoS-ICMP
22,6,20,1200,20,0,0,0,SSH-Bruteforce
80,6,20,1480,20,0,0,0,DoS-HTTP
80,17,20,1200,0,0,0,0,DoS-UDP
80,6,20,1200,20,0,0,0,DoS-SYN-Flood
80,17,20,1200,0,0,0,0,DoS-UDP
0,1,20,840,0,0,0,0,DoS-ICMP
80,17,20,1200,0,0,0,0,DoS-UDP
80,6,20,1480,20,0,0,0,DoS-HTTP
58004,6,2,120,2,0,0,0,PortScan
0,1,20,1200,0,0,0,0,DoS-ICMP
30988,6,6,348,6,6,0,0,SSH-Bruteforce
27449,6,4,232,4,4,0,0,SSH-Bruteforce
55423,6,4,240,4,0,0,0,PortScan
0,1,20,840,0,0,0,0,DoS-ICMP
80,6,20,1200,20,0,0,0,DoS-SYN-Flood
22,6,20,1200,0,0,20,0,SSH-Bruteforce
53278,6,20,28900,0,20,0,0,BENIGN
80,6,20,1480,20,0,0,0,DoS-HTTP
63485,6,2,120,2,0,0,0,PortScan
35624,6,2,120,2,0,0,0,PortScan
33240,6,20,29200,0,20,0,0,BENIGN
80,6,20,1200,20,0,0,0,DoS-SYN-Flood
80,6,20,1480,20,0,0,0,DoS-HTTP
80,6,20,1480,20,0,0,0,DoS-HTTP
80,6,20,1200,20,0,0,0,DoS-SYN-Flood
80,6,20,1200,20,0,0,0,DoS-SYN-Flood
24872,6,2,120,2,0,0,0,PortScan
0,1,20,1200,0,0,0,0,DoS-ICMP
3948,6,4,240,4,0,0,0,PortScan
80,6,20,1480,20,0,0,0,DoS-HTTP
0,1,20,840,0,0,0,0,DoS-ICMP
27446,6,2,120,2,0,0,0,PortScan
80,17,20,1200,0,0,0,0,DoS-UDP
80,6,20,1480,20,0,0,0,DoS-HTTP
80,6,20,1480,20,0,0,0,DoS-HTTP
46780,6,8,464,8,8,0,0,SSH-Bruteforce
80,17,20,1200,0,0,0,0,DoS-UDP
51495,6,8,464,8,8,0,0,SSH-Bruteforce
80,6,20,1480,20,0,0,0,DoS-HTTP
80,17,20,1200,0,0,0,0,DoS-UDP
80,17,20,1200,0,0,0,0,DoS-UDP
80,17,20,1200,0,0,0,0,DoS-UDP
42440,17,20,27980,0,0,0,0,BENIGN
48205,6,2,120,2,0,0,0,PortScan
80,17,20,1200,0,0,0,0,DoS-UDP
80,6,20,1480,20,0,0,0,DoS-HTTP
0,1,20,840,0,0,0,0,DoS-ICMP
22,6,20,1200,8,0,12,0,SSH-Bruteforce
443,17,9,977,0,0,0,0,BENIGN
80,17,20,1200,0,0,0,0,DoS-UDP
33642,6,9,522,9,9,0,0,SSH-Bruteforce
80,6,20,1200,20,0,0,0,DoS-SYN-Flood
0,1,20,1200,0,0,0,0,DoS-ICMP
42440,17,20,25358,0,0,0,0,BENIGN
80,17,20,1200,0,0,0,0,DoS-UDP
80,6,20,1200,20,0,0,0,DoS-SYN-Flood
80,6,20,1200,20,0,0,0,DoS-SYN-Flood
0,1,20,1200,0,0,0,0,DoS-ICMP
80,6,20,1480,20,0,0,0,DoS-HTTP
80,6,20,1200,20,0,0,0,DoS-SYN-Flood
80,6,20,1200,20,0,0,0,DoS-SYN-Flood
80,6,20,1200,20,0,0,0,DoS-SYN-Flood
22,6,20,1200,20,0,0,0,SSH-Bruteforce
80,17,20,1200,0,0,0,0,DoS-UDP
80,6,20,1200,20,0,0,0,DoS-SYN-Flood
80,17,20,1200,0,0,0,0,DoS-UDP
22,6,20,1200,16,0,4,0,SSH-Bruteforce
80,17,20,1200,0,0,0,0,DoS-UDP
80,6,20,1200,20,0,0,0,DoS-SYN-Flood
80,17,20,1200,0,0,0,0,DoS-UDP
80,6,20,1200,20,0,0,0,DoS-SYN-Flood
15086,6,4,240,4,0,0,0,PortScan
80,6,20,1200,20,0,0,0,DoS-SYN-Flood
22,6,20,1200,9,0,11,0,SSH-Bruteforce
80,17,20,1200,0,0,0,0,DoS-UDP
0,1,20,1200,0,0,0,0,DoS-ICMP
36520,17,20,27980,0,0,0,0,BENIGN
80,6,20,1480,20,0,0,0,DoS-HTTP
80,6,20,1480,20,0,0,0,DoS-HTTP
16530,6,2,120,2,0,0,0,PortScan
0,1,20,840,0,0,0,0,DoS-ICMP
1966,6,4,240,4,0,0,0,PortScan
0,1,20,1200,0,0,0,0,DoS-ICMP
80,17,20,1200,0,0,0,0,DoS-UDP
36520,17,20,27980,0,0,0,0,BENIGN
443,17,18,7138,0,0,0,0,BENIGN
443,6,20,2791,1,19,0,0,BENIGN
80,6,20,1200,20,0,0,0,DoS-SYN-Flood
80,6,20,1200,20,0,0,0,DoS-SYN-Flood
80,17,20,1200,0,0,0,0,DoS-UDP
36520,17,20,27980,0,0,0,0,BENIGN
80,6,20,1480,20,0,0,0,DoS-HTTP
80,6,20,1200,20,0,0,0,DoS-SYN-Flood
80,6,20,1480,20,0,0,0,DoS-HTTP
80,6,20,1480,20,0,0,0,DoS-HTTP
80,6,20,1200,20,0,0,0,DoS-SYN-Flood
62565,6,2,120,2,0,0,0,PortScan
80,6,20,1480,20,0,0,0,DoS-HTTP
80,17,20,1200,0,0,0,0,DoS-UDP
80,6,20,1200,20,0,0,0,DoS-SYN-Flood
22,6,20,1200,0,0,20,0,SSH-Bruteforce
0,1,20,1200,0,0,0,0,DoS-ICMP
80,6,20,1480,20,0,0,0,DoS-HTTP
22971,6,4,240,4,0,0,0,PortScan
36520,17,20,27980,0,0,0,0,BENIGN
0,1,20,840,0,0,0,0,DoS-ICMP
80,6,20,1200,20,0,0,0,DoS-SYN-Flood
80,17,20,1200,0,0,0,0,DoS-UDP
80,6,20,1200,20,0,0,0,DoS-SYN-Flood
38889,6,8,464,8,8,0,0,SSH-Bruteforce
80,6,20,1480,20,0,0,0,DoS-HTTP
80,6,20,1200,20,0,0,0,DoS-SYN-Flood
80,6,20,1480,20,0,0,0,DoS-HTTP
36520,17,20,27980,0,0,0,0,BENIGN
17130,6,10,580,10,10,0,0,SSH-Bruteforce
80,6,20,1200,20,0,0,0,DoS-SYN-Flood
80,6,20,1480,20,0,0,0,DoS-HTTP
80,6,20,1200,20,0,0,0,DoS-SYN-Flood
80,6,20,1200,20,0,0,0,DoS-SYN-Flood
80,6,20,1200,20,0,0,0,DoS-SYN-Flood
20620,6,9,522,9,9,0,0,SSH-Bruteforce
80,17,20,1200,0,0,0,0,DoS-UDP
24100,6,2,120,2,0,0,0,PortScan
80,6,20,1480,20,0,0,0,DoS-HTTP
56042,6,2,120,2,0,0,0,PortScan
80,6,20,1200,20,0,0,0,DoS-SYN-Flood
0,1,20,1200,0,0,0,0,DoS-ICMP
43407,6,4,240,4,0,0,0,PortScan
80,6,20,1480,20,0,0,0,DoS-HTTP
80,6,20,1480,20,0,0,0,DoS-HTTP
31014,6,6,348,6,6,0,0,SSH-Bruteforce
80,6,20,1200,20,0,0,0,DoS-SYN-Flood
80,17,20,1200,0,0,0,0,DoS-UDP
0,1,20,1200,0,0,0,0,DoS-ICMP
62717,6,2,120,2,0,0,0,PortScan
0,1,20,1200,0,0,0,0,DoS-ICMP
80,17,20,1200,0,0,0,0,DoS-UDP
53980,6,4,240,4,0,0,0,PortScan
80,6,20,1480,20,0,0,0,DoS-HTTP
80,6,20,1480,20,0,0,0,DoS-HTTP
80,17,20,1200,0,0,0,0,DoS-UDP
80,6,20,1200,20,0,0,0,DoS-SYN-Flood
40930,6,2,120,2,0,0,0,PortScan
80,6,20,1200,20,0,0,0,DoS-SYN-Flood
80,17,20,1200,0,0,0,0,DoS-UDP
80,17,20,1200,0,0,0,0,DoS-UDP
80,6,20,1480,20,0,0,0,DoS-HTTP
80,6,20,1200,20,0,0,0,DoS-SYN-Flood
80,17,20,1200,0,0,0,0,DoS-UDP
80,6,20,1480,20,0,0,0,DoS-HTTP
0,1,20,1200,0,0,0,0,DoS-ICMP
80,6,20,1480,20,0,0,0,DoS-HTTP
80,6,20,1200,20,0,0,0,DoS-SYN-Flood
58143,6,7,406,7,7,0,0,SSH-Bruteforce
0,1,20,840,0,0,0,0,DoS-ICMP
80,6,20,1480,20,0,0,0,DoS-HTTP
36520,17,20,27980,0,0,0,0,BENIGN
51316,6,4,240,4,0,0,0,PortScan
80,6,20,1200,20,0,0,0,DoS-SYN-Flood
80,17,20,1200,0,0,0,0,DoS-UDP
32142,6,2,120,2,0,0,0,PortScan
15437,6,4,240,4,0,0,0,PortScan
0,1,20,840,0,0,0,0,DoS-ICMP
80,17,20,1200,0,0,0,0,DoS-UDP
80,17,20,1200,0,0,0,0,DoS-UDP
22,6,20,1200,20,0,0,0,SSH-Bruteforce
80,6,20,1480,20,0,0,0,DoS-HTTP
80,17,20,1200,0,0,0,0,DoS-UDP
22,6,20,1200,0,0,20,0,SSH-Bruteforce
80,17,20,1200,0,0,0,0,DoS-UDP
0,1,20,840,0,0,0,0,DoS-ICMP
80,6,20,1480,20,0,0,0,DoS-HTTP
59003,6,2,120,2,0,0,0,PortScan
80,6,20,1480,20,0,0,0,DoS-HTTP
25718,6,8,464,8,8,0,0,SSH-Bruteforce
44648,6,2,120,2,0,0,0,PortScan
42620,6,2,120,2,0,0,0,PortScan
0,1,20,840,0,0,0,0,DoS-ICMP
80,6,20,1480,20,0,0,0,DoS-HTTP
80,6,20,1200,20,0,0,0,DoS-SYN-Flood
47861,6,8,464,8,8,0,0,SSH-Bruteforce
38651,6,6,348,6,6,0,0,SSH-Bruteforce
0,1,20,840,0,0,0,0,DoS-ICMP
0,1,20,840,0,0,0,0,DoS-ICMP
33159,6,2,120,2,0,0,0,PortScan
0,1,20,1200,0,0,0,0,DoS-ICMP
22,6,20,1200,0,0,20,0,SSH-Bruteforce
80,17,20,1200,0,0,0,0,DoS-UDP
0,1,20,840,0,0,0,0,DoS-ICMP
80,17,20,1200,0,0,0,0,DoS-UDP
80,6,20,1480,20,0,0,0,DoS-HTTP
8373,6,4,240,4,0,0,0,PortScan
12171,6,6,360,6,0,0,0,PortScan
80,6,20,1200,20,0,0,0,DoS-SYN-Flood
80,17,20,1200,0,0,0,0,DoS-UDP
80,17,20,1200,0,0,0,0,DoS-UDP
32716,6,11,638,11,11,0,0,SSH-Bruteforce
0,1,20,1200,0,0,0,0,DoS-ICMP
22,6,20,1200,0,0,20,0,SSH-Bruteforce
80,17,20,1200,0,0,0,0,DoS-UDP
80,6,20,1480,20,0,0,0,DoS-HTTP
80,17,20,1200,0,0,0,0,DoS-UDP
80,6,20,1200,20,0,0,0,DoS-SYN-Flood
80,6,20,1200,20,0,0,0,DoS-SYN-Flood
80,6,20,1200,20,0,0,0,DoS-SYN-Flood
0,1,20,840,0,0,0,0,DoS-ICMP
80,6,20,1200,20,0,0,0,DoS-SYN-Flood
38617,6,4,240,4,0,0,0,PortScan
80,6,20,1480,20,0,0,0,DoS-HTTP
443,17,20,27700,0,0,0,0,BENIGN
80,17,20,1200,0,0,0,0,DoS-UDP
80,6,20,1480,20,0,0,0,DoS-HTTP
80,6,20,1200,20,0,0,0,DoS-SYN-Flood
80,6,20,1480,20,0,0,0,DoS-HTTP
0,1,20,1200,0,0,0,0,DoS-ICMP
47870,6,4,232,4,4,0,0,SSH-Bruteforce
0,1,20,840,0,0,0,0,DoS-ICMP
80,6,20,1480,20,0,0,0,DoS-HTTP
22,6,20,1200,0,0,20,0,SSH-Bruteforce
42631,6,10,580,10,10,0,0,SSH-Bruteforce
5492,6,6,360,6,0,0,0,PortScan
31714,6,7,406,7,7,0,0,SSH-Bruteforce
26858,6,2,120,2,0,0,0,PortScan
80,6,20,1200,20,0,0,0,DoS-SYN-Flood
5742,6,8,464,8,8,0,0,SSH-Bruteforce
41721,6,13,754,13,13,0,0,SSH-Bruteforce
53382,6,8,464,8,8,0,0,SSH-Bruteforce
80,6,20,1480,20,0,0,0,DoS-HTTP
443,6,20,3033,0,20,0,0,BENIGN
80,6,20,1480,20,0,0,0,DoS-HTTP
0,1,20,840,0,0,0,0,DoS-ICMP
22,6,20,1200,0,0,20,0,SSH-Bruteforce
80,6,20,1200,20,0,0,0,DoS-SYN-Flood
80,6,20,1480,20,0,0,0,DoS-HTTP
80,6,20,1480,20,0,0,0,DoS-HTTP
80,6,20,1200,20,0,0,0,DoS-SYN-Flood
80,6,20,1480,20,0,0,0,DoS-HTTP
80,6,20,1480,20,0,0,0,DoS-HTTP
80,6,20,1480,20,0,0,0,DoS-HTTP
80,6,20,1200,20,0,0,0,DoS-SYN-Flood
80,17,20,1200,0,0,0,0,DoS-UDP
80,6,20,1480,20,0,0,0,DoS-HTTP
80,17,20,1200,0,0,0,0,DoS-UDP
0,1,20,840,0,0,0,0,DoS-ICMP
80,6,20,1200,20,0,0,0,DoS-SYN-Flood
22,6,20,1200,0,0,20,0,SSH-Bruteforce
0,1,20,840,0,0,0,0,DoS-ICMP
80,17,20,1200,0,0,0,0,DoS-UDP
80,6,20,1480,20,0,0,0,DoS-HTTP
33583,6,2,120,2,0,0,0,PortScan
29803,6,6,348,6,6,0,0,SSH-Bruteforce
80,17,20,1200,0,0,0,0,DoS-UDP
31147,6,2,120,2,0,0,0,PortScan
24536,6,7,406,7,7,0,0,SSH-Bruteforce
36806,6,2,120,2,0,0,0,PortScan
32304,6,4,240,4,0,0,0,PortScan
33240,6,20,28840,0,20,0,0,BENIGN
80,17,20,1200,0,0,0,0,DoS-UDP
80,17,20,1200,0,0,0,0,DoS-UDP
80,6,20,1480,20,0,0,0,DoS-HTTP
32094,6,2,120,2,0,0,0,PortScan
22,6,20,1200,20,0,0,0,SSH-Bruteforce
80,6,20,1200,20,0,0,0,DoS-SYN-Flood
80,6,20,1480,20,0,0,0,DoS-HTTP
80,17,20,1200,0,0,0,0,DoS-UDP
2037,6,6,360,6,0,0,0,PortScan
0,1,20,1200,0,0,0,0,DoS-ICMP
80,6,20,1200,20,0,0,0,DoS-SYN-Flood
23082,6,10,580,10,10,0,0,SSH-Bruteforce
22,6,20,1200,19,0,1,0,SSH-Bruteforce
22,6,20,1200,20,0,0,0,SSH-Bruteforce
17775,6,8,464,8,8,0,0,SSH-Bruteforce
41224,6,3,162,0,3,0,1,BENIGN
33240,6,20,28840,0,20,0,0,BENIGN
0,1,20,840,0,0,0,0,DoS-ICMP
443,17,20,2714,0,0,0,0,BENIGN
80,6,20,1480,20,0,0,0,DoS-HTTP
80,6,20,1480,20,0,0,0,DoS-HTTP
80,6,20,1200,20,0,0,0,DoS-SYN-Flood
0,1,20,840,0,0,0,0,DoS-ICMP
80,17,20,1200,0,0,0,0,DoS-UDP
36520,17,20,27980,0,0,0,0,BENIGN
80,6,20,1200,20,0,0,0,DoS-SYN-Flood
80,17,20,1200,0,0,0,0,DoS-UDP
80,17,20,1200,0,0,0,0,DoS-UDP
22,6,20,1200,1,0,19,0,SSH-Bruteforce
49286,6,2,120,2,0,0,0,PortScan
80,6,20,1200,20,0,0,0,DoS-SYN-Flood
80,6,20,1200,20,0,0,0,DoS-SYN-Flood
80,6,20,1480,20,0,0,0,DoS-HTTP
80,6,20,1200,20,0,0,0,DoS-SYN-Flood
16697,6,6,348,6,6,0,0,SSH-Bruteforce
80,17,20,1200,0,0,0,0,DoS-UDP
80,17,20,1200,0,0,0,0,DoS-UDP
36537,6,2,120,2,0,0,0,PortScan
52115,6,4,240,4,0,0,0,PortScan
0,1,20,1200,0,0,0,0,DoS-ICMP
56119,6,2,120,2,0,0,0,PortScan
80,17,20,1200,0,0,0,0,DoS-UDP
0,1,20,1200,0,0,0,0,DoS-ICMP
0,1,20,1200,0,0,0,0,DoS-ICMP
80,6,20,1200,20,0,0,0,DoS-SYN-Flood
0,1,20,840,0,0,0,0,DoS-ICMP
80,17,20,1200,0,0,0,0,DoS-UDP
9351,6,7,406,7,7,0,0,SSH-Bruteforce
80,17,20,1200,0,0,0,0,DoS-UDP
17532,6,9,522,9,9,0,0,SSH-Bruteforce
80,6,20,1200,20,0,0,0,DoS-SYN-Flood
80,6,20,1200,20,0,0,0,DoS-SYN-Flood
80,6,20,1480,20,0,0,0,DoS-HTTP
27472,6,6,348,6,6,0,0,SSH-Bruteforce
35854,6,20,29560,0,20,0,0,BENIGN
80,6,20,1480,20,0,0,0,DoS-HTTP
0,1,20,1200,0,0,0,0,DoS-ICMP
80,6,20,1200,20,0,0,0,DoS-SYN-Flood
41474,6,2,120,2,0,0,0,PortScan
20781,6,2,120,2,0,0,0,PortScan
36520,17,20,27980,0,0,0,0,BENIGN
80,17,20,1200,0,0,0,0,DoS-UDP
0,1,20,840,0,0,0,0,DoS-ICMP
80,17,20,1200,0,0,0,0,DoS-UDP
36520,17,20,27980,0,0,0,0,BENIGN
49097,6,2,120,2,0,0,0,PortScan
80,6,20,1200,20,0,0,0,DoS-SYN-Flood
13002,6,9,522,9,9,0,0,SSH-Bruteforce
10438,6,4,240,4,0,0,0,PortScan
29685,6,8,464,8,8,0,0,SSH-Bruteforce
80,6,20,1480,20,0,0,0,DoS-HTTP
80,17,20,1200,0,0,0,0,DoS-UDP
16123,6,2,120,2,0,0,0,PortScan
0,1,20,840,0,0,0,0,DoS-ICMP
80,17,20,1200,0,0,0,0,DoS-UDP
0,1,20,1200,0,0,0,0,DoS-ICMP
41252,6,2,120,2,0,0,0,PortScan
80,6,20,1480,20,0,0,0,DoS-HTTP
80,6,20,1480,20,0,0,0,DoS-HTTP
80,6,20,1200,20,0,0,0,DoS-SYN-Flood
80,6,20,1200,20,0,0,0,DoS-SYN-Flood
5833,6,8,464,8,8,0,0,SSH-Bruteforce
80,6,20,1480,20,0,0,0,DoS-HTTP
22,6,20,1200,3,0,17,0,SSH-Bruteforce
0,1,20,840,0,0,0,0,DoS-ICMP
80,6,20,1200,20,0,0,0,DoS-SYN-Flood
80,6,20,1200,20,0,0,0,DoS-SYN-Flood
17633,6,4,240,4,0,0,0,PortScan
80,17,20,1200,0,0,0,0,DoS-UDP
0,1,20,1200,0,0,0,0,DoS-ICMP
80,17,20,1200,0,0,0,0,DoS-UDP
41516,6,4,240,4,0,0,0,PortScan
443,6,20,1200,0,20,0,0,BENIGN
38693,6,2,120,2,0,0,0,PortScan
80,17,20,1200,0,0,0,0,DoS-UDP
21354,6,2,120,2,0,0,0,PortScan
80,6,20,1480,20,0,0,0,DoS-HTTP
0,1,20,840,0,0,0,0,DoS-ICMP
80,17,20,1200,0,0,0,0,DoS-UDP
10672,6,8,464,8,8,0,0,SSH-Bruteforce
80,6,20,1200,20,0,0,0,DoS-SYN-Flood
80,6,20,1480,20,0,0,0,DoS-HTTP
80,17,20,1200,0,0,0,0,DoS-UDP
80,6,20,1480,20,0,0,0,DoS-HTTP
80,6,20,1480,20,0,0,0,DoS-HTTP
7363,6,9,522,9,9,0,0,SSH-Bruteforce
54961,6,2,120,2,0,0,0,PortScan
80,6,20,1480,20,0,0,0,DoS-HTTP
0,1,20,1200,0,0,0,0,DoS-ICMP
22,6,20,1200,4,0,16,0,SSH-Bruteforce
20197,6,2,120,2,0,0,0,PortScan
80,6,20,1480,20,0,0,0,DoS-HTTP
0,1,20,1200,0,0,0,0,DoS-ICMP
22,6,20,1200,9,0,11,0,SSH-Bruteforce
21633,6,2,120,2,0,0,0,PortScan
0,1,20,840,0,0,0,0,DoS-ICMP
80,6,20,1200,20,0,0,0,DoS-SYN-Flood
80,17,20,1200,0,0,0,0,DoS-UDP
80,6,20,1200,20,0,0,0,DoS-SYN-Flood
0,1,20,840,0,0,0,0,DoS-ICMP
34820,6,1,54,0,1,1,0,BENIGN
22,6,20,1200,0,0,20,0,SSH-Bruteforce
0,1,20,1200,0,0,0,0,DoS-ICMP
22,6,20,1200,18,0,2,0,SSH-Bruteforce
0,1,20,840,0,0,0,0,DoS-ICMP
21304,6,7,406,7,7,0,0,SSH-Bruteforce
80,6,20,1480,20,0,0,0,DoS-HTTP
16958,6,4,240,4,0,0,0,PortScan
80,6,20,1200,20,0,0,0,DoS-SYN-Flood
80,6,20,1480,20,0,0,0,DoS-HTTP
80,6,20,1480,20,0,0,0,DoS-HTTP
0,1,20,1200,0,0,0,0,DoS-ICMP
80,6,20,1480,20,0,0,0,DoS-HTTP
80,17,20,1200,0,0,0,0,DoS-UDP
58943,6,2,120,2,0,0,0,PortScan
34522,6,12,696,12,12,0,0,SSH-Bruteforce
80,6,20,1200,20,0,0,0,DoS-SYN-Flood
57877,6,9,522,9,9,0,0,SSH-Bruteforce
80,17,20,1200,0,0,0,0,DoS-UDP
80,6,20,1200,20,0,0,0,DoS-SYN-Flood
80,17,20,1200,0,0,0,0,DoS-UDP
0,1,20,1200,0,0,0,0,DoS-ICMP
0,1,20,1200,0,0,0,0,DoS-ICMP
80,17,20,1200,0,0,0,0,DoS-UDP
0,1,20,840,0,0,0,0,DoS-ICMP
62393,6,4,240,4,0,0,0,PortScan
20839,6,4,240,4,0,0,0,PortScan
0,1,20,1200,0,0,0,0,DoS-ICMP
19158,6,2,120,2,0,0,0,PortScan
80,17,20,1200,0,0,0,0,DoS-UDP
55865,6,2,120,2,0,0,0,PortScan
36268,17,20,27980,0,0,0,0,BENIGN
10108,6,6,348,6,6,0,0,SSH-Bruteforce
16032,6,2,120,2,0,0,0,PortScan
56162,6,6,348,6,6,0,0,SSH-Bruteforce
23151,6,2,120,2,0,0,0,PortScan
80,6,20,1200,20,0,0,0,DoS-SYN-Flood
80,6,20,1200,20,0,0,0,DoS-SYN-Flood
80,17,20,1200,0,0,0,0,DoS-UDP
0,1,20,1200,0,0,0,0,DoS-ICMP
0,1,20,1200,0,0,0,0,DoS-ICMP
0,1,20,840,0,0,0,0,DoS-ICMP
0,1,20,840,0,0,0,0,DoS-ICMP
0,1,20,1200,0,0,0,0,DoS-ICMP
443,6,20,4240,2,18,0,1,BENIGN
0,1,20,1200,0,0,0,0,DoS-ICMP
22174,6,7,406,7,7,0,0,SSH-Bruteforce
54829,17,20,27980,0,0,0,0,BENIGN
43262,6,2,120,2,0,0,0,PortScan
80,17,20,1200,0,0,0,0,DoS-UDP
80,17,20,1200,0,0,0,0,DoS-UDP
80,6,20,1200,20,0,0,0,DoS-SYN-Flood
36201,6,14,812,14,14,0,0,SSH-Bruteforce
47722,6,2,120,2,0,0,0,PortScan
80,6,20,1200,20,0,0,0,DoS-SYN-Flood
80,6,20,1200,20,0,0,0,DoS-SYN-Flood
443,6,20,13882,0,20,0,0,BENIGN
41308,17,20,8297,0,0,0,0,BENIGN
80,6,20,1200,20,0,0,0,DoS-SYN-Flood
24313,6,2,120,2,0,0,0,PortScan
0,1,20,1200,0,0,0,0,DoS-ICMP
0,1,20,840,0,0,0,0,DoS-ICMP
0,1,20,1200,0,0,0,0,DoS-ICMP
80,17,20,1200,0,0,0,0,DoS-UDP
0,1,20,1200,0,0,0,0,DoS-ICMP
80,6,20,1200,20,0,0,0,DoS-SYN-Flood
80,17,20,1200,0,0,0,0,DoS-UDP
0,1,20,840,0,0,0,0,DoS-ICMP
5860,6,4,240,4,0,0,0,PortScan
62247,6,2,120,2,0,0,0,PortScan
80,17,20,1200,0,0,0,0,DoS-UDP
22,6,20,1200,20,0,0,0,SSH-Bruteforce
80,6,20,1200,20,0,0,0,DoS-SYN-Flood
80,6,20,1200,20,0,0,0,DoS-SYN-Flood
80,6,20,1200,20,0,0,0,DoS-SYN-Flood
36268,17,20,27980,0,0,0,0,BENIGN
80,6,20,1200,20,0,0,0,DoS-SYN-Flood
33240,6,20,29080,0,20,0,0,BENIGN
80,17,20,1200,0,0,0,0,DoS-UDP
80,6,20,1480,20,0,0,0,DoS-HTTP
19224,6,4,240,4,0,0,0,PortScan
0,1,20,1200,0,0,0,0,DoS-ICMP
80,6,20,1480,20,0,0,0,DoS-HTTP
33240,6,20,29260,0,20,0,0,BENIGN
80,6,20,1480,20,0,0,0,DoS-HTTP
80,6,20,1200,20,0,0,0,DoS-SYN-Flood
80,17,20,1200,0,0,0,0,DoS-UDP
22,6,20,1200,17,0,3,0,SSH-Bruteforce
80,6,20,1480,20,0,0,0,DoS-HTTP
22,6,20,1200,0,0,20,0,SSH-Bruteforce
80,17,20,1200,0,0,0,0,DoS-UDP
54829,17,20,27980,0,0,0,0,BENIGN
62691,6,2,120,2,0,0,0,PortScan
80,6,20,1200,20,0,0,0,DoS-SYN-Flood
80,6,20,1200,20,0,0,0,DoS-SYN-Flood
60886,6,20,27800,0,20,0,0,BENIGN
0,1,20,840,0,0,0,0,DoS-ICMP
80,6,20,1200,20,0,0,0,DoS-SYN-Flood
0,1,20,1200,0,0,0,0,DoS-ICMP
80,6,20,1480,20,0,0,0,DoS-HTTP
8387,6,6,360,6,0,0,0,PortScan
80,6,20,1480,20,0,0,0,DoS-HTTP
0,1,20,1200,0,0,0,0,DoS-ICMP
28262,6,4,240,4,0,0,0,PortScan
53258,6,20,29502,0,20,0,0,BENIGN
80,6,20,1480,20,0,0,0,DoS-HTTP
80,17,20,1200,0,0,0,0,DoS-UDP
443,6,20,1200,0,20,0,0,BENIGN
59287,6,7,406,7,7,0,0,SSH-Bruteforce
45447,17,20,27980,0,0,0,0,BENIGN
80,6,20,1480,20,0,0,0,DoS-HTTP
80,17,20,1200,0,0,0,0,DoS-UDP
13770,6,6,360,6,0,0,0,PortScan
80,17,20,1200,0,0,0,0,DoS-UDP
80,6,20,1200,20,0,0,0,DoS-SYN-Flood
28039,6,4,240,4,0,0,0,PortScan
80,6,20,1480,20,0,0,0,DoS-HTTP
17268,6,5,290,5,5,0,0,SSH-Bruteforce
33273,6,7,406,7,7,0,0,SSH-Bruteforce
22,6,20,1200,16,0,4,0,SSH-Bruteforce
59646,6,20,28840,0,20,0,0,BENIGN
0,1,20,840,0,0,0,0,DoS-ICMP
22802,6,7,406,7,7,0,0,SSH-Bruteforce
22,6,20,1200,20,0,0,0,SSH-Bruteforce
0,1,20,840,0,0,0,0,DoS-ICMP
0,1,20,1200,0,0,0,0,DoS-ICMP
80,6,20,1480,20,0,0,0,DoS-HTTP
22,6,20,1200,0,0,20,0,SSH-Bruteforce
80,6,20,1480,20,0,0,0,DoS-HTTP
52705,6,2,120,2,0,0,0,PortScan
80,17,20,1200,0,0,0,0,DoS-UDP
8811,6,10,580,10,10,0,0,SSH-Bruteforce
80,17,20,1200,0,0,0,0,DoS-UDP
80,6,20,1200,20,0,0,0,DoS-SYN-Flood
80,6,20,1200,20,0,0,0,DoS-SYN-Flood
7948,6,6,348,6,6,0,0,SSH-Bruteforce
5884,6,4,240,4,0,0,0,PortScan
47169,6,2,120,2,0,0,0,PortScan
43820,6,2,120,2,0,0,0,PortScan
42431,6,7,406,7,7,0,0,SSH-Bruteforce
80,17,20,1200,0,0,0,0,DoS-UDP
22,6,20,1200,0,0,20,0,SSH-Bruteforce
49698,6,8,464,8,8,0,0,SSH-Bruteforce
80,6,20,1200,20,0,0,0,DoS-SYN-Flood
45158,6,4,240,4,0,0,0,PortScan
36760,6,2,120,2,0,0,0,PortScan
5433,6,7,406,7,7,0,0,SSH-Bruteforce
22234,6,2,120,2,0,0,0,PortScan
36790,6,11,638,11,11,0,0,SSH-Bruteforce
80,17,20,1200,0,0,0,0,DoS-UDP
80,6,20,1200,20,0,0,0,DoS-SYN-Flood
0,1,20,1200,0,0,0,0,DoS-ICMP
80,6,20,1200,20,0,0,0,DoS-SYN-Flood
5033,6,4,240,4,0,0,0,PortScan
55261,6,2,120,2,0,0,0,PortScan
80,17,20,1200,0,0,0,0,DoS-UDP
22,6,20,1200,20,0,0,0,SSH-Bruteforce
80,6,20,1200,20,0,0,0,DoS-SYN-Flood
0,1,20,1200,0,0,0,0,DoS-ICMP
27079,6,2,120,2,0,0,0,PortScan
80,6,20,1200,20,0,0,0,DoS-SYN-Flood
22996,6,4,240,4,0,0,0,PortScan
0,1,20,840,0,0,0,0,DoS-ICMP
80,6,20,1480,20,0,0,0,DoS-HTTP
44100,6,4,240,4,0,0,0,PortScan
37521,6,9,522,9,9,0,0,SSH-Bruteforce
46556,6,2,120,2,0,0,0,PortScan
80,6,20,1480,20,0,0,0,DoS-HTTP
80,17,20,1200,0,0,0,0,DoS-UDP
80,6,20,1200,20,0,0,0,DoS-SYN-Flood
43896,6,2,120,2,0,0,0,PortScan
57597,6,8,464,8,8,0,0,SSH-Bruteforce
80,17,20,1200,0,0,0,0,DoS-UDP
37214,6,5,290,5,5,0,0,SSH-Bruteforce
33552,6,8,464,8,8,0,0,SSH-Bruteforce
80,17,20,1200,0,0,0,0,DoS-UDP
80,17,20,1200,0,0,0,0,DoS-UDP
0,1,20,1200,0,0,0,0,DoS-ICMP
24686,6,2,120,2,0,0,0,PortScan
80,6,20,1480,20,0,0,0,DoS-HTTP
59613,6,2,120,2,0,0,0,PortScan
54829,17,20,27980,0,0,0,0,BENIGN
80,6,20,1480,20,0,0,0,DoS-HTTP
80,17,20,1200,0,0,0,0,DoS-UDP
80,6,20,1480,20,0,0,0,DoS-HTTP
22,6,20,1200,20,0,0,0,SSH-Bruteforce
51822,6,2,120,2,0,0,0,PortScan
443,6,3,205,0,3,0,1,BENIGN
80,6,20,1200,20,0,0,0,DoS-SYN-Flood
36855,6,9,522,9,9,0,0,SSH-Bruteforce
22,6,20,1200,19,0,1,0,SSH-Bruteforce
22,6,20,1200,16,0,4,0,SSH-Bruteforce
80,6,20,1200,20,0,0,0,DoS-SYN-Flood
45424,6,20,2105,0,20,0,0,BENIGN
63335,6,4,240,4,0,0,0,PortScan
20194,6,5,290,5,5,0,0,SSH-Bruteforce
80,6,20,1200,20,0,0,0,DoS-SYN-Flood
24201,6,2,120,2,0,0,0,PortScan
9579,6,9,522,9,9,0,0,SSH-Bruteforce
80,6,20,1480,20,0,0,0,DoS-HTTP
53272,6,20,29020,0,20,0,0,BENIGN
2156,6,4,240,4,0,0,0,PortScan
0,1,20,1200,0,0,0,0,DoS-ICMP
0,1,20,840,0,0,0,0,DoS-ICMP
80,6,20,1200,20,0,0,0,DoS-SYN-Flood
6830,6,4,240,4,0,0,0,PortScan
0,1,20,840,0,0,0,0,DoS-ICMP
0,1,20,840,0,0,0,0,DoS-ICMP
80,6,20,1200,20,0,0,0,DoS-SYN-Flood
80,17,20,1200,0,0,0,0,DoS-UDP
80,6,20,1200,20,0,0,0,DoS-SYN-Flood
80,6,20,1480,20,0,0,0,DoS-HTTP
80,17,20,1200,0,0,0,0,DoS-UDP
5893,6,10,580,10,10,0,0,SSH-Bruteforce
47686,6,6,348,6,6,0,0,SSH-Bruteforce
80,6,20,1480,20,0,0,0,DoS-HTTP
22,6,20,1200,11,0,9,0,SSH-Bruteforce
80,6,20,1480,20,0,0,0,DoS-HTTP
22,6,20,1200,20,0,0,0,SSH-Bruteforce
0,1,20,1200,0,0,0,0,DoS-ICMP
27934,6,2,120,2,0,0,0,PortScan
36520,17,20,27980,0,0,0,0,BENIGN
0,1,20,1200,0,0,0,0,DoS-ICMP
80,6,20,1200,20,0,0,0,DoS-SYN-Flood
80,17,20,1200,0,0,0,0,DoS-UDP
0,1,20,1200,0,0,0,0,DoS-ICMP
80,6,20,1200,20,0,0,0,DoS-SYN-Flood
0,1,20,1200,0,0,0,0,DoS-ICMP
80,17,20,1200,0,0,0,0,DoS-UDP
38375,6,9,522,9,9,0,0,SSH-Bruteforce
80,17,20,1200,0,0,0,0,DoS-UDP
22,6,20,1200,20,0,0,0,SSH-Bruteforce
21090,6,7,406,7,7,0,0,SSH-Bruteforce
80,6,20,1480,20,0,0,0,DoS-HTTP
0,1,20,840,0,0,0,0,DoS-ICMP
80,17,20,1200,0,0,0,0,DoS-UDP
47774,17,20,27980,0,0,0,0,BENIGN
80,17,20,1200,0,0,0,0,DoS-UDP
198,6,8,464,8,8,0,0,SSH-Bruteforce
55354,6,2,120,2,0,0,0,PortScan
80,6,20,1480,20,0,0,0,DoS-HTTP
80,6,20,1200,20,0,0,0,DoS-SYN-Flood
63603,6,6,348,6,6,0,0,SSH-Bruteforce
80,6,20,1200,20,0,0,0,DoS-SYN-Flood
80,6,20,1200,20,0,0,0,DoS-SYN-Flood
80,6,20,1200,20,0,0,0,DoS-SYN-Flood
36218,6,4,240,4,0,0,0,PortScan
80,17,20,1200,0,0,0,0,DoS-UDP
48716,6,2,120,2,0,0,0,PortScan
0,1,20,840,0,0,0,0,DoS-ICMP
80,6,20,1480,20,0,0,0,DoS-HTTP
80,17,20,1200,0,0,0,0,DoS-UDP
80,17,20,1200,0,0,0,0,DoS-UDP
80,6,20,1200,20,0,0,0,DoS-SYN-Flood
80,17,20,1200,0,0,0,0,DoS-UDP
80,6,20,1200,20,0,0,0,DoS-SYN-Flood
0,1,20,840,0,0,0,0,DoS-ICMP
80,6,20,1200,20,0,0,0,DoS-SYN-Flood
80,17,20,1200,0,0,0,0,DoS-UDP
0,1,20,840,0,0,0,0,DoS-ICMP
80,6,20,1200,20,0,0,0,DoS-SYN-Flood
0,1,20,840,0,0,0,0,DoS-ICMP
9312,6,4,240,4,0,0,0,PortScan
443,17,20,1505,0,0,0,0,BENIGN
80,6,20,1200,20,0,0,0,DoS-SYN-Flood
0,1,20,840,0,0,0,0,DoS-ICMP
40327,6,9,522,9,9,0,0,SSH-Bruteforce
10191,6,4,240,4,0,0,0,PortScan
0,1,20,1200,0,0,0,0,DoS-ICMP
80,17,20,1200,0,0,0,0,DoS-UDP
22,6,20,1200,0,0,20,0,SSH-Bruteforce
10123,6,4,240,4,0,0,0,PortScan
80,17,20,1200,0,0,0,0,DoS-UDP
80,6,20,1480,20,0,0,0,DoS-HTTP
80,17,20,1200,0,0,0,0,DoS-UDP
80,17,20,1200,0,0,0,0,DoS-UDP
80,6,20,1480,20,0,0,0,DoS-HTTP
22,6,20,1200,0,0,20,0,SSH-Bruteforce
40312,6,4,240,4,0,0,0,PortScan
80,6,20,1480,20,0,0,0,DoS-HTTP
33240,6,20,29200,0,20,0,0,BENIGN
80,6,20,1200,20,0,0,0,DoS-SYN-Flood
80,6,20,1480,20,0,0,0,DoS-HTTP
80,17,20,1200,0,0,0,0,DoS-UDP
80,6,20,1480,20,0,0,0,DoS-HTTP
0,1,20,1200,0,0,0,0,DoS-ICMP
80,17,20,1200,0,0,0,0,DoS-UDP
80,6,20,1200,20,0,0,0,DoS-SYN-Flood
80,6,20,1200,20,0,0,0,DoS-SYN-Flood
80,17,20,1200,0,0,0,0,DoS-UDP
80,17,20,1200,0,0,0,0,DoS-UDP
15950,6,2,120,2,0,0,0,PortScan
24305,6,5,290,5,5,0,0,SSH-Bruteforce
22,6,20,1200,20,0,0,0,SSH-Bruteforce
80,6,20,1200,20,0,0,0,DoS-SYN-Flood
47104,6,7,406,7,7,0,0,SSH-Bruteforce
80,6,20,1200,20,0,0,0,DoS-SYN-Flood
80,6,20,1200,20,0,0,0,DoS-SYN-Flood
27574,6,4,240,4,0,0,0,PortScan
80,6,20,1200,20,0,0,0,DoS-SYN-Flood
80,6,20,1480,20,0,0,0,DoS-HTTP
20109,6,2,120,2,0,0,0,PortScan
80,6,20,1480,20,0,0,0,DoS-HTTP
0,1,20,1200,0,0,0,0,DoS-ICMP
16048,6,4,240,4,0,0,0,PortScan
80,6,20,1200,20,0,0,0,DoS-SYN-Flood
0,1,20,840,0,0,0,0,DoS-ICMP
0,1,20,840,0,0,0,0,DoS-ICMP
80,6,20,1200,20,0,0,0,DoS-SYN-Flood
80,6,20,1480,20,0,0,0,DoS-HTTP
36520,17,20,27980,0,0,0,0,BENIGN
0,1,20,1200,0,0,0,0,DoS-ICMP
10421,6,9,522,9,9,0,0,SSH-Bruteforce
80,17,20,1200,0,0,0,0,DoS-UDP
0,1,20,840,0,0,0,0,DoS-ICMP
80,17,20,1200,0,0,0,0,DoS-UDP
80,6,20,1200,20,0,0,0,DoS-SYN-Flood
0,1,20,1200,0,0,0,0,DoS-ICMP
80,17,20,1200,0,0,0,0,DoS-UDP
36520,17,20,27980,0,0,0,0,BENIGN
0,1,20,1200,0,0,0,0,DoS-ICMP
37187,6,4,240,4,0,0,0,PortScan
13121,6,11,638,11,11,0,0,SSH-Bruteforce
22,6,20,1200,8,0,12,0,SSH-Bruteforce
80,6,20,1200,20,0,0,0,DoS-SYN-Flood
47084,6,4,240,4,0,0,0,PortScan
80,6,20,1480,20,0,0,0,DoS-HTTP
80,6,20,1480,20,0,0,0,DoS-HTTP
0,1,20,1200,0,0,0,0,DoS-ICMP
80,6,20,1480,20,0,0,0,DoS-HTTP
62266,6,2,120,2,0,0,0,PortScan
36520,17,20,27980,0,0,0,0,BENIGN
80,6,20,1200,20,0,0,0,DoS-SYN-Flood
22,6,20,1200,1,0,19,0,SSH-Bruteforce
34243,6,5,290,5,5,0,0,SSH-Bruteforce
0,1,20,840,0,0,0,0,DoS-ICMP
80,17,20,1200,0,0,0,0,DoS-UDP
80,17,20,1200,0,0,0,0,DoS-UDP
47917,6,2,120,2,0,0,0,PortScan
80,6,20,1200,20,0,0,0,DoS-SYN-Flood
54829,17,20,27980,0,0,0,0,BENIGN
0,1,20,1200,0,0,0,0,DoS-ICMP
80,6,20,1200,20,0,0,0,DoS-SYN-Flood
0,1,20,840,0,0,0,0,DoS-ICMP
33240,6,20,29080,0,20,0,0,BENIGN
80,6,20,1480,20,0,0,0,DoS-HTTP
80,17,20,1200,0,0,0,0,DoS-UDP
80,17,20,1200,0,0,0,0,DoS-UDP
0,1,20,1200,0,0,0,0,DoS-ICMP
24653,6,2,120,2,0,0,0,PortScan
80,17,20,1200,0,0,0,0,DoS-UDP
20077,6,4,240,4,0,0,0,PortScan
0,1,20,840,0,0,0,0,DoS-ICMP
6659,6,4,240,4,0,0,0,PortScan
0,1,20,1200,0,0,0,0,DoS-ICMP
47497,6,9,522,9,9,0,0,SSH-Bruteforce
80,6,20,1200,20,0,0,0,DoS-SYN-Flood
55363,6,2,120,2,0,0,0,PortScan
80,6,20,1480,20,0,0,0,DoS-HTTP
80,6,20,1480,20,0,0,0,DoS-HTTP
11803,6,4,240,4,0,0,0,PortScan
80,6,20,1200,20,0,0,0,DoS-SYN-Flood
0,1,20,840,0,0,0,0,DoS-ICMP
80,17,20,1200,0,0,0,0,DoS-UDP
80,17,20,1200,0,0,0,0,DoS-UDP
80,17,20,1200,0,0,0,0,DoS-UDP
80,6,20,1480,20,0,0,0,DoS-HTTP
0,1,20,1200,0,0,0,0,DoS-ICMP
22,6,20,1200,0,0,20,0,SSH-Bruteforce
80,6,20,1480,20,0,0,0,DoS-HTTP
0,1,20,840,0,0,0,0,DoS-ICMP
80,17,20,1200,0,0,0,0,DoS-UDP
80,17,20,1200,0,0,0,0,DoS-UDP
443,17,20,8366,0,0,0,0,BENIGN
8474,6,4,240,4,0,0,0,PortScan
80,17,20,1200,0,0,0,0,DoS-UDP
80,17,20,1200,0,0,0,0,DoS-UDP
0,1,20,840,0,0,0,0,DoS-ICMP
22,6,20,1200,20,0,0,0,SSH-Bruteforce
27174,6,5,290,5,5,0,0,SSH-Bruteforce
80,6,20,1480,20,0,0,0,DoS-HTTP
80,17,20,1200,0,0,0,0,DoS-UDP
80,6,20,1200,20,0,0,0,DoS-SYN-Flood
80,6,20,1480,20,0,0,0,DoS-HTTP
80,17,20,1200,0,0,0,0,DoS-UDP
25982,6,4,240,4,0,0,0,PortScan
0,1,20,1200,0,0,0,0,DoS-ICMP
46398,17,20,27980,0,0,0,0,BENIGN
80,6,20,1200,20,0,0,0,DoS-SYN-Flood
59126,6,2,120,2,0,0,0,PortScan
80,6,20,1480,20,0,0,0,DoS-HTTP
46418,6,8,464,8,8,0,0,SSH-Bruteforce
80,6,20,1200,20,0,0,0,DoS-SYN-Flood
80,6,20,1480,20,0,0,0,DoS-HTTP
22,6,20,1200,20,0,0,0,SSH-Bruteforce
80,17,20,1200,0,0,0,0,DoS-UDP
80,6,20,1480,20,0,0,0,DoS-HTTP
80,17,20,1200,0,0,0,0,DoS-UDP
80,6,20,1200,20,0,0,0,DoS-SYN-Flood
39044,6,2,120,2,0,0,0,PortScan
80,6,20,1200,20,0,0,0,DoS-SYN-Flood
41368,6,10,580,10,10,0,0,SSH-Bruteforce
80,6,20,1480,20,0,0,0,DoS-HTTP
80,17,20,1200,0,0,0,0,DoS-UDP
0,1,20,840,0,0,0,0,DoS-ICMP
49037,6,2,120,2,0,0,0,PortScan
44767,6,2,120,2,0,0,0,PortScan
443,17,20,1504,0,0,0,0,BENIGN
1776,6,4,240,4,0,0,0,PortScan
80,6,20,1480,20,0,0,0,DoS-HTTP
80,17,20,1200,0,0,0,0,DoS-UDP
32744,6,2,120,2,0,0,0,PortScan
80,6,20,1480,20,0,0,0,DoS-HTTP
80,6,20,1480,20,0,0,0,DoS-HTTP
80,17,20,1200,0,0,0,0,DoS-UDP
80,6,20,1480,20,0,0,0,DoS-HTTP
22,6,20,1200,0,0,20,0,SSH-Bruteforce
0,1,20,840,0,0,0,0,DoS-ICMP
80,6,20,1200,20,0,0,0,DoS-SYN-Flood
80,6,20,1480,20,0,0,0,DoS-HTTP
80,6,20,1200,20,0,0,0,DoS-SYN-Flood
80,17,20,1200,0,0,0,0,DoS-UDP
80,17,20,1200,0,0,0,0,DoS-UDP
80,6,20,1480,20,0,0,0,DoS-HTTP
22,6,20,1200,0,0,20,0,SSH-Bruteforce
80,6,20,1480,20,0,0,0,DoS-HTTP
80,17,20,1200,0,0,0,0,DoS-UDP
80,6,20,1200,20,0,0,0,DoS-SYN-Flood
80,17,20,1200,0,0,0,0,DoS-UDP
80,17,20,1200,0,0,0,0,DoS-UDP
80,17,20,1200,0,0,0,0,DoS-UDP
3429,6,9,522,9,9,0,0,SSH-Bruteforce
0,1,20,1200,0,0,0,0,DoS-ICMP
64587,6,7,406,7,7,0,0,SSH-Bruteforce
80,6,20,1200,20,0,0,0,DoS-SYN-Flood
443,6,20,2115,17,3,0,1,BENIGN
44279,6,4,240,4,0,0,0,PortScan
80,6,20,1480,20,0,0,0,DoS-HTTP
0,1,20,840,0,0,0,0,DoS-ICMP
15078,6,8,464,8,8,0,0,SSH-Bruteforce
80,17,20,1200,0,0,0,0,DoS-UDP
47822,6,20,28789,0,20,0,0,BENIGN
17107,6,4,240,4,0,0,0,PortScan
80,17,20,1200,0,0,0,0,DoS-UDP
80,6,20,1480,20,0,0,0,DoS-HTTP
54736,6,4,240,4,0,0,0,PortScan
11125,6,7,406,7,7,0,0,SSH-Bruteforce
0,1,20,840,0,0,0,0,DoS-ICMP
80,6,20,1200,20,0,0,0,DoS-SYN-Flood
33240,6,20,29140,0,20,0,0,BENIGN
57747,6,2,120,2,0,0,0,PortScan
10465,6,6,348,6,6,0,0,SSH-Bruteforce
80,17,20,1200,0,0,0,0,DoS-UDP
61044,6,5,290,5,5,0,0,SSH-Bruteforce
80,6,20,1200,20,0,0,0,DoS-SYN-Flood
22,6,20,1200,5,0,15,0,SSH-Bruteforce
80,6,20,1480,20,0,0,0,DoS-HTTP
80,6,20,1480,20,0,0,0,DoS-HTTP
80,6,20,1480,20,0,0,0,DoS-HTTP
36520,17,20,27980,0,0,0,0,BENIGN
80,17,20,1200,0,0,0,0,DoS-UDP
0,1,20,1200,0,0,0,0,DoS-ICMP
80,6,20,1480,20,0,0,0,DoS-HTTP
80,17,20,1200,0,0,0,0,DoS-UDP
63171,6,2,120,2,0,0,0,PortScan
47094,17,20,27980,0,0,0,0,BENIGN
0,1,20,840,0,0,0,0,DoS-ICMP
80,17,20,1200,0,0,0,0,DoS-UDP
80,6,20,1480,20,0,0,0,DoS-HTTP
33079,6,4,240,4,0,0,0,PortScan
80,17,20,1200,0,0,0,0,DoS-UDP
6903,6,6,348,6,6,0,0,SSH-Bruteforce
80,6,20,1200,20,0,0,0,DoS-SYN-Flood
80,17,20,1200,0,0,0,0,DoS-UDP
0,1,20,1200,0,0,0,0,DoS-ICMP
0,1,20,1200,0,0,0,0,DoS-ICMP
59828,6,2,120,2,0,0,0,PortScan
80,6,20,1480,20,0,0,0,DoS-HTTP
80,6,20,1480,20,0,0,0,DoS-HTTP
54290,6,2,120,2,0,0,0,PortScan
80,6,20,1200,20,0,0,0,DoS-SYN-Flood
80,6,20,1200,20,0,0,0,DoS-SYN-Flood
80,6,20,1200,20,0,0,0,DoS-SYN-Flood
21585,6,4,240,4,0,0,0,PortScan
80,6,20,1200,20,0,0,0,DoS-SYN-Flood
24179,6,4,240,4,0,0,0,PortScan
13131,6,12,696,12,12,0,0,SSH-Bruteforce
80,6,20,1200,20,0,0,0,DoS-SYN-Flood
80,17,20,1200,0,0,0,0,DoS-UDP
22,6,20,1200,0,0,20,0,SSH-Bruteforce
80,6,20,1480,20,0,0,0,DoS-HTTP
80,6,20,1200,20,0,0,0,DoS-SYN-Flood
80,6,20,1200,20,0,0,0,DoS-SYN-Flood
47607,6,10,580,10,10,0,0,SSH-Bruteforce
36520,17,20,27980,0,0,0,0,BENIGN
0,1,20,840,0,0,0,0,DoS-ICMP
80,6,20,1200,20,0,0,0,DoS-SYN-Flood
80,6,20,1200,20,0,0,0,DoS-SYN-Flood
19241,6,4,240,4,0,0,0,PortScan
80,6,20,1480,20,0,0,0,DoS-HTTP
80,6,20,1480,20,0,0,0,DoS-HTTP
0,1,20,1200,0,0,0,0,DoS-ICMP
54993,6,7,406,7,7,0,0,SSH-Bruteforce
80,17,20,1200,0,0,0,0,DoS-UDP
17999,6,10,580,10,10,0,0,SSH-Bruteforce
50808,6,4,240,4,0,0,0,PortScan
80,6,20,1200,20,0,0,0,DoS-SYN-Flood
80,6,20,1480,20,0,0,0,DoS-HTTP
80,17,20,1200,0,0,0,0,DoS-UDP
0,1,20,840,0,0,0,0,DoS-ICMP
0,1,20,1200,0,0,0,0,DoS-ICMP
45447,17,20,27980,0,0,0,0,BENIGN
80,17,20,1200,0,0,0,0,DoS-UDP
54148,6,10,580,10,10,0,0,SSH-Bruteforce
0,1,20,1200,0,0,0,0,DoS-ICMP
80,6,20,1200,20,0,0,0,DoS-SYN-Flood
80,17,20,1200,0,0,0,0,DoS-UDP
80,17,20,1200,0,0,0,0,DoS-UDP
41308,17,20,27980,0,0,0,0,BENIGN
80,6,20,1480,20,0,0,0,DoS-HTTP
80,6,20,1200,20,0,0,0,DoS-SYN-Flood
21715,6,2,120,2,0,0,0,PortScan
80,6,20,1200,20,0,0,0,DoS-SYN-Flood
0,1,20,1200,0,0,0,0,DoS-ICMP
80,17,20,1200,0,0,0,0,DoS-UDP
0,1,20,840,0,0,0,0,DoS-ICMP
80,17,20,1200,0,0,0,0,DoS-UDP
22,6,20,1200,18,0,2,0,SSH-Bruteforce
2825,6,7,406,7,7,0,0,SSH-Bruteforce
22,6,20,1200,0,0,20,0,SSH-Bruteforce
0,1,20,840,0,0,0,0,DoS-ICMP
7391,6,6,360,6,0,0,0,PortScan
80,6,20,1200,20,0,0,0,DoS-SYN-Flood
41627,17,2,218,0,0,0,0,BENIGN
80,6,20,1200,20,0,0,0,DoS-SYN-Flood
80,6,20,1480,20,0,0,0,DoS-HTTP
16948,6,2,120,2,0,0,0,PortScan
80,6,20,1200,20,0,0,0,DoS-SYN-Flood
80,6,20,1200,20,0,0,0,DoS-SYN-Flood
0,1,20,1200,0,0,0,0,DoS-ICMP
80,6,20,1480,20,0,0,0,DoS-HTTP
16895,6,9,522,9,9,0,0,SSH-Bruteforce
26352,6,7,406,7,7,0,0,SSH-Bruteforce
80,6,20,1480,20,0,0,0,DoS-HTTP
0,1,20,1200,0,0,0,0,DoS-ICMP
45477,6,2,120,2,0,0,0,PortScan
0,1,20,1200,0,0,0,0,DoS-ICMP
80,6,20,1480,20,0,0,0,DoS-HTTP
80,6,20,1480,20,0,0,0,DoS-HTTP
80,6,20,1200,20,0,0,0,DoS-SYN-Flood
17998,6,2,120,2,0,0,0,PortScan
80,17,20,1200,0,0,0,0,DoS-UDP
80,6,20,1200,20,0,0,0,DoS-SYN-Flood
33240,6,20,29020,0,20,0,0,BENIGN
0,1,20,1200,0,0,0,0,DoS-ICMP
80,6,20,1200,20,0,0,0,DoS-SYN-Flood
80,6,20,1200,20,0,0,0,DoS-SYN-Flood
32533,6,4,232,4,4,0,0,SSH-Bruteforce
12562,6,9,522,9,9,0,0,SSH-Bruteforce
60886,6,20,29380,0,20,0,0,BENIGN
2801,6,7,406,7,7,0,0,SSH-Bruteforce
80,17,20,1200,0,0,0,0,DoS-UDP
80,6,20,1200,20,0,0,0,DoS-SYN-Flood
80,6,20,1200,20,0,0,0,DoS-SYN-Flood
80,6,20,1200,20,0,0,0,DoS-SYN-Flood
80,17,20,1200,0,0,0,0,DoS-UDP
80,6,20,1200,20,0,0,0,DoS-SYN-Flood
21627,6,2,120,2,0,0,0,PortScan
80,17,20,1200,0,0,0,0,DoS-UDP
0,1,20,840,0,0,0,0,DoS-ICMP
80,6,20,1200,20,0,0,0,DoS-SYN-Flood
80,17,20,1200,0,0,0,0,DoS-UDP
80,6,20,1200,20,0,0,0,DoS-SYN-Flood
0,1,20,1200,0,0,0,0,DoS-ICMP
80,6,20,1200,20,0,0,0,DoS-SYN-Flood
80,6,20,1480,20,0,0,0,DoS-HTTP
0,1,20,1200,0,0,0,0,DoS-ICMP
80,6,20,1200,20,0,0,0,DoS-SYN-Flood
80,6,20,1200,20,0,0,0,DoS-SYN-Flood
33551,6,9,522,9,9,0,0,SSH-Bruteforce
64771,6,2,120,2,0,0,0,PortScan
64844,6,7,406,7,7,0,0,SSH-Bruteforce
80,6,20,1200,20,0,0,0,DoS-SYN-Flood
9924,6,4,240,4,0,0,0,PortScan
80,6,20,1480,20,0,0,0,DoS-HTTP
80,17,20,1200,0,0,0,0,DoS-UDP
32503,6,9,522,9,9,0,0,SSH-Bruteforce
0,1,20,1200,0,0,0,0,DoS-ICMP
12836,6,4,240,4,0,0,0,PortScan
0,1,20,840,0,0,0,0,DoS-ICMP
80,6,20,1480,20,0,0,0,DoS-HTTP
0,1,20,840,0,0,0,0,DoS-ICMP
22,6,20,1200,13,0,7,0,SSH-Bruteforce
80,6,20,1480,20,0,0,0,DoS-HTTP
80,6,20,1480,20,0,0,0,DoS-HTTP
80,6,20,1480,20,0,0,0,DoS-HTTP
52005,6,7,406,7,7,0,0,SSH-Bruteforce
80,6,20,1200,20,0,0,0,DoS-SYN-Flood
64875,6,8,464,8,8,0,0,SSH-Bruteforce
22,6,20,1200,20,0,0,0,SSH-Bruteforce
42724,6,9,522,9,9,0,0,SSH-Bruteforce
80,6,20,1200,20,0,0,0,DoS-SYN-Flood
39902,17,20,27980,0,0,0,0,BENIGN
54019,6,2,120,2,0,0,0,PortScan
80,17,20,1200,0,0,0,0,DoS-UDP
41308,17,20,27980,0,0,0,0,BENIGN
4880,6,6,348,6,6,0,0,SSH-Bruteforce
0,1,20,840,0,0,0,0,DoS-ICMP
10878,6,4,240,4,0,0,0,PortScan
62930,6,8,464,8,8,0,0,SSH-Bruteforce
39160,6,4,240,4,0,0,0,PortScan
58464,6,9,522,9,9,0,0,SSH-Bruteforce
80,6,20,1200,20,0,0,0,DoS-SYN-Flood
0,1,20,1200,0,0,0,0,DoS-ICMP
0,1,20,840,0,0,0,0,DoS-ICMP
36520,17,20,27980,0,0,0,0,BENIGN
48806,17,20,27980,0,0,0,0,BENIGN
36520,17,20,27980,0,0,0,0,BENIGN
80,17,20,1200,0,0,0,0,DoS-UDP
80,17,20,1200,0,0,0,0,DoS-UDP
80,6,20,1480,20,0,0,0,DoS-HTTP
53747,6,2,120,2,0,0,0,PortScan
80,6,20,1480,20,0,0,0,DoS-HTTP
22,6,20,1200,1,0,19,0,SSH-Bruteforce
17287,6,2,120,2,0,0,0,PortScan
80,6,20,1200,20,0,0,0,DoS-SYN-Flood
80,6,20,1200,20,0,0,0,DoS-SYN-Flood
0,1,20,840,0,0,0,0,DoS-ICMP
80,6,20,1480,20,0,0,0,DoS-HTTP
80,6,20,1480,20,0,0,0,DoS-HTTP
80,6,20,1480,20,0,0,0,DoS-HTTP
51138,6,4,240,4,0,0,0,PortScan
80,6,20,1200,20,0,0,0,DoS-SYN-Flood
22,6,20,1200,0,0,20,0,SSH-Bruteforce
0,1,20,840,0,0,0,0,DoS-ICMP
44755,6,2,120,2,0,0,0,PortScan
80,6,20,1200,20,0,0,0,DoS-SYN-Flood
36520,17,20,27980,0,0,0,0,BENIGN
80,17,20,1200,0,0,0,0,DoS-UDP
59769,17,20,27980,0,0,0,0,BENIGN
0,1,20,840,0,0,0,0,DoS-ICMP
80,6,20,1480,20,0,0,0,DoS-HTTP
42487,6,9,522,9,9,0,0,SSH-Bruteforce
80,17,20,1200,0,0,0,0,DoS-UDP
33240,6,20,29080,0,20,0,0,BENIGN
33595,17,20,2069,0,0,0,0,BENIGN
80,6,20,1200,20,0,0,0,DoS-SYN-Flood
80,17,20,1200,0,0,0,0,DoS-UDP
80,17,20,1200,0,0,0,0,DoS-UDP
26574,6,2,120,2,0,0,0,PortScan
105,6,4,240,4,0,0,0,PortScan
80,17,20,1200,0,0,0,0,DoS-UDP
36520,17,20,27980,0,0,0,0,BENIGN
80,17,20,1200,0,0,0,0,DoS-UDP
80,6,20,1200,20,0,0,0,DoS-SYN-Flood
80,6,20,1200,20,0,0,0,DoS-SYN-Flood
80,6,20,1480,20,0,0,0,DoS-HTTP
4003,6,8,464,8,8,0,0,SSH-Bruteforce
50124,6,4,240,4,0,0,0,PortScan
80,6,20,1200,20,0,0,0,DoS-SYN-Flood
80,17,20,1200,0,0,0,0,DoS-UDP
0,1,20,1200,0,0,0,0,DoS-ICMP
60886,6,20,30280,0,20,0,0,BENIGN
33087,6,8,464,8,8,0,0,SSH-Bruteforce
46062,6,10,580,10,10,0,0,SSH-Bruteforce
80,6,20,1200,20,0,0,0,DoS-SYN-Flood
80,6,20,1480,20,0,0,0,DoS-HTTP
22,6,20,1200,20,0,0,0,SSH-Bruteforce
25557,6,8,464,8,8,0,0,SSH-Bruteforce
22,6,20,1200,20,0,0,0,SSH-Bruteforce
80,6,20,1200,20,0,0,0,DoS-SYN-Flood
80,17,20,1200,0,0,0,0,DoS-UDP
80,17,20,1200,0,0,0,0,DoS-UDP
80,6,20,1200,20,0,0,0,DoS-SYN-Flood
80,17,20,1200,0,0,0,0,DoS-UDP
80,17,20,1200,0,0,0,0,DoS-UDP
80,17,20,1200,0,0,0,0,DoS-UDP
17596,6,4,240,4,0,0,0,PortScan
80,6,20,1200,20,0,0,0,DoS-SYN-Flood
9616,6,9,522,9,9,0,0,SSH-Bruteforce
80,17,20,1200,0,0,0,0,DoS-UDP
80,17,20,1200,0,0,0,0,DoS-UDP
45447,17,20,27980,0,0,0,0,BENIGN
0,1,20,840,0,0,0,0,DoS-ICMP
80,6,20,1480,20,0,0,0,DoS-HTTP
80,6,20,1480,20,0,0,0,DoS-HTTP
80,17,20,1200,0,0,0,0,DoS-UDP
0,1,20,1200,0,0,0,0,DoS-ICMP
0,1,20,840,0,0,0,0,DoS-ICMP
60886,6,20,28284,0,20,0,0,BENIGN
39902,17,20,27980,0,0,0,0,BENIGN
80,6,20,1200,20,0,0,0,DoS-SYN-Flood
445,6,20,1200,10,0,10,0,PortScan
80,6,20,1200,20,0,0,0,DoS-SYN-Flood
80,6,20,1480,20,0,0,0,DoS-HTTP
80,17,20,1200,0,0,0,0,DoS-UDP
80,17,20,1200,0,0,0,0,DoS-UDP
0,1,20,840,0,0,0,0,DoS-ICMP
80,6,20,1480,20,0,0,0,DoS-HTTP
22,6,20,1200,19,0,1,0,SSH-Bruteforce
8450,6,4,240,4,0,0,0,PortScan
52814,6,9,522,9,9,0,0,SSH-Bruteforce
80,6,20,1480,20,0,0,0,DoS-HTTP
80,17,20,1200,0,0,0,0,DoS-UDP
22,6,20,1200,0,0,20,0,SSH-Bruteforce
33240,6,20,29260,0,20,0,0,BENIGN
80,6,20,1200,20,0,0,0,DoS-SYN-Flood
54626,6,2,120,2,0,0,0,PortScan
31602,6,7,406,7,7,0,0,SSH-Bruteforce
80,6,20,1200,20,0,0,0,DoS-SYN-Flood
36041,6,4,240,4,0,0,0,PortScan
80,6,20,1480,20,0,0,0,DoS-HTTP
80,6,20,1480,20,0,0,0,DoS-HTTP
80,6,20,1480,20,0,0,0,DoS-HTTP
80,6,20,1200,20,0,0,0,DoS-SYN-Flood
80,6,20,1200,20,0,0,0,DoS-SYN-Flood
9577,6,5,290,5,5,0,0,SSH-Bruteforce
80,17,20,1200,0,0,0,0,DoS-UDP
80,6,20,1200,20,0,0,0,DoS-SYN-Flood
18267,6,7,406,7,7,0,0,SSH-Bruteforce
12548,6,4,240,4,0,0,0,PortScan
25755,6,4,240,4,0,0,0,PortScan
21430,6,2,120,2,0,0,0,PortScan
80,6,20,1480,20,0,0,0,DoS-HTTP
13050,6,4,240,4,0,0,0,PortScan
80,17,20,1200,0,0,0,0,DoS-UDP
80,6,20,1480,20,0,0,0,DoS-HTTP
80,6,20,1200,20,0,0,0,DoS-SYN-Flood
80,6,20,1480,20,0,0,0,DoS-HTTP
80,6,20,1480,20,0,0,0,DoS-HTTP
80,17,20,1200,0,0,0,0,DoS-UDP
38439,17,2,192,0,0,0,0,BENIGN
26746,6,4,240,4,0,0,0,PortScan
80,6,20,1480,20,0,0,0,DoS-HTTP
8787,6,4,240,4,0,0,0,PortScan
80,6,20,1200,20,0,0,0,DoS-SYN-Flood
48602,6,4,240,4,0,0,0,PortScan
80,6,20,1200,20,0,0,0,DoS-SYN-Flood
0,1,20,1200,0,0,0,0,DoS-ICMP
80,6,20,1200,20,0,0,0,DoS-SYN-Flood
80,6,20,1200,20,0,0,0,DoS-SYN-Flood
80,6,20,1200,20,0,0,0,DoS-SYN-Flood
41982,6,6,348,6,6,0,0,SSH-Bruteforce
45447,17,20,27980,0,0,0,0,BENIGN
80,6,20,1200,20,0,0,0,DoS-SYN-Flood
80,17,20,1200,0,0,0,0,DoS-UDP
80,17,20,1200,0,0,0,0,DoS-UDP
0,1,20,1200,0,0,0,0,DoS-ICMP
80,17,20,1200,0,0,0,0,DoS-UDP
80,6,20,1200,20,0,0,0,DoS-SYN-Flood
0,1,20,840,0,0,0,0,DoS-ICMP
80,17,20,1200,0,0,0,0,DoS-UDP
46492,6,2,120,2,0,0,0,PortScan
80,6,20,1480,20,0,0,0,DoS-HTTP
80,6,20,1200,20,0,0,0,DoS-SYN-Flood
10988,6,4,240,4,0,0,0,PortScan
0,1,20,1200,0,0,0,0,DoS-ICMP
80,6,20,1480,20,0,0,0,DoS-HTTP
15195,6,4,240,4,0,0,0,PortScan
39378,6,2,120,2,0,0,0,PortScan
0,1,20,1200,0,0,0,0,DoS-ICMP
80,6,20,1480,20,0,0,0,DoS-HTTP
80,17,20,1200,0,0,0,0,DoS-UDP
80,17,20,1200,0,0,0,0,DoS-UDP
80,6,20,1480,20,0,0,0,DoS-HTTP
80,6,20,1480,20,0,0,0,DoS-HTTP
49854,6,8,464,8,8,0,0,SSH-Bruteforce
0,1,20,1200,0,0,0,0,DoS-ICMP
13235,6,6,360,6,0,0,0,PortScan
80,6,20,1480,20,0,0,0,DoS-HTTP
60394,17,20,24420,0,0,0,0,BENIGN
80,17,20,1200,0,0,0,0,DoS-UDP
0,1,20,1200,0,0,0,0,DoS-ICMP
60886,6,20,28540,0,20,0,0,BENIGN
22,6,20,1200,20,0,0,0,SSH-Bruteforce
80,6,20,1480,20,0,0,0,DoS-HTTP
49005,6,9,522,9,9,0,0,SSH-Bruteforce
80,6,20,1480,20,0,0,0,DoS-HTTP
60886,6,20,28180,0,20,0,0,BENIGN
80,6,20,1480,20,0,0,0,DoS-HTTP
0,1,20,840,0,0,0,0,DoS-ICMP
29497,6,2,120,2,0,0,0,PortScan
80,6,20,1480,20,0,0,0,DoS-HTTP
80,17,20,1200,0,0,0,0,DoS-UDP
80,17,20,1200,0,0,0,0,DoS-UDP
61802,6,2,120,2,0,0,0,PortScan
10192,6,4,240,4,0,0,0,PortScan
19272,6,2,120,2,0,0,0,PortScan
42504,6,2,120,2,0,0,0,PortScan
64983,6,4,240,4,0,0,0,PortScan
0,1,20,1200,0,0,0,0,DoS-ICMP
62329,6,7,406,7,7,0,0,SSH-Bruteforce
22,6,20,1200,0,0,20,0,SSH-Bruteforce
45966,6,8,464,8,8,0,0,SSH-Bruteforce
80,17,20,1200,0,0,0,0,DoS-UDP
80,6,20,1480,20,0,0,0,DoS-HTTP
80,17,20,1200,0,0,0,0,DoS-UDP
80,17,20,1200,0,0,0,0,DoS-UDP
4812,6,4,240,4,0,0,0,PortScan
27146,6,7,406,7,7,0,0,SSH-Bruteforce
10290,6,8,464,8,8,0,0,SSH-Bruteforce
80,17,20,1200,0,0,0,0,DoS-UDP
0,1,20,1200,0,0,0,0,DoS-ICMP
10976,6,4,240,4,0,0,0,PortScan
80,17,20,1200,0,0,0,0,DoS-UDP
80,6,20,1200,20,0,0,0,DoS-SYN-Flood
80,17,20,1200,0,0,0,0,DoS-UDP
80,6,20,1480,20,0,0,0,DoS-HTTP
0,1,20,1200,0,0,0,0,DoS-ICMP
80,6,20,1480,20,0,0,0,DoS-HTTP
80,6,20,1480,20,0,0,0,DoS-HTTP
80,6,20,1200,20,0,0,0,DoS-SYN-Flood
60867,6,4,240,4,0,0,0,PortScan
80,6,20,1200,20,0,0,0,DoS-SYN-Flood
80,17,20,1200,0,0,0,0,DoS-UDP
49263,6,4,240,4,0,0,0,PortScan
18864,6,2,120,2,0,0,0,PortScan
22,6,20,1200,0,0,20,0,SSH-Bruteforce
80,6,20,1200,20,0,0,0,DoS-SYN-Flood
38471,6,4,240,4,0,0,0,PortScan
80,17,20,1200,0,0,0,0,DoS-UDP
2203,6,5,290,5,5,0,0,SSH-Bruteforce
80,6,20,1480,20,0,0,0,DoS-HTTP
80,6,20,1480,20,0,0,0,DoS-HTTP
60886,6,20,30280,0,20,0,0,BENIGN
59391,6,8,464,8,8,0,0,SSH-Bruteforce
80,6,20,1480,20,0,0,0,DoS-HTTP
0,1,20,840,0,0,0,0,DoS-ICMP
80,17,20,1200,0,0,0,0,DoS-UDP
80,6,20,1200,20,0,0,0,DoS-SYN-Flood
62844,6,6,348,6,6,0,0,SSH-Bruteforce
8389,6,6,360,6,0,0,0,PortScan
80,6,20,1480,20,0,0,0,DoS-HTTP
80,6,20,1480,20,0,0,0,DoS-HTTP
80,17,20,1200,0,0,0,0,DoS-UDP
60886,6,20,27440,0,20,0,0,BENIGN
2938,6,7,406,7,7,0,0,SSH-Bruteforce
80,6,20,1480,20,0,0,0,DoS-HTTP
80,6,20,1480,20,0,0,0,DoS-HTTP
80,17,20,1200,0,0,0,0,DoS-UDP
80,6,20,1200,20,0,0,0,DoS-SYN-Flood
0,1,20,840,0,0,0,0,DoS-ICMP
80,6,20,1480,20,0,0,0,DoS-HTTP
0,1,20,1200,0,0,0,0,DoS-ICMP
443,6,10,654,0,10,0,3,BENIGN
0,1,20,1200,0,0,0,0,DoS-ICMP
80,17,20,1200,0,0,0,0,DoS-UDP
80,6,20,1480,20,0,0,0,DoS-HTTP
35670,6,8,464,8,8,0,0,SSH-Bruteforce
1736,6,6,348,6,6,0,0,SSH-Bruteforce
80,6,20,1480,20,0,0,0,DoS-HTTP
11336,6,6,360,6,0,0,0,PortScan
80,17,20,1200,0,0,0,0,DoS-UDP
80,17,20,1200,0,0,0,0,DoS-UDP
80,17,20,1200,0,0,0,0,DoS-UDP
80,6,20,1200,20,0,0,0,DoS-SYN-Flood
60657,6,4,240,4,0,0,0,PortScan
61582,6,4,232,4,4,0,0,SSH-Bruteforce
80,17,20,1200,0,0,0,0,DoS-UDP
80,17,20,1200,0,0,0,0,DoS-UDP
80,6,20,1480,20,0,0,0,DoS-HTTP
80,6,20,1200,20,0,0,0,DoS-SYN-Flood
22,6,20,1200,9,0,11,0,SSH-Bruteforce
0,1,20,840,0,0,0,0,DoS-ICMP
80,6,20,1200,20,0,0,0,DoS-SYN-Flood
80,6,20,1480,20,0,0,0,DoS-HTTP
0,1,20,1200,0,0,0,0,DoS-ICMP
80,6,20,1480,20,0,0,0,DoS-HTTP
80,6,20,1200,20,0,0,0,DoS-SYN-Flood
80,6,20,1200,20,0,0,0,DoS-SYN-Flood
13224,6,6,360,6,0,0,0,PortScan
44448,6,8,464,8,8,0,0,SSH-Bruteforce
45471,6,2,120,2,0,0,0,PortScan
43145,6,6,348,6,6,0,0,SSH-Bruteforce
0,1,20,1200,0,0,0,0,DoS-ICMP
80,17,20,1200,0,0,0,0,DoS-UDP
80,6,20,1200,20,0,0,0,DoS-SYN-Flood
55094,6,5,290,5,5,0,0,SSH-Bruteforce
41031,6,9,522,9,9,0,0,SSH-Bruteforce
80,17,20,1200,0,0,0,0,DoS-UDP
20680,6,8,464,8,8,0,0,SSH-Bruteforce
36520,17,20,27980,0,0,0,0,BENIGN
80,17,20,1200,0,0,0,0,DoS-UDP
80,6,20,1200,20,0,0,0,DoS-SYN-Flood
60499,6,2,120,2,0,0,0,PortScan
80,17,20,1200,0,0,0,0,DoS-UDP
80,6,20,1200,20,0,0,0,DoS-SYN-Flood
42904,17,20,27980,0,0,0,0,BENIGN
80,6,20,1480,20,0,0,0,DoS-HTTP
80,6,20,1480,20,0,0,0,DoS-HTTP
80,6,20,1200,20,0,0,0,DoS-SYN-Flood
22,6,20,1200,0,0,20,0,SSH-Bruteforce
51312,6,9,522,9,9,0,0,SSH-Bruteforce
36520,17,20,23108,0,0,0,0,BENIGN
80,6,20,1200,20,0,0,0,DoS-SYN-Flood
80,6,20,1480,20,0,0,0,DoS-HTTP
33381,6,4,240,4,0,0,0,PortScan
0,1,20,840,0,0,0,0,DoS-ICMP
80,6,20,1480,20,0,0,0,DoS-HTTP
80,17,20,1200,0,0,0,0,DoS-UDP
10357,6,3,174,3,3,0,0,SSH-Bruteforce
80,6,20,1480,20,0,0,0,DoS-HTTP
80,6,20,1480,20,0,0,0,DoS-HTTP
80,6,20,1480,20,0,0,0,DoS-HTTP
35177,6,11,634,10,10,1,0,SSH-Bruteforce
80,17,20,1200,0,0,0,0,DoS-UDP
60818,6,5,290,5,5,0,0,SSH-Bruteforce
0,1,20,1200,0,0,0,0,DoS-ICMP
80,17,20,1200,0,0,0,0,DoS-UDP
80,6,20,1200,20,0,0,0,DoS-SYN-Flood
80,17,20,1200,0,0,0,0,DoS-UDP
80,6,20,1480,20,0,0,0,DoS-HTTP
0,1,20,1200,0,0,0,0,DoS-ICMP
80,6,20,1200,20,0,0,0,DoS-SYN-Flood
80,6,20,1200,20,0,0,0,DoS-SYN-Flood
80,6,20,1200,20,0,0,0,DoS-SYN-Flood
14402,6,4,240,4,0,0,0,PortScan
80,17,20,1200,0,0,0,0,DoS-UDP
443,6,16,2585,1,15,0,1,BENIGN
80,6,20,1480,20,0,0,0,DoS-HTTP
80,6,20,1200,20,0,0,0,DoS-SYN-Flood
80,6,20,1200,20,0,0,0,DoS-SYN-Flood
80,6,20,1480,20,0,0,0,DoS-HTTP
80,6,20,1480,20,0,0,0,DoS-HTTP
22,6,20,1200,20,0,0,0,SSH-Bruteforce
60886,6,20,29200,0,20,0,0,BENIGN
80,17,20,1200,0,0,0,0,DoS-UDP
36520,17,20,27980,0,0,0,0,BENIGN
5536,6,4,240,4,0,0,0,PortScan
80,6,20,1200,20,0,0,0,DoS-SYN-Flood
29643,6,9,522,9,9,0,0,SSH-Bruteforce
42105,6,4,240,4,0,0,0,PortScan
18364,6,6,348,6,6,0,0,SSH-Bruteforce
80,6,20,1480,20,0,0,0,DoS-HTTP
80,6,20,1200,20,0,0,0,DoS-SYN-Flood
0,1,20,1200,0,0,0,0,DoS-ICMP
4315,6,9,522,9,9,0,0,SSH-Bruteforce
443,6,20,2921,0,20,0,0,BENIGN
62997,6,2,120,2,0,0,0,PortScan
0,1,20,840,0,0,0,0,DoS-ICMP
80,6,20,1480,20,0,0,0,DoS-HTTP
45447,17,20,27980,0,0,0,0,BENIGN
80,6,20,1480,20,0,0,0,DoS-HTTP
80,6,20,1200,20,0,0,0,DoS-SYN-Flood
0,1,20,1200,0,0,0,0,DoS-ICMP
80,17,20,1200,0,0,0,0,DoS-UDP
33995,6,4,240,4,0,0,0,PortScan
0,1,20,1200,0,0,0,0,DoS-ICMP
80,17,20,1200,0,0,0,0,DoS-UDP
80,6,20,1200,20,0,0,0,DoS-SYN-Flood
37688,6,4,240,4,0,0,0,PortScan
40246,6,10,580,10,10,0,0,SSH-Bruteforce
20963,6,6,348,6,6,0,0,SSH-Bruteforce
80,6,20,1200,20,0,0,0,DoS-SYN-Flood
46337,6,7,406,7,7,0,0,SSH-Bruteforce
80,17,20,1200,0,0,0,0,DoS-UDP
80,17,20,1200,0,0,0,0,DoS-UDP
80,6,20,1480,20,0,0,0,DoS-HTTP
80,6,20,1480,20,0,0,0,DoS-HTTP
80,6,20,1200,20,0,0,0,DoS-SYN-Flood
30305,6,2,120,2,0,0,0,PortScan
33240,6,20,29380,0,20,0,0,BENIGN
80,17,20,1200,0,0,0,0,DoS-UDP
80,6,20,1200,20,0,0,0,DoS-SYN-Flood
80,6,20,1480,20,0,0,0,DoS-HTTP
0,1,20,840,0,0,0,0,DoS-ICMP
80,6,20,1200,20,0,0,0,DoS-SYN-Flood
40166,6,3,162,0,3,0,0,BENIGN
80,17,20,1200,0,0,0,0,DoS-UDP
80,17,20,1200,0,0,0,0,DoS-UDP
80,6,20,1200,20,0,0,0,DoS-SYN-Flood
80,6,20,1200,20,0,0,0,DoS-SYN-Flood
80,17,20,1200,0,0,0,0,DoS-UDP
41308,17,20,27980,0,0,0,0,BENIGN
80,6,20,1480,20,0,0,0,DoS-HTTP
36520,17,20,24077,0,0,0,0,BENIGN
4521,6,5,290,5,5,0,0,SSH-Bruteforce
36520,17,20,27980,0,0,0,0,BENIGN
80,6,20,1480,20,0,0,0,DoS-HTTP
80,17,20,1200,0,0,0,0,DoS-UDP
80,17,20,1200,0,0,0,0,DoS-UDP
59254,6,4,240,4,0,0,0,PortScan
443,6,20,1200,0,20,0,0,BENIGN
80,17,20,1200,0,0,0,0,DoS-UDP
80,6,20,1480,20,0,0,0,DoS-HTTP
2997,6,6,360,6,0,0,0,PortScan
80,6,20,1200,20,0,0,0,DoS-SYN-Flood
80,6,20,1200,20,0,0,0,DoS-SYN-Flood
40525,6,2,120,2,0,0,0,PortScan
80,6,20,1480,20,0,0,0,DoS-HTTP
80,6,20,1480,20,0,0,0,DoS-HTTP
80,6,20,1200,20,0,0,0,DoS-SYN-Flood
80,17,20,1200,0,0,0,0,DoS-UDP
80,6,20,1200,20,0,0,0,DoS-SYN-Flood
0,1,20,1200,0,0,0,0,DoS-ICMP
80,6,20,1200,20,0,0,0,DoS-SYN-Flood
24409,6,4,240,4,0,0,0,PortScan
80,17,20,1200,0,0,0,0,DoS-UDP
32713,6,4,240,4,0,0,0,PortScan
80,6,20,1480,20,0,0,0,DoS-HTTP
80,17,20,1200,0,0,0,0,DoS-UDP
0,1,20,1200,0,0,0,0,DoS-ICMP
36520,17,20,13731,0,0,0,0,BENIGN
80,6,20,1200,20,0,0,0,DoS-SYN-Flood
34080,6,2,120,2,0,0,0,PortScan
36520,17,20,27980,0,0,0,0,BENIGN
80,6,20,1200,20,0,0,0,DoS-SYN-Flood
0,1,20,840,0,0,0,0,DoS-ICMP
22263,6,4,240,4,0,0,0,PortScan
80,6,20,1480,20,0,0,0,DoS-HTTP
80,17,20,1200,0,0,0,0,DoS-UDP
80,17,20,1200,0,0,0,0,DoS-UDP
80,6,20,1200,20,0,0,0,DoS-SYN-Flood
24681,6,2,120,2,0,0,0,PortScan
80,6,20,1200,20,0,0,0,DoS-SYN-Flood
22341,6,2,120,2,0,0,0,PortScan
80,6,20,1200,20,0,0,0,DoS-SYN-Flood
22,6,20,1200,4,0,16,0,SSH-Bruteforce
0,1,20,840,0,0,0,0,DoS-ICMP
21456,6,8,464,8,8,0,0,SSH-Bruteforce
80,6,20,1200,20,0,0,0,DoS-SYN-Flood
39607,6,9,522,9,9,0,0,SSH-Bruteforce
18611,6,2,120,2,0,0,0,PortScan
80,6,20,1480,20,0,0,0,DoS-HTTP
4639,6,8,464,8,8,0,0,SSH-Bruteforce
80,6,20,1200,20,0,0,0,DoS-SYN-Flood
80,6,20,1200,20,0,0,0,DoS-SYN-Flood
20812,6,7,406,7,7,0,0,SSH-Bruteforce
80,6,20,1200,20,0,0,0,DoS-SYN-Flood
80,6,20,1480,20,0,0,0,DoS-HTTP
20352,6,7,406,7,7,0,0,SSH-Bruteforce
26355,6,2,120,2,0,0,0,PortScan
22,6,20,1200,10,0,10,0,SSH-Bruteforce
80,17,20,1200,0,0,0,0,DoS-UDP
0,1,20,840,0,0,0,0,DoS-ICMP
0,1,20,840,0,0,0,0,DoS-ICMP
0,1,20,840,0,0,0,0,DoS-ICMP
443,17,20,13027,0,0,0,0,BENIGN
38898,6,4,240,4,0,0,0,PortScan
443,6,20,2333,0,18,3,1,BENIGN
80,6,20,1200,20,0,0,0,DoS-SYN-Flood
33240,6,20,29440,0,20,0,0,BENIGN
80,17,20,1200,0,0,0,0,DoS-UDP
80,6,20,1480,20,0,0,0,DoS-HTTP
9171,6,10,580,10,10,0,0,SSH-Bruteforce
9944,6,6,348,6,6,0,0,SSH-Bruteforce
2599,6,6,360,6,0,0,0,PortScan
80,17,20,1200,0,0,0,0,DoS-UDP
0,1,20,840,0,0,0,0,DoS-ICMP
0,1,20,1200,0,0,0,0,DoS-ICMP
80,6,20,1200,20,0,0,0,DoS-SYN-Flood
80,6,20,1480,20,0,0,0,DoS-HTTP
80,6,20,1480,20,0,0,0,DoS-HTTP
80,17,20,1200,0,0,0,0,DoS-UDP
47440,6,12,648,0,12,0,1,BENIGN
24855,6,2,120,2,0,0,0,PortScan
80,6,20,1480,20,0,0,0,DoS-HTTP
80,17,20,1200,0,0,0,0,DoS-UDP
60886,6,20,29320,0,20,0,0,BENIGN
22,6,20,1200,0,0,20,0,SSH-Bruteforce
80,6,20,1200,20,0,0,0,DoS-SYN-Flood
80,6,20,1200,20,0,0,0,DoS-SYN-Flood
10439,6,6,360,6,0,0,0,PortScan
80,17,20,1200,0,0,0,0,DoS-UDP
0,1,20,840,0,0,0,0,DoS-ICMP
22,6,20,1200,0,0,20,0,SSH-Bruteforce
80,17,20,1200,0,0,0,0,DoS-UDP
80,6,20,1480,20,0,0,0,DoS-HTTP
80,17,20,1200,0,0,0,0,DoS-UDP
80,6,20,1200,20,0,0,0,DoS-SYN-Flood
443,6,20,2425,1,19,0,0,BENIGN
80,6,20,1480,20,0,0,0,DoS-HTTP
80,6,20,1480,20,0,0,0,DoS-HTTP
43992,17,20,27980,0,0,0,0,BENIGN
36520,17,20,27980,0,0,0,0,BENIGN
55233,6,2,120,2,0,0,0,PortScan
8537,6,4,240,4,0,0,0,PortScan
0,1,20,840,0,0,0,0,DoS-ICMP
443,17,20,2722,0,0,0,0,BENIGN
80,6,20,1200,20,0,0,0,DoS-SYN-Flood
80,17,20,1200,0,0,0,0,DoS-UDP
58258,6,2,120,2,0,0,0,PortScan
80,6,20,1480,20,0,0,0,DoS-HTTP
80,6,20,1480,20,0,0,0,DoS-HTTP
11074,6,4,240,4,0,0,0,PortScan
80,6,20,1200,20,0,0,0,DoS-SYN-Flood
80,17,20,1200,0,0,0,0,DoS-UDP
4033,6,6,348,6,6,0,0,SSH-Bruteforce
80,6,20,1200,20,0,0,0,DoS-SYN-Flood
80,6,20,1200,20,0,0,0,DoS-SYN-Flood
80,6,20,1200,20,0,0,0,DoS-SYN-Flood
54709,6,2,120,2,0,0,0,PortScan
80,6,20,1480,20,0,0,0,DoS-HTTP
16840,6,2,120,2,0,0,0,PortScan
80,17,20,1200,0,0,0,0,DoS-UDP
80,6,20,1200,20,0,0,0,DoS-SYN-Flood
80,6,20,1480,20,0,0,0,DoS-HTTP
80,17,20,1200,0,0,0,0,DoS-UDP
80,17,20,1200,0,0,0,0,DoS-UDP
80,6,20,1480,20,0,0,0,DoS-HTTP
285,6,6,360,6,0,0,0,PortScan
53272,6,20,29320,0,20,0,0,BENIGN
22,6,20,1200,20,0,0,0,SSH-Bruteforce
80,6,20,1480,20,0,0,0,DoS-HTTP
80,17,20,1200,0,0,0,0,DoS-UDP
19781,6,2,120,2,0,0,0,PortScan
47822,6,20,11437,1,20,0,0,BENIGN
80,6,20,1480,20,0,0,0,DoS-HTTP
80,17,20,1200,0,0,0,0,DoS-UDP
80,6,20,1480,20,0,0,0,DoS-HTTP
35756,6,2,120,2,0,0,0,PortScan
80,6,20,1200,20,0,0,0,DoS-SYN-Flood
54133,6,2,120,2,0,0,0,PortScan
0,1,20,840,0,0,0,0,DoS-ICMP
30633,6,7,406,7,7,0,0,SSH-Bruteforce
80,6,20,1200,20,0,0,0,DoS-SYN-Flood
80,6,20,1480,20,0,0,0,DoS-HTTP
0,1,20,840,0,0,0,0,DoS-ICMP
41308,17,20,27980,0,0,0,0,BENIGN
52353,6,9,522,9,9,0,0,SSH-Bruteforce
0,1,20,1200,0,0,0,0,DoS-ICMP
0,1,20,1200,0,0,0,0,DoS-ICMP
80,6,20,1200,20,0,0,0,DoS-SYN-Flood
80,6,20,1200,20,0,0,0,DoS-SYN-Flood
80,6,20,1200,20,0,0,0,DoS-SYN-Flood
80,6,20,1200,20,0,0,0,DoS-SYN-Flood
0,1,20,840,0,0,0,0,DoS-ICMP
28750,6,4,240,4,0,0,0,PortScan
10355,6,4,240,4,0,0,0,PortScan
80,6,20,1200,20,0,0,0,DoS-SYN-Flood
22,6,20,1200,20,0,0,0,SSH-Bruteforce
0,1,20,840,0,0,0,0,DoS-ICMP
0,1,20,1200,0,0,0,0,DoS-ICMP
39580,6,4,240,4,0,0,0,PortScan
0,1,20,840,0,0,0,0,DoS-ICMP
0,1,20,840,0,0,0,0,DoS-ICMP
80,6,20,1200,20,0,0,0,DoS-SYN-Flood
80,17,20,1200,0,0,0,0,DoS-UDP
2414,6,6,360,6,0,0,0,PortScan
80,17,20,1200,0,0,0,0,DoS-UDP
80,17,20,1200,0,0,0,0,DoS-UDP
33240,6,20,29080,0,20,0,0,BENIGN
0,1,20,1200,0,0,0,0,DoS-ICMP
22,6,20,1200,0,0,20,0,SSH-Bruteforce
0,1,20,1200,0,0,0,0,DoS-ICMP
21528,6,9,522,9,9,0,0,SSH-Bruteforce
63651,6,2,120,2,0,0,0,PortScan
80,6,20,1200,20,0,0,0,DoS-SYN-Flood
80,6,20,1200,20,0,0,0,DoS-SYN-Flood
5643,6,6,360,6,0,0,0,PortScan
80,6,20,1200,20,0,0,0,DoS-SYN-Flood
0,1,20,1200,0,0,0,0,DoS-ICMP
80,17,20,1200,0,0,0,0,DoS-UDP
60886,6,20,30279,0,20,0,0,BENIGN
80,6,20,1200,20,0,0,0,DoS-SYN-Flood
80,6,20,1200,20,0,0,0,DoS-SYN-Flood
80,6,20,1200,20,0,0,0,DoS-SYN-Flood
80,6,20,1480,20,0,0,0,DoS-HTTP
0,1,20,1200,0,0,0,0,DoS-ICMP
80,17,20,1200,0,0,0,0,DoS-UDP
80,6,20,1200,20,0,0,0,DoS-SYN-Flood
54359,6,7,406,7,7,0,0,SSH-Bruteforce
80,17,20,1200,0,0,0,0,DoS-UDP
22,6,20,1200,20,0,0,0,SSH-Bruteforce
80,6,20,1200,20,0,0,0,DoS-SYN-Flood
0,1,20,840,0,0,0,0,DoS-ICMP
22,6,20,1200,0,0,20,0,SSH-Bruteforce
0,1,20,1200,0,0,0,0,DoS-ICMP
62486,6,4,240,4,0,0,0,PortScan
80,17,20,1200,0,0,0,0,DoS-UDP
80,6,20,1200,20,0,0,0,DoS-SYN-Flood
80,6,20,1200,20,0,0,0,DoS-SYN-Flood
80,6,20,1480,20,0,0,0,DoS-HTTP
31638,6,4,240,4,0,0,0,PortScan
63150,6,6,348,6,6,0,0,SSH-Bruteforce
22,6,20,1200,20,0,0,0,SSH-Bruteforce
0,1,20,1200,0,0,0,0,DoS-ICMP
50246,6,4,240,4,0,0,0,PortScan
80,17,20,1200,0,0,0,0,DoS-UDP
0,1,20,840,0,0,0,0,DoS-ICMP
32095,6,9,522,9,9,0,0,SSH-Bruteforce
14597,6,6,360,6,0,0,0,PortScan
80,6,20,1200,20,0,0,0,DoS-SYN-Flood
80,6,20,1480,20,0,0,0,DoS-HTTP
80,6,20,1200,20,0,0,0,DoS-SYN-Flood
80,6,20,1480,20,0,0,0,DoS-HTTP
80,6,20,1480,20,0,0,0,DoS-HTTP
80,6,20,1480,20,0,0,0,DoS-HTTP
443,6,20,1956,0,17,5,2,BENIGN
80,6,20,1200,20,0,0,0,DoS-SYN-Flood
22,6,20,1200,0,0,20,0,SSH-Bruteforce
36520,17,20,27980,0,0,0,0,BENIGN
7817,6,4,240,4,0,0,0,PortScan
80,17,20,1200,0,0,0,0,DoS-UDP
80,6,20,1480,20,0,0,0,DoS-HTTP
80,6,20,1200,20,0,0,0,DoS-SYN-Flood
22,6,20,1200,6,0,14,0,SSH-Bruteforce
0,1,20,840,0,0,0,0,DoS-ICMP
62422,6,2,120,2,0,0,0,PortScan
80,6,20,1480,20,0,0,0,DoS-HTTP
22,6,20,1200,20,0,0,0,SSH-Bruteforce
0,1,20,1200,0,0,0,0,DoS-ICMP
0,1,20,840,0,0,0,0,DoS-ICMP
80,6,20,1200,20,0,0,0,DoS-SYN-Flood
0,1,20,1200,0,0,0,0,DoS-ICMP
46933,6,4,240,4,0,0,0,PortScan
80,6,20,1200,20,0,0,0,DoS-SYN-Flood
80,6,20,1480,20,0,0,0,DoS-HTTP
80,6,20,1200,20,0,0,0,DoS-SYN-Flood
21017,6,2,120,2,0,0,0,PortScan
0,1,20,840,0,0,0,0,DoS-ICMP
80,6,20,1200,20,0,0,0,DoS-SYN-Flood
80,6,20,1480,20,0,0,0,DoS-HTTP
80,6,20,1200,20,0,0,0,DoS-SYN-Flood
19308,6,2,120,2,0,0,0,PortScan
80,17,20,1200,0,0,0,0,DoS-UDP
80,6,20,1200,20,0,0,0,DoS-SYN-Flood
6687,6,9,522,9,9,0,0,SSH-Bruteforce
80,6,20,1480,20,0,0,0,DoS-HTTP
22,6,20,1200,20,0,0,0,SSH-Bruteforce
80,6,20,1480,20,0,0,0,DoS-HTTP
80,6,20,1480,20,0,0,0,DoS-HTTP
80,17,20,1200,0,0,0,0,DoS-UDP
80,6,20,1200,20,0,0,0,DoS-SYN-Flood
80,6,20,1480,20,0,0,0,DoS-HTTP
80,17,20,1200,0,0,0,0,DoS-UDP
443,6,20,1200,0,20,0,0,BENIGN
80,17,20,1200,0,0,0,0,DoS-UDP
80,6,20,1200,20,0,0,0,DoS-SYN-Flood
18970,6,4,240,4,0,0,0,PortScan
80,6,20,1480,20,0,0,0,DoS-HTTP
36520,17,20,27980,0,0,0,0,BENIGN
63119,6,4,240,4,0,0,0,PortScan
54683,6,6,348,6,6,0,0,SSH-Bruteforce
80,6,20,1200,20,0,0,0,DoS-SYN-Flood
35854,6,20,26604,0,20,0,0,BENIGN
53339,6,6,348,6,6,0,0,SSH-Bruteforce
80,6,20,1480,20,0,0,0,DoS-HTTP
0,1,20,840,0,0,0,0,DoS-ICMP
80,6,20,1200,20,0,0,0,DoS-SYN-Flood
80,17,20,1200,0,0,0,0,DoS-UDP
45823,6,7,406,7,7,0,0,SSH-Bruteforce
80,6,20,1200,20,0,0,0,DoS-SYN-Flood
22,6,20,1200,19,0,1,0,SSH-Bruteforce
22,6,20,1200,20,0,0,0,SSH-Bruteforce
80,6,20,1480,20,0,0,0,DoS-HTTP
80,17,20,1200,0,0,0,0,DoS-UDP
80,6,20,1200,20,0,0,0,DoS-SYN-Flood
60886,6,20,29800,0,20,0,0,BENIGN
80,6,20,1200,20,0,0,0,DoS-SYN-Flood
32847,6,4,240,4,0,0,0,PortScan
80,6,20,1200,20,0,0,0,DoS-SYN-Flood
80,6,20,1200,20,0,0,0,DoS-SYN-Flood
0,1,20,1200,0,0,0,0,DoS-ICMP
65457,6,8,464,8,8,0,0,SSH-Bruteforce
6989,6,4,240,4,0,0,0,PortScan
60584,6,8,464,8,8,0,0,SSH-Bruteforce
80,6,20,1480,20,0,0,0,DoS-HTTP
58838,17,1,149,0,0,0,0,BENIGN
51505,6,7,406,7,7,0,0,SSH-Bruteforce
80,17,20,1200,0,0,0,0,DoS-UDP
80,6,20,1480,20,0,0,0,DoS-HTTP
80,17,20,1200,0,0,0,0,DoS-UDP
41569,6,2,120,2,0,0,0,PortScan
36748,6,4,240,4,0,0,0,PortScan
48749,6,2,120,2,0,0,0,PortScan
22,6,20,1200,0,0,20,0,SSH-Bruteforce
80,17,20,1200,0,0,0,0,DoS-UDP
0,1,20,1200,0,0,0,0,DoS-ICMP
53923,6,4,240,4,0,0,0,PortScan
15922,6,7,406,7,7,0,0,SSH-Bruteforce
80,6,20,1480,20,0,0,0,DoS-HTTP
80,17,20,1200,0,0,0,0,DoS-UDP
80,6,20,1480,20,0,0,0,DoS-HTTP
80,17,20,1200,0,0,0,0,DoS-UDP
21139,6,8,464,8,8,0,0,SSH-Bruteforce
80,17,20,1200,0,0,0,0,DoS-UDP
80,6,20,1200,20,0,0,0,DoS-SYN-Flood
0,1,20,1200,0,0,0,0,DoS-ICMP
443,17,20,2829,0,0,0,0,BENIGN
22,6,20,1200,20,0,0,0,SSH-Bruteforce
31395,6,7,406,7,7,0,0,SSH-Bruteforce
0,1,20,1200,0,0,0,0,DoS-ICMP
80,6,20,1480,20,0,0,0,DoS-HTTP
80,6,20,1200,20,0,0,0,DoS-SYN-Flood
80,17,20,1200,0,0,0,0,DoS-UDP
80,6,20,1200,20,0,0,0,DoS-SYN-Flood
0,1,20,1200,0,0,0,0,DoS-ICMP
80,17,20,1200,0,0,0,0,DoS-UDP
80,6,20,1480,20,0,0,0,DoS-HTTP
0,1,20,1200,0,0,0,0,DoS-ICMP
19231,6,2,120,2,0,0,0,PortScan
80,6,20,1480,20,0,0,0,DoS-HTTP
80,6,20,1200,20,0,0,0,DoS-SYN-Flood
36566,6,2,120,2,0,0,0,PortScan
61812,6,2,120,2,0,0,0,PortScan
0,1,20,1200,0,0,0,0,DoS-ICMP
51813,6,2,120,2,0,0,0,PortScan
36520,17,20,27980,0,0,0,0,BENIGN
80,17,20,1200,0,0,0,0,DoS-UDP
3019,6,6,360,6,0,0,0,PortScan
33240,6,20,29020,0,20,0,0,BENIGN
80,6,20,1480,20,0,0,0,DoS-HTTP
80,17,20,1200,0,0,0,0,DoS-UDP
58102,6,4,240,4,0,0,0,PortScan
0,1,20,840,0,0,0,0,DoS-ICMP
80,6,20,1200,20,0,0,0,DoS-SYN-Flood
54829,17,20,27980,0,0,0,0,BENIGN
80,17,20,1200,0,0,0,0,DoS-UDP
80,6,20,1200,20,0,0,0,DoS-SYN-Flood
80,6,20,1200,20,0,0,0,DoS-SYN-Flood
80,6,20,1200,20,0,0,0,DoS-SYN-Flood
80,6,20,1200,20,0,0,0,DoS-SYN-Flood
45807,6,7,406,7,7,0,0,SSH-Bruteforce
11297,6,7,406,7,7,0,0,SSH-Bruteforce
53278,6,20,28900,0,20,0,0,BENIGN
38921,6,6,348,6,6,0,0,SSH-Bruteforce
80,17,20,1200,0,0,0,0,DoS-UDP
0,1,20,1200,0,0,0,0,DoS-ICMP
12457,6,8,464,8,8,0,0,SSH-Bruteforce
80,6,20,1480,20,0,0,0,DoS-HTTP
0,1,20,840,0,0,0,0,DoS-ICMP
39549,6,7,406,7,7,0,0,SSH-Bruteforce
0,1,20,1200,0,0,0,0,DoS-ICMP
80,17,20,1200,0,0,0,0,DoS-UDP
80,6,20,1480,20,0,0,0,DoS-HTTP
7774,6,5,290,5,5,0,0,SSH-Bruteforce
0,1,20,1200,0,0,0,0,DoS-ICMP
0,1,20,1200,0,0,0,0,DoS-ICMP
63938,6,5,290,5,5,0,0,SSH-Bruteforce
80,6,20,1200,20,0,0,0,DoS-SYN-Flood
80,6,20,1200,20,0,0,0,DoS-SYN-Flood
0,1,20,840,0,0,0,0,DoS-ICMP
22,6,20,1200,20,0,0,0,SSH-Bruteforce
80,6,20,1480,20,0,0,0,DoS-HTTP
80,6,20,1480,20,0,0,0,DoS-HTTP
80,6,20,1480,20,0,0,0,DoS-HTTP
36520,17,20,27980,0,0,0,0,BENIGN
80,6,20,1200,20,0,0,0,DoS-SYN-Flood
0,1,20,840,0,0,0,0,DoS-ICMP
80,6,20,1480,20,0,0,0,DoS-HTTP
80,6,20,1200,20,0,0,0,DoS-SYN-Flood
80,6,20,1480,20,0,0,0,DoS-HTTP
16818,6,2,120,2,0,0,0,PortScan
0,1,20,840,0,0,0,0,DoS-ICMP
80,6,20,1480,20,0,0,0,DoS-HTTP
55368,6,2,120,2,0,0,0,PortScan
36520,17,20,27980,0,0,0,0,BENIGN
48106,6,4,240,4,0,0,0,PortScan
0,1,20,840,0,0,0,0,DoS-ICMP
80,6,20,1480,20,0,0,0,DoS-HTTP
443,17,20,1501,0,0,0,0,BENIGN
0,1,20,1200,0,0,0,0,DoS-ICMP
80,17,20,1200,0,0,0,0,DoS-UDP
59353,6,6,348,6,6,0,0,SSH-Bruteforce
80,6,20,1480,20,0,0,0,DoS-HTTP
80,6,20,1480,20,0,0,0,DoS-HTTP
80,6,20,1200,20,0,0,0,DoS-SYN-Flood
26533,6,7,406,7,7,0,0,SSH-Bruteforce
0,1,20,840,0,0,0,0,DoS-ICMP
0,1,20,840,0,0,0,0,DoS-ICMP
58992,6,2,120,2,0,0,0,PortScan
80,6,20,1200,20,0,0,0,DoS-SYN-Flood
80,6,20,1480,20,0,0,0,DoS-HTTP
5635,6,4,240,4,0,0,0,PortScan
7675,6,6,348,6,6,0,0,SSH-Bruteforce
80,6,20,1200,20,0,0,0,DoS-SYN-Flood
80,6,20,1480,20,0,0,0,DoS-HTTP
11792,6,5,290,5,5,0,0,SSH-Bruteforce
38993,6,4,240,4,0,0,0,PortScan
80,6,20,1480,20,0,0,0,DoS-HTTP
80,6,20,1200,20,0,0,0,DoS-SYN-Flood
80,6,20,1200,20,0,0,0,DoS-SYN-Flood
80,6,20,1200,20,0,0,0,DoS-SYN-Flood
80,6,20,1200,20,0,0,0,DoS-SYN-Flood
80,17,20,1200,0,0,0,0,DoS-UDP
80,6,20,1200,20,0,0,0,DoS-SYN-Flood
80,6,20,1480,20,0,0,0,DoS-HTTP
16986,6,2,120,2,0,0,0,PortScan
80,17,20,1200,0,0,0,0,DoS-UDP
31841,6,9,522,9,9,0,0,SSH-Bruteforce
80,6,20,1480,20,0,0,0,DoS-HTTP
80,6,20,1480,20,0,0,0,DoS-HTTP
17065,6,7,406,7,7,0,0,SSH-Bruteforce
80,6,20,1480,20,0,0,0,DoS-HTTP
80,6,20,1200,20,0,0,0,DoS-SYN-Flood
22,6,20,1200,0,0,20,0,SSH-Bruteforce
10647,6,4,240,4,0,0,0,PortScan
0,1,20,1200,0,0,0,0,DoS-ICMP
80,17,20,1200,0,0,0,0,DoS-UDP
80,17,20,1200,0,0,0,0,DoS-UDP
80,6,20,1200,20,0,0,0,DoS-SYN-Flood
22,6,20,1200,20,0,0,0,SSH-Bruteforce
36520,17,20,27980,0,0,0,0,BENIGN
80,6,20,1200,20,0,0,0,DoS-SYN-Flood
63787,6,2,120,2,0,0,0,PortScan
0,1,20,1200,0,0,0,0,DoS-ICMP
80,6,20,1480,20,0,0,0,DoS-HTTP
80,6,20,1480,20,0,0,0,DoS-HTTP
10540,6,4,240,4,0,0,0,PortScan
14044,6,8,464,8,8,0,0,SSH-Bruteforce
36520,17,20,27980,0,0,0,0,BENIGN
18398,6,6,348,6,6,0,0,SSH-Bruteforce
80,17,20,1200,0,0,0,0,DoS-UDP
80,6,20,1200,20,0,0,0,DoS-SYN-Flood
80,17,20,1200,0,0,0,0,DoS-UDP
80,6,20,1480,20,0,0,0,DoS-HTTP
53183,6,4,240,4,0,0,0,PortScan
0,1,20,1200,0,0,0,0,DoS-ICMP
80,17,20,1200,0,0,0,0,DoS-UDP
80,6,20,1480,20,0,0,0,DoS-HTTP
80,6,20,1200,20,0,0,0,DoS-SYN-Flood
22,6,20,1200,0,0,20,0,SSH-Bruteforce
0,1,20,1200,0,0,0,0,DoS-ICMP
80,17,20,1200,0,0,0,0,DoS-UDP
80,6,20,1200,20,0,0,0,DoS-SYN-Flood
80,6,20,1200,20,0,0,0,DoS-SYN-Flood
18162,6,8,464,8,8,0,0,SSH-Bruteforce
49064,6,4,240,4,0,0,0,PortScan
0,1,20,840,0,0,0,0,DoS-ICMP
42854,6,8,464,8,8,0,0,SSH-Bruteforce
80,17,20,1200,0,0,0,0,DoS-UDP
80,6,20,1200,20,0,0,0,DoS-SYN-Flood
22,6,20,1200,0,0,20,0,SSH-Bruteforce
80,6,20,1200,20,0,0,0,DoS-SYN-Flood
22,6,20,1200,20,0,0,0,SSH-Bruteforce
35617,6,9,522,9,9,0,0,SSH-Bruteforce
80,6,20,1480,20,0,0,0,DoS-HTTP
80,17,20,1200,0,0,0,0,DoS-UDP
80,6,20,1200,20,0,0,0,DoS-SYN-Flood
80,6,20,1480,20,0,0,0,DoS-HTTP
0,1,20,1200,0,0,0,0,DoS-ICMP
0,1,20,840,0,0,0,0,DoS-ICMP
12348,6,7,406,7,7,0,0,SSH-Bruteforce
22,6,20,1200,0,0,20,0,SSH-Bruteforce
0,1,20,840,0,0,0,0,DoS-ICMP
56331,6,6,348,6,6,0,0,SSH-Bruteforce
22,6,20,1200,0,0,20,0,SSH-Bruteforce
80,6,20,1480,20,0,0,0,DoS-HTTP
80,17,20,1200,0,0,0,0,DoS-UDP
80,6,20,1200,20,0,0,0,DoS-SYN-Flood
80,6,20,1480,20,0,0,0,DoS-HTTP
80,6,20,1480,20,0,0,0,DoS-HTTP
80,6,20,1480,20,0,0,0,DoS-HTTP
36520,17,20,27980,0,0,0,0,BENIGN
80,6,20,1480,20,0,0,0,DoS-HTTP
22,6,20,1200,16,0,4,0,SSH-Bruteforce
43003,6,4,240,4,0,0,0,PortScan
0,1,20,840,0,0,0,0,DoS-ICMP
0,1,20,1200,0,0,0,0,DoS-ICMP
80,6,20,1480,20,0,0,0,DoS-HTTP
80,6,20,1480,20,0,0,0,DoS-HTTP
80,6,20,1200,20,0,0,0,DoS-SYN-Flood
62001,6,7,406,7,7,0,0,SSH-Bruteforce
0,1,20,840,0,0,0,0,DoS-ICMP
80,6,20,1480,20,0,0,0,DoS-HTTP
80,6,20,1200,20,0,0,0,DoS-SYN-Flood
80,17,20,1200,0,0,0,0,DoS-UDP
80,6,20,1480,20,0,0,0,DoS-HTTP
80,6,20,1200,20,0,0,0,DoS-SYN-Flood
80,17,20,1200,0,0,0,0,DoS-UDP
22,6,20,1200,0,0,20,0,SSH-Bruteforce
80,6,20,1200,20,0,0,0,DoS-SYN-Flood
80,6,20,1200,20,0,0,0,DoS-SYN-Flood
0,1,20,840,0,0,0,0,DoS-ICMP
80,6,20,1200,20,0,0,0,DoS-SYN-Flood
80,6,20,1480,20,0,0,0,DoS-HTTP
80,6,20,1480,20,0,0,0,DoS-HTTP
58101,6,2,120,2,0,0,0,PortScan
80,17,20,1200,0,0,0,0,DoS-UDP
0,1,20,1200,0,0,0,0,DoS-ICMP
14275,6,8,464,8,8,0,0,SSH-Bruteforce
36520,17,20,27980,0,0,0,0,BENIGN
7225,6,4,240,4,0,0,0,PortScan
80,6,20,1200,20,0,0,0,DoS-SYN-Flood
0,1,20,840,0,0,0,0,DoS-ICMP
80,6,20,1480,20,0,0,0,DoS-HTTP
22,6,20,1200,0,0,20,0,SSH-Bruteforce
28390,6,2,120,2,0,0,0,PortScan
80,17,20,1200,0,0,0,0,DoS-UDP
36520,17,20,27980,0,0,0,0,BENIGN
62366,6,2,120,2,0,0,0,PortScan
22,6,20,1200,0,0,20,0,SSH-Bruteforce
80,6,20,1480,20,0,0,0,DoS-HTTP
80,6,20,1480,20,0,0,0,DoS-HTTP
0,1,20,1200,0,0,0,0,DoS-ICMP
80,6,20,1480,20,0,0,0,DoS-HTTP
80,6,20,1200,20,0,0,0,DoS-SYN-Flood
0,1,20,840,0,0,0,0,DoS-ICMP
59045,6,4,240,4,0,0,0,PortScan
80,6,20,1480,20,0,0,0,DoS-HTTP
80,6,20,1480,20,0,0,0,DoS-HTTP
0,1,20,1200,0,0,0,0,DoS-ICMP
80,6,20,1480,20,0,0,0,DoS-HTTP
0,1,20,840,0,0,0,0,DoS-ICMP
443,17,20,17688,0,0,0,0,BENIGN
80,17,20,1200,0,0,0,0,DoS-UDP
44181,6,2,120,2,0,0,0,PortScan
80,17,20,1200,0,0,0,0,DoS-UDP
80,6,20,1200,20,0,0,0,DoS-SYN-Flood
80,17,20,1200,0,0,0,0,DoS-UDP
40868,6,8,464,8,8,0,0,SSH-Bruteforce
33240,6,20,29260,0,20,0,0,BENIGN
27294,6,6,348,6,6,0,0,SSH-Bruteforce
17975,6,4,240,4,0,0,0,PortScan
80,6,20,1480,20,0,0,0,DoS-HTTP
53092,6,11,638,11,11,0,0,SSH-Bruteforce
80,6,20,1480,20,0,0,0,DoS-HTTP
0,1,20,1200,0,0,0,0,DoS-ICMP
32460,6,2,120,2,0,0,0,PortScan
80,6,20,1480,20,0,0,0,DoS-HTTP
36520,17,20,20555,0,0,0,0,BENIGN
80,6,20,1480,20,0,0,0,DoS-HTTP
60886,6,20,29200,0,20,0,0,BENIGN
80,6,20,1480,20,0,0,0,DoS-HTTP
22,6,20,1200,1,0,19,0,SSH-Bruteforce
80,6,20,1200,20,0,0,0,DoS-SYN-Flood
80,6,20,1200,20,0,0,0,DoS-SYN-Flood
52370,6,4,240,4,0,0,0,PortScan
36520,17,20,27980,0,0,0,0,BENIGN
80,17,20,1200,0,0,0,0,DoS-UDP
29725,6,2,120,2,0,0,0,PortScan
32421,6,5,290,5,5,0,0,SSH-Bruteforce
80,17,20,1200,0,0,0,0,DoS-UDP
22,6,20,1200,20,0,0,0,SSH-Bruteforce
0,1,20,840,0,0,0,0,DoS-ICMP
443,17,20,5476,0,0,0,0,BENIGN
22,6,20,1200,0,0,20,0,SSH-Bruteforce
0,1,20,1200,0,0,0,0,DoS-ICMP
80,6,20,1200,20,0,0,0,DoS-SYN-Flood
80,6,20,1480,20,0,0,0,DoS-HTTP
21299,6,2,120,2,0,0,0,PortScan
80,17,20,1200,0,0,0,0,DoS-UDP
61121,6,5,290,5,5,0,0,SSH-Bruteforce
0,1,20,840,0,0,0,0,DoS-ICMP
80,6,20,1200,20,0,0,0,DoS-SYN-Flood
33240,6,20,29020,0,20,0,0,BENIGN
80,6,20,1480,20,0,0,0,DoS-HTTP
80,17,20,1200,0,0,0,0,DoS-UDP
80,17,20,1200,0,0,0,0,DoS-UDP
4469,6,9,522,9,9,0,0,SSH-Bruteforce
80,6,20,1480,20,0,0,0,DoS-HTTP
8540,6,6,360,6,0,0,0,PortScan
62645,6,4,240,4,0,0,0,PortScan
0,1,20,1200,0,0,0,0,DoS-ICMP
10229,6,6,348,6,6,0,0,SSH-Bruteforce
80,17,20,1200,0,0,0,0,DoS-UDP
45424,6,20,1511,0,20,0,0,BENIGN
80,6,20,1200,20,0,0,0,DoS-SYN-Flood
0,1,20,1200,0,0,0,0,DoS-ICMP
80,6,20,1200,20,0,0,0,DoS-SYN-Flood
80,6,20,1480,20,0,0,0,DoS-HTTP
80,6,20,1200,20,0,0,0,DoS-SYN-Flood
0,1,20,1200,0,0,0,0,DoS-ICMP
0,1,20,1200,0,0,0,0,DoS-ICMP
0,1,20,840,0,0,0,0,DoS-ICMP
38478,6,2,120,2,0,0,0,PortScan
0,1,20,840,0,0,0,0,DoS-ICMP
80,6,20,1480,20,0,0,0,DoS-HTTP
80,6,20,1200,20,0,0,0,DoS-SYN-Flood
33455,6,7,406,7,7,0,0,SSH-Bruteforce
58676,6,4,232,4,4,0,0,SSH-Bruteforce
80,6,20,1480,20,0,0,0,DoS-HTTP
29054,6,8,464,8,8,0,0,SSH-Bruteforce
80,6,20,1480,20,0,0,0,DoS-HTTP
80,17,20,1200,0,0,0,0,DoS-UDP
80,6,20,1480,20,0,0,0,DoS-HTTP
22,6,20,1200,0,0,20,0,SSH-Bruteforce
80,6,20,1200,20,0,0,0,DoS-SYN-Flood
80,6,20,1200,20,0,0,0,DoS-SYN-Flood
80,6,20,1480,20,0,0,0,DoS-HTTP
0,1,20,840,0,0,0,0,DoS-ICMP
11706,6,6,348,6,6,0,0,SSH-Bruteforce
80,6,20,1480,20,0,0,0,DoS-HTTP
80,6,20,1200,20,0,0,0,DoS-SYN-Flood
57643,6,7,406,7,7,0,0,SSH-Bruteforce
80,6,20,1200,20,0,0,0,DoS-SYN-Flood
80,6,20,1480,20,0,0,0,DoS-HTTP
22005,6,2,120,2,0,0,0,PortScan
63317,6,4,240,4,0,0,0,PortScan
35581,6,4,240,4,0,0,0,PortScan
80,6,20,1480,20,0,0,0,DoS-HTTP
4379,6,4,240,4,0,0,0,PortScan
80,6,20,1480,20,0,0,0,DoS-HTTP
443,6,20,1200,0,20,0,0,BENIGN
54254,6,4,216,0,4,0,1,BENIGN
0,1,20,840,0,0,0,0,DoS-ICMP
0,1,20,840,0,0,0,0,DoS-ICMP
80,6,20,1480,20,0,0,0,DoS-HTTP
80,6,20,1480,20,0,0,0,DoS-HTTP
21978,6,6,348,6,6,0,0,SSH-Bruteforce
0,1,20,1200,0,0,0,0,DoS-ICMP
41828,6,4,240,4,0,0,0,PortScan
30612,6,2,120,2,0,0,0,PortScan
23395,6,2,120,2,0,0,0,PortScan
37229,6,10,580,10,10,0,0,SSH-Bruteforce
80,6,20,1480,20,0,0,0,DoS-HTTP
41198,6,2,120,2,0,0,0,PortScan
80,6,20,1200,20,0,0,0,DoS-SYN-Flood
80,6,20,1200,20,0,0,0,DoS-SYN-Flood
0,1,20,1200,0,0,0,0,DoS-ICMP
80,6,20,1200,20,0,0,0,DoS-SYN-Flood
80,6,20,1480,20,0,0,0,DoS-HTTP
14613,6,9,522,9,9,0,0,SSH-Bruteforce
80,6,20,1200,20,0,0,0,DoS-SYN-Flood
43499,6,6,348,6,6,0,0,SSH-Bruteforce
60392,6,4,220,1,4,1,0,BENIGN
25830,6,11,638,11,11,0,0,SSH-Bruteforce
34144,6,10,576,9,9,1,0,SSH-Bruteforce
0,1,20,840,0,0,0,0,DoS-ICMP
0,1,20,1200,0,0,0,0,DoS-ICMP
22,6,20,1200,16,0,4,0,SSH-Bruteforce
22,6,20,1200,1,0,19,0,SSH-Bruteforce
80,17,20,1200,0,0,0,0,DoS-UDP
80,6,20,1480,20,0,0,0,DoS-HTTP
80,6,20,1480,20,0,0,0,DoS-HTTP
80,6,20,1480,20,0,0,0,DoS-HTTP
22,6,20,1200,20,0,0,0,SSH-Bruteforce
80,6,20,1480,20,0,0,0,DoS-HTTP
80,6,20,1480,20,0,0,0,DoS-HTTP
5138,6,4,240,4,0,0,0,PortScan
80,6,20,1480,20,0,0,0,DoS-HTTP
21564,6,8,464,8,8,0,0,SSH-Bruteforce
80,6,20,1480,20,0,0,0,DoS-HTTP
80,17,20,1200,0,0,0,0,DoS-UDP
80,6,20,1480,20,0,0,0,DoS-HTTP
80,17,20,1200,0,0,0,0,DoS-UDP
53863,6,4,240,4,0,0,0,PortScan
57308,6,2,120,2,0,0,0,PortScan
0,1,20,1200,0,0,0,0,DoS-ICMP
63364,6,2,120,2,0,0,0,PortScan
0,1,20,840,0,0,0,0,DoS-ICMP
80,6,20,1480,20,0,0,0,DoS-HTTP
80,6,20,1480,20,0,0,0,DoS-HTTP
0,1,20,1200,0,0,0,0,DoS-ICMP
10154,6,8,464,8,8,0,0,SSH-Bruteforce
60886,6,20,28651,0,20,0,0,BENIGN
80,6,20,1480,20,0,0,0,DoS-HTTP
55186,6,2,120,2,0,0,0,PortScan
0,1,20,840,0,0,0,0,DoS-ICMP
7250,6,4,240,4,0,0,0,PortScan
80,17,20,1200,0,0,0,0,DoS-UDP
80,6,20,1200,20,0,0,0,DoS-SYN-Flood
80,6,20,1480,20,0,0,0,DoS-HTTP
11715,6,4,240,4,0,0,0,PortScan
2494,6,4,240,4,0,0,0,PortScan
10550,6,6,360,6,0,0,0,PortScan
63304,6,2,120,2,0,0,0,PortScan
15217,6,2,120,2,0,0,0,PortScan
80,6,20,1480,20,0,0,0,DoS-HTTP
36520,17,20,27980,0,0,0,0,BENIGN
62189,6,4,240,4,0,0,0,PortScan
0,1,20,840,0,0,0,0,DoS-ICMP
54842,6,2,120,2,0,0,0,PortScan
443,6,20,13292,0,20,0,0,BENIGN
29573,6,2,120,2,0,0,0,PortScan
80,6,20,1480,20,0,0,0,DoS-HTTP
36520,17,20,27980,0,0,0,0,BENIGN
80,6,20,1200,20,0,0,0,DoS-SYN-Flood
19246,6,9,522,9,9,0,0,SSH-Bruteforce
80,6,20,1200,20,0,0,0,DoS-SYN-Flood
80,6,20,1480,20,0,0,0,DoS-HTTP
80,17,20,1200,0,0,0,0,DoS-UDP
0,1,20,1200,0,0,0,0,DoS-ICMP
80,17,20,1200,0,0,0,0,DoS-UDP
80,6,20,1480,20,0,0,0,DoS-HTTP
443,6,20,2213,0,20,0,0,BENIGN
0,1,20,840,0,0,0,0,DoS-ICMP
22,6,20,1200,3,0,17,0,SSH-Bruteforce
0,1,20,1200,0,0,0,0,DoS-ICMP
80,6,20,1200,20,0,0,0,DoS-SYN-Flood
43149,6,4,240,4,0,0,0,PortScan
80,6,20,1200,20,0,0,0,DoS-SYN-Flood
80,17,20,1200,0,0,0,0,DoS-UDP
29805,6,2,120,2,0,0,0,PortScan
22,6,20,1200,0,0,20,0,SSH-Bruteforce
80,6,20,1200,20,0,0,0,DoS-SYN-Flood
0,1,20,840,0,0,0,0,DoS-ICMP
38061,6,2,120,2,0,0,0,PortScan
80,6,20,1200,20,0,0,0,DoS-SYN-Flood
39902,17,20,27980,0,0,0,0,BENIGN
80,17,20,1200,0,0,0,0,DoS-UDP
80,6,20,1200,20,0,0,0,DoS-SYN-Flood
80,17,20,1200,0,0,0,0,DoS-UDP
80,17,20,1200,0,0,0,0,DoS-UDP
80,6,20,1200,20,0,0,0,DoS-SYN-Flood
1583,6,4,240,4,0,0,0,PortScan
80,17,20,1200,0,0,0,0,DoS-UDP
17850,6,8,464,8,8,0,0,SSH-Bruteforce
48291,6,4,240,4,0,0,0,PortScan
22,6,20,1200,0,0,20,0,SSH-Bruteforce
80,17,20,1200,0,0,0,0,DoS-UDP
22,6,20,1200,20,0,0,0,SSH-Bruteforce
80,17,20,1200,0,0,0,0,DoS-UDP
80,6,20,1200,20,0,0,0,DoS-SYN-Flood
11258,6,4,240,4,0,0,0,PortScan
22,6,20,1200,0,0,20,0,SSH-Bruteforce
21827,6,7,406,7,7,0,0,SSH-Bruteforce
0,1,20,1200,0,0,0,0,DoS-ICMP
80,6,20,1200,20,0,0,0,DoS-SYN-Flood
10336,6,8,464,8,8,0,0,SSH-Bruteforce
48208,6,2,120,2,0,0,0,PortScan
46609,17,1,153,0,0,0,0,BENIGN
80,6,20,1480,20,0,0,0,DoS-HTTP
0,1,20,1200,0,0,0,0,DoS-ICMP
80,6,20,1200,20,0,0,0,DoS-SYN-Flood
80,6,20,1200,20,0,0,0,DoS-SYN-Flood
80,6,20,1480,20,0,0,0,DoS-HTTP
22,6,20,1200,6,0,14,0,SSH-Bruteforce
0,1,20,840,0,0,0,0,DoS-ICMP
80,17,20,1200,0,0,0,0,DoS-UDP
14430,6,7,406,7,7,0,0,SSH-Bruteforce
0,1,20,1200,0,0,0,0,DoS-ICMP
80,6,20,1200,20,0,0,0,DoS-SYN-Flood
12660,6,4,240,4,0,0,0,PortScan
80,6,20,1480,20,0,0,0,DoS-HTTP
80,17,20,1200,0,0,0,0,DoS-UDP
0,1,20,840,0,0,0,0,DoS-ICMP
80,6,20,1480,20,0,0,0,DoS-HTTP
80,6,20,1200,20,0,0,0,DoS-SYN-Flood
24945,6,4,240,4,0,0,0,PortScan
20559,6,4,240,4,0,0,0,PortScan
62014,6,2,120,2,0,0,0,PortScan
0,1,20,840,0,0,0,0,DoS-ICMP
80,17,20,1200,0,0,0,0,DoS-UDP
0,1,20,1200,0,0,0,0,DoS-ICMP
22227,6,7,406,7,7,0,0,SSH-Bruteforce
20277,6,6,348,6,6,0,0,SSH-Bruteforce
80,6,20,1200,20,0,0,0,DoS-SYN-Flood
80,6,20,1200,20,0,0,0,DoS-SYN-Flood
23015,6,8,464,8,8,0,0,SSH-Bruteforce
42482,6,8,464,8,8,0,0,SSH-Bruteforce
0,1,20,840,0,0,0,0,DoS-ICMP
0,1,20,840,0,0,0,0,DoS-ICMP
80,6,20,1480,20,0,0,0,DoS-HTTP
53308,6,20,29200,0,20,0,0,BENIGN
36520,17,20,27980,0,0,0,0,BENIGN
34247,6,2,120,2,0,0,0,PortScan
80,17,20,1200,0,0,0,0,DoS-UDP
80,6,20,1480,20,0,0,0,DoS-HTTP
80,17,20,1200,0,0,0,0,DoS-UDP
58875,6,9,522,9,9,0,0,SSH-Bruteforce
80,6,20,1480,20,0,0,0,DoS-HTTP
22,6,20,1200,20,0,0,0,SSH-Bruteforce
60864,6,5,290,5,5,0,0,SSH-Bruteforce
80,17,20,1200,0,0,0,0,DoS-UDP
80,17,20,1200,0,0,0,0,DoS-UDP
80,17,20,1200,0,0,0,0,DoS-UDP
37162,6,7,406,7,7,0,0,SSH-Bruteforce
59085,6,2,120,2,0,0,0,PortScan
80,6,20,1480,20,0,0,0,DoS-HTTP
80,17,20,1200,0,0,0,0,DoS-UDP
10037,6,4,240,4,0,0,0,PortScan
80,6,20,1480,20,0,0,0,DoS-HTTP
6123,6,7,406,7,7,0,0,SSH-Bruteforce
54430,6,4,232,4,4,0,0,SSH-Bruteforce
8176,6,4,240,4,0,0,0,PortScan
58644,6,4,240,4,0,0,0,PortScan
80,6,20,1480,20,0,0,0,DoS-HTTP
22,6,20,1200,0,0,20,0,SSH-Bruteforce
24438,6,2,120,2,0,0,0,PortScan
20304,6,4,240,4,0,0,0,PortScan
80,17,20,1200,0,0,0,0,DoS-UDP
0,1,20,1200,0,0,0,0,DoS-ICMP
43992,17,20,27980,0,0,0,0,BENIGN
80,6,20,1200,20,0,0,0,DoS-SYN-Flood
0,1,20,840,0,0,0,0,DoS-ICMP
80,6,20,1200,20,0,0,0,DoS-SYN-Flood
80,17,20,1200,0,0,0,0,DoS-UDP
80,6,20,1480,20,0,0,0,DoS-HTTP
19398,6,9,522,9,9,0,0,SSH-Bruteforce
42904,17,20,27980,0,0,0,0,BENIGN
22,6,20,1200,0,0,20,0,SSH-Bruteforce
22,6,20,1200,20,0,0,0,SSH-Bruteforce
80,6,20,1200,20,0,0,0,DoS-SYN-Flood
80,6,20,1200,20,0,0,0,DoS-SYN-Flood
59769,17,20,24590,0,0,0,0,BENIGN
64199,6,3,174,3,3,0,0,SSH-Bruteforce
35831,6,6,348,6,6,0,0,SSH-Bruteforce
80,6,20,1200,20,0,0,0,DoS-SYN-Flood
28730,6,6,348,6,6,0,0,SSH-Bruteforce
41493,6,8,464,8,8,0,0,SSH-Bruteforce
80,17,20,1200,0,0,0,0,DoS-UDP
22,6,20,1200,20,0,0,0,SSH-Bruteforce
31223,6,9,522,9,9,0,0,SSH-Bruteforce
80,6,20,1200,20,0,0,0,DoS-SYN-Flood
80,6,20,1200,20,0,0,0,DoS-SYN-Flood
80,6,20,1480,20,0,0,0,DoS-HTTP
80,6,20,1200,20,0,0,0,DoS-SYN-Flood
0,1,20,1200,0,0,0,0,DoS-ICMP
22,6,20,1200,20,0,0,0,SSH-Bruteforce
80,17,20,1200,0,0,0,0,DoS-UDP
22,6,20,1200,19,0,1,0,SSH-Bruteforce
0,1,20,1200,0,0,0,0,DoS-ICMP
80,6,20,1480,20,0,0,0,DoS-HTTP
80,6,20,1480,20,0,0,0,DoS-HTTP
26763,6,5,290,5,5,0,0,SSH-Bruteforce
6773,6,4,240,4,0,0,0,PortScan
23606,6,8,464,8,8,0,0,SSH-Bruteforce
80,6,20,1480,20,0,0,0,DoS-HTTP
0,1,20,840,0,0,0,0,DoS-ICMP
0,1,20,840,0,0,0,0,DoS-ICMP
80,17,20,1200,0,0,0,0,DoS-UDP
0,1,20,840,0,0,0,0,DoS-ICMP
80,6,20,1480,20,0,0,0,DoS-HTTP
49841,6,4,240,4,0,0,0,PortScan
80,17,20,1200,0,0,0,0,DoS-UDP
80,6,20,1200,20,0,0,0,DoS-SYN-Flood
11502,6,4,232,4,4,0,0,SSH-Bruteforce
0,1,20,840,0,0,0,0,DoS-ICMP
80,6,20,1480,20,0,0,0,DoS-HTTP
36520,17,20,27980,0,0,0,0,BENIGN
80,17,20,1200,0,0,0,0,DoS-UDP
0,1,20,1200,0,0,0,0,DoS-ICMP
5408,6,8,464,8,8,0,0,SSH-Bruteforce
0,1,20,1200,0,0,0,0,DoS-ICMP
80,6,20,1480,20,0,0,0,DoS-HTTP
80,6,20,1200,20,0,0,0,DoS-SYN-Flood
56707,6,9,522,9,9,0,0,SSH-Bruteforce
0,1,20,1200,0,0,0,0,DoS-ICMP
80,6,20,1480,20,0,0,0,DoS-HTTP
22,6,20,1200,0,0,20,0,SSH-Bruteforce
80,17,20,1200,0,0,0,0,DoS-UDP
20440,6,4,240,4,0,0,0,PortScan
80,6,20,1200,20,0,0,0,DoS-SYN-Flood
80,17,20,1200,0,0,0,0,DoS-UDP
80,6,20,1480,20,0,0,0,DoS-HTTP
0,1,20,840,0,0,0,0,DoS-ICMP
8363,6,4,240,4,0,0,0,PortScan
6421,6,4,240,4,0,0,0,PortScan
115,6,4,240,4,0,0,0,PortScan
80,6,20,1200,20,0,0,0,DoS-SYN-Flood
0,1,20,840,0,0,0,0,DoS-ICMP
0,1,20,1200,0,0,0,0,DoS-ICMP
51276,6,2,120,2,0,0,0,PortScan
0,1,20,840,0,0,0,0,DoS-ICMP
0,1,20,1200,0,0,0,0,DoS-ICMP
0,1,20,840,0,0,0,0,DoS-ICMP
4572,6,9,522,9,9,0,0,SSH-Bruteforce
55700,6,5,290,5,5,0,0,SSH-Bruteforce
80,6,20,1200,20,0,0,0,DoS-SYN-Flood
0,1,20,1200,0,0,0,0,DoS-ICMP
22,6,20,1200,3,0,17,0,SSH-Bruteforce
3430,6,4,240,4,0,0,0,PortScan
80,17,20,1200,0,0,0,0,DoS-UDP
80,6,20,1200,20,0,0,0,DoS-SYN-Flood
80,6,20,1200,20,0,0,0,DoS-SYN-Flood
22,6,20,1200,20,0,0,0,SSH-Bruteforce
56472,6,2,120,2,0,0,0,PortScan
80,17,20,1200,0,0,0,0,DoS-UDP
80,6,20,1200,20,0,0,0,DoS-SYN-Flood
80,6,20,1480,20,0,0,0,DoS-HTTP
80,17,20,1200,0,0,0,0,DoS-UDP
80,17,20,1200,0,0,0,0,DoS-UDP
49062,6,4,240,4,0,0,0,PortScan
42462,6,2,120,2,0,0,0,PortScan
35739,6,2,120,2,0,0,0,PortScan
0,1,20,1200,0,0,0,0,DoS-ICMP
0,1,20,1200,0,0,0,0,DoS-ICMP
80,17,20,1200,0,0,0,0,DoS-UDP
0,1,20,1200,0,0,0,0,DoS-ICMP
80,6,20,1200,20,0,0,0,DoS-SYN-Flood
80,6,20,1200,20,0,0,0,DoS-SYN-Flood
80,6,20,1200,20,0,0,0,DoS-SYN-Flood
131,6,6,360,6,0,0,0,PortScan
80,17,20,1200,0,0,0,0,DoS-UDP
80,17,20,1200,0,0,0,0,DoS-UDP
80,17,20,1200,0,0,0,0,DoS-UDP
80,6,20,1480,20,0,0,0,DoS-HTTP
7702,6,4,240,4,0,0,0,PortScan
54736,6,20,6071,1,20,0,0,BENIGN
45428,6,2,120,2,0,0,0,PortScan
80,6,20,1480,20,0,0,0,DoS-HTTP
80,6,20,1480,20,0,0,0,DoS-HTTP
14466,6,6,360,6,0,0,0,PortScan
22,6,20,1200,12,0,8,0,SSH-Bruteforce
80,17,20,1200,0,0,0,0,DoS-UDP
80,6,20,1200,20,0,0,0,DoS-SYN-Flood
53972,6,2,120,2,0,0,0,PortScan
36520,17,20,27980,0,0,0,0,BENIGN
47512,6,2,120,2,0,0,0,PortScan
13269,6,15,870,15,15,0,0,SSH-Bruteforce
0,1,20,1200,0,0,0,0,DoS-ICMP
10521,6,6,348,6,6,0,0,SSH-Bruteforce
80,6,20,1480,20,0,0,0,DoS-HTTP
0,1,20,840,0,0,0,0,DoS-ICMP
8207,6,11,638,11,11,0,0,SSH-Bruteforce
0,1,20,840,0,0,0,0,DoS-ICMP
80,17,20,1200,0,0,0,0,DoS-UDP
80,6,20,1480,20,0,0,0,DoS-HTTP
80,17,20,1200,0,0,0,0,DoS-UDP
80,17,20,1200,0,0,0,0,DoS-UDP
21714,6,2,120,2,0,0,0,PortScan
46535,6,4,240,4,0,0,0,PortScan
80,6,20,1480,20,0,0,0,DoS-HTTP
17647,6,2,120,2,0,0,0,PortScan
80,6,20,1480,20,0,0,0,DoS-HTTP
22,6,20,1200,0,0,20,0,SSH-Bruteforce
52229,6,2,120,2,0,0,0,PortScan
49096,6,2,120,2,0,0,0,PortScan
80,6,20,1200,20,0,0,0,DoS-SYN-Flood
22301,6,2,120,2,0,0,0,PortScan
80,6,20,1200,20,0,0,0,DoS-SYN-Flood
80,6,20,1480,20,0,0,0,DoS-HTTP
12970,6,4,240,4,0,0,0,PortScan
80,6,20,1200,20,0,0,0,DoS-SYN-Flood
0,1,20,1200,0,0,0,0,DoS-ICMP
22,6,20,1200,5,0,15,0,SSH-Bruteforce
30252,6,4,240,4,0,0,0,PortScan
46586,6,2,120,2,0,0,0,PortScan
80,6,20,1480,20,0,0,0,DoS-HTTP
80,6,20,1200,20,0,0,0,DoS-SYN-Flood
49859,6,4,240,4,0,0,0,PortScan
80,6,20,1480,20,0,0,0,DoS-HTTP
0,1,20,1200,0,0,0,0,DoS-ICMP
10198,6,4,240,4,0,0,0,PortScan
0,1,20,1200,0,0,0,0,DoS-ICMP
80,17,20,1200,0,0,0,0,DoS-UDP
22,6,20,1200,14,0,6,0,SSH-Bruteforce
0,1,20,1200,0,0,0,0,DoS-ICMP
54829,17,20,27980,0,0,0,0,BENIGN
1091,6,6,348,6,6,0,0,SSH-Bruteforce
22,6,20,1200,20,0,0,0,SSH-Bruteforce
80,6,20,1480,20,0,0,0,DoS-HTTP
13326,6,4,240,4,0,0,0,PortScan
23118,6,9,522,9,9,0,0,SSH-Bruteforce
3734,6,4,240,4,0,0,0,PortScan
51884,6,4,240,4,0,0,0,PortScan
0,1,20,840,0,0,0,0,DoS-ICMP
80,6,20,1480,20,0,0,0,DoS-HTTP
1969,6,6,360,6,0,0,0,PortScan
80,6,5,300,0,5,0,1,BENIGN
80,17,20,1200,0,0,0,0,DoS-UDP
22,6,20,1200,6,0,14,0,SSH-Bruteforce
80,6,20,1480,20,0,0,0,DoS-HTTP
24275,6,4,240,4,0,0,0,PortScan
48672,6,6,348,6,6,0,0,SSH-Bruteforce
80,6,20,1200,20,0,0,0,DoS-SYN-Flood
22,6,20,1200,3,0,17,0,SSH-Bruteforce
80,6,20,1480,20,0,0,0,DoS-HTTP
80,6,20,1480,20,0,0,0,DoS-HTTP
80,6,20,1200,20,0,0,0,DoS-SYN-Flood
0,1,20,1200,0,0,0,0,DoS-ICMP
0,1,20,840,0,0,0,0,DoS-ICMP
5224,6,4,240,4,0,0,0,PortScan
22,6,20,1200,20,0,0,0,SSH-Bruteforce
80,17,20,1200,0,0,0,0,DoS-UDP
80,17,20,1200,0,0,0,0,DoS-UDP
80,6,20,1200,20,0,0,0,DoS-SYN-Flood
38574,6,20,11678,1,20,0,0,BENIGN
80,6,20,1480,20,0,0,0,DoS-HTTP
38792,6,7,406,7,7,0,0,SSH-Bruteforce
22,6,20,1200,0,0,20,0,SSH-Bruteforce
41582,6,4,240,4,0,0,0,PortScan
0,1,20,840,0,0,0,0,DoS-ICMP
80,6,20,1200,20,0,0,0,DoS-SYN-Flood
24091,6,5,290,5,5,0,0,SSH-Bruteforce
53679,6,10,580,10,10,0,0,SSH-Bruteforce
80,17,20,1200,0,0,0,0,DoS-UDP
80,17,20,1200,0,0,0,0,DoS-UDP
19129,6,2,120,2,0,0,0,PortScan
80,6,20,1200,20,0,0,0,DoS-SYN-Flood
80,6,20,1480,20,0,0,0,DoS-HTTP
0,1,20,840,0,0,0,0,DoS-ICMP
80,6,20,1480,20,0,0,0,DoS-HTTP
80,6,20,1480,20,0,0,0,DoS-HTTP
80,6,20,1200,20,0,0,0,DoS-SYN-Flood
2685,6,6,360,6,0,0,0,PortScan
80,6,20,1200,20,0,0,0,DoS-SYN-Flood
80,6,20,1480,20,0,0,0,DoS-HTTP
80,6,20,1200,20,0,0,0,DoS-SYN-Flood
29397,6,9,522,9,9,0,0,SSH-Bruteforce
13043,6,4,240,4,0,0,0,PortScan
0,1,20,1200,0,0,0,0,DoS-ICMP
20530,6,8,464,8,8,0,0,SSH-Bruteforce
80,17,20,1200,0,0,0,0,DoS-UDP
80,6,20,1480,20,0,0,0,DoS-HTTP
0,1,20,1200,0,0,0,0,DoS-ICMP
3779,6,5,290,5,5,0,0,SSH-Bruteforce
26868,6,4,240,4,0,0,0,PortScan
46294,6,4,240,4,0,0,0,PortScan
35737,6,9,522,9,9,0,0,SSH-Bruteforce
80,6,20,1480,20,0,0,0,DoS-HTTP
80,6,20,1480,20,0,0,0,DoS-HTTP
12733,6,6,360,6,0,0,0,PortScan
80,6,20,1200,20,0,0,0,DoS-SYN-Flood
0,1,20,1200,0,0,0,0,DoS-ICMP
80,6,20,1480,20,0,0,0,DoS-HTTP
28078,6,2,120,2,0,0,0,PortScan
80,6,20,1480,20,0,0,0,DoS-HTTP
80,6,20,1200,20,0,0,0,DoS-SYN-Flood
80,6,20,1480,20,0,0,0,DoS-HTTP
0,1,20,840,0,0,0,0,DoS-ICMP
0,1,20,1200,0,0,0,0,DoS-ICMP
80,17,20,1200,0,0,0,0,DoS-UDP
80,6,20,1200,20,0,0,0,DoS-SYN-Flood
80,6,20,1480,20,0,0,0,DoS-HTTP
80,6,20,1200,20,0,0,0,DoS-SYN-Flood
80,17,20,1200,0,0,0,0,DoS-UDP
0,1,20,840,0,0,0,0,DoS-ICMP
80,6,20,1480,20,0,0,0,DoS-HTTP
80,17,20,1200,0,0,0,0,DoS-UDP
9763,6,4,240,4,0,0,0,PortScan
27133,6,6,348,6,6,0,0,SSH-Bruteforce
80,17,20,1200,0,0,0,0,DoS-UDP
22,6,20,1200,17,0,3,0,SSH-Bruteforce
0,1,20,1200,0,0,0,0,DoS-ICMP
0,1,20,1200,0,0,0,0,DoS-ICMP
80,6,20,1200,20,0,0,0,DoS-SYN-Flood
54282,6,4,240,4,0,0,0,PortScan
22,6,20,1200,9,0,11,0,SSH-Bruteforce
0,1,20,840,0,0,0,0,DoS-ICMP
22,6,20,1200,1,0,19,0,SSH-Bruteforce
80,17,20,1200,0,0,0,0,DoS-UDP
34913,6,10,580,10,10,0,0,SSH-Bruteforce
22,6,20,1200,0,0,20,0,SSH-Bruteforce
2628,6,6,360,6,0,0,0,PortScan
80,17,20,1200,0,0,0,0,DoS-UDP
80,17,20,1200,0,0,0,0,DoS-UDP
0,1,20,840,0,0,0,0,DoS-ICMP
60138,6,2,120,2,0,0,0,PortScan
55592,6,2,120,2,0,0,0,PortScan
80,6,20,1200,20,0,0,0,DoS-SYN-Flood
80,6,20,1200,20,0,0,0,DoS-SYN-Flood
80,6,20,1200,20,0,0,0,DoS-SYN-Flood
80,17,20,1200,0,0,0,0,DoS-UDP
52393,6,2,120,2,0,0,0,PortScan
80,6,20,1480,20,0,0,0,DoS-HTTP
80,17,20,1200,0,0,0,0,DoS-UDP
80,6,20,1200,20,0,0,0,DoS-SYN-Flood
60661,6,4,240,4,0,0,0,PortScan
57326,6,2,120,2,0,0,0,PortScan
80,17,20,1200,0,0,0,0,DoS-UDP
80,6,20,1200,20,0,0,0,DoS-SYN-Flood
0,1,20,840,0,0,0,0,DoS-ICMP
0,1,20,1200,0,0,0,0,DoS-ICMP
80,6,20,1200,20,0,0,0,DoS-SYN-Flood
63899,6,4,240,4,0,0,0,PortScan
42904,17,20,27980,0,0,0,0,BENIGN
22,6,20,1200,14,0,6,0,SSH-Bruteforce
17243,6,2,120,2,0,0,0,PortScan
32520,6,2,120,2,0,0,0,PortScan
80,6,20,1200,20,0,0,0,DoS-SYN-Flood
22865,6,2,120,2,0,0,0,PortScan
47266,6,2,120,2,0,0,0,PortScan
46085,6,2,120,2,0,0,0,PortScan
80,6,20,1480,20,0,0,0,DoS-HTTP
49191,6,2,120,2,0,0,0,PortScan
10900,6,4,240,4,0,0,0,PortScan
80,6,20,1480,20,0,0,0,DoS-HTTP
46398,17,20,27980,0,0,0,0,BENIGN
0,1,20,840,0,0,0,0,DoS-ICMP
33064,6,2,120,2,0,0,0,PortScan
80,6,20,1200,20,0,0,0,DoS-SYN-Flood
80,6,20,1480,20,0,0,0,DoS-HTTP
8688,6,8,464,8,8,0,0,SSH-Bruteforce
80,6,20,1480,20,0,0,0,DoS-HTTP
80,6,20,1480,20,0,0,0,DoS-HTTP
80,6,20,1200,20,0,0,0,DoS-SYN-Flood
80,6,20,1480,20,0,0,0,DoS-HTTP
80,6,20,1480,20,0,0,0,DoS-HTTP
29491,6,2,120,2,0,0,0,PortScan
0,1,20,1200,0,0,0,0,DoS-ICMP
36520,17,20,27980,0,0,0,0,BENIGN
80,6,20,1200,20,0,0,0,DoS-SYN-Flood
80,6,20,1200,20,0,0,0,DoS-SYN-Flood
5586,6,6,360,6,0,0,0,PortScan
80,17,20,1200,0,0,0,0,DoS-UDP
44807,6,2,120,2,0,0,0,PortScan
80,17,20,1200,0,0,0,0,DoS-UDP
5163,6,8,464,8,8,0,0,SSH-Bruteforce
0,1,20,840,0,0,0,0,DoS-ICMP
42168,6,2,120,2,0,0,0,PortScan
43964,6,4,240,4,0,0,0,PortScan
0,1,20,1200,0,0,0,0,DoS-ICMP
35854,6,20,26166,0,20,0,0,BENIGN
443,17,20,22935,0,0,0,0,BENIGN
80,6,20,1480,20,0,0,0,DoS-HTTP
80,6,20,1200,20,0,0,0,DoS-SYN-Flood
48806,17,20,27980,0,0,0,0,BENIGN
80,6,20,1480,20,0,0,0,DoS-HTTP
54829,17,20,27965,0,0,0,0,BENIGN
38891,6,2,120,2,0,0,0,PortScan
36520,17,20,27980,0,0,0,0,BENIGN
80,17,20,1200,0,0,0,0,DoS-UDP
80,6,20,1200,20,0,0,0,DoS-SYN-Flood
80,6,20,1200,20,0,0,0,DoS-SYN-Flood
0,1,20,840,0,0,0,0,DoS-ICMP
0,1,20,1200,0,0,0,0,DoS-ICMP
0,1,20,840,0,0,0,0,DoS-ICMP
0,1,20,1200,0,0,0,0,DoS-ICMP
80,6,20,1480,20,0,0,0,DoS-HTTP
22,6,20,1200,0,0,20,0,SSH-Bruteforce
0,1,20,1200,0,0,0,0,DoS-ICMP
59162,6,2,120,2,0,0,0,PortScan
80,17,20,1200,0,0,0,0,DoS-UDP
80,6,20,1480,20,0,0,0,DoS-HTTP
80,6,20,1480,20,0,0,0,DoS-HTTP
24992,6,4,240,4,0,0,0,PortScan
80,6,20,1480,20,0,0,0,DoS-HTTP
55144,6,2,120,2,0,0,0,PortScan
22,6,20,1200,0,0,20,0,SSH-Bruteforce
80,6,20,1200,20,0,0,0,DoS-SYN-Flood
58879,6,11,638,11,11,0,0,SSH-Bruteforce
60886,6,20,29288,0,20,0,0,BENIGN
0,1,20,1200,0,0,0,0,DoS-ICMP
80,6,20,1200,20,0,0,0,DoS-SYN-Flood
80,17,20,1200,0,0,0,0,DoS-UDP
4349,6,4,240,4,0,0,0,PortScan
80,6,20,1200,20,0,0,0,DoS-SYN-Flood
80,6,20,1480,20,0,0,0,DoS-HTTP
0,1,20,1200,0,0,0,0,DoS-ICMP
3152,6,4,240,4,0,0,0,PortScan
80,6,20,1200,20,0,0,0,DoS-SYN-Flood
3638,6,7,406,7,7,0,0,SSH-Bruteforce
80,6,20,1200,20,0,0,0,DoS-SYN-Flood
80,6,20,1480,20,0,0,0,DoS-HTTP
80,6,20,1200,20,0,0,0,DoS-SYN-Flood
80,17,20,1200,0,0,0,0,DoS-UDP
45424,6,20,16250,0,20,0,0,BENIGN
80,17,20,1200,0,0,0,0,DoS-UDP
80,6,20,1200,20,0,0,0,DoS-SYN-Flood
80,6,20,1200,20,0,0,0,DoS-SYN-Flood
80,6,20,1200,20,0,0,0,DoS-SYN-Flood
200,6,4,240,4,0,0,0,PortScan
22950,6,9,522,9,9,0,0,SSH-Bruteforce
25136,6,4,240,4,0,0,0,PortScan
80,17,20,1200,0,0,0,0,DoS-UDP
80,6,20,1200,20,0,0,0,DoS-SYN-Flood
80,6,20,1200,20,0,0,0,DoS-SYN-Flood
61279,6,2,120,2,0,0,0,PortScan
80,6,20,1200,20,0,0,0,DoS-SYN-Flood
80,6,20,1200,20,0,0,0,DoS-SYN-Flood
445,6,20,1200,10,0,10,0,PortScan
0,1,20,840,0,0,0,0,DoS-ICMP
0,1,20,840,0,0,0,0,DoS-ICMP
22,6,20,1200,20,0,0,0,SSH-Bruteforce
0,1,20,840,0,0,0,0,DoS-ICMP
80,6,20,1480,20,0,0,0,DoS-HTTP
22,6,20,1200,14,0,6,0,SSH-Bruteforce
40812,6,9,522,9,9,0,0,SSH-Bruteforce
57902,6,20,9787,1,20,1,0,BENIGN
27021,6,2,120,2,0,0,0,PortScan
41051,6,9,522,9,9,0,0,SSH-Bruteforce
0,1,20,1200,0,0,0,0,DoS-ICMP
80,6,20,1200,20,0,0,0,DoS-SYN-Flood
26629,6,6,348,6,6,0,0,SSH-Bruteforce
16251,6,7,406,7,7,0,0,SSH-Bruteforce
80,6,20,1480,20,0,0,0,DoS-HTTP
46398,17,20,27980,0,0,0,0,BENIGN
56369,6,4,240,4,0,0,0,PortScan
22,6,20,1200,19,0,1,0,SSH-Bruteforce
50681,6,2,120,2,0,0,0,PortScan
36520,17,20,27980,0,0,0,0,BENIGN
22,6,20,1200,20,0,0,0,SSH-Bruteforce
0,1,20,840,0,0,0,0,DoS-ICMP
80,17,20,1200,0,0,0,0,DoS-UDP
10768,6,7,406,7,7,0,0,SSH-Bruteforce
20808,6,4,240,4,0,0,0,PortScan
80,6,20,1200,20,0,0,0,DoS-SYN-Flood
3496,6,4,240,4,0,0,0,PortScan
80,6,20,1200,20,0,0,0,DoS-SYN-Flood
80,17,20,1200,0,0,0,0,DoS-UDP
12896,6,4,240,4,0,0,0,PortScan
42903,6,10,580,10,10,0,0,SSH-Bruteforce
9716,6,10,580,10,10,0,0,SSH-Bruteforce
50337,6,5,290,5,5,0,0,SSH-Bruteforce
38986,6,2,120,2,0,0,0,PortScan
51524,6,2,120,2,0,0,0,PortScan
0,1,20,840,0,0,0,0,DoS-ICMP
0,1,20,1200,0,0,0,0,DoS-ICMP
16442,6,5,290,5,5,0,0,SSH-Bruteforce
80,6,20,1480,20,0,0,0,DoS-HTTP
80,6,20,1200,20,0,0,0,DoS-SYN-Flood
80,6,20,1480,20,0,0,0,DoS-HTTP
80,6,20,1200,20,0,0,0,DoS-SYN-Flood
80,6,20,1480,20,0,0,0,DoS-HTTP
80,6,20,1200,20,0,0,0,DoS-SYN-Flood
80,6,20,1480,20,0,0,0,DoS-HTTP
80,6,20,1200,20,0,0,0,DoS-SYN-Flood
80,6,20,1480,20,0,0,0,DoS-HTTP
50322,6,8,464,8,8,0,0,SSH-Bruteforce
0,1,20,1200,0,0,0,0,DoS-ICMP
33240,6,20,29200,0,20,0,0,BENIGN
80,6,20,1200,20,0,0,0,DoS-SYN-Flood
49648,6,8,464,8,8,0,0,SSH-Bruteforce
80,17,20,1200,0,0,0,0,DoS-UDP
0,1,20,840,0,0,0,0,DoS-ICMP
80,6,20,1200,20,0,0,0,DoS-SYN-Flood
22,6,20,1200,20,0,0,0,SSH-Bruteforce
80,6,20,1480,20,0,0,0,DoS-HTTP
0,1,20,840,0,0,0,0,DoS-ICMP
4465,6,7,406,7,7,0,0,SSH-Bruteforce
19086,6,4,240,4,0,0,0,PortScan
80,17,20,1200,0,0,0,0,DoS-UDP
0,1,20,1200,0,0,0,0,DoS-ICMP
0,1,20,1200,0,0,0,0,DoS-ICMP
36520,17,20,26741,0,0,0,0,BENIGN
80,6,20,1200,20,0,0,0,DoS-SYN-Flood
0,1,20,1200,0,0,0,0,DoS-ICMP
0,1,20,840,0,0,0,0,DoS-ICMP
5376,6,6,348,6,6,0,0,SSH-Bruteforce
0,1,20,840,0,0,0,0,DoS-ICMP
29955,6,5,290,5,5,0,0,SSH-Bruteforce
22,6,20,1200,0,0,20,0,SSH-Bruteforce
80,6,20,1480,20,0,0,0,DoS-HTTP
80,6,20,1480,20,0,0,0,DoS-HTTP
46184,6,2,120,2,0,0,0,PortScan
80,6,20,1480,20,0,0,0,DoS-HTTP
22,6,20,1200,9,0,11,0,SSH-Bruteforce
443,6,20,4045,3,17,0,1,BENIGN
80,6,20,1480,20,0,0,0,DoS-HTTP
80,17,20,1200,0,0,0,0,DoS-UDP
80,17,20,1200,0,0,0,0,DoS-UDP
80,6,20,1200,20,0,0,0,DoS-SYN-Flood
54829,17,20,27980,0,0,0,0,BENIGN
53282,6,20,27907,0,20,0,0,BENIGN
22,6,20,1200,20,0,0,0,SSH-Bruteforce
80,17,20,1200,0,0,0,0,DoS-UDP
43678,17,20,27978,0,0,0,0,BENIGN
80,17,20,1200,0,0,0,0,DoS-UDP
80,6,20,1200,20,0,0,0,DoS-SYN-Flood
36520,17,20,27980,0,0,0,0,BENIGN
53278,6,20,29678,0,20,0,0,BENIGN
80,6,20,1480,20,0,0,0,DoS-HTTP
53308,6,20,29140,0,20,0,0,BENIGN
16373,6,6,348,6,6,0,0,SSH-Bruteforce
80,6,20,1480,20,0,0,0,DoS-HTTP
32494,6,9,522,9,9,0,0,SSH-Bruteforce
22,6,20,1200,20,0,0,0,SSH-Bruteforce
80,17,20,1200,0,0,0,0,DoS-UDP
53927,6,6,348,6,6,0,0,SSH-Bruteforce
80,6,20,1200,20,0,0,0,DoS-SYN-Flood
0,1,20,840,0,0,0,0,DoS-ICMP
80,6,20,1200,20,0,0,0,DoS-SYN-Flood
80,6,20,1480,20,0,0,0,DoS-HTTP
80,17,20,1200,0,0,0,0,DoS-UDP
0,1,20,1200,0,0,0,0,DoS-ICMP
80,6,20,1200,20,0,0,0,DoS-SYN-Flood
80,6,20,1200,20,0,0,0,DoS-SYN-Flood
80,17,20,1200,0,0,0,0,DoS-UDP
42700,6,8,464,8,8,0,0,SSH-Bruteforce
80,17,20,1200,0,0,0,0,DoS-UDP
80,6,20,1200,20,0,0,0,DoS-SYN-Flood
21096,6,6,348,6,6,0,0,SSH-Bruteforce
27589,6,9,522,9,9,0,0,SSH-Bruteforce
80,6,20,1200,20,0,0,0,DoS-SYN-Flood
22,6,20,1200,0,0,20,0,SSH-Bruteforce
0,1,20,1200,0,0,0,0,DoS-ICMP
11381,6,4,240,4,0,0,0,PortScan
26415,6,8,464,8,8,0,0,SSH-Bruteforce
80,17,20,1200,0,0,0,0,DoS-UDP
0,1,20,1200,0,0,0,0,DoS-ICMP
80,6,20,1480,20,0,0,0,DoS-HTTP
22,6,20,1200,20,0,0,0,SSH-Bruteforce
38357,6,2,120,2,0,0,0,PortScan
0,1,20,840,0,0,0,0,DoS-ICMP
80,6,20,1480,20,0,0,0,DoS-HTTP
80,17,20,1200,0,0,0,0,DoS-UDP
80,17,20,1200,0,0,0,0,DoS-UDP
22,6,20,1200,20,0,0,0,SSH-Bruteforce
80,6,20,1200,20,0,0,0,DoS-SYN-Flood
54361,6,2,120,2,0,0,0,PortScan
0,1,20,840,0,0,0,0,DoS-ICMP
80,6,20,1200,20,0,0,0,DoS-SYN-Flood
80,6,20,1480,20,0,0,0,DoS-HTTP
80,17,20,1200,0,0,0,0,DoS-UDP
80,17,20,1200,0,0,0,0,DoS-UDP
80,6,20,1480,20,0,0,0,DoS-HTTP
0,1,20,840,0,0,0,0,DoS-ICMP
80,6,20,1480,20,0,0,0,DoS-HTTP
0,1,20,840,0,0,0,0,DoS-ICMP
80,6,20,1200,20,0,0,0,DoS-SYN-Flood
22,6,20,1200,20,0,0,0,SSH-Bruteforce
16199,6,2,120,2,0,0,0,PortScan
80,17,20,1200,0,0,0,0,DoS-UDP
80,6,20,1200,20,0,0,0,DoS-SYN-Flood
80,17,20,1200,0,0,0,0,DoS-UDP
17760,6,2,120,2,0,0,0,PortScan
22,6,20,1200,0,0,20,0,SSH-Bruteforce
0,1,20,840,0,0,0,0,DoS-ICMP
80,17,20,1200,0,0,0,0,DoS-UDP
51787,6,2,120,2,0,0,0,PortScan
80,6,20,1200,20,0,0,0,DoS-SYN-Flood
22,6,20,1200,0,0,20,0,SSH-Bruteforce
80,17,20,1200,0,0,0,0,DoS-UDP
80,6,20,1480,20,0,0,0,DoS-HTTP
18197,6,4,240,4,0,0,0,PortScan
0,1,20,840,0,0,0,0,DoS-ICMP
0,1,20,1200,0,0,0,0,DoS-ICMP
60192,6,7,406,7,7,0,0,SSH-Bruteforce
0,1,20,840,0,0,0,0,DoS-ICMP
80,17,20,1200,0,0,0,0,DoS-UDP
80,6,20,1480,20,0,0,0,DoS-HTTP
80,17,20,1200,0,0,0,0,DoS-UDP
80,6,20,1200,20,0,0,0,DoS-SYN-Flood
80,6,20,1480,20,0,0,0,DoS-HTTP
0,1,20,840,0,0,0,0,DoS-ICMP
57754,6,8,464,8,8,0,0,SSH-Bruteforce
80,6,20,1200,20,0,0,0,DoS-SYN-Flood
80,6,20,1200,20,0,0,0,DoS-SYN-Flood
0,1,20,840,0,0,0,0,DoS-ICMP
80,6,20,1200,20,0,0,0,DoS-SYN-Flood
80,6,20,1200,20,0,0,0,DoS-SYN-Flood
80,6,20,1200,20,0,0,0,DoS-SYN-Flood
19102,6,2,120,2,0,0,0,PortScan
22,6,20,1200,20,0,0,0,SSH-Bruteforce
0,1,20,840,0,0,0,0,DoS-ICMP
80,17,20,1200,0,0,0,0,DoS-UDP
80,17,20,1200,0,0,0,0,DoS-UDP
39902,17,20,27980,0,0,0,0,BENIGN
80,17,20,1200,0,0,0,0,DoS-UDP
80,6,20,1200,20,0,0,0,DoS-SYN-Flood
80,17,20,1200,0,0,0,0,DoS-UDP
80,6,20,1200,20,0,0,0,DoS-SYN-Flood
0,1,20,1200,0,0,0,0,DoS-ICMP
0,1,20,1200,0,0,0,0,DoS-ICMP
80,6,20,1480,20,0,0,0,DoS-HTTP
80,6,20,1200,20,0,0,0,DoS-SYN-Flood
51432,6,8,464,8,8,0,0,SSH-Bruteforce
80,17,20,1200,0,0,0,0,DoS-UDP
80,17,20,1200,0,0,0,0,DoS-UDP
56786,6,9,522,9,9,0,0,SSH-Bruteforce
0,1,20,1200,0,0,0,0,DoS-ICMP
22,6,20,1200,0,0,20,0,SSH-Bruteforce
80,6,20,1200,20,0,0,0,DoS-SYN-Flood
0,1,20,840,0,0,0,0,DoS-ICMP
80,6,20,1200,20,0,0,0,DoS-SYN-Flood
80,6,20,1480,20,0,0,0,DoS-HTTP
80,6,20,1200,20,0,0,0,DoS-SYN-Flood
58986,6,9,522,9,9,0,0,SSH-Bruteforce
80,17,20,1200,0,0,0,0,DoS-UDP
80,17,20,1200,0,0,0,0,DoS-UDP
0,1,20,840,0,0,0,0,DoS-ICMP
80,17,20,1200,0,0,0,0,DoS-UDP
22,6,20,1200,7,0,13,0,SSH-Bruteforce
53272,6,20,29000,0,20,0,0,BENIGN
80,6,20,1200,20,0,0,0,DoS-SYN-Flood
80,17,20,1200,0,0,0,0,DoS-UDP
80,6,20,1480,20,0,0,0,DoS-HTTP
10548,6,4,240,4,0,0,0,PortScan
80,17,20,1200,0,0,0,0,DoS-UDP
80,6,20,1200,20,0,0,0,DoS-SYN-Flood
0,1,20,840,0,0,0,0,DoS-ICMP
32523,6,9,522,9,9,0,0,SSH-Bruteforce
48679,6,6,348,6,6,0,0,SSH-Bruteforce
55536,6,4,240,4,0,0,0,PortScan
80,6,20,1200,20,0,0,0,DoS-SYN-Flood
49283,6,2,120,2,0,0,0,PortScan
80,6,20,1480,20,0,0,0,DoS-HTTP
9094,6,9,522,9,9,0,0,SSH-Bruteforce
80,6,20,1200,20,0,0,0,DoS-SYN-Flood
80,6,20,1200,20,0,0,0,DoS-SYN-Flood
80,17,20,1200,0,0,0,0,DoS-UDP
0,1,20,840,0,0,0,0,DoS-ICMP
39902,17,20,27980,0,0,0,0,BENIGN
60886,6,20,29038,0,20,0,0,BENIGN
443,6,20,1200,0,20,0,0,BENIGN
605,6,8,464,8,8,0,0,SSH-Bruteforce
80,6,20,1200,20,0,0,0,DoS-SYN-Flood
0,1,20,1200,0,0,0,0,DoS-ICMP
80,17,20,1200,0,0,0,0,DoS-UDP
80,6,20,1200,20,0,0,0,DoS-SYN-Flood
0,1,20,1200,0,0,0,0,DoS-ICMP
22,6,20,1200,20,0,0,0,SSH-Bruteforce
0,1,20,840,0,0,0,0,DoS-ICMP
0,1,20,840,0,0,0,0,DoS-ICMP
80,6,20,1200,20,0,0,0,DoS-SYN-Flood
54034,6,6,348,6,6,0,0,SSH-Bruteforce
80,17,20,1200,0,0,0,0,DoS-UDP
80,17,20,1200,0,0,0,0,DoS-UDP
443,6,20,1200,0,20,0,0,BENIGN
80,6,20,1200,20,0,0,0,DoS-SYN-Flood
36520,17,20,27980,0,0,0,0,BENIGN
41094,6,2,120,2,0,0,0,PortScan
80,6,20,1200,20,0,0,0,DoS-SYN-Flood
80,6,20,1480,20,0,0,0,DoS-HTTP
80,6,20,1200,20,0,0,0,DoS-SYN-Flood
60886,6,20,30280,0,20,0,0,BENIGN
80,6,20,1200,20,0,0,0,DoS-SYN-Flood
22,6,20,1200,0,0,20,0,SSH-Bruteforce
35272,6,4,240,4,0,0,0,PortScan
33930,6,11,638,11,11,0,0,SSH-Bruteforce
80,17,20,1200,0,0,0,0,DoS-UDP
45345,6,4,240,4,0,0,0,PortScan
22,6,20,1200,19,0,1,0,SSH-Bruteforce
443,6,20,2588,1,19,0,0,BENIGN
80,6,20,1200,20,0,0,0,DoS-SYN-Flood
61819,6,2,120,2,0,0,0,PortScan
80,17,20,1200,0,0,0,0,DoS-UDP
80,17,20,1200,0,0,0,0,DoS-UDP
443,6,20,1200,0,20,0,0,BENIGN
80,17,20,1200,0,0,0,0,DoS-UDP
12215,6,6,360,6,0,0,0,PortScan
80,6,20,2478,1,19,0,0,BENIGN
80,6,20,1200,20,0,0,0,DoS-SYN-Flood
47375,6,6,348,6,6,0,0,SSH-Bruteforce
80,17,20,1200,0,0,0,0,DoS-UDP
80,6,20,1480,20,0,0,0,DoS-HTTP
36520,17,20,27980,0,0,0,0,BENIGN
80,6,20,1200,20,0,0,0,DoS-SYN-Flood
22,6,20,1200,0,0,20,0,SSH-Bruteforce
80,6,20,1480,20,0,0,0,DoS-HTTP
33240,6,20,29080,0,20,0,0,BENIGN
80,6,20,1200,20,0,0,0,DoS-SYN-Flood
0,1,20,840,0,0,0,0,DoS-ICMP
80,6,20,1480,20,0,0,0,DoS-HTTP
41308,17,20,27980,0,0,0,0,BENIGN
0,1,20,840,0,0,0,0,DoS-ICMP
13245,6,4,240,4,0,0,0,PortScan
0,1,20,1200,0,0,0,0,DoS-ICMP
46091,6,9,522,9,9,0,0,SSH-Bruteforce
80,17,20,1200,0,0,0,0,DoS-UDP
80,17,20,1200,0,0,0,0,DoS-UDP
0,1,20,840,0,0,0,0,DoS-ICMP
80,6,20,1200,20,0,0,0,DoS-SYN-Flood
80,17,20,1200,0,0,0,0,DoS-UDP
43374,6,2,120,2,0,0,0,PortScan
80,6,20,1200,20,0,0,0,DoS-SYN-Flood
0,1,20,840,0,0,0,0,DoS-ICMP
80,6,20,1200,20,0,0,0,DoS-SYN-Flood
80,17,20,1200,0,0,0,0,DoS-UDP
80,6,20,1480,20,0,0,0,DoS-HTTP
45424,6,20,16283,0,20,0,0,BENIGN
80,6,20,1200,20,0,0,0,DoS-SYN-Flood
0,1,20,1200,0,0,0,0,DoS-ICMP
12518,6,8,464,8,8,0,0,SSH-Bruteforce
80,6,20,1200,20,0,0,0,DoS-SYN-Flood
1044,6,4,240,4,0,0,0,PortScan
80,6,20,1200,20,0,0,0,DoS-SYN-Flood
80,6,20,1480,20,0,0,0,DoS-HTTP
0,1,20,1200,0,0,0,0,DoS-ICMP
21025,6,2,120,2,0,0,0,PortScan
51809,17,5,4635,0,0,0,0,BENIGN
80,17,20,1200,0,0,0,0,DoS-UDP
23973,6,4,240,4,0,0,0,PortScan
0,1,20,840,0,0,0,0,DoS-ICMP
80,6,20,1480,20,0,0,0,DoS-HTTP
80,6,20,1480,20,0,0,0,DoS-HTTP
80,17,20,1200,0,0,0,0,DoS-UDP
80,6,20,1480,20,0,0,0,DoS-HTTP
80,6,20,1200,20,0,0,0,DoS-SYN-Flood
0,1,20,1200,0,0,0,0,DoS-ICMP
80,6,20,1200,20,0,0,0,DoS-SYN-Flood
80,6,20,1200,20,0,0,0,DoS-SYN-Flood
46898,6,6,348,6,6,0,0,SSH-Bruteforce
2576,6,4,240,4,0,0,0,PortScan
80,17,20,1200,0,0,0,0,DoS-UDP
80,6,20,1480,20,0,0,0,DoS-HTTP
80,17,20,1200,0,0,0,0,DoS-UDP
80,6,20,1480,20,0,0,0,DoS-HTTP
80,17,20,1200,0,0,0,0,DoS-UDP
29703,6,2,120,2,0,0,0,PortScan
80,6,20,1200,20,0,0,0,DoS-SYN-Flood
80,17,20,1200,0,0,0,0,DoS-UDP
80,6,20,1200,20,0,0,0,DoS-SYN-Flood
0,1,20,1200,0,0,0,0,DoS-ICMP
27547,6,6,348,6,6,0,0,SSH-Bruteforce
33240,6,20,29020,0,20,0,0,BENIGN
46152,6,8,464,8,8,0,0,SSH-Bruteforce
22,6,20,1200,0,0,20,0,SSH-Bruteforce
80,17,20,1200,0,0,0,0,DoS-UDP
21675,6,2,120,2,0,0,0,PortScan
10200,6,4,240,4,0,0,0,PortScan
80,6,20,1480,20,0,0,0,DoS-HTTP
80,17,20,1200,0,0,0,0,DoS-UDP
56769,6,2,120,2,0,0,0,PortScan
50930,6,4,240,4,0,0,0,PortScan
80,6,20,1480,20,0,0,0,DoS-HTTP
80,17,20,1200,0,0,0,0,DoS-UDP
58328,6,4,232,4,4,0,0,SSH-Bruteforce
80,6,20,1480,20,0,0,0,DoS-HTTP
0,1,20,1200,0,0,0,0,DoS-ICMP
11306,6,6,360,6,0,0,0,PortScan
80,6,20,1480,20,0,0,0,DoS-HTTP
22,6,20,1200,0,0,20,0,SSH-Bruteforce
0,1,20,1200,0,0,0,0,DoS-ICMP
0,1,20,840,0,0,0,0,DoS-ICMP
80,6,20,1200,20,0,0,0,DoS-SYN-Flood
80,6,20,1200,20,0,0,0,DoS-SYN-Flood
46398,17,20,27980,0,0,0,0,BENIGN
35216,6,16,928,16,16,0,0,SSH-Bruteforce
80,17,20,1200,0,0,0,0,DoS-UDP
52100,6,6,348,6,6,0,0,SSH-Bruteforce
80,6,20,1480,20,0,0,0,DoS-HTTP
36391,6,4,240,4,0,0,0,PortScan
80,6,20,1200,20,0,0,0,DoS-SYN-Flood
60581,6,2,120,2,0,0,0,PortScan
80,17,20,1200,0,0,0,0,DoS-UDP
80,6,20,1200,20,0,0,0,DoS-SYN-Flood
80,6,20,1480,20,0,0,0,DoS-HTTP
80,6,20,1480,20,0,0,0,DoS-HTTP
12228,6,4,240,4,0,0,0,PortScan
80,17,20,1200,0,0,0,0,DoS-UDP
80,6,20,1200,20,0,0,0,DoS-SYN-Flood
3705,6,6,348,6,6,0,0,SSH-Bruteforce
3258,6,7,406,7,7,0,0,SSH-Bruteforce
27030,6,2,120,2,0,0,0,PortScan
80,17,20,1200,0,0,0,0,DoS-UDP
5353,17,20,3496,0,0,0,0,BENIGN
60394,17,20,27980,0,0,0,0,BENIGN
80,6,20,1200,20,0,0,0,DoS-SYN-Flood
80,6,20,1200,20,0,0,0,DoS-SYN-Flood
80,17,20,1200,0,0,0,0,DoS-UDP
54049,6,2,120,2,0,0,0,PortScan
80,17,20,1200,0,0,0,0,DoS-UDP
80,17,20,1200,0,0,0,0,DoS-UDP
80,17,20,1200,0,0,0,0,DoS-UDP
80,17,20,1200,0,0,0,0,DoS-UDP
80,6,20,1480,20,0,0,0,DoS-HTTP
80,17,20,1200,0,0,0,0,DoS-UDP
19331,6,9,522,9,9,0,0,SSH-Bruteforce
62577,6,2,120,2,0,0,0,PortScan
80,6,20,1200,20,0,0,0,DoS-SYN-Flood
0,1,20,840,0,0,0,0,DoS-ICMP
80,6,20,1480,20,0,0,0,DoS-HTTP
0,1,20,840,0,0,0,0,DoS-ICMP
80,6,20,1480,20,0,0,0,DoS-HTTP
80,6,20,1480,20,0,0,0,DoS-HTTP
53429,6,4,240,4,0,0,0,PortScan
80,6,20,1200,20,0,0,0,DoS-SYN-Flood
22,6,20,1200,12,0,8,0,SSH-Bruteforce
11851,6,4,240,4,0,0,0,PortScan
80,6,20,1480,20,0,0,0,DoS-HTTP
23648,6,4,240,4,0,0,0,PortScan
49268,6,11,638,11,11,0,0,SSH-Bruteforce
80,6,20,1480,20,0,0,0,DoS-HTTP
63964,6,2,120,2,0,0,0,PortScan
80,6,20,1200,20,0,0,0,DoS-SYN-Flood
80,6,20,1200,20,0,0,0,DoS-SYN-Flood
80,6,20,1480,20,0,0,0,DoS-HTTP
80,6,20,1480,20,0,0,0,DoS-HTTP
31490,6,4,240,4,0,0,0,PortScan
80,6,20,1480,20,0,0,0,DoS-HTTP
80,17,20,1200,0,0,0,0,DoS-UDP
46006,6,2,120,2,0,0,0,PortScan
80,17,20,1200,0,0,0,0,DoS-UDP
80,6,20,1200,20,0,0,0,DoS-SYN-Flood
43992,17,20,27980,0,0,0,0,BENIGN
43124,6,6,348,6,6,0,0,SSH-Bruteforce
80,6,20,1480,20,0,0,0,DoS-HTTP
22,6,20,1200,10,0,10,0,SSH-Bruteforce
40763,6,9,522,9,9,0,0,SSH-Bruteforce
36626,6,2,120,2,0,0,0,PortScan
56932,6,2,120,2,0,0,0,PortScan
2961,6,4,240,4,0,0,0,PortScan
80,6,20,1480,20,0,0,0,DoS-HTTP
15185,6,6,348,6,6,0,0,SSH-Bruteforce
46398,17,20,27980,0,0,0,0,BENIGN
80,6,20,1200,20,0,0,0,DoS-SYN-Flood
80,17,20,1200,0,0,0,0,DoS-UDP
80,17,20,1200,0,0,0,0,DoS-UDP
80,6,20,1200,20,0,0,0,DoS-SYN-Flood
31783,6,2,120,2,0,0,0,PortScan
80,6,20,1200,20,0,0,0,DoS-SYN-Flood
61995,6,4,240,4,0,0,0,PortScan
17726,6,4,240,4,0,0,0,PortScan
0,1,20,840,0,0,0,0,DoS-ICMP
61173,6,2,120,2,0,0,0,PortScan
80,6,20,1200,20,0,0,0,DoS-SYN-Flood
9649,6,6,360,6,0,0,0,PortScan
80,6,20,1200,20,0,0,0,DoS-SYN-Flood
80,6,20,1200,20,0,0,0,DoS-SYN-Flood
80,6,20,1200,20,0,0,0,DoS-SYN-Flood
22,6,20,1200,0,0,20,0,SSH-Bruteforce
80,6,20,1200,20,0,0,0,DoS-SYN-Flood
53296,6,11,638,11,11,0,0,SSH-Bruteforce
7208,6,5,290,5,5,0,0,SSH-Bruteforce
80,6,20,1200,20,0,0,0,DoS-SYN-Flood
22,6,20,1200,20,0,0,0,SSH-Bruteforce
80,6,20,1480,20,0,0,0,DoS-HTTP
43992,17,20,27980,0,0,0,0,BENIGN
80,6,20,1200,20,0,0,0,DoS-SYN-Flood
0,1,20,840,0,0,0,0,DoS-ICMP
0,1,20,1200,0,0,0,0,DoS-ICMP
36520,17,20,27980,0,0,0,0,BENIGN
19090,6,2,120,2,0,0,0,PortScan
0,1,20,840,0,0,0,0,DoS-ICMP
43992,17,20,27980,0,0,0,0,BENIGN
80,17,20,1200,0,0,0,0,DoS-UDP
80,6,20,1480,20,0,0,0,DoS-HTTP
80,17,20,1200,0,0,0,0,DoS-UDP
0,1,20,840,0,0,0,0,DoS-ICMP
0,1,20,840,0,0,0,0,DoS-ICMP
0,1,20,840,0,0,0,0,DoS-ICMP
86,6,4,240,4,0,0,0,PortScan
80,6,20,1480,20,0,0,0,DoS-HTTP
80,6,20,1200,20,0,0,0,DoS-SYN-Flood
45424,6,20,10039,0,20,0,0,BENIGN
80,6,20,1200,20,0,0,0,DoS-SYN-Flood
38260,6,8,464,8,8,0,0,SSH-Bruteforce
41233,6,7,406,7,7,0,0,SSH-Bruteforce
59050,6,2,120,2,0,0,0,PortScan
9189,6,4,240,4,0,0,0,PortScan
80,6,20,1200,20,0,0,0,DoS-SYN-Flood
80,6,20,1200,20,0,0,0,DoS-SYN-Flood
36520,17,20,27980,0,0,0,0,BENIGN
60886,6,20,21858,0,20,0,0,BENIGN
34853,6,2,120,2,0,0,0,PortScan
80,6,20,1480,20,0,0,0,DoS-HTTP
0,1,20,1200,0,0,0,0,DoS-ICMP
80,17,20,1200,0,0,0,0,DoS-UDP
2964,6,4,240,4,0,0,0,PortScan
80,17,20,1200,0,0,0,0,DoS-UDP
0,1,20,840,0,0,0,0,DoS-ICMP
80,6,20,1200,20,0,0,0,DoS-SYN-Flood
80,17,20,1200,0,0,0,0,DoS-UDP
80,6,20,1480,20,0,0,0,DoS-HTTP
0,1,20,1200,0,0,0,0,DoS-ICMP
80,6,20,1200,20,0,0,0,DoS-SYN-Flood
39729,6,14,812,14,14,0,0,SSH-Bruteforce
28667,6,4,240,4,0,0,0,PortScan
0,1,20,1200,0,0,0,0,DoS-ICMP
56202,6,8,464,8,8,0,0,SSH-Bruteforce
80,6,20,1480,20,0,0,0,DoS-HTTP
0,1,20,840,0,0,0,0,DoS-ICMP
80,17,20,1200,0,0,0,0,DoS-UDP
905,6,4,240,4,0,0,0,PortScan
80,17,20,1200,0,0,0,0,DoS-UDP
0,1,20,840,0,0,0,0,DoS-ICMP
36307,6,4,240,4,0,0,0,PortScan
0,1,20,840,0,0,0,0,DoS-ICMP
22,6,20,1200,16,0,4,0,SSH-Bruteforce
64313,6,2,120,2,0,0,0,PortScan
80,6,20,1200,20,0,0,0,DoS-SYN-Flood
22,6,20,1200,0,0,20,0,SSH-Bruteforce
80,6,20,1200,20,0,0,0,DoS-SYN-Flood
62759,6,2,120,2,0,0,0,PortScan
80,17,20,1200,0,0,0,0,DoS-UDP
80,17,20,1200,0,0,0,0,DoS-UDP
0,1,20,1200,0,0,0,0,DoS-ICMP
45424,6,20,17385,0,20,0,0,BENIGN
60679,6,2,120,2,0,0,0,PortScan
0,1,20,1200,0,0,0,0,DoS-ICMP
55498,6,5,290,5,5,0,0,SSH-Bruteforce
57769,6,4,240,4,0,0,0,PortScan
80,17,20,1200,0,0,0,0,DoS-UDP
80,17,20,1200,0,0,0,0,DoS-UDP
80,6,20,1200,20,0,0,0,DoS-SYN-Flood
60275,6,2,120,2,0,0,0,PortScan
0,1,20,840,0,0,0,0,DoS-ICMP
80,17,20,1200,0,0,0,0,DoS-UDP
17778,6,4,240,4,0,0,0,PortScan
56724,6,10,580,10,10,0,0,SSH-Bruteforce
0,1,20,1200,0,0,0,0,DoS-ICMP
80,17,20,1200,0,0,0,0,DoS-UDP
60886,6,20,30280,0,20,0,0,BENIGN
14984,6,8,464,8,8,0,0,SSH-Bruteforce
45447,17,20,27980,0,0,0,0,BENIGN
80,17,20,1200,0,0,0,0,DoS-UDP
65501,6,7,406,7,7,0,0,SSH-Bruteforce
80,6,20,1480,20,0,0,0,DoS-HTTP
80,17,20,1200,0,0,0,0,DoS-UDP
80,17,20,1200,0,0,0,0,DoS-UDP
80,17,20,1200,0,0,0,0,DoS-UDP
80,6,20,1480,20,0,0,0,DoS-HTTP
80,17,20,1200,0,0,0,0,DoS-UDP
22,6,20,1200,20,0,0,0,SSH-Bruteforce
7178,6,4,240,4,0,0,0,PortScan
80,6,20,1200,20,0,0,0,DoS-SYN-Flood
53296,6,20,29020,0,20,0,0,BENIGN
80,6,20,1200,20,0,0,0,DoS-SYN-Flood
80,6,20,1200,20,0,0,0,DoS-SYN-Flood
36338,6,10,580,10,10,0,0,SSH-Bruteforce
29486,6,4,240,4,0,0,0,PortScan
18040,6,7,406,7,7,0,0,SSH-Bruteforce
42754,6,2,120,2,0,0,0,PortScan
80,6,20,1200,20,0,0,0,DoS-SYN-Flood
80,6,20,1480,20,0,0,0,DoS-HTTP
80,6,20,1480,20,0,0,0,DoS-HTTP
61091,6,2,120,2,0,0,0,PortScan
31960,6,7,406,7,7,0,0,SSH-Bruteforce
80,6,20,1200,20,0,0,0,DoS-SYN-Flood
80,17,20,1200,0,0,0,0,DoS-UDP
80,17,20,1200,0,0,0,0,DoS-UDP
80,17,20,1200,0,0,0,0,DoS-UDP
80,6,20,1480,20,0,0,0,DoS-HTTP
80,6,20,1200,20,0,0,0,DoS-SYN-Flood
1080,6,4,240,4,0,0,0,PortScan
43760,6,4,240,4,0,0,0,PortScan
60606,6,2,120,2,0,0,0,PortScan
80,6,20,1200,20,0,0,0,DoS-SYN-Flood
80,17,20,1200,0,0,0,0,DoS-UDP
48302,6,2,120,2,0,0,0,PortScan
0,1,20,840,0,0,0,0,DoS-ICMP
80,17,20,1200,0,0,0,0,DoS-UDP
80,6,20,1480,20,0,0,0,DoS-HTTP
80,17,20,1200,0,0,0,0,DoS-UDP
80,6,20,1480,20,0,0,0,DoS-HTTP
80,6,20,1200,20,0,0,0,DoS-SYN-Flood
0,1,20,840,0,0,0,0,DoS-ICMP
80,6,20,1480,20,0,0,0,DoS-HTTP
80,17,20,1200,0,0,0,0,DoS-UDP
80,17,20,1200,0,0,0,0,DoS-UDP
22,6,20,1200,20,0,0,0,SSH-Bruteforce
80,6,20,1480,20,0,0,0,DoS-HTTP
0,1,20,840,0,0,0,0,DoS-ICMP
80,17,20,1200,0,0,0,0,DoS-UDP
0,1,20,1200,0,0,0,0,DoS-ICMP
80,17,20,1200,0,0,0,0,DoS-UDP
80,6,20,1480,20,0,0,0,DoS-HTTP
80,6,20,1480,20,0,0,0,DoS-HTTP
0,1,20,1200,0,0,0,0,DoS-ICMP
27794,6,2,120,2,0,0,0,PortScan
43104,6,2,120,2,0,0,0,PortScan
5926,6,6,360,6,0,0,0,PortScan
80,17,20,1200,0,0,0,0,DoS-UDP
80,17,20,1200,0,0,0,0,DoS-UDP
22,6,20,1200,20,0,0,0,SSH-Bruteforce
26452,6,4,240,4,0,0,0,PortScan
80,6,20,1480,20,0,0,0,DoS-HTTP
0,1,20,840,0,0,0,0,DoS-ICMP
80,6,20,1200,20,0,0,0,DoS-SYN-Flood
54920,6,4,232,4,4,0,0,SSH-Bruteforce
80,17,20,1200,0,0,0,0,DoS-UDP
80,6,20,1480,20,0,0,0,DoS-HTTP
0,1,20,840,0,0,0,0,DoS-ICMP
0,1,20,840,0,0,0,0,DoS-ICMP
15536,6,2,120,2,0,0,0,PortScan
80,6,20,1480,20,0,0,0,DoS-HTTP
80,6,20,1200,20,0,0,0,DoS-SYN-Flood
0,1,20,840,0,0,0,0,DoS-ICMP
443,6,20,2625,0,20,0,0,BENIGN
22,6,20,1200,20,0,0,0,SSH-Bruteforce
43032,6,6,348,6,6,0,0,SSH-Bruteforce
443,17,20,13682,0,0,0,0,BENIGN
80,6,20,1480,20,0,0,0,DoS-HTTP
80,6,20,1480,20,0,0,0,DoS-HTTP
61379,6,5,290,5,5,0,0,SSH-Bruteforce
80,17,20,1200,0,0,0,0,DoS-UDP
37178,6,10,580,10,10,0,0,SSH-Bruteforce
443,17,20,6689,0,0,0,0,BENIGN
80,6,20,1480,20,0,0,0,DoS-HTTP
14537,6,9,522,9,9,0,0,SSH-Bruteforce
80,6,20,1200,20,0,0,0,DoS-SYN-Flood
15704,6,7,406,7,7,0,0,SSH-Bruteforce
35829,6,4,240,4,0,0,0,PortScan
22,6,20,1200,20,0,0,0,SSH-Bruteforce
55720,6,2,120,2,0,0,0,PortScan
20202,6,2,120,2,0,0,0,PortScan
39622,6,2,120,2,0,0,0,PortScan
0,1,20,1200,0,0,0,0,DoS-ICMP
80,17,20,1200,0,0,0,0,DoS-UDP
0,1,20,1200,0,0,0,0,DoS-ICMP
0,1,20,1200,0,0,0,0,DoS-ICMP
31650,6,2,120,2,0,0,0,PortScan
443,6,20,2920,0,20,0,0,BENIGN
57409,6,8,464,8,8,0,0,SSH-Bruteforce
80,6,20,1480,20,0,0,0,DoS-HTTP
64770,6,4,240,4,0,0,0,PortScan
0,1,20,1200,0,0,0,0,DoS-ICMP
80,6,20,1200,20,0,0,0,DoS-SYN-Flood
26993,6,2,120,2,0,0,0,PortScan
80,6,20,1200,20,0,0,0,DoS-SYN-Flood
46398,17,20,27980,0,0,0,0,BENIGN
80,6,20,1480,20,0,0,0,DoS-HTTP
23787,6,4,240,4,0,0,0,PortScan
80,6,20,1480,20,0,0,0,DoS-HTTP
80,17,20,1200,0,0,0,0,DoS-UDP
22,6,20,1200,20,0,0,0,SSH-Bruteforce
80,6,20,1480,20,0,0,0,DoS-HTTP
49624,6,8,464,8,8,0,0,SSH-Bruteforce
80,6,20,1200,20,0,0,0,DoS-SYN-Flood
80,6,20,1480,20,0,0,0,DoS-HTTP
80,6,20,1480,20,0,0,0,DoS-HTTP
21374,6,9,522,9,9,0,0,SSH-Bruteforce
80,17,20,1200,0,0,0,0,DoS-UDP
24718,6,2,120,2,0,0,0,PortScan
80,6,20,1480,20,0,0,0,DoS-HTTP
80,6,20,1480,20,0,0,0,DoS-HTTP
25329,6,2,120,2,0,0,0,PortScan
80,17,20,1200,0,0,0,0,DoS-UDP
54829,17,20,27980,0,0,0,0,BENIGN
80,6,20,1480,20,0,0,0,DoS-HTTP
22,6,20,1200,18,0,2,0,SSH-Bruteforce
21801,6,7,406,7,7,0,0,SSH-Bruteforce
44841,6,2,120,2,0,0,0,PortScan
80,17,20,1200,0,0,0,0,DoS-UDP
30991,6,2,120,2,0,0,0,PortScan
80,6,20,1200,20,0,0,0,DoS-SYN-Flood
10903,6,4,240,4,0,0,0,PortScan
3211,6,4,240,4,0,0,0,PortScan
22,6,20,1200,0,0,20,0,SSH-Bruteforce
0,1,20,840,0,0,0,0,DoS-ICMP
80,6,20,1200,20,0,0,0,DoS-SYN-Flood
80,6,20,1200,20,0,0,0,DoS-SYN-Flood
80,17,20,1200,0,0,0,0,DoS-UDP
0,1,20,1200,0,0,0,0,DoS-ICMP
0,1,20,840,0,0,0,0,DoS-ICMP
48806,17,20,27980,0,0,0,0,BENIGN
80,17,20,1200,0,0,0,0,DoS-UDP
80,17,20,1200,0,0,0,0,DoS-UDP
80,17,20,1200,0,0,0,0,DoS-UDP
22,6,20,1200,20,0,0,0,SSH-Bruteforce
80,17,20,1200,0,0,0,0,DoS-UDP
22029,6,5,290,5,5,0,0,SSH-Bruteforce
80,6,20,1200,20,0,0,0,DoS-SYN-Flood
36520,17,20,27980,0,0,0,0,BENIGN
26985,6,4,240,4,0,0,0,PortScan
80,6,20,1200,20,0,0,0,DoS-SYN-Flood
31717,6,2,120,2,0,0,0,PortScan
30374,6,2,120,2,0,0,0,PortScan
80,6,20,1200,20,0,0,0,DoS-SYN-Flood
80,6,20,1200,20,0,0,0,DoS-SYN-Flood
80,6,20,1480,20,0,0,0,DoS-HTTP
80,6,20,1200,20,0,0,0,DoS-SYN-Flood
80,6,20,1480,20,0,0,0,DoS-HTTP
80,17,20,1200,0,0,0,0,DoS-UDP
0,1,20,1200,0,0,0,0,DoS-ICMP
80,6,20,1480,20,0,0,0,DoS-HTTP
80,6,20,1200,20,0,0,0,DoS-SYN-Flood
80,6,20,1480,20,0,0,0,DoS-HTTP
51314,6,9,522,9,9,0,0,SSH-Bruteforce
38074,6,4,240,4,0,0,0,PortScan
58665,6,2,120,2,0,0,0,PortScan
80,17,20,1200,0,0,0,0,DoS-UDP
80,6,20,1200,20,0,0,0,DoS-SYN-Flood
80,6,20,1480,20,0,0,0,DoS-HTTP
59804,6,20,19555,0,20,0,0,BENIGN
35220,6,11,638,11,11,0,0,SSH-Bruteforce
36520,17,20,27980,0,0,0,0,BENIGN
22,6,20,1200,12,0,8,0,SSH-Bruteforce
30070,6,4,240,4,0,0,0,PortScan
36520,17,20,27980,0,0,0,0,BENIGN
80,6,20,1200,20,0,0,0,DoS-SYN-Flood
80,6,20,1480,20,0,0,0,DoS-HTTP
80,17,20,1200,0,0,0,0,DoS-UDP
22,6,20,1200,0,0,20,0,SSH-Bruteforce
80,6,20,1200,20,0,0,0,DoS-SYN-Flood
36412,6,9,522,9,9,0,0,SSH-Bruteforce
19821,6,2,120,2,0,0,0,PortScan
80,6,20,1200,20,0,0,0,DoS-SYN-Flood
0,1,20,840,0,0,0,0,DoS-ICMP
62020,6,7,406,7,7,0,0,SSH-Bruteforce
36520,17,20,27980,0,0,0,0,BENIGN
33240,6,20,28960,0,20,0,0,BENIGN
80,6,20,1480,20,0,0,0,DoS-HTTP
2403,6,6,348,6,6,0,0,SSH-Bruteforce
4314,6,4,240,4,0,0,0,PortScan
80,6,20,1200,20,0,0,0,DoS-SYN-Flood
49641,6,2,120,2,0,0,0,PortScan
80,6,20,1480,20,0,0,0,DoS-HTTP
80,6,20,1480,20,0,0,0,DoS-HTTP
80,6,20,1480,20,0,0,0,DoS-HTTP
52205,6,7,406,7,7,0,0,SSH-Bruteforce
22,6,20,1200,8,0,12,0,SSH-Bruteforce
80,17,20,1200,0,0,0,0,DoS-UDP
53278,6,20,29260,0,20,0,0,BENIGN
80,6,20,1200,20,0,0,0,DoS-SYN-Flood
80,17,20,1200,0,0,0,0,DoS-UDP
80,17,20,1200,0,0,0,0,DoS-UDP
80,6,20,1480,20,0,0,0,DoS-HTTP
80,6,20,1200,20,0,0,0,DoS-SYN-Flood
0,1,20,1200,0,0,0,0,DoS-ICMP
80,17,20,1200,0,0,0,0,DoS-UDP
17374,6,8,464,8,8,0,0,SSH-Bruteforce
80,6,20,1200,20,0,0,0,DoS-SYN-Flood
27058,6,4,240,4,0,0,0,PortScan
0,1,20,1200,0,0,0,0,DoS-ICMP
52926,6,2,120,2,0,0,0,PortScan
80,17,20,1200,0,0,0,0,DoS-UDP
80,17,20,1200,0,0,0,0,DoS-UDP
80,6,20,1480,20,0,0,0,DoS-HTTP
22,6,20,1200,20,0,0,0,SSH-Bruteforce
22,6,20,1200,20,0,0,0,SSH-Bruteforce
0,1,20,1200,0,0,0,0,DoS-ICMP
42440,17,20,27980,0,0,0,0,BENIGN
0,1,20,1200,0,0,0,0,DoS-ICMP
3130,6,9,522,9,9,0,0,SSH-Bruteforce
54829,17,20,27980,0,0,0,0,BENIGN
0,1,20,840,0,0,0,0,DoS-ICMP
35813,6,4,240,4,0,0,0,PortScan
80,17,20,1200,0,0,0,0,DoS-UDP
80,6,20,1480,20,0,0,0,DoS-HTTP
0,1,20,1200,0,0,0,0,DoS-ICMP
80,6,20,1480,20,0,0,0,DoS-HTTP
80,6,20,1480,20,0,0,0,DoS-HTTP
0,1,20,1200,0,0,0,0,DoS-ICMP
0,1,20,840,0,0,0,0,DoS-ICMP
18125,6,2,120,2,0,0,0,PortScan
11544,6,6,348,6,6,0,0,SSH-Bruteforce
80,6,20,1480,20,0,0,0,DoS-HTTP
53030,6,4,240,4,0,0,0,PortScan
0,1,20,840,0,0,0,0,DoS-ICMP
0,1,20,1200,0,0,0,0,DoS-ICMP
0,1,20,840,0,0,0,0,DoS-ICMP
0,1,20,1200,0,0,0,0,DoS-ICMP
80,6,20,1200,20,0,0,0,DoS-SYN-Flood
49864,6,2,120,2,0,0,0,PortScan
80,6,20,1200,20,0,0,0,DoS-SYN-Flood
80,6,20,1480,20,0,0,0,DoS-HTTP
80,6,20,1480,20,0,0,0,DoS-HTTP
20886,6,7,406,7,7,0,0,SSH-Bruteforce
80,6,20,1480,20,0,0,0,DoS-HTTP
80,17,20,1200,0,0,0,0,DoS-UDP
80,17,20,1200,0,0,0,0,DoS-UDP
80,6,20,1480,20,0,0,0,DoS-HTTP
80,6,20,1480,20,0,0,0,DoS-HTTP
80,17,20,1200,0,0,0,0,DoS-UDP
36520,17,20,27980,0,0,0,0,BENIGN
80,17,20,1200,0,0,0,0,DoS-UDP
0,1,20,840,0,0,0,0,DoS-ICMP
17219,6,2,120,2,0,0,0,PortScan
43663,6,7,406,7,7,0,0,SSH-Bruteforce
80,6,20,1480,20,0,0,0,DoS-HTTP
80,6,20,1200,20,0,0,0,DoS-SYN-Flood
80,17,20,1200,0,0,0,0,DoS-UDP
80,6,20,1200,20,0,0,0,DoS-SYN-Flood
80,6,20,1200,20,0,0,0,DoS-SYN-Flood
30029,6,2,120,2,0,0,0,PortScan
0,1,20,1200,0,0,0,0,DoS-ICMP
53278,6,20,28847,0,20,0,0,BENIGN
80,17,20,1200,0,0,0,0,DoS-UDP
13457,6,4,240,4,0,0,0,PortScan
22,6,20,1200,20,0,0,0,SSH-Bruteforce
0,1,20,840,0,0,0,0,DoS-ICMP
80,6,20,1480,20,0,0,0,DoS-HTTP
80,17,20,1200,0,0,0,0,DoS-UDP
0,1,20,1200,0,0,0,0,DoS-ICMP
80,6,20,1200,20,0,0,0,DoS-SYN-Flood
80,6,20,1480,20,0,0,0,DoS-HTTP
22,6,20,1200,7,0,13,0,SSH-Bruteforce
34308,6,10,580,10,10,0,0,SSH-Bruteforce
47832,6,2,120,2,0,0,0,PortScan
6294,6,4,240,4,0,0,0,PortScan
80,6,20,1480,20,0,0,0,DoS-HTTP
21490,6,2,120,2,0,0,0,PortScan
13768,6,6,360,6,0,0,0,PortScan
80,6,20,1200,20,0,0,0,DoS-SYN-Flood
51794,6,5,290,5,5,0,0,SSH-Bruteforce
80,17,20,1200,0,0,0,0,DoS-UDP
80,17,20,1200,0,0,0,0,DoS-UDP
0,1,20,840,0,0,0,0,DoS-ICMP
80,6,20,1200,20,0,0,0,DoS-SYN-Flood
62141,6,10,580,10,10,0,0,SSH-Bruteforce
54829,17,20,27980,0,0,0,0,BENIGN
80,6,20,1200,20,0,0,0,DoS-SYN-Flood
54859,6,4,240,4,0,0,0,PortScan
0,1,20,840,0,0,0,0,DoS-ICMP
80,6,20,1480,20,0,0,0,DoS-HTTP
40002,6,10,580,10,10,0,0,SSH-Bruteforce
0,1,20,840,0,0,0,0,DoS-ICMP
80,6,20,1480,20,0,0,0,DoS-HTTP
80,6,20,1200,20,0,0,0,DoS-SYN-Flood
80,6,20,1200,20,0,0,0,DoS-SYN-Flood
80,6,20,1200,20,0,0,0,DoS-SYN-Flood
80,6,20,1200,20,0,0,0,DoS-SYN-Flood
80,6,20,1480,20,0,0,0,DoS-HTTP
80,6,20,1200,20,0,0,0,DoS-SYN-Flood
0,1,20,1200,0,0,0,0,DoS-ICMP
57618,6,6,348,6,6,0,0,SSH-Bruteforce
60886,6,20,29042,0,20,0,0,BENIGN
14214,6,5,290,5,5,0,0,SSH-Bruteforce
0,1,20,840,0,0,0,0,DoS-ICMP
0,1,20,1200,0,0,0,0,DoS-ICMP
80,6,20,1480,20,0,0,0,DoS-HTTP
80,17,20,1200,0,0,0,0,DoS-UDP
80,6,20,1200,20,0,0,0,DoS-SYN-Flood
80,6,20,1480,20,0,0,0,DoS-HTTP
52720,6,11,638,11,11,0,0,SSH-Bruteforce
80,17,20,1200,0,0,0,0,DoS-UDP
80,6,20,1200,20,0,0,0,DoS-SYN-Flood
80,17,20,1200,0,0,0,0,DoS-UDP
80,17,20,1200,0,0,0,0,DoS-UDP
6682,6,9,522,9,9,0,0,SSH-Bruteforce
0,1,20,1200,0,0,0,0,DoS-ICMP
80,6,20,1480,20,0,0,0,DoS-HTTP
80,6,20,1480,20,0,0,0,DoS-HTTP
80,17,20,1200,0,0,0,0,DoS-UDP
80,6,20,1480,20,0,0,0,DoS-HTTP
80,6,20,1200,20,0,0,0,DoS-SYN-Flood
0,1,20,840,0,0,0,0,DoS-ICMP
28875,6,6,348,6,6,0,0,SSH-Bruteforce
80,17,20,1200,0,0,0,0,DoS-UDP
54403,6,7,406,7,7,0,0,SSH-Bruteforce
40954,6,2,120,2,0,0,0,PortScan
80,17,20,1200,0,0,0,0,DoS-UDP
21134,6,7,406,7,7,0,0,SSH-Bruteforce
43957,6,8,464,8,8,0,0,SSH-Bruteforce
80,6,20,1200,20,0,0,0,DoS-SYN-Flood
80,17,20,1200,0,0,0,0,DoS-UDP
48498,6,6,348,6,6,0,0,SSH-Bruteforce
80,17,20,1200,0,0,0,0,DoS-UDP
80,6,20,1480,20,0,0,0,DoS-HTTP
80,6,20,1480,20,0,0,0,DoS-HTTP
0,1,20,840,0,0,0,0,DoS-ICMP
22,6,20,1200,0,0,20,0,SSH-Bruteforce
80,6,20,1200,20,0,0,0,DoS-SYN-Flood
80,6,20,1480,20,0,0,0,DoS-HTTP
0,1,20,1200,0,0,0,0,DoS-ICMP
0,1,20,1200,0,0,0,0,DoS-ICMP
0,1,20,1200,0,0,0,0,DoS-ICMP
22,6,20,1200,0,0,20,0,SSH-Bruteforce
20748,6,2,120,2,0,0,0,PortScan
55582,6,6,348,6,6,0,0,SSH-Bruteforce
47196,6,2,120,2,0,0,0,PortScan
80,6,20,1200,20,0,0,0,DoS-SYN-Flood
80,17,20,1200,0,0,0,0,DoS-UDP
54894,6,5,290,5,5,0,0,SSH-Bruteforce
0,1,20,840,0,0,0,0,DoS-ICMP
1528,6,6,360,6,0,0,0,PortScan
443,6,2,120,0,2,0,1,BENIGN
80,6,20,1200,20,0,0,0,DoS-SYN-Flood
51467,6,4,240,4,0,0,0,PortScan
80,17,20,1200,0,0,0,0,DoS-UDP
48440,6,4,240,4,0,0,0,PortScan
80,17,20,1200,0,0,0,0,DoS-UDP
80,6,20,1200,20,0,0,0,DoS-SYN-Flood
80,6,20,1480,20,0,0,0,DoS-HTTP
80,6,20,1200,20,0,0,0,DoS-SYN-Flood
80,6,20,1480,20,0,0,0,DoS-HTTP
0,1,20,840,0,0,0,0,DoS-ICMP
80,6,20,1200,20,0,0,0,DoS-SYN-Flood
80,17,20,1200,0,0,0,0,DoS-UDP
39847,6,2,120,2,0,0,0,PortScan
33240,6,20,28720,0,20,0,0,BENIGN
80,6,20,1480,20,0,0,0,DoS-HTTP
0,1,20,840,0,0,0,0,DoS-ICMP
0,1,20,1200,0,0,0,0,DoS-ICMP
45424,6,20,28780,0,20,0,0,BENIGN
80,6,20,1480,20,0,0,0,DoS-HTTP
80,6,20,1200,20,0,0,0,DoS-SYN-Flood
80,6,20,1200,20,0,0,0,DoS-SYN-Flood
80,6,20,1200,20,0,0,0,DoS-SYN-Flood
443,6,20,2313,0,20,0,0,BENIGN
80,17,20,1200,0,0,0,0,DoS-UDP
58749,6,2,120,2,0,0,0,PortScan
63644,6,2,120,2,0,0,0,PortScan
80,17,20,1200,0,0,0,0,DoS-UDP
4315,6,4,240,4,0,0,0,PortScan
0,1,20,1200,0,0,0,0,DoS-ICMP
11679,6,6,360,6,0,0,0,PortScan
80,6,20,1200,20,0,0,0,DoS-SYN-Flood
80,6,20,1200,20,0,0,0,DoS-SYN-Flood
80,17,20,1200,0,0,0,0,DoS-UDP
22,6,20,1200,16,0,4,0,SSH-Bruteforce
40502,6,2,120,2,0,0,0,PortScan
80,6,20,1480,20,0,0,0,DoS-HTTP
0,1,20,840,0,0,0,0,DoS-ICMP
80,6,20,1480,20,0,0,0,DoS-HTTP
14432,6,8,464,8,8,0,0,SSH-Bruteforce
80,17,20,1200,0,0,0,0,DoS-UDP
22,6,20,1200,5,0,15,0,SSH-Bruteforce
64976,6,2,120,2,0,0,0,PortScan
22,6,20,1200,0,0,20,0,SSH-Bruteforce
80,6,20,1200,20,0,0,0,DoS-SYN-Flood
44353,6,4,240,4,0,0,0,PortScan
80,17,20,1200,0,0,0,0,DoS-UDP
42185,6,6,348,6,6,0,0,SSH-Bruteforce
80,6,20,1200,20,0,0,0,DoS-SYN-Flood
60886,6,20,29260,0,20,0,0,BENIGN
38770,6,4,240,4,0,0,0,PortScan
0,1,20,840,0,0,0,0,DoS-ICMP
80,6,20,1480,20,0,0,0,DoS-HTTP
62136,6,2,120,2,0,0,0,PortScan
80,6,20,1200,20,0,0,0,DoS-SYN-Flood
10457,6,7,406,7,7,0,0,SSH-Bruteforce
80,17,20,1200,0,0,0,0,DoS-UDP
12931,6,4,240,4,0,0,0,PortScan
47162,6,2,120,2,0,0,0,PortScan
80,6,20,1480,20,0,0,0,DoS-HTTP
0,1,20,1200,0,0,0,0,DoS-ICMP
80,17,20,1200,0,0,0,0,DoS-UDP
80,6,20,1480,20,0,0,0,DoS-HTTP
22,6,20,1200,20,0,0,0,SSH-Bruteforce
378,6,4,240,4,0,0,0,PortScan
36520,17,20,27980,0,0,0,0,BENIGN
51767,17,20,18492,0,0,0,0,BENIGN
11249,6,10,580,10,10,0,0,SSH-Bruteforce
80,6,20,1480,20,0,0,0,DoS-HTTP
80,17,20,1200,0,0,0,0,DoS-UDP
80,6,20,1200,20,0,0,0,DoS-SYN-Flood
80,6,20,1480,20,0,0,0,DoS-HTTP
80,6,20,1200,20,0,0,0,DoS-SYN-Flood
80,17,20,1200,0,0,0,0,DoS-UDP
0,1,20,840,0,0,0,0,DoS-ICMP
80,17,20,1200,0,0,0,0,DoS-UDP
51319,6,9,522,9,9,0,0,SSH-Bruteforce
0,1,20,1200,0,0,0,0,DoS-ICMP
80,6,20,1200,20,0,0,0,DoS-SYN-Flood
65451,6,10,580,10,10,0,0,SSH-Bruteforce
4287,6,4,240,4,0,0,0,PortScan
80,17,20,1200,0,0,0,0,DoS-UDP
47107,6,2,120,2,0,0,0,PortScan
80,17,20,1200,0,0,0,0,DoS-UDP
80,17,20,1200,0,0,0,0,DoS-UDP
0,1,20,1200,0,0,0,0,DoS-ICMP
80,17,20,1200,0,0,0,0,DoS-UDP
80,6,20,1200,20,0,0,0,DoS-SYN-Flood
22,6,20,1200,20,0,0,0,SSH-Bruteforce
80,6,20,1480,20,0,0,0,DoS-HTTP
22,6,20,1200,17,0,3,0,SSH-Bruteforce
80,17,20,1200,0,0,0,0,DoS-UDP
80,17,20,1200,0,0,0,0,DoS-UDP
26333,6,2,120,2,0,0,0,PortScan
80,6,20,1200,20,0,0,0,DoS-SYN-Flood
80,6,20,1200,20,0,0,0,DoS-SYN-Flood
0,1,20,840,0,0,0,0,DoS-ICMP
0,1,20,1200,0,0,0,0,DoS-ICMP
45655,6,4,240,4,0,0,0,PortScan
13022,6,10,580,10,10,0,0,SSH-Bruteforce
0,1,20,840,0,0,0,0,DoS-ICMP
443,6,20,1704,0,20,0,1,BENIGN
80,17,20,1200,0,0,0,0,DoS-UDP
80,6,20,1480,20,0,0,0,DoS-HTTP
24450,6,4,240,4,0,0,0,PortScan
0,1,20,840,0,0,0,0,DoS-ICMP
0,1,20,1200,0,0,0,0,DoS-ICMP
80,17,20,1200,0,0,0,0,DoS-UDP
36520,17,20,27980,0,0,0,0,BENIGN
80,17,20,1200,0,0,0,0,DoS-UDP
0,1,20,840,0,0,0,0,DoS-ICMP
17208,6,4,240,4,0,0,0,PortScan
0,1,20,840,0,0,0,0,DoS-ICMP
0,1,20,1200,0,0,0,0,DoS-ICMP
0,1,20,840,0,0,0,0,DoS-ICMP
80,6,20,1200,20,0,0,0,DoS-SYN-Flood
0,1,20,1200,0,0,0,0,DoS-ICMP
80,17,20,1200,0,0,0,0,DoS-UDP
22,6,20,1200,10,0,10,0,SSH-Bruteforce
34882,6,4,240,4,0,0,0,PortScan
80,17,20,1200,0,0,0,0,DoS-UDP
80,6,20,1200,20,0,0,0,DoS-SYN-Flood
0,1,20,840,0,0,0,0,DoS-ICMP
37896,6,2,120,2,0,0,0,PortScan
80,17,20,1200,0,0,0,0,DoS-UDP
28080,6,2,120,2,0,0,0,PortScan
0,1,20,1200,0,0,0,0,DoS-ICMP
80,17,20,1200,0,0,0,0,DoS-UDP
80,6,20,1480,20,0,0,0,DoS-HTTP
80,6,20,1200,20,0,0,0,DoS-SYN-Flood
80,17,20,1200,0,0,0,0,DoS-UDP
80,6,20,1480,20,0,0,0,DoS-HTTP
80,6,20,1480,20,0,0,0,DoS-HTTP
80,6,20,1480,20,0,0,0,DoS-HTTP
80,6,20,1480,20,0,0,0,DoS-HTTP
0,1,20,1200,0,0,0,0,DoS-ICMP
53272,6,20,28900,0,20,0,0,BENIGN
0,1,20,1200,0,0,0,0,DoS-ICMP
80,6,20,1200,20,0,0,0,DoS-SYN-Flood
80,6,20,1480,20,0,0,0,DoS-HTTP
80,6,20,1200,20,0,0,0,DoS-SYN-Flood
80,6,20,1200,20,0,0,0,DoS-SYN-Flood
0,1,20,840,0,0,0,0,DoS-ICMP
27560,6,4,240,4,0,0,0,PortScan
80,6,20,1200,20,0,0,0,DoS-SYN-Flood
53272,6,20,29140,0,20,0,0,BENIGN
80,6,20,1480,20,0,0,0,DoS-HTTP
80,6,20,1480,20,0,0,0,DoS-HTTP
80,17,20,1200,0,0,0,0,DoS-UDP
56682,6,4,240,4,0,0,0,PortScan
41825,6,8,464,8,8,0,0,SSH-Bruteforce
443,6,20,1694,0,20,0,0,BENIGN
0,1,20,840,0,0,0,0,DoS-ICMP
80,6,20,1200,20,0,0,0,DoS-SYN-Flood
80,17,20,1200,0,0,0,0,DoS-UDP
19914,6,6,348,6,6,0,0,SSH-Bruteforce
80,6,20,1480,20,0,0,0,DoS-HTTP
80,6,20,1200,20,0,0,0,DoS-SYN-Flood
80,6,20,1480,20,0,0,0,DoS-HTTP
64681,6,3,174,3,3,0,0,SSH-Bruteforce
22669,6,7,406,7,7,0,0,SSH-Bruteforce
80,6,20,1480,20,0,0,0,DoS-HTTP
80,17,20,1200,0,0,0,0,DoS-UDP
36520,17,20,27980,0,0,0,0,BENIGN
49749,6,10,580,10,10,0,0,SSH-Bruteforce
31689,6,2,120,2,0,0,0,PortScan
17159,6,2,120,2,0,0,0,PortScan
0,1,20,840,0,0,0,0,DoS-ICMP
36520,17,20,27980,0,0,0,0,BENIGN
47350,6,2,120,2,0,0,0,PortScan
0,1,20,840,0,0,0,0,DoS-ICMP
80,6,20,1200,20,0,0,0,DoS-SYN-Flood
80,6,20,1200,20,0,0,0,DoS-SYN-Flood
36520,17,20,27980,0,0,0,0,BENIGN
45424,6,20,24017,0,20,0,0,BENIGN
22,6,20,1200,0,0,20,0,SSH-Bruteforce
24376,6,4,240,4,0,0,0,PortScan
80,6,20,1480,20,0,0,0,DoS-HTTP
80,17,20,1200,0,0,0,0,DoS-UDP
80,17,20,1200,0,0,0,0,DoS-UDP
80,6,20,1480,20,0,0,0,DoS-HTTP
0,1,20,1200,0,0,0,0,DoS-ICMP
4262,6,6,348,6,6,0,0,SSH-Bruteforce
80,6,20,1200,20,0,0,0,DoS-SYN-Flood
47696,6,9,522,9,9,0,0,SSH-Bruteforce
0,1,20,1200,0,0,0,0,DoS-ICMP
22,6,20,1200,20,0,0,0,SSH-Bruteforce
3923,6,9,522,9,9,0,0,SSH-Bruteforce
36245,6,2,120,2,0,0,0,PortScan
30291,6,5,290,5,5,0,0,SSH-Bruteforce
80,6,20,1480,20,0,0,0,DoS-HTTP
0,1,20,840,0,0,0,0,DoS-ICMP
80,6,20,1200,20,0,0,0,DoS-SYN-Flood
1164,6,4,240,4,0,0,0,PortScan
80,17,20,1200,0,0,0,0,DoS-UDP
80,6,20,1200,20,0,0,0,DoS-SYN-Flood
80,6,20,1480,20,0,0,0,DoS-HTTP
80,6,20,1200,20,0,0,0,DoS-SYN-Flood
80,17,20,1200,0,0,0,0,DoS-UDP
80,17,20,1200,0,0,0,0,DoS-UDP
80,6,20,1480,20,0,0,0,DoS-HTTP
0,1,20,1200,0,0,0,0,DoS-ICMP
18545,6,6,348,6,6,0,0,SSH-Bruteforce
80,6,20,1200,20,0,0,0,DoS-SYN-Flood
13101,6,6,360,6,0,0,0,PortScan
80,6,20,1200,20,0,0,0,DoS-SYN-Flood
80,6,20,1200,20,0,0,0,DoS-SYN-Flood
80,6,20,1480,20,0,0,0,DoS-HTTP
35622,6,4,240,4,0,0,0,PortScan
80,17,20,1200,0,0,0,0,DoS-UDP
0,1,20,1200,0,0,0,0,DoS-ICMP
80,6,20,1200,20,0,0,0,DoS-SYN-Flood
80,6,20,1480,20,0,0,0,DoS-HTTP
80,17,20,1200,0,0,0,0,DoS-UDP
31851,6,2,120,2,0,0,0,PortScan
80,6,20,1200,20,0,0,0,DoS-SYN-Flood
0,1,20,1200,0,0,0,0,DoS-ICMP
80,17,20,1200,0,0,0,0,DoS-UDP
0,1,20,1200,0,0,0,0,DoS-ICMP
53894,6,2,120,2,0,0,0,PortScan
80,17,20,1200,0,0,0,0,DoS-UDP
80,17,20,1200,0,0,0,0,DoS-UDP
80,17,20,1200,0,0,0,0,DoS-UDP
80,6,20,1480,20,0,0,0,DoS-HTTP
80,6,20,1200,20,0,0,0,DoS-SYN-Flood
22014,6,4,240,4,0,0,0,PortScan
80,6,20,1200,20,0,0,0,DoS-SYN-Flood
21845,6,2,120,2,0,0,0,PortScan
80,6,20,1200,20,0,0,0,DoS-SYN-Flood
38588,6,4,240,4,0,0,0,PortScan
22,6,20,1200,0,0,20,0,SSH-Bruteforce
53643,6,2,120,2,0,0,0,PortScan
80,6,20,1480,20,0,0,0,DoS-HTTP
80,6,20,1480,20,0,0,0,DoS-HTTP
35023,6,2,120,2,0,0,0,PortScan
80,6,20,1200,20,0,0,0,DoS-SYN-Flood
50164,6,2,120,2,0,0,0,PortScan
31851,6,8,464,8,8,0,0,SSH-Bruteforce
80,6,20,1480,20,0,0,0,DoS-HTTP
40821,6,2,120,2,0,0,0,PortScan
80,6,20,1480,20,0,0,0,DoS-HTTP
80,6,20,1200,20,0,0,0,DoS-SYN-Flood
11250,6,10,580,10,10,0,0,SSH-Bruteforce
80,6,20,1480,20,0,0,0,DoS-HTTP
80,6,20,1200,20,0,0,0,DoS-SYN-Flood
80,6,20,1200,20,0,0,0,DoS-SYN-Flood
6660,6,6,360,6,0,0,0,PortScan
12354,6,8,464,8,8,0,0,SSH-Bruteforce
80,6,20,1480,20,0,0,0,DoS-HTTP
10934,6,9,522,9,9,0,0,SSH-Bruteforce
80,6,20,1200,20,0,0,0,DoS-SYN-Flood
8191,6,4,240,4,0,0,0,PortScan
0,1,20,1200,0,0,0,0,DoS-ICMP
0,1,20,840,0,0,0,0,DoS-ICMP
80,6,20,1200,20,0,0,0,DoS-SYN-Flood
80,6,20,1480,20,0,0,0,DoS-HTTP
80,6,20,1480,20,0,0,0,DoS-HTTP
80,17,20,1200,0,0,0,0,DoS-UDP
43240,6,4,240,4,0,0,0,PortScan
0,1,20,1200,0,0,0,0,DoS-ICMP
929,6,4,240,4,0,0,0,PortScan
80,6,20,1480,20,0,0,0,DoS-HTTP
31990,6,4,240,4,0,0,0,PortScan
60685,6,8,464,8,8,0,0,SSH-Bruteforce
80,6,20,1480,20,0,0,0,DoS-HTTP
80,6,20,1200,20,0,0,0,DoS-SYN-Flood
80,6,20,1480,20,0,0,0,DoS-HTTP
0,1,20,840,0,0,0,0,DoS-ICMP
11684,6,5,290,5,5,0,0,SSH-Bruteforce
80,6,20,1480,20,0,0,0,DoS-HTTP
80,6,20,1480,20,0,0,0,DoS-HTTP
0,1,20,1200,0,0,0,0,DoS-ICMP
43609,6,2,120,2,0,0,0,PortScan
80,6,20,1200,20,0,0,0,DoS-SYN-Flood
22,6,20,1200,20,0,0,0,SSH-Bruteforce
80,6,20,1200,20,0,0,0,DoS-SYN-Flood
80,17,20,1200,0,0,0,0,DoS-UDP
80,17,20,1200,0,0,0,0,DoS-UDP
22,6,20,1200,20,0,0,0,SSH-Bruteforce
80,6,20,1200,20,0,0,0,DoS-SYN-Flood
41308,17,20,27980,0,0,0,0,BENIGN
64304,6,4,232,4,4,0,0,SSH-Bruteforce
22,6,20,1200,20,0,0,0,SSH-Bruteforce
36520,17,20,12652,0,0,0,0,BENIGN
0,1,20,840,0,0,0,0,DoS-ICMP
0,1,20,840,0,0,0,0,DoS-ICMP
0,1,20,1200,0,0,0,0,DoS-ICMP
44144,6,8,464,8,8,0,0,SSH-Bruteforce
33240,6,20,28660,0,20,0,0,BENIGN
57479,6,8,464,8,8,0,0,SSH-Bruteforce
0,1,20,840,0,0,0,0,DoS-ICMP
80,17,20,1200,0,0,0,0,DoS-UDP
24374,6,4,240,4,0,0,0,PortScan
80,6,20,1480,20,0,0,0,DoS-HTTP
80,6,20,1200,20,0,0,0,DoS-SYN-Flood
31300,6,5,290,5,5,0,0,SSH-Bruteforce
80,6,20,1480,20,0,0,0,DoS-HTTP
22,6,20,1200,20,0,0,0,SSH-Bruteforce
4138,6,9,522,9,9,0,0,SSH-Bruteforce
4848,6,7,406,7,7,0,0,SSH-Bruteforce
29162,6,6,348,6,6,0,0,SSH-Bruteforce
14456,6,6,360,6,0,0,0,PortScan
41406,6,4,240,4,0,0,0,PortScan
0,1,20,840,0,0,0,0,DoS-ICMP
0,1,20,840,0,0,0,0,DoS-ICMP
80,6,20,1200,20,0,0,0,DoS-SYN-Flood
0,1,20,840,0,0,0,0,DoS-ICMP
80,17,20,1200,0,0,0,0,DoS-UDP
80,6,20,1200,20,0,0,0,DoS-SYN-Flood
80,6,20,1200,20,0,0,0,DoS-SYN-Flood
80,6,20,1200,20,0,0,0,DoS-SYN-Flood
80,6,20,1200,20,0,0,0,DoS-SYN-Flood
60002,6,7,406,7,7,0,0,SSH-Bruteforce
80,6,20,1200,20,0,0,0,DoS-SYN-Flood
80,17,20,1200,0,0,0,0,DoS-UDP
80,6,20,1480,20,0,0,0,DoS-HTTP
80,6,20,1480,20,0,0,0,DoS-HTTP
49325,6,4,240,4,0,0,0,PortScan
80,6,20,1480,20,0,0,0,DoS-HTTP
0,1,20,1200,0,0,0,0,DoS-ICMP
80,17,20,1200,0,0,0,0,DoS-UDP
80,6,20,1480,20,0,0,0,DoS-HTTP
45447,17,20,21431,0,0,0,0,BENIGN
80,6,20,1480,20,0,0,0,DoS-HTTP
0,1,20,840,0,0,0,0,DoS-ICMP
80,6,20,1480,20,0,0,0,DoS-HTTP
21800,6,7,406,7,7,0,0,SSH-Bruteforce
0,1,20,840,0,0,0,0,DoS-ICMP
80,6,20,1480,20,0,0,0,DoS-HTTP
18189,6,2,120,2,0,0,0,PortScan
80,6,20,1480,20,0,0,0,DoS-HTTP
80,6,20,1200,20,0,0,0,DoS-SYN-Flood
16563,6,7,406,7,7,0,0,SSH-Bruteforce
23027,6,4,240,4,0,0,0,PortScan
80,17,20,1200,0,0,0,0,DoS-UDP
80,17,20,1200,0,0,0,0,DoS-UDP
80,17,20,1200,0,0,0,0,DoS-UDP
80,6,20,1480,20,0,0,0,DoS-HTTP
80,6,20,1200,20,0,0,0,DoS-SYN-Flood
80,6,20,1480,20,0,0,0,DoS-HTTP
0,1,20,840,0,0,0,0,DoS-ICMP
36520,17,20,27980,0,0,0,0,BENIGN
44658,6,4,240,4,0,0,0,PortScan
80,17,20,1200,0,0,0,0,DoS-UDP
0,1,20,840,0,0,0,0,DoS-ICMP
22,6,20,1200,20,0,0,0,SSH-Bruteforce
0,1,20,840,0,0,0,0,DoS-ICMP
61227,6,5,290,5,5,0,0,SSH-Bruteforce
80,17,20,1200,0,0,0,0,DoS-UDP
13010,6,4,240,4,0,0,0,PortScan
9765,6,4,240,4,0,0,0,PortScan
80,17,20,1200,0,0,0,0,DoS-UDP
22,6,20,1200,20,0,0,0,SSH-Bruteforce
60886,6,20,30280,0,20,0,0,BENIGN
80,17,20,1200,0,0,0,0,DoS-UDP
44893,6,4,240,4,0,0,0,PortScan
21632,6,8,464,8,8,0,0,SSH-Bruteforce
0,1,20,840,0,0,0,0,DoS-ICMP
48583,6,4,240,4,0,0,0,PortScan
0,1,20,1200,0,0,0,0,DoS-ICMP
80,6,20,1480,20,0,0,0,DoS-HTTP
22,6,20,1200,3,0,17,0,SSH-Bruteforce
48966,6,6,348,6,6,0,0,SSH-Bruteforce
0,1,20,1200,0,0,0,0,DoS-ICMP
0,1,20,840,0,0,0,0,DoS-ICMP
0,1,20,1200,0,0,0,0,DoS-ICMP
0,1,20,840,0,0,0,0,DoS-ICMP
80,17,20,1200,0,0,0,0,DoS-UDP
80,17,20,1200,0,0,0,0,DoS-UDP
0,1,20,840,0,0,0,0,DoS-ICMP
80,6,20,1480,20,0,0,0,DoS-HTTP
80,6,20,1200,20,0,0,0,DoS-SYN-Flood
80,6,20,1200,20,0,0,0,DoS-SYN-Flood
0,1,20,840,0,0,0,0,DoS-ICMP
23337,6,2,120,2,0,0,0,PortScan
80,17,20,1200,0,0,0,0,DoS-UDP
80,6,20,1200,20,0,0,0,DoS-SYN-Flood
80,6,20,1200,20,0,0,0,DoS-SYN-Flood
0,1,20,840,0,0,0,0,DoS-ICMP
23226,6,2,120,2,0,0,0,PortScan
80,6,20,1480,20,0,0,0,DoS-HTTP
0,1,20,1200,0,0,0,0,DoS-ICMP
80,6,20,1480,20,0,0,0,DoS-HTTP
59794,6,4,240,4,0,0,0,PortScan
36520,17,20,27980,0,0,0,0,BENIGN
80,6,20,1200,20,0,0,0,DoS-SYN-Flood
63478,6,2,120,2,0,0,0,PortScan
80,17,20,1200,0,0,0,0,DoS-UDP
80,6,20,1200,20,0,0,0,DoS-SYN-Flood
80,17,20,1200,0,0,0,0,DoS-UDP
18303,6,4,240,4,0,0,0,PortScan
80,6,20,1480,20,0,0,0,DoS-HTTP
0,1,20,840,0,0,0,0,DoS-ICMP
80,6,20,1480,20,0,0,0,DoS-HTTP
58395,6,3,174,3,3,0,0,SSH-Bruteforce
80,6,20,1200,20,0,0,0,DoS-SYN-Flood
43846,6,4,240,4,0,0,0,PortScan
22,6,20,1200,16,0,4,0,SSH-Bruteforce
15960,6,4,232,4,4,0,0,SSH-Bruteforce
80,6,20,1200,20,0,0,0,DoS-SYN-Flood
80,6,20,1200,20,0,0,0,DoS-SYN-Flood
56582,6,2,120,2,0,0,0,PortScan
10441,6,8,464,8,8,0,0,SSH-Bruteforce
80,17,20,1200,0,0,0,0,DoS-UDP
0,1,20,1200,0,0,0,0,DoS-ICMP
80,6,20,1480,20,0,0,0,DoS-HTTP
23393,6,7,406,7,7,0,0,SSH-Bruteforce
37113,6,4,240,4,0,0,0,PortScan
80,6,20,1480,20,0,0,0,DoS-HTTP
42902,6,2,120,2,0,0,0,PortScan
6635,6,6,360,6,0,0,0,PortScan
0,1,20,1200,0,0,0,0,DoS-ICMP
55925,6,2,120,2,0,0,0,PortScan
15961,6,4,240,4,0,0,0,PortScan
80,6,20,1200,20,0,0,0,DoS-SYN-Flood
60250,6,7,406,7,7,0,0,SSH-Bruteforce
80,17,20,1200,0,0,0,0,DoS-UDP
42428,6,4,232,4,4,0,0,SSH-Bruteforce
80,17,20,1200,0,0,0,0,DoS-UDP
0,1,20,840,0,0,0,0,DoS-ICMP
443,6,20,1200,0,20,0,0,BENIGN
0,1,20,840,0,0,0,0,DoS-ICMP
0,1,20,1200,0,0,0,0,DoS-ICMP
23572,6,6,348,6,6,0,0,SSH-Bruteforce
80,6,20,1480,20,0,0,0,DoS-HTTP
19327,6,2,120,2,0,0,0,PortScan
39323,6,2,120,2,0,0,0,PortScan
80,17,20,1200,0,0,0,0,DoS-UDP
80,6,20,1200,20,0,0,0,DoS-SYN-Flood
33240,6,20,29080,0,20,0,0,BENIGN
80,6,20,1480,20,0,0,0,DoS-HTTP
80,6,20,1480,20,0,0,0,DoS-HTTP
80,17,20,1200,0,0,0,0,DoS-UDP
4531,6,4,240,4,0,0,0,PortScan
80,17,20,1200,0,0,0,0,DoS-UDP
0,1,20,1200,0,0,0,0,DoS-ICMP
80,6,20,1200,20,0,0,0,DoS-SYN-Flood
80,17,20,1200,0,0,0,0,DoS-UDP
22,6,20,1200,20,0,0,0,SSH-Bruteforce
80,17,20,1200,0,0,0,0,DoS-UDP
33240,6,20,29200,0,20,0,0,BENIGN
22,6,20,1200,0,0,20,0,SSH-Bruteforce
51267,6,2,120,2,0,0,0,PortScan
80,6,20,1480,20,0,0,0,DoS-HTTP
80,6,20,1480,20,0,0,0,DoS-HTTP
80,6,20,1200,20,0,0,0,DoS-SYN-Flood
80,6,20,1200,20,0,0,0,DoS-SYN-Flood
443,6,15,2217,1,14,0,1,BENIGN
80,6,20,1200,20,0,0,0,DoS-SYN-Flood
54829,17,20,27979,0,0,0,0,BENIGN
80,6,20,1200,20,0,0,0,DoS-SYN-Flood
26063,6,2,120,2,0,0,0,PortScan
80,6,20,1480,20,0,0,0,DoS-HTTP
80,6,20,1200,20,0,0,0,DoS-SYN-Flood
22,6,20,1200,0,0,20,0,SSH-Bruteforce
80,6,20,1480,20,0,0,0,DoS-HTTP
80,6,20,1480,20,0,0,0,DoS-HTTP
0,1,20,840,0,0,0,0,DoS-ICMP
43944,6,2,120,2,0,0,0,PortScan
0,1,20,1200,0,0,0,0,DoS-ICMP
80,6,20,1480,20,0,0,0,DoS-HTTP
0,1,20,840,0,0,0,0,DoS-ICMP
80,6,20,1480,20,0,0,0,DoS-HTTP
80,17,20,1200,0,0,0,0,DoS-UDP
33240,6,20,30280,0,20,0,0,BENIGN
7811,6,4,240,4,0,0,0,PortScan
80,6,20,1200,20,0,0,0,DoS-SYN-Flood
11652,6,8,464,8,8,0,0,SSH-Bruteforce
0,1,20,1200,0,0,0,0,DoS-ICMP
39902,17,20,27980,0,0,0,0,BENIGN
80,6,20,1480,20,0,0,0,DoS-HTTP
80,6,20,1200,20,0,0,0,DoS-SYN-Flood
8288,6,4,240,4,0,0,0,PortScan
80,6,20,1480,20,0,0,0,DoS-HTTP
11962,6,4,240,4,0,0,0,PortScan
80,6,20,1480,20,0,0,0,DoS-HTTP
0,1,20,840,0,0,0,0,DoS-ICMP
80,17,20,1200,0,0,0,0,DoS-UDP
80,6,20,1480,20,0,0,0,DoS-HTTP
80,6,20,1480,20,0,0,0,DoS-HTTP
80,6,20,1480,20,0,0,0,DoS-HTTP
21794,6,2,120,2,0,0,0,PortScan
80,17,20,1200,0,0,0,0,DoS-UDP
43992,17,20,27980,0,0,0,0,BENIGN
80,6,20,1480,20,0,0,0,DoS-HTTP
53308,6,20,29140,0,20,0,0,BENIGN
24884,6,4,240,4,0,0,0,PortScan
35311,6,12,692,11,11,1,0,SSH-Bruteforce
0,1,20,1200,0,0,0,0,DoS-ICMP
13683,6,12,696,12,12,0,0,SSH-Bruteforce
0,1,20,1200,0,0,0,0,DoS-ICMP
80,6,20,1480,20,0,0,0,DoS-HTTP
47009,6,8,464,8,8,0,0,SSH-Bruteforce
0,1,20,840,0,0,0,0,DoS-ICMP
80,6,20,1200,20,0,0,0,DoS-SYN-Flood
59136,6,4,240,4,0,0,0,PortScan
80,6,20,1200,20,0,0,0,DoS-SYN-Flood
80,6,20,1480,20,0,0,0,DoS-HTTP
4747,6,7,406,7,7,0,0,SSH-Bruteforce
80,17,20,1200,0,0,0,0,DoS-UDP
80,17,20,1200,0,0,0,0,DoS-UDP
24154,6,2,120,2,0,0,0,PortScan
22,6,20,1200,20,0,0,0,SSH-Bruteforce
46390,6,2,120,2,0,0,0,PortScan
80,6,20,1480,20,0,0,0,DoS-HTTP
22,6,20,1200,13,0,7,0,SSH-Bruteforce
22,6,20,1200,20,0,0,0,SSH-Bruteforce
31862,6,2,120,2,0,0,0,PortScan
80,6,20,1480,20,0,0,0,DoS-HTTP
9927,6,4,240,4,0,0,0,PortScan
80,17,20,1200,0,0,0,0,DoS-UDP
44060,6,2,120,2,0,0,0,PortScan
80,6,20,1480,20,0,0,0,DoS-HTTP
64459,6,4,240,4,0,0,0,PortScan
0,1,20,1200,0,0,0,0,DoS-ICMP
22,6,20,1200,20,0,0,0,SSH-Bruteforce
80,17,20,1200,0,0,0,0,DoS-UDP
0,1,20,840,0,0,0,0,DoS-ICMP
80,6,20,1480,20,0,0,0,DoS-HTTP
80,6,20,1200,20,0,0,0,DoS-SYN-Flood
7663,6,4,240,4,0,0,0,PortScan
80,6,20,1200,20,0,0,0,DoS-SYN-Flood
80,6,20,1200,20,0,0,0,DoS-SYN-Flood
80,6,20,1200,20,0,0,0,DoS-SYN-Flood
48291,6,10,580,10,10,0,0,SSH-Bruteforce
80,17,20,1200,0,0,0,0,DoS-UDP
0,1,20,1200,0,0,0,0,DoS-ICMP
39440,6,2,120,2,0,0,0,PortScan
0,1,20,840,0,0,0,0,DoS-ICMP
1789,6,5,290,5,5,0,0,SSH-Bruteforce
22312,6,4,240,4,0,0,0,PortScan
47770,6,2,120,2,0,0,0,PortScan
22,6,20,1200,0,0,20,0,SSH-Bruteforce
80,6,20,1200,20,0,0,0,DoS-SYN-Flood
16780,6,2,120,2,0,0,0,PortScan
80,17,20,1200,0,0,0,0,DoS-UDP
31248,6,4,232,4,4,0,0,SSH-Bruteforce
2133,6,4,240,4,0,0,0,PortScan
80,6,20,1200,20,0,0,0,DoS-SYN-Flood
80,17,20,1200,0,0,0,0,DoS-UDP
0,1,20,1200,0,0,0,0,DoS-ICMP
80,6,20,1480,20,0,0,0,DoS-HTTP
80,6,20,1200,20,0,0,0,DoS-SYN-Flood
22,6,20,1200,0,0,20,0,SSH-Bruteforce
80,6,20,1480,20,0,0,0,DoS-HTTP
22,6,20,1200,20,0,0,0,SSH-Bruteforce
17501,6,4,240,4,0,0,0,PortScan
22210,6,7,406,7,7,0,0,SSH-Bruteforce
0,1,20,1200,0,0,0,0,DoS-ICMP
80,6,20,1200,20,0,0,0,DoS-SYN-Flood
0,1,20,840,0,0,0,0,DoS-ICMP
80,17,20,1200,0,0,0,0,DoS-UDP
22953,6,9,522,9,9,0,0,SSH-Bruteforce
42440,17,20,27980,0,0,0,0,BENIGN
80,6,20,1200,20,0,0,0,DoS-SYN-Flood
80,17,20,1200,0,0,0,0,DoS-UDP
0,1,20,1200,0,0,0,0,DoS-ICMP
23965,6,4,240,4,0,0,0,PortScan
80,6,20,1480,20,0,0,0,DoS-HTTP
22,6,20,1200,0,0,20,0,SSH-Bruteforce
41896,6,4,240,4,0,0,0,PortScan
35375,6,2,120,2,0,0,0,PortScan
80,17,20,1200,0,0,0,0,DoS-UDP
41246,6,4,240,4,0,0,0,PortScan
80,6,20,1200,20,0,0,0,DoS-SYN-Flood
8853,6,6,360,6,0,0,0,PortScan
0,1,20,840,0,0,0,0,DoS-ICMP
8695,6,4,240,4,0,0,0,PortScan
0,1,20,840,0,0,0,0,DoS-ICMP
32558,6,4,240,4,0,0,0,PortScan
80,6,20,1480,20,0,0,0,DoS-HTTP
80,17,20,1200,0,0,0,0,DoS-UDP
80,6,20,1480,20,0,0,0,DoS-HTTP
80,17,20,1200,0,0,0,0,DoS-UDP
30267,6,2,120,2,0,0,0,PortScan
34895,6,10,580,10,10,0,0,SSH-Bruteforce
17289,6,4,240,4,0,0,0,PortScan
80,17,20,1200,0,0,0,0,DoS-UDP
43372,6,7,406,7,7,0,0,SSH-Bruteforce
0,1,20,840,0,0,0,0,DoS-ICMP
0,1,20,840,0,0,0,0,DoS-ICMP
80,6,20,1480,20,0,0,0,DoS-HTTP
80,17,20,1200,0,0,0,0,DoS-UDP
54829,17,20,27980,0,0,0,0,BENIGN
80,6,20,1200,20,0,0,0,DoS-SYN-Flood
80,6,20,1480,20,0,0,0,DoS-HTTP
51532,6,2,120,2,0,0,0,PortScan
11874,6,6,348,6,6,0,0,SSH-Bruteforce
0,1,20,1200,0,0,0,0,DoS-ICMP
80,17,20,1200,0,0,0,0,DoS-UDP
33240,6,20,29080,0,20,0,0,BENIGN
80,6,20,1480,20,0,0,0,DoS-HTTP
0,1,20,1200,0,0,0,0,DoS-ICMP
22,6,20,1200,1,0,19,0,SSH-Bruteforce
80,6,20,1200,20,0,0,0,DoS-SYN-Flood
80,17,20,1200,0,0,0,0,DoS-UDP
4700,6,4,240,4,0,0,0,PortScan
80,17,20,1200,0,0,0,0,DoS-UDP
80,17,20,1200,0,0,0,0,DoS-UDP
28382,6,2,120,2,0,0,0,PortScan
80,6,20,1480,20,0,0,0,DoS-HTTP
22,6,20,1200,11,0,9,0,SSH-Bruteforce
80,6,20,1480,20,0,0,0,DoS-HTTP
80,17,20,1200,0,0,0,0,DoS-UDP
22,6,20,1200,0,0,20,0,SSH-Bruteforce
80,17,20,1200,0,0,0,0,DoS-UDP
45447,17,20,27980,0,0,0,0,BENIGN
80,17,20,1200,0,0,0,0,DoS-UDP
27912,6,4,240,4,0,0,0,PortScan
0,1,20,840,0,0,0,0,DoS-ICMP
9275,6,5,290,5,5,0,0,SSH-Bruteforce
80,6,20,1200,20,0,0,0,DoS-SYN-Flood
80,17,20,1200,0,0,0,0,DoS-UDP
80,6,20,1480,20,0,0,0,DoS-HTTP
63080,6,4,240,4,0,0,0,PortScan
41788,6,6,348,6,6,0,0,SSH-Bruteforce
59961,6,7,406,7,7,0,0,SSH-Bruteforce
42904,17,20,27980,0,0,0,0,BENIGN
22,6,20,1200,17,0,3,0,SSH-Bruteforce
80,6,20,1200,20,0,0,0,DoS-SYN-Flood
80,17,20,1200,0,0,0,0,DoS-UDP
80,6,20,1200,20,0,0,0,DoS-SYN-Flood
80,17,20,1200,0,0,0,0,DoS-UDP
443,6,20,1200,0,20,0,0,BENIGN
80,6,20,1200,20,0,0,0,DoS-SYN-Flood
80,6,20,1200,20,0,0,0,DoS-SYN-Flood
17640,6,8,464,8,8,0,0,SSH-Bruteforce
0,1,20,840,0,0,0,0,DoS-ICMP
80,17,20,1200,0,0,0,0,DoS-UDP
80,6,20,1200,20,0,0,0,DoS-SYN-Flood
18929,6,4,240,4,0,0,0,PortScan
22,6,20,1200,0,0,20,0,SSH-Bruteforce
36520,17,20,27980,0,0,0,0,BENIGN
36116,6,9,522,9,9,0,0,SSH-Bruteforce
80,6,20,1480,20,0,0,0,DoS-HTTP
0,1,20,840,0,0,0,0,DoS-ICMP
80,6,20,1480,20,0,0,0,DoS-HTTP
22,6,20,1200,2,0,18,0,SSH-Bruteforce
3670,6,4,240,4,0,0,0,PortScan
18871,6,2,120,2,0,0,0,PortScan
28755,6,9,522,9,9,0,0,SSH-Bruteforce
64163,6,2,120,2,0,0,0,PortScan
80,6,20,1200,20,0,0,0,DoS-SYN-Flood
80,17,20,1200,0,0,0,0,DoS-UDP
4281,6,7,406,7,7,0,0,SSH-Bruteforce
29437,6,2,120,2,0,0,0,PortScan
80,17,20,1200,0,0,0,0,DoS-UDP
80,6,20,1200,20,0,0,0,DoS-SYN-Flood
11062,6,4,240,4,0,0,0,PortScan
80,17,20,1200,0,0,0,0,DoS-UDP
13031,6,12,696,12,12,0,0,SSH-Bruteforce
443,17,20,1502,0,0,0,0,BENIGN
30829,6,2,120,2,0,0,0,PortScan
80,6,20,1200,20,0,0,0,DoS-SYN-Flood
80,6,20,1200,20,0,0,0,DoS-SYN-Flood
22,6,20,1200,5,0,15,0,SSH-Bruteforce
22,6,20,1200,4,0,16,0,SSH-Bruteforce
53278,6,20,28300,0,20,0,0,BENIGN
80,6,20,1200,20,0,0,0,DoS-SYN-Flood
80,6,20,1480,20,0,0,0,DoS-HTTP
0,1,20,840,0,0,0,0,DoS-ICMP
80,6,20,1200,20,0,0,0,DoS-SYN-Flood
40695,6,2,120,2,0,0,0,PortScan
80,6,20,1200,20,0,0,0,DoS-SYN-Flood
1646,6,4,240,4,0,0,0,PortScan
7089,6,4,240,4,0,0,0,PortScan
1452,6,4,240,4,0,0,0,PortScan
80,6,20,1200,20,0,0,0,DoS-SYN-Flood
26244,6,2,120,2,0,0,0,PortScan
22,6,20,1200,0,0,20,0,SSH-Bruteforce
443,6,15,2905,1,14,0,0,BENIGN
46398,17,20,27980,0,0,0,0,BENIGN
80,17,20,1200,0,0,0,0,DoS-UDP
80,6,20,1480,20,0,0,0,DoS-HTTP
80,6,20,1480,20,0,0,0,DoS-HTTP
80,6,20,1480,20,0,0,0,DoS-HTTP
35187,6,10,580,10,10,0,0,SSH-Bruteforce
80,6,20,1200,20,0,0,0,DoS-SYN-Flood
80,6,20,1480,20,0,0,0,DoS-HTTP
32183,6,2,120,2,0,0,0,PortScan
80,6,20,1200,20,0,0,0,DoS-SYN-Flood
80,6,20,1480,20,0,0,0,DoS-HTTP
80,6,20,1200,20,0,0,0,DoS-SYN-Flood
80,6,20,1480,20,0,0,0,DoS-HTTP
80,6,20,1200,20,0,0,0,DoS-SYN-Flood
80,6,20,1200,20,0,0,0,DoS-SYN-Flood
80,6,20,1200,20,0,0,0,DoS-SYN-Flood
0,1,20,840,0,0,0,0,DoS-ICMP
0,1,20,1200,0,0,0,0,DoS-ICMP
15608,6,2,120,2,0,0,0,PortScan
80,6,20,1480,20,0,0,0,DoS-HTTP
52759,6,2,120,2,0,0,0,PortScan
7333,6,7,406,7,7,0,0,SSH-Bruteforce
80,6,20,1200,20,0,0,0,DoS-SYN-Flood
32061,6,7,406,7,7,0,0,SSH-Bruteforce
21384,6,4,240,4,0,0,0,PortScan
41152,6,8,464,8,8,0,0,SSH-Bruteforce
80,6,20,1480,20,0,0,0,DoS-HTTP
443,6,20,2757,0,20,0,0,BENIGN
5933,6,4,240,4,0,0,0,PortScan
41612,6,12,696,12,12,0,0,SSH-Bruteforce
80,6,20,1480,20,0,0,0,DoS-HTTP
13861,6,4,240,4,0,0,0,PortScan
80,6,20,1480,20,0,0,0,DoS-HTTP
0,1,20,840,0,0,0,0,DoS-ICMP
80,17,20,1200,0,0,0,0,DoS-UDP
40076,6,2,120,2,0,0,0,PortScan
80,6,20,1480,20,0,0,0,DoS-HTTP
80,6,20,1480,20,0,0,0,DoS-HTTP
16057,6,2,120,2,0,0,0,PortScan
38550,6,5,290,5,5,0,0,SSH-Bruteforce
23143,6,2,120,2,0,0,0,PortScan
80,6,20,1200,20,0,0,0,DoS-SYN-Flood
80,6,20,1200,20,0,0,0,DoS-SYN-Flood
0,1,20,840,0,0,0,0,DoS-ICMP
45050,6,6,348,6,6,0,0,SSH-Bruteforce
80,6,20,1480,20,0,0,0,DoS-HTTP
80,17,20,1200,0,0,0,0,DoS-UDP
80,6,20,1480,20,0,0,0,DoS-HTTP
43678,17,20,27980,0,0,0,0,BENIGN
80,6,20,1200,20,0,0,0,DoS-SYN-Flood
22,6,20,1200,0,0,20,0,SSH-Bruteforce
46134,6,4,240,4,0,0,0,PortScan
22,6,20,1200,20,0,0,0,SSH-Bruteforce
22,6,20,1200,20,0,0,0,SSH-Bruteforce
80,17,20,1200,0,0,0,0,DoS-UDP
80,6,20,1200,20,0,0,0,DoS-SYN-Flood
0,1,20,840,0,0,0,0,DoS-ICMP
0,1,20,840,0,0,0,0,DoS-ICMP
80,6,20,1200,20,0,0,0,DoS-SYN-Flood
33240,6,20,29140,0,20,0,0,BENIGN
58412,6,6,348,6,6,0,0,SSH-Bruteforce
54829,17,20,27980,0,0,0,0,BENIGN
22,6,20,1200,0,0,20,0,SSH-Bruteforce
42440,17,20,27980,0,0,0,0,BENIGN
80,6,20,1200,20,0,0,0,DoS-SYN-Flood
80,17,20,1200,0,0,0,0,DoS-UDP
29446,6,2,120,2,0,0,0,PortScan
54753,17,2,194,0,0,0,0,BENIGN
80,6,20,1200,20,0,0,0,DoS-SYN-Flood
80,6,20,1200,20,0,0,0,DoS-SYN-Flood
0,1,20,840,0,0,0,0,DoS-ICMP
80,6,20,1200,20,0,0,0,DoS-SYN-Flood
80,6,20,1200,20,0,0,0,DoS-SYN-Flood
80,6,20,1200,20,0,0,0,DoS-SYN-Flood
80,6,20,1200,20,0,0,0,DoS-SYN-Flood
5428,6,7,406,7,7,0,0,SSH-Bruteforce
80,6,20,1200,20,0,0,0,DoS-SYN-Flood
80,6,20,1480,20,0,0,0,DoS-HTTP
48195,6,2,120,2,0,0,0,PortScan
80,17,20,1200,0,0,0,0,DoS-UDP
35777,6,4,240,4,0,0,0,PortScan
80,17,20,1200,0,0,0,0,DoS-UDP
80,17,20,1200,0,0,0,0,DoS-UDP
80,6,20,1480,20,0,0,0,DoS-HTTP
0,1,20,840,0,0,0,0,DoS-ICMP
64677,6,7,406,7,7,0,0,SSH-Bruteforce
80,6,20,1200,20,0,0,0,DoS-SYN-Flood
36520,17,20,27980,0,0,0,0,BENIGN
51627,6,4,240,4,0,0,0,PortScan
20751,6,2,120,2,0,0,0,PortScan
80,6,20,1200,20,0,0,0,DoS-SYN-Flood
80,6,20,1480,20,0,0,0,DoS-HTTP
80,6,20,1200,20,0,0,0,DoS-SYN-Flood
36520,17,20,27980,0,0,0,0,BENIGN
80,6,20,1480,20,0,0,0,DoS-HTTP
80,17,20,1200,0,0,0,0,DoS-UDP
80,6,20,1200,20,0,0,0,DoS-SYN-Flood
80,6,20,1200,20,0,0,0,DoS-SYN-Flood
80,17,20,1200,0,0,0,0,DoS-UDP
0,1,20,1200,0,0,0,0,DoS-ICMP
80,6,20,1480,20,0,0,0,DoS-HTTP
80,6,20,1480,20,0,0,0,DoS-HTTP
80,17,20,1200,0,0,0,0,DoS-UDP
55021,6,7,406,7,7,0,0,SSH-Bruteforce
22,6,20,1200,10,0,10,0,SSH-Bruteforce
80,17,20,1200,0,0,0,0,DoS-UDP
20555,6,2,120,2,0,0,0,PortScan
5353,17,20,3319,0,0,0,0,DoS-HTTP
80,6,20,1200,20,0,0,0,DoS-SYN-Flood
0,1,20,1200,0,0,0,0,DoS-ICMP
0,1,20,1200,0,0,0,0,DoS-ICMP
80,17,20,1200,0,0,0,0,DoS-UDP
80,17,20,1200,0,0,0,0,DoS-UDP
0,1,20,1200,0,0,0,0,DoS-ICMP
0,1,20,840,0,0,0,0,DoS-ICMP
30604,6,4,240,4,0,0,0,PortScan
0,1,20,1200,0,0,0,0,DoS-ICMP
22,6,20,1200,7,0,13,0,SSH-Bruteforce
22,6,20,1200,0,0,20,0,SSH-Bruteforce
80,6,20,1480,20,0,0,0,DoS-HTTP
80,6,20,1200,20,0,0,0,DoS-SYN-Flood
53278,6,20,28240,0,20,0,0,BENIGN
80,6,20,1200,20,0,0,0,DoS-SYN-Flood
15207,6,2,120,2,0,0,0,PortScan
80,6,20,1480,20,0,0,0,DoS-HTTP
61592,6,4,240,4,0,0,0,PortScan
80,17,20,1200,0,0,0,0,DoS-UDP
80,6,20,1480,20,0,0,0,DoS-HTTP
0,1,20,1200,0,0,0,0,DoS-ICMP
36520,17,20,27980,0,0,0,0,BENIGN
80,6,20,1480,20,0,0,0,DoS-HTTP
80,6,20,1480,20,0,0,0,DoS-HTTP
80,6,20,1480,20,0,0,0,DoS-HTTP
80,17,20,1200,0,0,0,0,DoS-UDP
80,17,20,1200,0,0,0,0,DoS-UDP
61067,6,4,240,4,0,0,0,PortScan
80,17,20,1200,0,0,0,0,DoS-UDP
0,1,20,1200,0,0,0,0,DoS-ICMP
37056,6,2,120,2,0,0,0,PortScan
44330,6,2,120,2,0,0,0,PortScan
36520,17,20,27980,0,0,0,0,BENIGN
0,1,20,840,0,0,0,0,DoS-ICMP
0,1,20,1200,0,0,0,0,DoS-ICMP
80,6,20,1480,20,0,0,0,DoS-HTTP
863,6,4,240,4,0,0,0,PortScan
0,1,20,1200,0,0,0,0,DoS-ICMP
26120,6,2,120,2,0,0,0,PortScan
80,6,20,1200,20,0,0,0,DoS-SYN-Flood
80,6,20,1200,20,0,0,0,DoS-SYN-Flood
80,6,20,1480,20,0,0,0,DoS-HTTP
47910,6,4,240,4,0,0,0,PortScan
0,1,20,1200,0,0,0,0,DoS-ICMP
80,17,20,1200,0,0,0,0,DoS-UDP
80,6,20,1480,20,0,0,0,DoS-HTTP
22,6,20,1200,0,0,20,0,SSH-Bruteforce
16367,6,4,240,4,0,0,0,PortScan
2257,6,6,360,6,0,0,0,PortScan
80,6,20,1200,20,0,0,0,DoS-SYN-Flood
32490,6,8,464,8,8,0,0,SSH-Bruteforce
14441,6,8,464,8,8,0,0,SSH-Bruteforce
80,17,20,1200,0,0,0,0,DoS-UDP
80,17,20,1200,0,0,0,0,DoS-UDP
80,6,20,1200,20,0,0,0,DoS-SYN-Flood
3520,6,7,406,7,7,0,0,SSH-Bruteforce
0,1,20,1200,0,0,0,0,DoS-ICMP
0,1,20,1200,0,0,0,0,DoS-ICMP
22,6,20,1200,6,0,14,0,SSH-Bruteforce
60553,6,2,120,2,0,0,0,PortScan
80,17,20,1200,0,0,0,0,DoS-UDP
80,6,20,1480,20,0,0,0,DoS-HTTP
0,1,20,840,0,0,0,0,DoS-ICMP
80,6,20,1200,20,0,0,0,DoS-SYN-Flood
80,6,20,1200,20,0,0,0,DoS-SYN-Flood
0,1,20,1200,0,0,0,0,DoS-ICMP
80,6,20,1200,20,0,0,0,DoS-SYN-Flood
26724,6,8,464,8,8,0,0,SSH-Bruteforce
0,1,20,1200,0,0,0,0,DoS-ICMP
80,6,20,1200,20,0,0,0,DoS-SYN-Flood
80,6,20,1480,20,0,0,0,DoS-HTTP
46398,17,20,27980,0,0,0,0,BENIGN
0,1,20,840,0,0,0,0,DoS-ICMP
47474,6,4,240,4,0,0,0,PortScan
22,6,20,1200,20,0,0,0,SSH-Bruteforce
33389,6,4,240,4,0,0,0,PortScan
80,6,20,1200,20,0,0,0,DoS-SYN-Flood
80,6,20,1480,20,0,0,0,DoS-HTTP
80,6,20,1200,20,0,0,0,DoS-SYN-Flood
60886,6,20,29080,0,20,0,0,BENIGN
49988,6,4,240,4,0,0,0,PortScan
0,1,20,840,0,0,0,0,DoS-ICMP
21352,6,6,348,6,6,0,0,SSH-Bruteforce
0,1,20,840,0,0,0,0,DoS-ICMP
22,6,20,1200,3,0,17,0,SSH-Bruteforce
24674,6,4,240,4,0,0,0,PortScan
20188,6,2,120,2,0,0,0,PortScan
80,6,20,1480,20,0,0,0,DoS-HTTP
36983,6,4,240,4,0,0,0,PortScan
80,6,20,1200,20,0,0,0,DoS-SYN-Flood
80,6,20,1200,20,0,0,0,DoS-SYN-Flood
36520,17,20,27980,0,0,0,0,BENIGN
0,1,20,1200,0,0,0,0,DoS-ICMP
80,6,20,1200,20,0,0,0,DoS-SYN-Flood
48806,17,20,27980,0,0,0,0,BENIGN
80,6,20,1200,20,0,0,0,DoS-SYN-Flood
80,17,20,1200,0,0,0,0,DoS-UDP
0,1,20,840,0,0,0,0,DoS-ICMP
0,1,20,1200,0,0,0,0,DoS-ICMP
0,1,20,1200,0,0,0,0,DoS-ICMP
51423,6,8,464,8,8,0,0,SSH-Bruteforce
0,1,20,840,0,0,0,0,DoS-ICMP
80,17,20,1200,0,0,0,0,DoS-UDP
0,1,20,1200,0,0,0,0,DoS-ICMP
80,17,20,1200,0,0,0,0,DoS-UDP
22,6,20,1200,5,0,15,0,SSH-Bruteforce
49434,6,7,406,7,7,0,0,SSH-Bruteforce
80,6,20,1480,20,0,0,0,DoS-HTTP
0,1,20,840,0,0,0,0,DoS-ICMP
0,1,20,840,0,0,0,0,DoS-ICMP
22,6,20,1200,20,0,0,0,SSH-Bruteforce
80,6,20,1480,20,0,0,0,DoS-HTTP
0,1,20,1200,0,0,0,0,DoS-ICMP
80,17,20,1200,0,0,0,0,DoS-UDP
80,6,20,1200,20,0,0,0,DoS-SYN-Flood
80,6,20,1200,20,0,0,0,DoS-SYN-Flood
22,6,20,1200,20,0,0,0,SSH-Bruteforce
22,6,20,1200,20,0,0,0,SSH-Bruteforce
22,6,20,1200,17,0,3,0,SSH-Bruteforce
55990,6,11,638,11,11,0,0,SSH-Bruteforce
80,6,20,1480,20,0,0,0,DoS-HTTP
38137,6,2,120,2,0,0,0,PortScan
80,6,20,1200,20,0,0,0,DoS-SYN-Flood
0,1,20,840,0,0,0,0,DoS-ICMP
22,6,20,1200,9,0,11,0,SSH-Bruteforce
10497,6,4,240,4,0,0,0,PortScan
80,6,20,1480,20,0,0,0,DoS-HTTP
63361,6,7,406,7,7,0,0,SSH-Bruteforce
7344,6,6,360,6,0,0,0,PortScan
0,1,20,1200,0,0,0,0,DoS-ICMP
80,17,20,1200,0,0,0,0,DoS-UDP
44336,6,4,240,4,0,0,0,PortScan
25504,6,2,120,2,0,0,0,PortScan
80,17,20,1200,0,0,0,0,DoS-UDP
22,6,20,1200,20,0,0,0,SSH-Bruteforce
80,6,20,1480,20,0,0,0,DoS-HTTP
22,6,20,1200,20,0,0,0,SSH-Bruteforce
0,1,20,1200,0,0,0,0,DoS-ICMP
80,6,20,1200,20,0,0,0,DoS-SYN-Flood
27324,6,2,120,2,0,0,0,PortScan
457,6,6,348,6,6,0,0,SSH-Bruteforce
63597,6,4,240,4,0,0,0,PortScan
80,6,20,1200,20,0,0,0,DoS-SYN-Flood
30056,6,2,120,2,0,0,0,PortScan
0,1,20,840,0,0,0,0,DoS-ICMP
36520,17,20,27980,0,0,0,0,BENIGN
29095,6,7,406,7,7,0,0,SSH-Bruteforce
22,6,20,1200,0,0,20,0,SSH-Bruteforce
80,17,20,1200,0,0,0,0,DoS-UDP
80,6,20,1200,20,0,0,0,DoS-SYN-Flood
22,6,20,1200,20,0,0,0,SSH-Bruteforce
53282,6,20,30272,0,20,0,0,BENIGN
0,1,20,1200,0,0,0,0,DoS-ICMP
22,6,20,1200,0,0,20,0,SSH-Bruteforce
80,6,20,1480,20,0,0,0,DoS-HTTP
80,6,20,1480,20,0,0,0,DoS-HTTP
80,17,20,1200,0,0,0,0,DoS-UDP
10233,6,7,406,7,7,0,0,SSH-Bruteforce
80,17,20,1200,0,0,0,0,DoS-UDP
32140,6,2,120,2,0,0,0,PortScan
80,6,20,1480,20,0,0,0,DoS-HTTP
0,1,20,1200,0,0,0,0,DoS-ICMP
80,17,20,1200,0,0,0,0,DoS-UDP
4588,6,7,406,7,7,0,0,SSH-Bruteforce
0,1,20,1200,0,0,0,0,DoS-ICMP
80,17,20,1200,0,0,0,0,DoS-UDP
60784,17,1,111,0,0,0,0,BENIGN
0,1,20,840,0,0,0,0,DoS-ICMP
80,17,20,1200,0,0,0,0,DoS-UDP
80,17,20,1200,0,0,0,0,DoS-UDP
80,6,20,1200,20,0,0,0,DoS-SYN-Flood
80,6,20,1200,20,0,0,0,DoS-SYN-Flood
80,6,20,1480,20,0,0,0,DoS-HTTP
48281,6,1,58,1,1,0,0,PortScan
23820,6,7,406,7,7,0,0,SSH-Bruteforce
80,17,20,1200,0,0,0,0,DoS-UDP
60700,6,2,120,2,0,0,0,PortScan
21775,6,4,240,4,0,0,0,PortScan
80,6,20,1200,20,0,0,0,DoS-SYN-Flood
80,6,20,1480,20,0,0,0,DoS-HTTP
80,17,20,1200,0,0,0,0,DoS-UDP
33240,6,20,29010,0,20,0,0,BENIGN
22,6,20,1200,20,0,0,0,SSH-Bruteforce
80,6,20,1200,20,0,0,0,DoS-SYN-Flood
80,17,20,1200,0,0,0,0,DoS-UDP
36520,17,20,27980,0,0,0,0,BENIGN
0,1,20,840,0,0,0,0,DoS-ICMP
59455,6,2,120,2,0,0,0,PortScan
80,6,20,1200,20,0,0,0,DoS-SYN-Flood
0,1,20,840,0,0,0,0,DoS-ICMP
31554,6,8,464,8,8,0,0,SSH-Bruteforce
54685,6,4,240,4,0,0,0,PortScan
80,6,20,1480,20,0,0,0,DoS-HTTP
80,17,20,1200,0,0,0,0,DoS-UDP
80,6,20,1200,20,0,0,0,DoS-SYN-Flood
33240,6,20,29140,0,20,0,0,BENIGN
61042,6,2,120,2,0,0,0,PortScan
80,6,20,1200,20,0,0,0,DoS-SYN-Flood
80,17,20,1200,0,0,0,0,DoS-UDP
22375,6,10,580,10,10,0,0,SSH-Bruteforce
80,6,20,1200,20,0,0,0,DoS-SYN-Flood
80,6,20,1200,20,0,0,0,DoS-SYN-Flood
36974,6,8,464,8,8,0,0,SSH-Bruteforce
80,17,20,1200,0,0,0,0,DoS-UDP
80,17,20,1200,0,0,0,0,DoS-UDP
80,6,20,1200,20,0,0,0,DoS-SYN-Flood
0,1,20,840,0,0,0,0,DoS-ICMP
41308,17,20,27980,0,0,0,0,BENIGN
22,6,20,1200,0,0,20,0,SSH-Bruteforce
0,1,20,1200,0,0,0,0,DoS-ICMP
80,6,20,1480,20,0,0,0,DoS-HTTP
80,6,20,1200,20,0,0,0,DoS-SYN-Flood
80,6,20,1200,20,0,0,0,DoS-SYN-Flood
80,6,20,1200,20,0,0,0,DoS-SYN-Flood
80,17,20,1200,0,0,0,0,DoS-UDP
13184,6,9,522,9,9,0,0,SSH-Bruteforce
80,6,20,1480,20,0,0,0,DoS-HTTP
0,1,20,1200,0,0,0,0,DoS-ICMP
80,17,20,1200,0,0,0,0,DoS-UDP
22,6,20,1200,0,0,20,0,SSH-Bruteforce
80,6,20,1200,20,0,0,0,DoS-SYN-Flood
80,6,20,1200,20,0,0,0,DoS-SYN-Flood
80,17,20,1200,0,0,0,0,DoS-UDP
80,17,20,1200,0,0,0,0,DoS-UDP
18925,6,7,406,7,7,0,0,SSH-Bruteforce
80,6,20,1480,20,0,0,0,DoS-HTTP
80,6,20,1480,20,0,0,0,DoS-HTTP
19760,6,2,120,2,0,0,0,PortScan
80,17,20,1200,0,0,0,0,DoS-UDP
80,6,20,1200,20,0,0,0,DoS-SYN-Flood
80,6,20,1200,20,0,0,0,DoS-SYN-Flood
80,6,20,1200,20,0,0,0,DoS-SYN-Flood
80,17,20,1200,0,0,0,0,DoS-UDP
0,1,20,840,0,0,0,0,DoS-ICMP
53308,6,20,28960,0,20,0,0,BENIGN
80,17,20,1200,0,0,0,0,DoS-UDP
80,17,20,1200,0,0,0,0,DoS-UDP
19472,6,2,120,2,0,0,0,PortScan
0,1,20,840,0,0,0,0,DoS-ICMP
49105,6,2,120,2,0,0,0,PortScan
80,17,20,1200,0,0,0,0,DoS-UDP
36520,17,20,27980,0,0,0,0,BENIGN
80,6,20,1200,20,0,0,0,DoS-SYN-Flood
80,6,20,1480,20,0,0,0,DoS-HTTP
0,1,20,840,0,0,0,0,DoS-ICMP
16308,6,2,120,2,0,0,0,PortScan
80,6,20,1200,20,0,0,0,DoS-SYN-Flood
80,6,20,1480,20,0,0,0,DoS-HTTP
28318,6,2,120,2,0,0,0,PortScan
18887,6,2,120,2,0,0,0,PortScan
0,1,20,840,0,0,0,0,DoS-ICMP
0,1,20,1200,0,0,0,0,DoS-ICMP
80,17,20,1200,0,0,0,0,DoS-UDP
80,17,20,1200,0,0,0,0,DoS-UDP
22,6,20,1200,0,0,20,0,SSH-Bruteforce
49763,6,2,120,2,0,0,0,PortScan
60742,6,4,232,4,4,0,0,SSH-Bruteforce
22,6,20,1200,0,0,20,0,SSH-Bruteforce
80,6,20,1480,20,0,0,0,DoS-HTTP
0,1,20,840,0,0,0,0,DoS-ICMP
80,17,20,1200,0,0,0,0,DoS-UDP
53272,6,11,594,0,11,0,1,BENIGN
18487,6,5,290,5,5,0,0,SSH-Bruteforce
80,17,20,1200,0,0,0,0,DoS-UDP
0,1,20,840,0,0,0,0,DoS-ICMP
37701,6,2,120,2,0,0,0,PortScan
80,6,20,1200,20,0,0,0,DoS-SYN-Flood
53258,6,20,29368,0,20,0,0,BENIGN
80,17,20,1200,0,0,0,0,DoS-UDP
43270,6,2,120,2,0,0,0,PortScan
41308,17,20,27980,0,0,0,0,BENIGN
8011,6,8,464,8,8,0,0,SSH-Bruteforce
0,1,20,1200,0,0,0,0,DoS-ICMP
80,6,20,1200,20,0,0,0,DoS-SYN-Flood
80,6,20,1200,20,0,0,0,DoS-SYN-Flood
46542,6,2,120,2,0,0,0,PortScan
80,6,20,1480,20,0,0,0,DoS-HTTP
80,17,20,1200,0,0,0,0,DoS-UDP
80,6,20,1480,20,0,0,0,DoS-HTTP
80,6,20,1200,20,0,0,0,DoS-SYN-Flood
36520,17,20,27980,0,0,0,0,BENIGN
80,6,20,1200,20,0,0,0,DoS-SYN-Flood
80,17,20,1200,0,0,0,0,DoS-UDP
80,17,20,1200,0,0,0,0,DoS-UDP
80,6,20,1200,20,0,0,0,DoS-SYN-Flood
80,17,20,1200,0,0,0,0,DoS-UDP
0,1,20,1200,0,0,0,0,DoS-ICMP
0,1,20,840,0,0,0,0,DoS-ICMP
80,17,20,1200,0,0,0,0,DoS-UDP
6293,6,4,240,4,0,0,0,PortScan
443,6,20,2337,0,20,0,0,BENIGN
0,1,20,840,0,0,0,0,DoS-ICMP
80,6,20,1200,20,0,0,0,DoS-SYN-Flood
80,17,20,1200,0,0,0,0,DoS-UDP
80,6,20,1200,20,0,0,0,DoS-SYN-Flood
58784,6,7,406,7,7,0,0,SSH-Bruteforce
80,17,20,1200,0,0,0,0,DoS-UDP
0,1,20,840,0,0,0,0,DoS-ICMP
80,6,20,1200,20,0,0,0,DoS-SYN-Flood
36520,17,20,27329,0,0,0,0,BENIGN
0,1,20,840,0,0,0,0,DoS-ICMP
36520,17,20,27980,0,0,0,0,BENIGN
46407,6,4,240,4,0,0,0,PortScan
23367,6,8,464,8,8,0,0,SSH-Bruteforce
0,1,20,840,0,0,0,0,DoS-ICMP
7028,6,4,240,4,0,0,0,PortScan
80,6,20,1200,20,0,0,0,DoS-SYN-Flood
58726,6,2,120,2,0,0,0,PortScan
80,6,20,1480,20,0,0,0,DoS-HTTP
0,1,20,1200,0,0,0,0,DoS-ICMP
6287,6,10,580,10,10,0,0,SSH-Bruteforce
22,6,20,1200,1,0,19,0,SSH-Bruteforce
60571,6,2,120,2,0,0,0,PortScan
80,17,20,1200,0,0,0,0,DoS-UDP
80,17,20,1200,0,0,0,0,DoS-UDP
22,6,20,1200,20,0,0,0,SSH-Bruteforce
23760,6,4,232,4,4,0,0,SSH-Bruteforce
80,6,20,1200,20,0,0,0,DoS-SYN-Flood
80,6,20,1200,20,0,0,0,DoS-SYN-Flood
80,6,20,1200,20,0,0,0,DoS-SYN-Flood
33240,6,20,29200,0,20,0,0,BENIGN
80,6,20,1200,20,0,0,0,DoS-SYN-Flood
60886,6,20,26541,0,20,0,0,BENIGN
6825,6,6,348,6,6,0,0,SSH-Bruteforce
80,6,20,1480,20,0,0,0,DoS-HTTP
80,6,20,1480,20,0,0,0,DoS-HTTP
56906,6,4,240,4,0,0,0,PortScan
18579,6,2,120,2,0,0,0,PortScan
80,6,20,1200,20,0,0,0,DoS-SYN-Flood
60886,6,20,28960,0,20,0,0,BENIGN
36520,17,20,27980,0,0,0,0,BENIGN
0,1,20,1200,0,0,0,0,DoS-ICMP
80,17,20,1200,0,0,0,0,DoS-UDP
36520,17,20,27980,0,0,0,0,BENIGN
0,1,20,840,0,0,0,0,DoS-ICMP
80,17,20,1200,0,0,0,0,DoS-UDP
59275,6,2,120,2,0,0,0,PortScan
80,6,20,1480,20,0,0,0,DoS-HTTP
22,6,20,1200,10,0,10,0,SSH-Bruteforce
22,6,20,1200,20,0,0,0,SSH-Bruteforce
22,6,20,1200,19,0,1,0,SSH-Bruteforce
9405,6,4,240,4,0,0,0,PortScan
80,6,20,1200,20,0,0,0,DoS-SYN-Flood
80,6,20,1200,20,0,0,0,DoS-SYN-Flood
80,6,20,1200,20,0,0,0,DoS-SYN-Flood
57731,6,2,120,2,0,0,0,PortScan
80,6,20,1480,20,0,0,0,DoS-HTTP
0,1,20,840,0,0,0,0,DoS-ICMP
63625,6,2,120,2,0,0,0,PortScan
0,1,20,840,0,0,0,0,DoS-ICMP
80,6,20,1200,20,0,0,0,DoS-SYN-Flood
80,17,20,1200,0,0,0,0,DoS-UDP
80,6,20,1480,20,0,0,0,DoS-HTTP
0,1,20,840,0,0,0,0,DoS-ICMP
80,6,20,1480,20,0,0,0,DoS-HTTP
80,6,20,1480,20,0,0,0,DoS-HTTP
61459,6,7,406,7,7,0,0,SSH-Bruteforce
80,6,20,1480,20,0,0,0,DoS-HTTP
80,6,20,1480,20,0,0,0,DoS-HTTP
36520,17,20,27980,0,0,0,0,BENIGN
7637,6,4,240,4,0,0,0,PortScan
22,6,20,1200,0,0,20,0,SSH-Bruteforce
62609,6,4,240,4,0,0,0,PortScan
18755,6,4,240,4,0,0,0,PortScan
0,1,20,1200,0,0,0,0,DoS-ICMP
0,1,20,1200,0,0,0,0,DoS-ICMP
0,1,20,1200,0,0,0,0,DoS-ICMP
80,6,20,1200,20,0,0,0,DoS-SYN-Flood
80,6,20,1200,20,0,0,0,DoS-SYN-Flood
80,17,20,1200,0,0,0,0,DoS-UDP
22,6,20,1200,20,0,0,0,SSH-Bruteforce
80,6,20,1480,20,0,0,0,DoS-HTTP
80,6,20,1480,20,0,0,0,DoS-HTTP
80,17,20,1200,0,0,0,0,DoS-UDP
80,17,20,1200,0,0,0,0,DoS-UDP
0,1,20,1200,0,0,0,0,DoS-ICMP
36520,17,20,27980,0,0,0,0,BENIGN
80,6,20,1480,20,0,0,0,DoS-HTTP
52774,6,16,928,16,16,0,0,SSH-Bruteforce
39902,17,20,27980,0,0,0,0,BENIGN
80,6,20,1480,20,0,0,0,DoS-HTTP
10113,6,6,360,6,0,0,0,PortScan
80,6,20,1480,20,0,0,0,DoS-HTTP
80,6,20,1480,20,0,0,0,DoS-HTTP
80,6,20,1480,20,0,0,0,DoS-HTTP
80,6,20,1480,20,0,0,0,DoS-HTTP
53594,6,2,120,2,0,0,0,PortScan
80,6,20,1480,20,0,0,0,DoS-HTTP
35393,6,12,696,12,12,0,0,SSH-Bruteforce
0,1,20,1200,0,0,0,0,DoS-ICMP
53322,6,4,216,0,4,0,1,BENIGN
80,17,20,1200,0,0,0,0,DoS-UDP
0,1,20,1200,0,0,0,0,DoS-ICMP
80,6,20,1480,20,0,0,0,DoS-HTTP
80,6,20,1200,20,0,0,0,DoS-SYN-Flood
80,6,20,1480,20,0,0,0,DoS-HTTP
80,17,20,1200,0,0,0,0,DoS-UDP
45477,6,7,406,7,7,0,0,SSH-Bruteforce
443,6,20,1200,0,20,0,0,BENIGN
80,6,20,1200,20,0,0,0,DoS-SYN-Flood
80,6,20,1200,20,0,0,0,DoS-SYN-Flood
80,6,20,1200,20,0,0,0,DoS-SYN-Flood
22,6,20,1200,20,0,0,0,SSH-Bruteforce
0,1,20,840,0,0,0,0,DoS-ICMP
80,17,20,1200,0,0,0,0,DoS-UDP
49194,6,10,580,10,10,0,0,SSH-Bruteforce
80,17,20,1200,0,0,0,0,DoS-UDP
33240,6,20,28960,0,20,0,0,BENIGN
80,6,20,1480,20,0,0,0,DoS-HTTP
0,1,20,1200,0,0,0,0,DoS-ICMP
80,6,20,1200,20,0,0,0,DoS-SYN-Flood
26361,6,7,406,7,7,0,0,SSH-Bruteforce
59369,6,8,464,8,8,0,0,SSH-Bruteforce
80,6,20,1480,20,0,0,0,DoS-HTTP
34492,6,2,120,2,0,0,0,PortScan
12537,6,4,240,4,0,0,0,PortScan
3267,6,4,240,4,0,0,0,PortScan
22,6,20,1200,0,0,20,0,SSH-Bruteforce
0,1,20,840,0,0,0,0,DoS-ICMP
80,6,20,1480,20,0,0,0,DoS-HTTP
51782,6,2,120,2,0,0,0,PortScan
8970,6,4,240,4,0,0,0,PortScan
0,1,20,1200,0,0,0,0,DoS-ICMP
0,1,20,840,0,0,0,0,DoS-ICMP
22,6,20,1200,0,0,20,0,SSH-Bruteforce
37146,6,2,120,2,0,0,0,PortScan
0,1,20,840,0,0,0,0,DoS-ICMP
80,6,20,1200,20,0,0,0,DoS-SYN-Flood
80,17,20,1200,0,0,0,0,DoS-UDP
80,6,20,1480,20,0,0,0,DoS-HTTP
80,6,20,1200,20,0,0,0,DoS-SYN-Flood
80,17,20,1200,0,0,0,0,DoS-UDP
80,6,20,1480,20,0,0,0,DoS-HTTP
22,6,20,1200,20,0,0,0,SSH-Bruteforce
80,6,20,1200,20,0,0,0,DoS-SYN-Flood
443,6,20,1200,0,20,0,0,BENIGN
80,6,20,1480,20,0,0,0,DoS-HTTP
80,17,20,1200,0,0,0,0,DoS-UDP
80,6,20,1480,20,0,0,0,DoS-HTTP
22,6,20,1200,0,0,20,0,SSH-Bruteforce
22,6,20,1200,20,0,0,0,SSH-Bruteforce
80,6,20,1200,20,0,0,0,DoS-SYN-Flood
0,1,20,840,0,0,0,0,DoS-ICMP
0,1,20,1200,0,0,0,0,DoS-ICMP
38444,6,6,348,6,6,0,0,SSH-Bruteforce
80,17,20,1200,0,0,0,0,DoS-UDP
56972,6,4,240,4,0,0,0,PortScan
0,1,20,1200,0,0,0,0,DoS-ICMP
20778,6,2,120,2,0,0,0,PortScan
80,17,20,1200,0,0,0,0,DoS-UDP
80,17,20,1200,0,0,0,0,DoS-UDP
80,6,20,1200,20,0,0,0,DoS-SYN-Flood
80,6,20,1480,20,0,0,0,DoS-HTTP
80,6,20,1200,20,0,0,0,DoS-SYN-Flood
28421,6,2,120,2,0,0,0,PortScan
8785,6,4,240,4,0,0,0,PortScan
63390,6,7,406,7,7,0,0,SSH-Bruteforce
80,6,20,1200,20,0,0,0,DoS-SYN-Flood
80,6,20,1480,20,0,0,0,DoS-HTTP
80,6,20,1480,20,0,0,0,DoS-HTTP
0,1,20,1200,0,0,0,0,DoS-ICMP
80,17,20,1200,0,0,0,0,DoS-UDP
80,6,20,1480,20,0,0,0,DoS-HTTP
55315,6,4,240,4,0,0,0,PortScan
0,1,20,840,0,0,0,0,DoS-ICMP
0,1,20,840,0,0,0,0,DoS-ICMP
80,6,20,1480,20,0,0,0,DoS-HTTP
80,6,20,1200,20,0,0,0,DoS-SYN-Flood
16864,6,2,120,2,0,0,0,PortScan
80,6,20,1480,20,0,0,0,DoS-HTTP
80,6,20,1200,20,0,0,0,DoS-SYN-Flood
45537,6,2,120,2,0,0,0,PortScan
80,17,20,1200,0,0,0,0,DoS-UDP
0,1,20,1200,0,0,0,0,DoS-ICMP
80,6,20,1480,20,0,0,0,DoS-HTTP
0,1,20,840,0,0,0,0,DoS-ICMP
0,1,20,1200,0,0,0,0,DoS-ICMP
55428,6,2,120,2,0,0,0,PortScan
80,6,20,1200,20,0,0,0,DoS-SYN-Flood
80,6,20,1200,20,0,0,0,DoS-SYN-Flood
80,6,20,1200,20,0,0,0,DoS-SYN-Flood
33240,6,20,29020,0,20,0,0,BENIGN
80,17,20,1200,0,0,0,0,DoS-UDP
0,1,20,1200,0,0,0,0,DoS-ICMP
0,1,20,840,0,0,0,0,DoS-ICMP
80,17,20,1200,0,0,0,0,DoS-UDP
80,6,20,1200,20,0,0,0,DoS-SYN-Flood
80,17,20,1200,0,0,0,0,DoS-UDP
80,6,20,1200,20,0,0,0,DoS-SYN-Flood
80,17,20,1200,0,0,0,0,DoS-UDP
80,17,20,1200,0,0,0,0,DoS-UDP
80,17,20,1200,0,0,0,0,DoS-UDP
80,6,20,1200,20,0,0,0,DoS-SYN-Flood
46249,6,9,522,9,9,0,0,SSH-Bruteforce
877,6,4,240,4,0,0,0,PortScan
0,1,20,1200,0,0,0,0,DoS-ICMP
2429,6,4,240,4,0,0,0,PortScan
80,17,20,1200,0,0,0,0,DoS-UDP
59151,6,6,348,6,6,0,0,SSH-Bruteforce
80,17,20,1200,0,0,0,0,DoS-UDP
0,1,20,840,0,0,0,0,DoS-ICMP
80,6,20,1200,20,0,0,0,DoS-SYN-Flood
80,6,20,1200,20,0,0,0,DoS-SYN-Flood
0,1,20,840,0,0,0,0,DoS-ICMP
27898,6,2,120,2,0,0,0,PortScan
6635,6,8,464,8,8,0,0,SSH-Bruteforce
80,6,20,1480,20,0,0,0,DoS-HTTP
0,1,20,1200,0,0,0,0,DoS-ICMP
13892,6,9,522,9,9,0,0,SSH-Bruteforce
0,1,20,1200,0,0,0,0,DoS-ICMP
80,17,20,1200,0,0,0,0,DoS-UDP
9233,6,9,522,9,9,0,0,SSH-Bruteforce
58977,6,2,120,2,0,0,0,PortScan
53348,6,2,120,2,0,0,0,PortScan
0,1,20,840,0,0,0,0,DoS-ICMP
80,6,20,1480,20,0,0,0,DoS-HTTP
0,1,20,840,0,0,0,0,DoS-ICMP
63620,6,2,120,2,0,0,0,PortScan
80,6,20,1480,20,0,0,0,DoS-HTTP
23600,6,4,240,4,0,0,0,PortScan
22,6,20,1200,7,0,13,0,SSH-Bruteforce
80,6,20,1200,20,0,0,0,DoS-SYN-Flood
80,17,20,1200,0,0,0,0,DoS-UDP
40166,6,20,10329,1,20,0,1,BENIGN
47164,6,2,120,2,0,0,0,PortScan
13014,6,4,240,4,0,0,0,PortScan
80,17,20,1200,0,0,0,0,DoS-UDP
0,1,20,840,0,0,0,0,DoS-ICMP
23389,6,2,120,2,0,0,0,PortScan
0,1,20,1200,0,0,0,0,DoS-ICMP
22,6,20,1200,0,0,20,0,SSH-Bruteforce
22,6,20,1200,20,0,0,0,SSH-Bruteforce
52438,6,2,120,2,0,0,0,PortScan
0,1,20,1200,0,0,0,0,DoS-ICMP
16608,6,7,406,7,7,0,0,SSH-Bruteforce
0,1,20,840,0,0,0,0,DoS-ICMP
80,6,20,1200,20,0,0,0,DoS-SYN-Flood
22,6,20,1200,10,0,10,0,SSH-Bruteforce
443,6,20,2574,0,20,0,0,BENIGN
80,6,20,1480,20,0,0,0,DoS-HTTP
80,6,20,1480,20,0,0,0,DoS-HTTP
0,1,20,1200,0,0,0,0,DoS-ICMP
0,1,20,840,0,0,0,0,DoS-ICMP
53272,6,20,29200,0,20,0,0,BENIGN
80,17,20,1200,0,0,0,0,DoS-UDP
58013,6,4,240,4,0,0,0,PortScan
0,1,20,1200,0,0,0,0,DoS-ICMP
0,1,20,1200,0,0,0,0,DoS-ICMP
17284,6,8,464,8,8,0,0,SSH-Bruteforce
19852,6,5,290,5,5,0,0,SSH-Bruteforce
80,17,20,1200,0,0,0,0,DoS-UDP
22,6,20,1200,3,0,17,0,SSH-Bruteforce
80,6,20,1480,20,0,0,0,DoS-HTTP
80,6,20,1200,20,0,0,0,DoS-SYN-Flood
80,17,20,1200,0,0,0,0,DoS-UDP
80,17,20,1200,0,0,0,0,DoS-UDP
16937,6,2,120,2,0,0,0,PortScan
80,6,20,1480,20,0,0,0,DoS-HTTP
80,17,20,1200,0,0,0,0,DoS-UDP
80,6,20,1480,20,0,0,0,DoS-HTTP
136,6,8,464,8,8,0,0,SSH-Bruteforce
9617,6,4,240,4,0,0,0,PortScan
80,6,20,1480,20,0,0,0,DoS-HTTP
80,6,20,1200,20,0,0,0,DoS-SYN-Flood
22050,6,2,120,2,0,0,0,PortScan
80,17,20,1200,0,0,0,0,DoS-UDP
54352,6,2,120,2,0,0,0,PortScan
80,6,20,1200,20,0,0,0,DoS-SYN-Flood
80,6,20,1480,20,0,0,0,DoS-HTTP
80,6,20,1200,20,0,0,0,DoS-SYN-Flood
80,17,20,1200,0,0,0,0,DoS-UDP
47413,6,4,240,4,0,0,0,PortScan
22,6,20,1200,9,0,11,0,SSH-Bruteforce
3834,6,5,290,5,5,0,0,SSH-Bruteforce
354,6,8,464,8,8,0,0,SSH-Bruteforce
0,1,20,840,0,0,0,0,DoS-ICMP
80,6,20,1200,20,0,0,0,DoS-SYN-Flood
80,6,20,1480,20,0,0,0,DoS-HTTP
41308,17,20,27980,0,0,0,0,BENIGN
80,6,20,1480,20,0,0,0,DoS-HTTP
0,1,20,1200,0,0,0,0,DoS-ICMP
19809,6,2,120,2,0,0,0,PortScan
80,6,20,1480,20,0,0,0,DoS-HTTP
22,6,20,1200,18,0,2,0,SSH-Bruteforce
0,1,20,840,0,0,0,0,DoS-ICMP
0,1,20,1200,0,0,0,0,DoS-ICMP
22,6,20,1200,15,0,5,0,SSH-Bruteforce
80,17,20,1200,0,0,0,0,DoS-UDP
12294,6,6,360,6,0,0,0,PortScan
80,6,20,1480,20,0,0,0,DoS-HTTP
48806,17,20,27980,0,0,0,0,BENIGN
63636,6,2,120,2,0,0,0,PortScan
64270,6,2,120,2,0,0,0,PortScan
0,1,20,1200,0,0,0,0,DoS-ICMP
80,6,20,1480,20,0,0,0,DoS-HTTP
80,6,20,1480,20,0,0,0,DoS-HTTP
0,1,20,840,0,0,0,0,DoS-ICMP
0,1,20,840,0,0,0,0,DoS-ICMP
33868,6,8,464,8,8,0,0,SSH-Bruteforce
0,1,20,840,0,0,0,0,DoS-ICMP
80,17,20,1200,0,0,0,0,DoS-UDP
80,6,20,1200,20,0,0,0,DoS-SYN-Flood
25310,6,5,290,5,5,0,0,SSH-Bruteforce
0,1,20,1200,0,0,0,0,DoS-ICMP
80,17,20,1200,0,0,0,0,DoS-UDP
80,6,20,1200,20,0,0,0,DoS-SYN-Flood
80,6,20,1200,20,0,0,0,DoS-SYN-Flood
80,6,20,1480,20,0,0,0,DoS-HTTP
80,17,20,1200,0,0,0,0,DoS-UDP
4934,6,4,240,4,0,0,0,PortScan
80,6,20,1200,20,0,0,0,DoS-SYN-Flood
42440,17,20,24255,0,0,0,0,BENIGN
80,17,20,1200,0,0,0,0,DoS-UDP
38964,6,4,240,4,0,0,0,PortScan
80,6,20,1480,20,0,0,0,DoS-HTTP
80,17,20,1200,0,0,0,0,DoS-UDP
80,17,20,1200,0,0,0,0,DoS-UDP
62261,6,4,240,4,0,0,0,PortScan
22,6,20,1200,0,0,20,0,SSH-Bruteforce
80,6,20,1480,20,0,0,0,DoS-HTTP
25920,6,9,522,9,9,0,0,SSH-Bruteforce
36664,6,19,6209,1,19,0,1,BENIGN
0,1,20,1200,0,0,0,0,DoS-ICMP
53643,6,10,580,10,10,0,0,SSH-Bruteforce
0,1,20,1200,0,0,0,0,DoS-ICMP
80,6,20,1480,20,0,0,0,DoS-HTTP
44642,6,7,406,7,7,0,0,SSH-Bruteforce
46057,6,10,580,10,10,0,0,SSH-Bruteforce
53853,6,4,240,4,0,0,0,PortScan
24503,6,2,120,2,0,0,0,PortScan
80,17,20,1200,0,0,0,0,DoS-UDP
25926,6,8,464,8,8,0,0,SSH-Bruteforce
29396,6,2,120,2,0,0,0,PortScan
0,1,20,1200,0,0,0,0,DoS-ICMP
80,6,20,1480,20,0,0,0,DoS-HTTP
0,1,20,840,0,0,0,0,DoS-ICMP
0,1,20,1200,0,0,0,0,DoS-ICMP
54543,6,4,240,4,0,0,0,PortScan
80,17,20,1200,0,0,0,0,DoS-UDP
64180,6,7,406,7,7,0,0,SSH-Bruteforce
80,6,20,1480,20,0,0,0,DoS-HTTP
80,6,20,1480,20,0,0,0,DoS-HTTP
80,6,20,1480,20,0,0,0,DoS-HTTP
27144,6,6,348,6,6,0,0,SSH-Bruteforce
80,6,20,1200,20,0,0,0,DoS-SYN-Flood
80,6,20,1200,20,0,0,0,DoS-SYN-Flood
80,17,20,1200,0,0,0,0,DoS-UDP
80,6,20,1480,20,0,0,0,DoS-HTTP
19263,6,8,464,8,8,0,0,SSH-Bruteforce
35567,6,9,522,9,9,0,0,SSH-Bruteforce
0,1,20,1200,0,0,0,0,DoS-ICMP
443,6,20,14163,1,19,0,1,BENIGN
39902,17,20,27980,0,0,0,0,BENIGN
80,17,20,1200,0,0,0,0,DoS-UDP
1411,6,4,232,4,4,0,0,SSH-Bruteforce
0,1,20,840,0,0,0,0,DoS-ICMP
36520,17,20,27980,0,0,0,0,BENIGN
80,17,20,1200,0,0,0,0,DoS-UDP
0,1,20,840,0,0,0,0,DoS-ICMP
36520,17,20,27980,0,0,0,0,BENIGN
80,6,20,1200,20,0,0,0,DoS-SYN-Flood
53229,6,2,120,2,0,0,0,PortScan
63929,6,2,120,2,0,0,0,PortScan
0,1,20,1200,0,0,0,0,DoS-ICMP
80,6,20,1480,20,0,0,0,DoS-HTTP
10165,6,8,464,8,8,0,0,SSH-Bruteforce
80,17,20,1200,0,0,0,0,DoS-UDP
10354,6,8,464,8,8,0,0,SSH-Bruteforce
0,1,20,1200,0,0,0,0,DoS-ICMP
62483,6,2,120,2,0,0,0,PortScan
42574,6,7,406,7,7,0,0,SSH-Bruteforce
32815,6,7,406,7,7,0,0,SSH-Bruteforce
80,6,20,1480,20,0,0,0,DoS-HTTP
443,6,20,2691,0,20,0,0,BENIGN
80,6,20,1480,20,0,0,0,DoS-HTTP
80,17,20,1200,0,0,0,0,DoS-UDP
80,6,20,1480,20,0,0,0,DoS-HTTP
0,1,20,1200,0,0,0,0,DoS-ICMP
80,6,20,1480,20,0,0,0,DoS-HTTP
80,6,20,1480,20,0,0,0,DoS-HTTP
80,6,20,1200,20,0,0,0,DoS-SYN-Flood
7734,6,6,348,6,6,0,0,SSH-Bruteforce
80,17,20,1200,0,0,0,0,DoS-UDP
80,17,20,1200,0,0,0,0,DoS-UDP
80,6,20,1480,20,0,0,0,DoS-HTTP
22,6,20,1200,0,0,20,0,SSH-Bruteforce
60516,6,20,29163,0,20,0,0,BENIGN
27743,6,2,120,2,0,0,0,PortScan
80,6,20,1480,20,0,0,0,DoS-HTTP
80,6,20,1480,20,0,0,0,DoS-HTTP
80,17,20,1200,0,0,0,0,DoS-UDP
80,17,20,1200,0,0,0,0,DoS-UDP
80,17,20,1200,0,0,0,0,DoS-UDP
47774,17,20,27980,0,0,0,0,BENIGN
80,6,20,1200,20,0,0,0,DoS-SYN-Flood
28804,6,2,120,2,0,0,0,PortScan
80,6,20,1480,20,0,0,0,DoS-HTTP
22,6,20,1200,0,0,20,0,SSH-Bruteforce
0,1,20,840,0,0,0,0,DoS-ICMP
443,17,20,13700,0,0,0,0,BENIGN
80,6,20,1480,20,0,0,0,DoS-HTTP
0,1,20,1200,0,0,0,0,DoS-ICMP
80,17,20,1200,0,0,0,0,DoS-UDP
55444,6,2,120,2,0,0,0,PortScan
80,6,20,1200,20,0,0,0,DoS-SYN-Flood
80,6,20,1480,20,0,0,0,DoS-HTTP
80,6,20,1200,20,0,0,0,DoS-SYN-Flood
0,1,20,840,0,0,0,0,DoS-ICMP
11077,6,7,406,7,7,0,0,SSH-Bruteforce
80,6,20,1480,20,0,0,0,DoS-HTTP
80,6,20,1480,20,0,0,0,DoS-HTTP
22,6,20,1200,0,0,20,0,SSH-Bruteforce
80,17,20,1200,0,0,0,0,DoS-UDP
80,6,20,1200,20,0,0,0,DoS-SYN-Flood
17841,6,8,464,8,8,0,0,SSH-Bruteforce
12537,6,8,464,8,8,0,0,SSH-Bruteforce
22,6,20,1200,0,0,20,0,SSH-Bruteforce
61522,6,6,348,6,6,0,0,SSH-Bruteforce
0,1,20,840,0,0,0,0,DoS-ICMP
80,17,20,1200,0,0,0,0,DoS-UDP
80,6,20,1480,20,0,0,0,DoS-HTTP
80,6,20,1200,20,0,0,0,DoS-SYN-Flood
29518,6,4,240,4,0,0,0,PortScan
4498,6,4,240,4,0,0,0,PortScan
80,6,20,1200,20,0,0,0,DoS-SYN-Flood
80,17,20,1200,0,0,0,0,DoS-UDP
80,6,20,1480,20,0,0,0,DoS-HTTP
80,6,20,1200,20,0,0,0,DoS-SYN-Flood
80,6,20,1200,20,0,0,0,DoS-SYN-Flood
80,6,20,1200,20,0,0,0,DoS-SYN-Flood
80,6,20,1480,20,0,0,0,DoS-HTTP
43386,6,8,464,8,8,0,0,SSH-Bruteforce
9453,6,4,240,4,0,0,0,PortScan
80,6,20,1200,20,0,0,0,DoS-SYN-Flood
80,6,20,1480,20,0,0,0,DoS-HTTP
22,6,20,1200,20,0,0,0,SSH-Bruteforce
80,6,20,1480,20,0,0,0,DoS-HTTP
80,6,20,1480,20,0,0,0,DoS-HTTP
0,1,20,840,0,0,0,0,DoS-ICMP
16002,6,4,240,4,0,0,0,PortScan
80,6,20,1480,20,0,0,0,DoS-HTTP
80,6,20,1200,20,0,0,0,DoS-SYN-Flood
0,1,20,840,0,0,0,0,DoS-ICMP
22,6,20,1200,20,0,0,0,SSH-Bruteforce
17037,6,6,348,6,6,0,0,SSH-Bruteforce
59350,6,2,120,2,0,0,0,PortScan
61511,6,6,348,6,6,0,0,SSH-Bruteforce
24161,6,2,120,2,0,0,0,PortScan
80,17,20,1200,0,0,0,0,DoS-UDP
54519,6,2,120,2,0,0,0,PortScan
33434,6,2,120,2,0,0,0,PortScan
80,6,20,1480,20,0,0,0,DoS-HTTP
6804,6,4,240,4,0,0,0,PortScan
0,1,20,840,0,0,0,0,DoS-ICMP
0,1,20,840,0,0,0,0,DoS-ICMP
22,6,20,1200,19,0,1,0,SSH-Bruteforce
80,17,20,1200,0,0,0,0,DoS-UDP
80,6,20,1480,20,0,0,0,DoS-HTTP
80,6,20,1200,20,0,0,0,DoS-SYN-Flood
10361,6,4,240,4,0,0,0,PortScan
0,1,20,1200,0,0,0,0,DoS-ICMP
53070,6,11,638,11,11,0,0,SSH-Bruteforce
38999,6,5,290,5,5,0,0,SSH-Bruteforce
80,6,20,1480,20,0,0,0,DoS-HTTP
80,17,20,1200,0,0,0,0,DoS-UDP
80,17,20,1200,0,0,0,0,DoS-UDP
80,17,20,1200,0,0,0,0,DoS-UDP
36584,6,4,240,4,0,0,0,PortScan
80,6,20,1200,20,0,0,0,DoS-SYN-Flood
0,1,20,1200,0,0,0,0,DoS-ICMP
46761,6,7,406,7,7,0,0,SSH-Bruteforce
80,17,20,1200,0,0,0,0,DoS-UDP
0,1,20,840,0,0,0,0,DoS-ICMP
80,17,20,1200,0,0,0,0,DoS-UDP
80,6,20,1480,20,0,0,0,DoS-HTTP
9583,6,4,240,4,0,0,0,PortScan
22,6,20,1200,18,0,2,0,SSH-Bruteforce
80,17,20,1200,0,0,0,0,DoS-UDP
22,6,20,1200,1,0,19,0,SSH-Bruteforce
80,6,20,1200,20,0,0,0,DoS-SYN-Flood
80,6,20,1480,20,0,0,0,DoS-HTTP
80,17,20,1200,0,0,0,0,DoS-UDP
22,6,20,1200,20,0,0,0,SSH-Bruteforce
80,6,20,1200,20,0,0,0,DoS-SYN-Flood
18061,6,6,348,6,6,0,0,SSH-Bruteforce
22,6,20,1200,20,0,0,0,SSH-Bruteforce
62008,6,2,120,2,0,0,0,PortScan
0,1,20,840,0,0,0,0,DoS-ICMP
80,6,20,1200,20,0,0,0,DoS-SYN-Flood
22,6,20,1200,20,0,0,0,SSH-Bruteforce
80,6,20,1200,20,0,0,0,DoS-SYN-Flood
80,17,20,1200,0,0,0,0,DoS-UDP
443,6,20,1709,1,19,0,0,BENIGN
15169,6,8,464,8,8,0,0,SSH-Bruteforce
80,17,20,1200,0,0,0,0,DoS-UDP
80,6,20,1480,20,0,0,0,DoS-HTTP
80,6,20,1200,20,0,0,0,DoS-SYN-Flood
0,1,20,840,0,0,0,0,DoS-ICMP
26839,6,2,120,2,0,0,0,PortScan
443,6,20,9583,3,17,0,0,BENIGN
80,6,20,1480,20,0,0,0,DoS-HTTP
80,6,20,1480,20,0,0,0,DoS-HTTP
0,1,20,840,0,0,0,0,DoS-ICMP
80,17,20,1200,0,0,0,0,DoS-UDP
80,6,20,1200,20,0,0,0,DoS-SYN-Flood
41852,6,2,120,2,0,0,0,PortScan
80,17,20,1200,0,0,0,0,DoS-UDP
36520,17,20,27980,0,0,0,0,BENIGN
5286,6,5,290,5,5,0,0,SSH-Bruteforce
36520,17,20,27980,0,0,0,0,BENIGN
0,1,20,840,0,0,0,0,DoS-ICMP
443,6,12,2964,0,12,0,1,BENIGN
80,6,20,1480,20,0,0,0,DoS-HTTP
1336,6,4,240,4,0,0,0,PortScan
80,17,20,1200,0,0,0,0,DoS-UDP
80,6,20,1200,20,0,0,0,DoS-SYN-Flood
80,6,20,1200,20,0,0,0,DoS-SYN-Flood
80,6,20,1480,20,0,0,0,DoS-HTTP
80,6,20,1200,20,0,0,0,DoS-SYN-Flood
1620,6,4,240,4,0,0,0,PortScan
0,1,20,840,0,0,0,0,DoS-ICMP
49971,6,2,120,2,0,0,0,PortScan
80,17,20,1200,0,0,0,0,DoS-UDP
0,1,20,1200,0,0,0,0,DoS-ICMP
0,1,20,840,0,0,0,0,DoS-ICMP
0,1,20,1200,0,0,0,0,DoS-ICMP
80,17,20,1200,0,0,0,0,DoS-UDP
36829,6,2,120,2,0,0,0,PortScan
80,6,20,1200,20,0,0,0,DoS-SYN-Flood
36520,17,20,27980,0,0,0,0,BENIGN
80,17,20,1200,0,0,0,0,DoS-UDP
38747,6,2,120,2,0,0,0,PortScan
19094,6,2,120,2,0,0,0,PortScan
80,17,20,1200,0,0,0,0,DoS-UDP
80,6,20,1480,20,0,0,0,DoS-HTTP
80,6,20,1200,20,0,0,0,DoS-SYN-Flood
80,17,20,1200,0,0,0,0,DoS-UDP
80,17,20,1200,0,0,0,0,DoS-UDP
80,6,20,1480,20,0,0,0,DoS-HTTP
80,6,20,1480,20,0,0,0,DoS-HTTP
41546,6,2,120,2,0,0,0,PortScan
0,1,20,1200,0,0,0,0,DoS-ICMP
80,17,20,1200,0,0,0,0,DoS-UDP
0,1,20,840,0,0,0,0,DoS-ICMP
0,1,20,1200,0,0,0,0,DoS-ICMP
37821,6,11,638,11,11,0,0,SSH-Bruteforce
2049,6,4,240,4,0,0,0,PortScan
80,6,20,1480,20,0,0,0,DoS-HTTP
22446,6,2,120,2,0,0,0,PortScan
80,17,20,1200,0,0,0,0,DoS-UDP
0,1,20,840,0,0,0,0,DoS-ICMP
0,1,20,840,0,0,0,0,DoS-ICMP
80,17,20,1200,0,0,0,0,DoS-UDP
80,6,20,1480,20,0,0,0,DoS-HTTP
22,6,20,1200,20,0,0,0,SSH-Bruteforce
44201,6,2,120,2,0,0,0,PortScan
80,6,20,1200,20,0,0,0,DoS-SYN-Flood
62925,6,2,120,2,0,0,0,PortScan
80,17,20,1200,0,0,0,0,DoS-UDP
80,6,20,1480,20,0,0,0,DoS-HTTP
80,6,20,1480,20,0,0,0,DoS-HTTP
80,6,20,1480,20,0,0,0,DoS-HTTP
60886,6,20,26325,0,20,0,0,BENIGN
14933,6,4,240,4,0,0,0,PortScan
36520,17,20,27980,0,0,0,0,BENIGN
80,6,20,1200,20,0,0,0,DoS-SYN-Flood
0,1,20,1200,0,0,0,0,DoS-ICMP
4750,6,7,406,7,7,0,0,SSH-Bruteforce
80,6,20,1200,20,0,0,0,DoS-SYN-Flood
80,17,20,1200,0,0,0,0,DoS-UDP
22,6,20,1200,7,0,13,0,SSH-Bruteforce
80,17,20,1200,0,0,0,0,DoS-UDP
80,17,20,1200,0,0,0,0,DoS-UDP
80,6,20,1480,20,0,0,0,DoS-HTTP
0,1,20,840,0,0,0,0,DoS-ICMP
80,17,20,1200,0,0,0,0,DoS-UDP
80,6,20,1200,20,0,0,0,DoS-SYN-Flood
80,17,20,1200,0,0,0,0,DoS-UDP
80,6,20,1480,20,0,0,0,DoS-HTTP
0,1,20,1200,0,0,0,0,DoS-ICMP
10049,6,7,406,7,7,0,0,SSH-Bruteforce
6820,6,4,240,4,0,0,0,PortScan
80,17,20,1200,0,0,0,0,DoS-UDP
0,1,20,840,0,0,0,0,DoS-ICMP
80,17,20,1200,0,0,0,0,DoS-UDP
48806,17,20,27980,0,0,0,0,BENIGN
55258,6,7,406,7,7,0,0,SSH-Bruteforce
22,6,20,1200,20,0,0,0,SSH-Bruteforce
80,17,20,1200,0,0,0,0,DoS-UDP
55515,6,2,120,2,0,0,0,PortScan
16132,6,7,406,7,7,0,0,SSH-Bruteforce
44170,6,4,240,4,0,0,0,PortScan
0,1,20,1200,0,0,0,0,DoS-ICMP
57885,6,2,120,2,0,0,0,PortScan
2763,6,6,360,6,0,0,0,PortScan
2718,6,7,406,7,7,0,0,SSH-Bruteforce
80,6,20,1480,20,0,0,0,DoS-HTTP
0,1,20,1200,0,0,0,0,DoS-ICMP
80,6,20,1480,20,0,0,0,DoS-HTTP
80,6,20,1200,20,0,0,0,DoS-SYN-Flood
37926,6,2,120,2,0,0,0,PortScan
26858,6,7,406,7,7,0,0,SSH-Bruteforce
80,6,20,1480,20,0,0,0,DoS-HTTP
80,6,20,1200,20,0,0,0,DoS-SYN-Flood
80,17,20,1200,0,0,0,0,DoS-UDP
3490,6,8,464,8,8,0,0,SSH-Bruteforce
52636,6,11,638,11,11,0,0,SSH-Bruteforce
443,17,20,9207,0,0,0,0,BENIGN
80,6,20,1480,20,0,0,0,DoS-HTTP
80,6,20,1200,20,0,0,0,DoS-SYN-Flood
52909,6,4,240,4,0,0,0,PortScan
0,1,20,1200,0,0,0,0,DoS-ICMP
80,17,20,1200,0,0,0,0,DoS-UDP
80,6,20,1200,20,0,0,0,DoS-SYN-Flood
0,1,20,840,0,0,0,0,DoS-ICMP
80,6,20,1480,20,0,0,0,DoS-HTTP
22,6,20,1200,0,0,20,0,SSH-Bruteforce
80,17,20,1200,0,0,0,0,DoS-UDP
7307,6,6,348,6,6,0,0,SSH-Bruteforce
80,6,20,1480,20,0,0,0,DoS-HTTP
20408,6,4,240,4,0,0,0,PortScan
80,6,20,1200,20,0,0,0,DoS-SYN-Flood
22,6,20,1200,0,0,20,0,SSH-Bruteforce
80,6,20,1200,20,0,0,0,DoS-SYN-Flood
80,17,20,1200,0,0,0,0,DoS-UDP
80,17,20,1200,0,0,0,0,DoS-UDP
80,6,20,1480,20,0,0,0,DoS-HTTP
80,6,20,1200,20,0,0,0,DoS-SYN-Flood
0,1,20,1200,0,0,0,0,DoS-ICMP
80,6,20,1200,20,0,0,0,DoS-SYN-Flood
39309,6,2,120,2,0,0,0,PortScan
51635,6,4,240,4,0,0,0,PortScan
80,6,20,1480,20,0,0,0,DoS-HTTP
80,17,20,1200,0,0,0,0,DoS-UDP
0,1,20,1200,0,0,0,0,DoS-ICMP
0,1,20,840,0,0,0,0,DoS-ICMP
80,6,20,1480,20,0,0,0,DoS-HTTP
14604,6,4,240,4,0,0,0,PortScan
80,17,20,1200,0,0,0,0,DoS-UDP
80,17,20,1200,0,0,0,0,DoS-UDP
80,6,20,1200,20,0,0,0,DoS-SYN-Flood
22,6,20,1200,20,0,0,0,SSH-Bruteforce
80,6,20,1200,20,0,0,0,DoS-SYN-Flood
80,17,20,1200,0,0,0,0,DoS-UDP
80,6,20,1200,20,0,0,0,DoS-SYN-Flood
80,17,20,1200,0,0,0,0,DoS-UDP
49503,6,2,120,2,0,0,0,PortScan
41065,6,2,120,2,0,0,0,PortScan
80,17,20,1200,0,0,0,0,DoS-UDP
0,1,20,840,0,0,0,0,DoS-ICMP
47094,17,20,27980,0,0,0,0,BENIGN
0,1,20,1200,0,0,0,0,DoS-ICMP
80,6,20,1200,20,0,0,0,DoS-SYN-Flood
42679,6,2,120,2,0,0,0,PortScan
80,6,20,1480,20,0,0,0,DoS-HTTP
80,17,20,1200,0,0,0,0,DoS-UDP
80,6,20,1200,20,0,0,0,DoS-SYN-Flood
80,6,20,1480,20,0,0,0,DoS-HTTP
80,6,20,1480,20,0,0,0,DoS-HTTP
45688,6,7,406,7,7,0,0,SSH-Bruteforce
39726,6,13,754,13,13,0,0,SSH-Bruteforce
44787,6,4,240,4,0,0,0,PortScan
54812,6,7,406,7,7,0,0,SSH-Bruteforce
80,6,20,1480,20,0,0,0,DoS-HTTP
80,17,20,1200,0,0,0,0,DoS-UDP
13477,6,4,240,4,0,0,0,PortScan
13857,6,4,240,4,0,0,0,PortScan
13135,6,12,696,12,12,0,0,SSH-Bruteforce
22,6,20,1200,20,0,0,0,SSH-Bruteforce
13139,6,4,240,4,0,0,0,PortScan
80,6,20,1200,20,0,0,0,DoS-SYN-Flood
59804,6,20,18458,0,20,0,0,BENIGN
10528,6,7,406,7,7,0,0,SSH-Bruteforce
41240,6,9,522,9,9,0,0,SSH-Bruteforce
80,6,20,1480,20,0,0,0,DoS-HTTP
0,1,20,840,0,0,0,0,DoS-ICMP
22,6,20,1200,0,0,20,0,SSH-Bruteforce
80,17,20,1200,0,0,0,0,DoS-UDP
62672,6,4,240,4,0,0,0,PortScan
47989,6,2,120,2,0,0,0,PortScan
2724,6,4,240,4,0,0,0,PortScan
37818,6,2,120,2,0,0,0,PortScan
80,6,20,1480,20,0,0,0,DoS-HTTP
0,1,20,1200,0,0,0,0,DoS-ICMP
62852,6,4,240,4,0,0,0,PortScan
0,1,20,1200,0,0,0,0,DoS-ICMP
0,1,20,840,0,0,0,0,DoS-ICMP
80,6,20,1200,20,0,0,0,DoS-SYN-Flood
19565,6,2,120,2,0,0,0,PortScan
80,6,20,1200,20,0,0,0,DoS-SYN-Flood
80,6,20,1200,20,0,0,0,DoS-SYN-Flood
730,6,6,348,6,6,0,0,SSH-Bruteforce
80,17,20,1200,0,0,0,0,DoS-UDP
0,1,20,1200,0,0,0,0,DoS-ICMP
80,6,20,1200,20,0,0,0,DoS-SYN-Flood
0,1,20,840,0,0,0,0,DoS-ICMP
39933,6,2,120,2,0,0,0,PortScan
80,17,20,1200,0,0,0,0,DoS-UDP
0,1,20,1200,0,0,0,0,DoS-ICMP
80,6,20,1480,20,0,0,0,DoS-HTTP
80,6,20,1200,20,0,0,0,DoS-SYN-Flood
22,6,20,1200,19,0,1,0,SSH-Bruteforce
0,1,20,840,0,0,0,0,DoS-ICMP
33661,6,4,240,4,0,0,0,PortScan
40691,6,5,290,5,5,0,0,SSH-Bruteforce
80,6,20,1480,20,0,0,0,DoS-HTTP
80,17,20,1200,0,0,0,0,DoS-UDP
80,6,20,1200,20,0,0,0,DoS-SYN-Flood
0,1,20,840,0,0,0,0,DoS-ICMP
80,6,20,1480,20,0,0,0,DoS-HTTP
80,17,20,1200,0,0,0,0,DoS-UDP
0,1,20,1200,0,0,0,0,DoS-ICMP
10602,6,4,240,4,0,0,0,PortScan
22,6,20,1200,5,0,15,0,SSH-Bruteforce
37110,17,9,2899,0,0,0,0,BENIGN
80,6,20,1480,20,0,0,0,DoS-HTTP
22,6,20,1200,0,0,20,0,SSH-Bruteforce
0,1,20,1200,0,0,0,0,DoS-ICMP
443,17,20,9762,0,0,0,0,BENIGN
26296,6,2,120,2,0,0,0,PortScan
0,1,20,840,0,0,0,0,DoS-ICMP
80,17,20,1200,0,0,0,0,DoS-UDP
80,6,20,1200,20,0,0,0,DoS-SYN-Flood
80,6,20,1480,20,0,0,0,DoS-HTTP
443,6,20,1200,0,20,0,0,BENIGN
35854,6,20,28960,0,20,0,0,BENIGN
49939,6,2,120,2,0,0,0,PortScan
0,1,20,1200,0,0,0,0,DoS-ICMP
22715,6,7,406,7,7,0,0,SSH-Bruteforce
7110,6,4,240,4,0,0,0,PortScan
80,17,20,1200,0,0,0,0,DoS-UDP
80,6,20,1200,20,0,0,0,DoS-SYN-Flood
80,17,20,1200,0,0,0,0,DoS-UDP
80,17,20,1200,0,0,0,0,DoS-UDP
80,17,20,1200,0,0,0,0,DoS-UDP
80,6,20,1200,20,0,0,0,DoS-SYN-Flood
0,1,20,840,0,0,0,0,DoS-ICMP
19512,6,2,120,2,0,0,0,PortScan
5445,6,4,240,4,0,0,0,PortScan
80,6,20,1200,20,0,0,0,DoS-SYN-Flood
3090,6,4,240,4,0,0,0,PortScan
61396,6,7,406,7,7,0,0,SSH-Bruteforce
54724,6,2,120,2,0,0,0,PortScan
0,1,20,840,0,0,0,0,DoS-ICMP
1882,6,6,360,6,0,0,0,PortScan
0,1,20,840,0,0,0,0,DoS-ICMP
80,6,20,1480,20,0,0,0,DoS-HTTP
80,6,20,1480,20,0,0,0,DoS-HTTP
22,6,20,1200,20,0,0,0,SSH-Bruteforce
80,17,20,1200,0,0,0,0,DoS-UDP
0,1,20,840,0,0,0,0,DoS-ICMP
80,6,20,1200,20,0,0,0,DoS-SYN-Flood
19847,6,2,120,2,0,0,0,PortScan
80,6,20,1200,20,0,0,0,DoS-SYN-Flood
27411,6,4,240,4,0,0,0,PortScan
80,6,20,1480,20,0,0,0,DoS-HTTP
22,6,20,1200,1,0,19,0,SSH-Bruteforce
80,6,20,1480,20,0,0,0,DoS-HTTP
0,1,20,1200,0,0,0,0,DoS-ICMP
80,6,20,1200,20,0,0,0,DoS-SYN-Flood
0,1,20,840,0,0,0,0,DoS-ICMP
0,1,20,840,0,0,0,0,DoS-ICMP
80,17,20,1200,0,0,0,0,DoS-UDP
80,6,20,1200,20,0,0,0,DoS-SYN-Flood
24127,6,6,348,6,6,0,0,SSH-Bruteforce
0,1,20,1200,0,0,0,0,DoS-ICMP
0,1,20,840,0,0,0,0,DoS-ICMP
80,17,20,1200,0,0,0,0,DoS-UDP
80,6,20,1200,20,0,0,0,DoS-SYN-Flood
443,6,20,1200,0,20,0,0,BENIGN
0,1,20,1200,0,0,0,0,DoS-ICMP
80,17,20,1200,0,0,0,0,DoS-UDP
0,1,20,1200,0,0,0,0,DoS-ICMP
58297,6,4,240,4,0,0,0,PortScan
80,6,20,1480,20,0,0,0,DoS-HTTP
443,6,20,2690,0,20,0,0,BENIGN
22,6,20,1200,20,0,0,0,SSH-Bruteforce
57763,6,2,120,2,0,0,0,PortScan
22,6,20,1200,20,0,0,0,SSH-Bruteforce
80,6,20,1200,20,0,0,0,DoS-SYN-Flood
41308,17,20,27980,0,0,0,0,BENIGN
80,17,20,1200,0,0,0,0,DoS-UDP
80,6,20,1480,20,0,0,0,DoS-HTTP
80,17,20,1200,0,0,0,0,DoS-UDP
22,6,20,1200,20,0,0,0,SSH-Bruteforce
0,1,20,840,0,0,0,0,DoS-ICMP
80,17,20,1200,0,0,0,0,DoS-UDP
45660,6,8,464,8,8,0,0,SSH-Bruteforce
80,6,20,1200,20,0,0,0,DoS-SYN-Flood
36823,6,2,120,2,0,0,0,PortScan
34666,6,9,522,9,9,0,0,SSH-Bruteforce
57259,6,4,240,4,0,0,0,PortScan
0,1,20,840,0,0,0,0,DoS-ICMP
11082,6,7,406,7,7,0,0,SSH-Bruteforce
22,6,20,1200,0,0,20,0,SSH-Bruteforce
0,1,20,1200,0,0,0,0,DoS-ICMP
80,6,20,1480,20,0,0,0,DoS-HTTP
80,6,20,1200,20,0,0,0,DoS-SYN-Flood
5940,6,10,580,10,10,0,0,SSH-Bruteforce
3286,6,9,522,9,9,0,0,SSH-Bruteforce
80,6,20,1480,20,0,0,0,DoS-HTTP
80,6,20,1200,20,0,0,0,DoS-SYN-Flood
80,6,20,1480,20,0,0,0,DoS-HTTP
27527,6,4,240,4,0,0,0,PortScan
0,1,20,840,0,0,0,0,DoS-ICMP
9163,6,6,360,6,0,0,0,PortScan
22,6,20,1200,1,0,19,0,SSH-Bruteforce
0,1,20,1200,0,0,0,0,DoS-ICMP
0,1,20,1200,0,0,0,0,DoS-ICMP
80,6,20,1200,20,0,0,0,DoS-SYN-Flood
80,17,20,1200,0,0,0,0,DoS-UDP
80,6,20,1480,20,0,0,0,DoS-HTTP
18397,6,6,348,6,6,0,0,SSH-Bruteforce
80,6,20,1480,20,0,0,0,DoS-HTTP
22,6,20,1200,18,0,2,0,SSH-Bruteforce
0,1,20,1200,0,0,0,0,DoS-ICMP
21779,6,7,406,7,7,0,0,SSH-Bruteforce
80,17,20,1200,0,0,0,0,DoS-UDP
22,6,20,1200,20,0,0,0,SSH-Bruteforce
0,1,20,840,0,0,0,0,DoS-ICMP
80,6,20,1480,20,0,0,0,DoS-HTTP
22,6,20,1200,20,0,0,0,SSH-Bruteforce
22,6,20,1200,20,0,0,0,SSH-Bruteforce
37315,6,2,120,2,0,0,0,PortScan
2901,6,4,240,4,0,0,0,PortScan
0,1,20,1200,0,0,0,0,DoS-ICMP
80,6,20,1480,20,0,0,0,DoS-HTTP
22,6,20,1200,3,0,17,0,SSH-Bruteforce
80,6,20,1200,20,0,0,0,DoS-SYN-Flood
59653,6,4,232,4,4,0,0,SSH-Bruteforce
0,1,20,1200,0,0,0,0,DoS-ICMP
80,6,20,1200,20,0,0,0,DoS-SYN-Flood
59804,6,20,18468,0,20,0,0,BENIGN
43311,6,2,120,2,0,0,0,PortScan
80,17,20,1200,0,0,0,0,DoS-UDP
56687,6,4,240,4,0,0,0,PortScan
39614,6,4,240,4,0,0,0,PortScan
80,6,20,1480,20,0,0,0,DoS-HTTP
80,6,20,1480,20,0,0,0,DoS-HTTP
80,17,20,1200,0,0,0,0,DoS-UDP
80,6,20,1200,20,0,0,0,DoS-SYN-Flood
80,17,20,1200,0,0,0,0,DoS-UDP
4518,6,4,240,4,0,0,0,PortScan
60098,6,2,120,2,0,0,0,PortScan
0,1,20,840,0,0,0,0,DoS-ICMP
80,17,20,1200,0,0,0,0,DoS-UDP
55760,6,6,348,6,6,0,0,SSH-Bruteforce
0,1,20,840,0,0,0,0,DoS-ICMP
80,6,20,1200,20,0,0,0,DoS-SYN-Flood
80,6,20,1480,20,0,0,0,DoS-HTTP
80,6,20,1200,20,0,0,0,DoS-SYN-Flood
80,6,20,1480,20,0,0,0,DoS-HTTP
28602,6,2,120,2,0,0,0,PortScan
59282,6,2,120,2,0,0,0,PortScan
80,17,20,1200,0,0,0,0,DoS-UDP
80,17,20,1200,0,0,0,0,DoS-UDP
22,6,20,1200,0,0,20,0,SSH-Bruteforce
42440,17,20,26814,0,0,0,0,BENIGN
80,6,20,1480,20,0,0,0,DoS-HTTP
52980,6,2,120,2,0,0,0,PortScan
0,1,20,840,0,0,0,0,DoS-ICMP
19183,6,2,120,2,0,0,0,PortScan
56225,6,7,406,7,7,0,0,SSH-Bruteforce
80,6,20,1480,20,0,0,0,DoS-HTTP
80,6,20,1200,20,0,0,0,DoS-SYN-Flood
53357,6,2,120,2,0,0,0,PortScan
43699,6,2,120,2,0,0,0,PortScan
39030,6,2,120,2,0,0,0,PortScan
22,6,20,1200,0,0,20,0,SSH-Bruteforce
80,17,20,1200,0,0,0,0,DoS-UDP
54829,17,20,27980,0,0,0,0,BENIGN
80,6,20,1480,20,0,0,0,DoS-HTTP
45252,6,2,120,2,0,0,0,PortScan
80,6,20,1200,20,0,0,0,DoS-SYN-Flood
80,17,20,1200,0,0,0,0,DoS-UDP
80,6,20,1200,20,0,0,0,DoS-SYN-Flood
22,6,20,1200,20,0,0,0,SSH-Bruteforce
80,17,20,1200,0,0,0,0,DoS-UDP
55886,6,2,120,2,0,0,0,PortScan
80,17,20,1200,0,0,0,0,DoS-UDP
22762,6,2,120,2,0,0,0,PortScan
0,1,20,1200,0,0,0,0,DoS-ICMP
80,6,20,1480,20,0,0,0,DoS-HTTP
42265,6,4,240,4,0,0,0,PortScan
22,6,20,1200,20,0,0,0,SSH-Bruteforce
80,6,20,1480,20,0,0,0,DoS-HTTP
29951,6,4,240,4,0,0,0,PortScan
44525,6,2,120,2,0,0,0,PortScan
80,6,20,1480,20,0,0,0,DoS-HTTP
28303,6,8,464,8,8,0,0,SSH-Bruteforce
80,6,20,1480,20,0,0,0,DoS-HTTP
46541,6,2,120,2,0,0,0,PortScan
0,1,20,840,0,0,0,0,DoS-ICMP
80,6,20,1200,20,0,0,0,DoS-SYN-Flood
0,1,20,840,0,0,0,0,DoS-ICMP
80,6,20,1200,20,0,0,0,DoS-SYN-Flood
80,17,20,1200,0,0,0,0,DoS-UDP
80,6,20,1200,20,0,0,0,DoS-SYN-Flood
80,6,20,1480,20,0,0,0,DoS-HTTP
80,17,20,1200,0,0,0,0,DoS-UDP
0,1,20,1200,0,0,0,0,DoS-ICMP
80,6,20,1480,20,0,0,0,DoS-HTTP
53272,6,20,29200,0,20,0,0,BENIGN
28992,6,2,120,2,0,0,0,PortScan
35854,6,20,29140,0,20,0,0,BENIGN
22,6,20,1200,0,0,20,0,SSH-Bruteforce
0,1,20,1200,0,0,0,0,DoS-ICMP
48815,6,2,120,2,0,0,0,PortScan
54525,6,5,290,5,5,0,0,SSH-Bruteforce
0,1,20,1200,0,0,0,0,DoS-ICMP
0,1,20,840,0,0,0,0,DoS-ICMP
80,17,20,1200,0,0,0,0,DoS-UDP
80,6,20,1480,20,0,0,0,DoS-HTTP
80,17,20,1200,0,0,0,0,DoS-UDP
36126,6,2,120,2,0,0,0,PortScan
80,6,20,1480,20,0,0,0,DoS-HTTP
7976,6,4,232,4,4,0,0,SSH-Bruteforce
43148,6,7,406,7,7,0,0,SSH-Bruteforce
0,1,20,840,0,0,0,0,DoS-ICMP
31735,6,11,638,11,11,0,0,SSH-Bruteforce
80,6,20,1200,20,0,0,0,DoS-SYN-Flood
80,6,20,1480,20,0,0,0,DoS-HTTP
31873,6,9,522,9,9,0,0,SSH-Bruteforce
24290,6,4,232,4,4,0,0,SSH-Bruteforce
41308,17,20,27980,0,0,0,0,BENIGN
443,17,19,14913,0,0,0,0,BENIGN
80,17,20,1200,0,0,0,0,DoS-UDP
0,1,20,1200,0,0,0,0,DoS-ICMP
8843,6,5,290,5,5,0,0,SSH-Bruteforce
45852,6,9,522,9,9,0,0,SSH-Bruteforce
0,1,20,840,0,0,0,0,DoS-ICMP
80,6,20,1480,20,0,0,0,DoS-HTTP
0,1,20,1200,0,0,0,0,DoS-ICMP
80,6,20,1200,20,0,0,0,DoS-SYN-Flood
80,6,20,1480,20,0,0,0,DoS-HTTP
80,6,20,1200,20,0,0,0,DoS-SYN-Flood
6043,6,7,406,7,7,0,0,SSH-Bruteforce
80,6,20,1200,20,0,0,0,DoS-SYN-Flood
22,6,20,1200,20,0,0,0,SSH-Bruteforce
40207,6,9,522,9,9,0,0,SSH-Bruteforce
80,17,20,1200,0,0,0,0,DoS-UDP
80,17,20,1200,0,0,0,0,DoS-UDP
0,1,20,1200,0,0,0,0,DoS-ICMP
47456,6,4,240,4,0,0,0,PortScan
0,1,20,840,0,0,0,0,DoS-ICMP
80,17,20,1200,0,0,0,0,DoS-UDP
62918,6,2,120,2,0,0,0,PortScan
80,6,20,1480,20,0,0,0,DoS-HTTP
80,6,20,1480,20,0,0,0,DoS-HTTP
80,6,20,1200,20,0,0,0,DoS-SYN-Flood
80,6,20,1200,20,0,0,0,DoS-SYN-Flood
60242,17,2,232,0,0,0,0,BENIGN
0,1,20,840,0,0,0,0,DoS-ICMP
0,1,20,840,0,0,0,0,DoS-ICMP
0,1,20,840,0,0,0,0,DoS-ICMP
80,17,20,1200,0,0,0,0,DoS-UDP
80,17,20,1200,0,0,0,0,DoS-UDP
80,6,20,1480,20,0,0,0,DoS-HTTP
0,1,20,840,0,0,0,0,DoS-ICMP
80,6,20,1200,20,0,0,0,DoS-SYN-Flood
80,6,20,1480,20,0,0,0,DoS-HTTP
42440,17,20,27975,0,0,0,0,BENIGN
0,1,20,840,0,0,0,0,DoS-ICMP
80,17,20,1200,0,0,0,0,DoS-UDP
43717,6,2,120,2,0,0,0,PortScan
80,6,20,1200,20,0,0,0,DoS-SYN-Flood
5814,6,9,522,9,9,0,0,SSH-Bruteforce
43196,6,7,406,7,7,0,0,SSH-Bruteforce
53272,6,20,30040,0,20,0,0,BENIGN
0,1,20,1200,0,0,0,0,DoS-ICMP
80,6,20,1480,20,0,0,0,DoS-HTTP
80,6,20,1200,20,0,0,0,DoS-SYN-Flood
443,6,20,1200,0,20,0,0,BENIGN
80,17,20,1200,0,0,0,0,DoS-UDP
4608,6,6,360,6,0,0,0,PortScan
80,6,20,1200,20,0,0,0,DoS-SYN-Flood
53308,6,20,27865,0,20,0,0,BENIGN
80,6,20,1480,20,0,0,0,DoS-HTTP
28324,6,4,240,4,0,0,0,PortScan
80,17,20,1200,0,0,0,0,DoS-UDP
22,6,20,1200,15,0,5,0,SSH-Bruteforce
0,1,20,1200,0,0,0,0,DoS-ICMP
80,17,20,1200,0,0,0,0,DoS-UDP
27262,6,6,348,6,6,0,0,SSH-Bruteforce
80,6,20,1200,20,0,0,0,DoS-SYN-Flood
0,1,20,1200,0,0,0,0,DoS-ICMP
0,1,20,840,0,0,0,0,DoS-ICMP
46398,17,20,27980,0,0,0,0,BENIGN
12568,6,6,360,6,0,0,0,PortScan
80,17,20,1200,0,0,0,0,DoS-UDP
0,1,20,840,0,0,0,0,DoS-ICMP
48591,6,4,240,4,0,0,0,PortScan
80,17,20,1200,0,0,0,0,DoS-UDP
24614,6,4,240,4,0,0,0,PortScan
80,6,20,1200,20,0,0,0,DoS-SYN-Flood
0,1,20,840,0,0,0,0,DoS-ICMP
80,6,20,1200,20,0,0,0,DoS-SYN-Flood
80,6,20,1480,20,0,0,0,DoS-HTTP
37768,6,2,120,2,0,0,0,PortScan
0,1,20,840,0,0,0,0,DoS-ICMP
80,17,20,1200,0,0,0,0,DoS-UDP
0,1,20,840,0,0,0,0,DoS-ICMP
80,6,20,1200,20,0,0,0,DoS-SYN-Flood
80,6,20,1480,20,0,0,0,DoS-HTTP
80,17,20,1200,0,0,0,0,DoS-UDP
80,6,20,1200,20,0,0,0,DoS-SYN-Flood
80,6,20,1480,20,0,0,0,DoS-HTTP
24303,6,5,290,5,5,0,0,SSH-Bruteforce
0,1,20,840,0,0,0,0,DoS-ICMP
80,6,20,1480,20,0,0,0,DoS-HTTP
53308,6,20,29440,0,20,0,0,BENIGN
80,6,20,1480,20,0,0,0,DoS-HTTP
0,1,20,840,0,0,0,0,DoS-ICMP
0,1,20,840,0,0,0,0,DoS-ICMP
55878,6,4,240,4,0,0,0,PortScan
80,17,20,1200,0,0,0,0,DoS-UDP
80,6,20,1480,20,0,0,0,DoS-HTTP
80,17,20,1200,0,0,0,0,DoS-UDP
60886,6,20,28960,0,20,0,0,BENIGN
80,6,20,1480,20,0,0,0,DoS-HTTP
0,1,20,1200,0,0,0,0,DoS-ICMP
80,17,20,1200,0,0,0,0,DoS-UDP
19112,6,2,120,2,0,0,0,PortScan
80,6,20,1480,20,0,0,0,DoS-HTTP
80,6,20,1480,20,0,0,0,DoS-HTTP
80,6,20,1480,20,0,0,0,DoS-HTTP
0,1,20,840,0,0,0,0,DoS-ICMP
80,6,20,1480,20,0,0,0,DoS-HTTP
80,6,20,1200,20,0,0,0,DoS-SYN-Flood
0,1,20,840,0,0,0,0,DoS-ICMP
80,17,20,1200,0,0,0,0,DoS-UDP
0,1,20,1200,0,0,0,0,DoS-ICMP
0,1,20,1200,0,0,0,0,DoS-ICMP
80,6,20,1200,20,0,0,0,DoS-SYN-Flood
43066,6,7,406,7,7,0,0,SSH-Bruteforce
22,6,20,1200,20,0,0,0,SSH-Bruteforce
80,6,20,1200,20,0,0,0,DoS-SYN-Flood
0,1,20,840,0,0,0,0,DoS-ICMP
80,6,20,1200,20,0,0,0,DoS-SYN-Flood
47172,6,2,120,2,0,0,0,PortScan
80,17,20,1200,0,0,0,0,DoS-UDP
19134,6,4,240,4,0,0,0,PortScan
33978,6,2,120,2,0,0,0,PortScan
0,1,20,840,0,0,0,0,DoS-ICMP
80,17,20,1200,0,0,0,0,DoS-UDP
80,17,20,1200,0,0,0,0,DoS-UDP
7783,6,4,240,4,0,0,0,PortScan
744,6,4,232,4,4,0,0,SSH-Bruteforce
80,6,20,1480,20,0,0,0,DoS-HTTP
9006,6,4,240,4,0,0,0,PortScan
80,6,20,1200,20,0,0,0,DoS-SYN-Flood
80,17,20,1200,0,0,0,0,DoS-UDP
80,6,20,1480,20,0,0,0,DoS-HTTP
0,1,20,840,0,0,0,0,DoS-ICMP
7797,6,3,174,3,3,0,0,SSH-Bruteforce
22,6,20,1200,0,0,20,0,SSH-Bruteforce
80,6,20,1480,20,0,0,0,DoS-HTTP
80,6,20,1480,20,0,0,0,DoS-HTTP
22802,6,2,120,2,0,0,0,PortScan
80,17,20,1200,0,0,0,0,DoS-UDP
43898,6,5,290,5,5,0,0,SSH-Bruteforce
80,17,20,1200,0,0,0,0,DoS-UDP
0,1,20,840,0,0,0,0,DoS-ICMP
39902,17,20,27980,0,0,0,0,BENIGN
80,6,20,1200,20,0,0,0,DoS-SYN-Flood
45362,6,4,240,4,0,0,0,PortScan
0,1,20,1200,0,0,0,0,DoS-ICMP
41899,6,4,240,4,0,0,0,PortScan
59632,6,2,120,2,0,0,0,PortScan
80,17,20,1200,0,0,0,0,DoS-UDP
80,17,20,1200,0,0,0,0,DoS-UDP
80,6,20,1480,20,0,0,0,DoS-HTTP
0,1,20,840,0,0,0,0,DoS-ICMP
22,6,20,1200,1,0,19,0,SSH-Bruteforce
80,17,20,1200,0,0,0,0,DoS-UDP
11796,6,4,240,4,0,0,0,PortScan
80,6,20,1480,20,0,0,0,DoS-HTTP
22,6,20,1200,4,0,16,0,SSH-Bruteforce
22341,6,7,406,7,7,0,0,SSH-Bruteforce
22,6,20,1200,0,0,20,0,SSH-Bruteforce
80,6,20,1200,20,0,0,0,DoS-SYN-Flood
22,6,20,1200,0,0,20,0,SSH-Bruteforce
50992,6,2,120,2,0,0,0,PortScan
0,1,20,840,0,0,0,0,DoS-ICMP
29779,6,7,406,7,7,0,0,SSH-Bruteforce
80,6,20,1200,20,0,0,0,DoS-SYN-Flood
80,17,20,1200,0,0,0,0,DoS-UDP
50757,6,2,120,2,0,0,0,PortScan
56951,6,9,522,9,9,0,0,SSH-Bruteforce
0,1,20,840,0,0,0,0,DoS-ICMP
22,6,20,1200,11,0,9,0,SSH-Bruteforce
0,1,20,840,0,0,0,0,DoS-ICMP
48096,6,2,120,2,0,0,0,PortScan
80,6,20,1200,20,0,0,0,DoS-SYN-Flood
13640,6,6,360,6,0,0,0,PortScan
80,17,20,1200,0,0,0,0,DoS-UDP
0,1,20,1200,0,0,0,0,DoS-ICMP
80,6,20,1200,20,0,0,0,DoS-SYN-Flood
80,6,20,1480,20,0,0,0,DoS-HTTP
22,6,20,1200,20,0,0,0,SSH-Bruteforce
80,17,20,1200,0,0,0,0,DoS-UDP
80,17,20,1200,0,0,0,0,DoS-UDP
14586,6,4,240,4,0,0,0,PortScan
32839,6,4,240,4,0,0,0,PortScan
0,1,20,1200,0,0,0,0,DoS-ICMP
80,17,20,1200,0,0,0,0,DoS-UDP
80,6,20,1480,20,0,0,0,DoS-HTTP
28676,6,2,120,2,0,0,0,PortScan
32789,6,4,232,4,4,0,0,SSH-Bruteforce
80,6,20,1200,20,0,0,0,DoS-SYN-Flood
8234,6,4,240,4,0,0,0,PortScan
80,17,20,1200,0,0,0,0,DoS-UDP
0,1,20,840,0,0,0,0,DoS-ICMP
36520,17,20,27980,0,0,0,0,BENIGN
80,17,20,1200,0,0,0,0,DoS-UDP
36520,17,20,27980,0,0,0,0,BENIGN
44798,6,4,240,4,0,0,0,PortScan
19369,6,2,120,2,0,0,0,PortScan
0,1,20,840,0,0,0,0,DoS-ICMP
80,6,20,1200,20,0,0,0,DoS-SYN-Flood
80,6,20,1200,20,0,0,0,DoS-SYN-Flood
5835,6,4,240,4,0,0,0,PortScan
80,6,20,1200,20,0,0,0,DoS-SYN-Flood
80,6,20,1200,20,0,0,0,DoS-SYN-Flood
80,6,20,1480,20,0,0,0,DoS-HTTP
80,6,20,1480,20,0,0,0,DoS-HTTP
22,6,20,1200,20,0,0,0,SSH-Bruteforce
22750,6,6,348,6,6,0,0,SSH-Bruteforce
51030,17,15,7418,0,0,0,0,BENIGN
20974,6,2,120,2,0,0,0,PortScan
14276,6,6,360,6,0,0,0,PortScan
80,6,20,1480,20,0,0,0,DoS-HTTP
48806,17,20,27980,0,0,0,0,BENIGN
20726,6,2,120,2,0,0,0,PortScan
60886,6,20,29260,0,20,0,0,BENIGN
0,1,20,840,0,0,0,0,DoS-ICMP
80,17,20,1200,0,0,0,0,DoS-UDP
13396,6,6,360,6,0,0,0,PortScan
0,1,20,1200,0,0,0,0,DoS-ICMP
0,1,20,840,0,0,0,0,DoS-ICMP
38674,6,2,120,2,0,0,0,PortScan
0,1,20,840,0,0,0,0,DoS-ICMP
16625,6,6,348,6,6,0,0,SSH-Bruteforce
41482,6,2,120,2,0,0,0,PortScan
51332,6,2,120,2,0,0,0,PortScan
80,6,20,1200,20,0,0,0,DoS-SYN-Flood
80,17,20,1200,0,0,0,0,DoS-UDP
39172,6,3,162,0,3,0,1,BENIGN
80,17,20,1200,0,0,0,0,DoS-UDP
49645,6,9,522,9,9,0,0,SSH-Bruteforce
80,6,20,1200,20,0,0,0,DoS-SYN-Flood
33240,6,20,29080,0,20,0,0,BENIGN
80,6,20,1200,20,0,0,0,DoS-SYN-Flood
61390,6,2,120,2,0,0,0,PortScan
0,1,20,1200,0,0,0,0,DoS-ICMP
80,6,20,1200,20,0,0,0,DoS-SYN-Flood
80,6,20,1200,20,0,0,0,DoS-SYN-Flood
80,17,20,1200,0,0,0,0,DoS-UDP
0,1,20,840,0,0,0,0,DoS-ICMP
0,1,20,1200,0,0,0,0,DoS-ICMP
0,1,20,840,0,0,0,0,DoS-ICMP
80,6,20,1480,20,0,0,0,DoS-HTTP
80,6,20,1200,20,0,0,0,DoS-SYN-Flood
80,6,20,1480,20,0,0,0,DoS-HTTP
17643,6,9,522,9,9,0,0,SSH-Bruteforce
80,17,20,1200,0,0,0,0,DoS-UDP
5196,6,4,240,4,0,0,0,PortScan
22,6,20,1200,0,0,20,0,SSH-Bruteforce
80,6,20,1480,20,0,0,0,DoS-HTTP
17534,6,8,464,8,8,0,0,SSH-Bruteforce
80,6,20,1200,20,0,0,0,DoS-SYN-Flood
80,17,20,1200,0,0,0,0,DoS-UDP
22,6,20,1200,20,0,0,0,SSH-Bruteforce
80,17,20,1200,0,0,0,0,DoS-UDP
0,1,20,1200,0,0,0,0,DoS-ICMP
10609,6,6,348,6,6,0,0,SSH-Bruteforce
80,6,20,1480,20,0,0,0,DoS-HTTP
0,1,20,1200,0,0,0,0,DoS-ICMP
2664,6,4,240,4,0,0,0,PortScan
80,6,20,1480,20,0,0,0,DoS-HTTP
19710,6,2,120,2,0,0,0,PortScan
22,6,20,1200,0,0,20,0,SSH-Bruteforce
6750,6,4,240,4,0,0,0,PortScan
55531,6,8,464,8,8,0,0,SSH-Bruteforce
50123,6,10,580,10,10,0,0,SSH-Bruteforce
0,1,20,1200,0,0,0,0,DoS-ICMP
80,6,20,1200,20,0,0,0,DoS-SYN-Flood
19490,6,4,240,4,0,0,0,PortScan
80,17,20,1200,0,0,0,0,DoS-UDP
80,6,20,1200,20,0,0,0,DoS-SYN-Flood
11657,6,4,240,4,0,0,0,PortScan
0,1,20,840,0,0,0,0,DoS-ICMP
0,1,20,1200,0,0,0,0,DoS-ICMP
80,17,20,1200,0,0,0,0,DoS-UDP
9768,6,4,240,4,0,0,0,PortScan
80,6,20,1200,20,0,0,0,DoS-SYN-Flood
22,6,20,1200,20,0,0,0,SSH-Bruteforce
0,1,20,1200,0,0,0,0,DoS-ICMP
80,6,20,1480,20,0,0,0,DoS-HTTP
80,6,20,1480,20,0,0,0,DoS-HTTP
80,6,20,1200,20,0,0,0,DoS-SYN-Flood
48576,6,2,120,2,0,0,0,PortScan
0,1,20,840,0,0,0,0,DoS-ICMP
80,6,20,1200,20,0,0,0,DoS-SYN-Flood
64291,6,6,348,6,6,0,0,SSH-Bruteforce
80,6,20,1200,20,0,0,0,DoS-SYN-Flood
80,6,20,1200,20,0,0,0,DoS-SYN-Flood
41333,6,2,120,2,0,0,0,PortScan
52663,6,2,120,2,0,0,0,PortScan
43203,6,4,240,4,0,0,0,PortScan
63177,6,2,120,2,0,0,0,PortScan
80,6,20,1480,20,0,0,0,DoS-HTTP
57651,6,2,120,2,0,0,0,PortScan
80,6,20,1200,20,0,0,0,DoS-SYN-Flood
80,6,20,1200,20,0,0,0,DoS-SYN-Flood
80,6,20,1480,20,0,0,0,DoS-HTTP
80,6,20,1480,20,0,0,0,DoS-HTTP
80,17,20,1200,0,0,0,0,DoS-UDP
54060,6,6,348,6,6,0,0,SSH-Bruteforce
0,1,20,1200,0,0,0,0,DoS-ICMP
27690,6,2,120,2,0,0,0,PortScan
80,6,20,1480,20,0,0,0,DoS-HTTP
80,6,20,1480,20,0,0,0,DoS-HTTP
80,6,20,1200,20,0,0,0,DoS-SYN-Flood
55093,6,2,120,2,0,0,0,PortScan
80,6,20,1480,20,0,0,0,DoS-HTTP
80,17,20,1200,0,0,0,0,DoS-UDP
80,17,20,1200,0,0,0,0,DoS-UDP
80,6,20,1200,20,0,0,0,DoS-SYN-Flood
80,6,20,1480,20,0,0,0,DoS-HTTP
35893,6,15,870,15,15,0,0,SSH-Bruteforce
0,1,20,1200,0,0,0,0,DoS-ICMP
80,6,20,1200,20,0,0,0,DoS-SYN-Flood
0,1,20,840,0,0,0,0,DoS-ICMP
80,6,20,1200,20,0,0,0,DoS-SYN-Flood
0,1,20,840,0,0,0,0,DoS-ICMP
80,6,20,1480,20,0,0,0,DoS-HTTP
80,6,20,1200,20,0,0,0,DoS-SYN-Flood
0,1,20,1200,0,0,0,0,DoS-ICMP
17990,6,2,120,2,0,0,0,PortScan
0,1,20,840,0,0,0,0,DoS-ICMP
54728,6,12,5258,1,12,0,0,BENIGN
0,1,20,1200,0,0,0,0,DoS-ICMP
28412,6,4,240,4,0,0,0,PortScan
80,6,20,1200,20,0,0,0,DoS-SYN-Flood
36520,17,20,27980,0,0,0,0,BENIGN
80,6,20,1200,20,0,0,0,DoS-SYN-Flood
80,6,20,1480,20,0,0,0,DoS-HTTP
20278,6,6,348,6,6,0,0,SSH-Bruteforce
80,6,20,1200,20,0,0,0,DoS-SYN-Flood
80,6,20,1200,20,0,0,0,DoS-SYN-Flood
80,6,20,1480,20,0,0,0,DoS-HTTP
28001,6,10,580,10,10,0,0,SSH-Bruteforce
26811,6,8,464,8,8,0,0,SSH-Bruteforce
40010,6,4,240,4,0,0,0,PortScan
10814,6,7,406,7,7,0,0,SSH-Bruteforce
80,6,20,1480,20,0,0,0,DoS-HTTP
80,17,20,1200,0,0,0,0,DoS-UDP
80,17,20,1200,0,0,0,0,DoS-UDP
80,6,20,1200,20,0,0,0,DoS-SYN-Flood
80,6,20,1480,20,0,0,0,DoS-HTTP
16319,6,4,232,4,4,0,0,SSH-Bruteforce
80,17,20,1200,0,0,0,0,DoS-UDP
80,17,20,1200,0,0,0,0,DoS-UDP
7950,6,8,464,8,8,0,0,SSH-Bruteforce
80,6,20,1480,20,0,0,0,DoS-HTTP
80,17,20,1200,0,0,0,0,DoS-UDP
64971,6,7,406,7,7,0,0,SSH-Bruteforce
80,17,20,1200,0,0,0,0,DoS-UDP
36520,17,20,27980,0,0,0,0,BENIGN
80,17,20,1200,0,0,0,0,DoS-UDP
4475,6,9,522,9,9,0,0,SSH-Bruteforce
80,17,20,1200,0,0,0,0,DoS-UDP
0,1,20,1200,0,0,0,0,DoS-ICMP
43266,6,2,120,2,0,0,0,PortScan
0,1,20,1200,0,0,0,0,DoS-ICMP
80,6,20,1480,20,0,0,0,DoS-HTTP
45150,6,9,522,9,9,0,0,SSH-Bruteforce
36268,17,20,27980,0,0,0,0,BENIGN
80,17,20,1200,0,0,0,0,DoS-UDP
0,1,20,1200,0,0,0,0,DoS-ICMP
80,6,20,1480,20,0,0,0,DoS-HTTP
0,1,20,840,0,0,0,0,DoS-ICMP
443,6,20,1824,0,20,0,0,BENIGN
721,6,6,348,6,6,0,0,SSH-Bruteforce
80,6,20,1480,20,0,0,0,DoS-HTTP
80,6,20,1200,20,0,0,0,DoS-SYN-Flood
22,6,20,1200,1,0,19,0,SSH-Bruteforce
80,6,20,1200,20,0,0,0,DoS-SYN-Flood
59532,6,2,120,2,0,0,0,PortScan
80,17,20,1200,0,0,0,0,DoS-UDP
80,6,20,1200,20,0,0,0,DoS-SYN-Flood
0,1,20,840,0,0,0,0,DoS-ICMP
80,6,20,1480,20,0,0,0,DoS-HTTP
80,6,20,1200,20,0,0,0,DoS-SYN-Flood
80,6,20,1480,20,0,0,0,DoS-HTTP
80,6,20,1200,20,0,0,0,DoS-SYN-Flood
0,1,20,840,0,0,0,0,DoS-ICMP
4099,6,6,348,6,6,0,0,SSH-Bruteforce
0,1,20,840,0,0,0,0,DoS-ICMP
80,6,20,1480,20,0,0,0,DoS-HTTP
0,1,20,840,0,0,0,0,DoS-ICMP
20069,6,7,406,7,7,0,0,SSH-Bruteforce
38496,6,4,240,4,0,0,0,PortScan
29826,6,4,240,4,0,0,0,PortScan
80,17,20,1200,0,0,0,0,DoS-UDP
42440,17,20,27980,0,0,0,0,BENIGN
80,6,20,1200,20,0,0,0,DoS-SYN-Flood
443,17,14,3182,0,0,0,0,BENIGN
25875,6,2,120,2,0,0,0,PortScan
80,6,20,1200,20,0,0,0,DoS-SYN-Flood
80,6,20,1480,20,0,0,0,DoS-HTTP
80,17,20,1200,0,0,0,0,DoS-UDP
443,6,20,2605,0,20,0,0,BENIGN
80,17,20,1200,0,0,0,0,DoS-UDP
0,1,20,1200,0,0,0,0,DoS-ICMP
80,6,20,1200,20,0,0,0,DoS-SYN-Flood
80,6,20,1200,20,0,0,0,DoS-SYN-Flood
80,6,20,1480,20,0,0,0,DoS-HTTP
65372,6,7,406,7,7,0,0,SSH-Bruteforce
80,6,20,1200,20,0,0,0,DoS-SYN-Flood
57937,6,2,120,2,0,0,0,PortScan
48806,17,20,27980,0,0,0,0,BENIGN
80,6,20,1200,20,0,0,0,DoS-SYN-Flood
15438,6,2,120,2,0,0,0,PortScan
36520,17,20,27980,0,0,0,0,BENIGN
80,6,20,1480,20,0,0,0,DoS-HTTP
80,6,20,1480,20,0,0,0,DoS-HTTP
17451,6,7,406,7,7,0,0,SSH-Bruteforce
80,6,20,1480,20,0,0,0,DoS-HTTP
80,6,20,1200,20,0,0,0,DoS-SYN-Flood
80,6,20,1200,20,0,0,0,DoS-SYN-Flood
80,17,20,1200,0,0,0,0,DoS-UDP
0,1,20,840,0,0,0,0,DoS-ICMP
0,1,20,1200,0,0,0,0,DoS-ICMP
80,17,20,1200,0,0,0,0,DoS-UDP
80,6,20,1200,20,0,0,0,DoS-SYN-Flood
80,6,20,1480,20,0,0,0,DoS-HTTP
22,6,20,1200,0,0,20,0,SSH-Bruteforce
80,6,20,1480,20,0,0,0,DoS-HTTP
80,17,20,1200,0,0,0,0,DoS-UDP
0,1,20,1200,0,0,0,0,DoS-ICMP
80,17,20,1200,0,0,0,0,DoS-UDP
80,17,20,1200,0,0,0,0,DoS-UDP
80,6,20,1200,20,0,0,0,DoS-SYN-Flood
80,6,20,1200,20,0,0,0,DoS-SYN-Flood
80,6,20,1480,20,0,0,0,DoS-HTTP
80,6,20,1200,20,0,0,0,DoS-SYN-Flood
80,17,20,1200,0,0,0,0,DoS-UDP
80,6,20,1200,20,0,0,0,DoS-SYN-Flood
80,17,20,1200,0,0,0,0,DoS-UDP
80,6,20,1200,20,0,0,0,DoS-SYN-Flood
80,6,20,1200,20,0,0,0,DoS-SYN-Flood
0,1,20,840,0,0,0,0,DoS-ICMP
61415,6,5,290,5,5,0,0,SSH-Bruteforce
36520,17,20,27980,0,0,0,0,BENIGN
80,17,20,1200,0,0,0,0,DoS-UDP
80,17,20,1200,0,0,0,0,DoS-UDP
47822,6,20,29661,0,20,0,0,BENIGN
80,6,20,1200,20,0,0,0,DoS-SYN-Flood
0,1,20,1200,0,0,0,0,DoS-ICMP
80,17,20,1200,0,0,0,0,DoS-UDP
80,6,20,1200,20,0,0,0,DoS-SYN-Flood
80,6,20,1480,20,0,0,0,DoS-HTTP
80,17,20,1200,0,0,0,0,DoS-UDP
80,6,20,1200,20,0,0,0,DoS-SYN-Flood
22,6,20,1200,2,0,18,0,SSH-Bruteforce
0,1,20,1200,0,0,0,0,DoS-ICMP
80,17,20,1200,0,0,0,0,DoS-UDP
80,17,20,1200,0,0,0,0,DoS-UDP
57901,17,6,6706,0,0,0,0,BENIGN
0,1,20,840,0,0,0,0,DoS-ICMP
80,6,20,1480,20,0,0,0,DoS-HTTP
19888,6,4,240,4,0,0,0,PortScan
54829,17,20,27980,0,0,0,0,BENIGN
0,1,20,840,0,0,0,0,DoS-ICMP
22,6,20,1200,1,0,19,0,SSH-Bruteforce
80,6,20,1200,20,0,0,0,DoS-SYN-Flood
7693,6,6,348,6,6,0,0,SSH-Bruteforce
15436,6,8,464,8,8,0,0,SSH-Bruteforce
80,6,20,1200,20,0,0,0,DoS-SYN-Flood
41308,17,20,27980,0,0,0,0,BENIGN
80,6,20,1200,20,0,0,0,DoS-SYN-Flood
24350,6,5,290,5,5,0,0,SSH-Bruteforce
43175,6,7,406,7,7,0,0,SSH-Bruteforce
80,17,20,1200,0,0,0,0,DoS-UDP
80,6,20,1200,20,0,0,0,DoS-SYN-Flood
12078,6,6,360,6,0,0,0,PortScan
0,1,20,840,0,0,0,0,DoS-ICMP
80,6,20,1480,20,0,0,0,DoS-HTTP
80,17,20,1200,0,0,0,0,DoS-UDP
22,6,20,1200,20,0,0,0,SSH-Bruteforce
36520,17,20,27980,0,0,0,0,BENIGN
0,1,20,840,0,0,0,0,DoS-ICMP
80,6,20,1200,20,0,0,0,DoS-SYN-Flood
0,1,20,840,0,0,0,0,DoS-ICMP
80,17,20,1200,0,0,0,0,DoS-UDP
80,6,20,1480,20,0,0,0,DoS-HTTP
443,6,16,1184,16,0,0,0,BENIGN
80,6,20,1200,20,0,0,0,DoS-SYN-Flood
22,6,20,1200,0,0,20,0,SSH-Bruteforce
80,17,20,1200,0,0,0,0,DoS-UDP
80,17,20,1200,0,0,0,0,DoS-UDP
80,17,20,1200,0,0,0,0,DoS-UDP
80,6,20,1200,20,0,0,0,DoS-SYN-Flood
80,6,20,1480,20,0,0,0,DoS-HTTP
0,1,20,840,0,0,0,0,DoS-ICMP
80,17,20,1200,0,0,0,0,DoS-UDP
80,6,20,1480,20,0,0,0,DoS-HTTP
29698,6,2,120,2,0,0,0,PortScan
57014,6,2,120,2,0,0,0,PortScan
80,6,20,1480,20,0,0,0,DoS-HTTP
52616,6,6,348,6,6,0,0,SSH-Bruteforce
22,6,20,1200,0,0,20,0,SSH-Bruteforce
64827,6,2,120,2,0,0,0,PortScan
0,1,20,1200,0,0,0,0,DoS-ICMP
22,6,20,1200,10,0,10,0,SSH-Bruteforce
37413,6,2,120,2,0,0,0,PortScan
0,1,20,1200,0,0,0,0,DoS-ICMP
80,17,20,1200,0,0,0,0,DoS-UDP
0,1,20,1200,0,0,0,0,DoS-ICMP
80,6,20,1480,20,0,0,0,DoS-HTTP
80,6,20,1200,20,0,0,0,DoS-SYN-Flood
80,6,20,1200,20,0,0,0,DoS-SYN-Flood
80,6,20,1480,20,0,0,0,DoS-HTTP
0,1,20,840,0,0,0,0,DoS-ICMP
0,1,20,1200,0,0,0,0,DoS-ICMP
48874,6,2,120,2,0,0,0,PortScan
80,17,20,1200,0,0,0,0,DoS-UDP
43405,6,4,240,4,0,0,0,PortScan
49677,6,4,240,4,0,0,0,PortScan
40885,6,4,240,4,0,0,0,PortScan
19800,6,4,240,4,0,0,0,PortScan
80,6,20,1200,20,0,0,0,DoS-SYN-Flood
80,17,20,1200,0,0,0,0,DoS-UDP
48688,6,4,240,4,0,0,0,PortScan
22,6,20,1200,9,0,11,0,SSH-Bruteforce
80,6,20,1480,20,0,0,0,DoS-HTTP
80,17,20,1200,0,0,0,0,DoS-UDP
48531,6,2,120,2,0,0,0,PortScan
41352,6,2,120,2,0,0,0,PortScan
80,6,20,1480,20,0,0,0,DoS-HTTP
60976,6,4,232,4,4,0,0,SSH-Bruteforce
80,17,20,1200,0,0,0,0,DoS-UDP
80,17,20,1200,0,0,0,0,DoS-UDP
2493,6,4,240,4,0,0,0,PortScan
80,17,20,1200,0,0,0,0,DoS-UDP
67,17,3,1050,0,0,0,0,DoS-HTTP
443,17,20,1495,0,0,0,0,BENIGN
0,1,20,840,0,0,0,0,DoS-ICMP
80,6,20,1200,20,0,0,0,DoS-SYN-Flood
10698,6,8,464,8,8,0,0,SSH-Bruteforce
35854,6,20,29740,0,20,0,0,BENIGN
80,17,20,1200,0,0,0,0,DoS-UDP
36520,17,20,27980,0,0,0,0,BENIGN
80,6,20,1480,20,0,0,0,DoS-HTTP
0,1,20,1200,0,0,0,0,DoS-ICMP
80,6,20,1200,20,0,0,0,DoS-SYN-Flood
80,6,20,1480,20,0,0,0,DoS-HTTP
80,6,20,1480,20,0,0,0,DoS-HTTP
80,17,20,1200,0,0,0,0,DoS-UDP
80,6,20,1480,20,0,0,0,DoS-HTTP
80,6,20,1200,20,0,0,0,DoS-SYN-Flood
80,17,20,1200,0,0,0,0,DoS-UDP
0,1,20,840,0,0,0,0,DoS-ICMP
80,6,20,1200,20,0,0,0,DoS-SYN-Flood
31683,6,7,406,7,7,0,0,SSH-Bruteforce
0,1,20,1200,0,0,0,0,DoS-ICMP
80,6,20,1480,20,0,0,0,DoS-HTTP
1303,6,5,290,5,5,0,0,SSH-Bruteforce
0,1,20,840,0,0,0,0,DoS-ICMP
0,1,20,1200,0,0,0,0,DoS-ICMP
80,6,20,1200,20,0,0,0,DoS-SYN-Flood
80,6,20,1480,20,0,0,0,DoS-HTTP
43992,17,20,27980,0,0,0,0,BENIGN
50919,6,2,120,2,0,0,0,PortScan
80,6,20,1200,20,0,0,0,DoS-SYN-Flood
38800,6,4,240,4,0,0,0,PortScan
22,6,20,1200,20,0,0,0,SSH-Bruteforce
0,1,20,1200,0,0,0,0,DoS-ICMP
5528,6,4,240,4,0,0,0,PortScan
33636,6,8,464,8,8,0,0,SSH-Bruteforce
80,6,20,1480,20,0,0,0,DoS-HTTP
80,17,20,1200,0,0,0,0,DoS-UDP
80,6,20,1200,20,0,0,0,DoS-SYN-Flood
80,17,20,1200,0,0,0,0,DoS-UDP
0,1,20,840,0,0,0,0,DoS-ICMP
80,6,20,1200,20,0,0,0,DoS-SYN-Flood
80,6,20,1480,20,0,0,0,DoS-HTTP
80,6,20,1200,20,0,0,0,DoS-SYN-Flood
18660,6,7,406,7,7,0,0,SSH-Bruteforce
10117,6,4,240,4,0,0,0,PortScan
0,1,20,840,0,0,0,0,DoS-ICMP
80,6,20,1480,20,0,0,0,DoS-HTTP
29562,6,7,406,7,7,0,0,SSH-Bruteforce
80,6,20,1200,20,0,0,0,DoS-SYN-Flood
54829,17,20,27980,0,0,0,0,BENIGN
80,6,20,1200,20,0,0,0,DoS-SYN-Flood
45376,6,2,120,2,0,0,0,PortScan
80,17,20,1200,0,0,0,0,DoS-UDP
80,6,20,1200,20,0,0,0,DoS-SYN-Flood
0,1,20,840,0,0,0,0,DoS-ICMP
80,17,20,1200,0,0,0,0,DoS-UDP
22,6,20,1200,1,0,19,0,SSH-Bruteforce
41308,17,20,27980,0,0,0,0,BENIGN
80,6,20,1480,20,0,0,0,DoS-HTTP
80,6,20,1480,20,0,0,0,DoS-HTTP
0,1,20,1200,0,0,0,0,DoS-ICMP
80,6,20,1200,20,0,0,0,DoS-SYN-Flood
80,17,20,1200,0,0,0,0,DoS-UDP
80,6,20,1480,20,0,0,0,DoS-HTTP
80,6,20,1200,20,0,0,0,DoS-SYN-Flood
0,1,20,1200,0,0,0,0,DoS-ICMP
80,17,20,1200,0,0,0,0,DoS-UDP
0,1,20,840,0,0,0,0,DoS-ICMP
22,6,20,1200,0,0,20,0,SSH-Bruteforce
80,6,20,1480,20,0,0,0,DoS-HTTP
80,6,20,1480,20,0,0,0,DoS-HTTP
52550,6,8,464,8,8,0,0,SSH-Bruteforce
0,1,20,1200,0,0,0,0,DoS-ICMP
80,6,20,1480,20,0,0,0,DoS-HTTP
0,1,20,1200,0,0,0,0,DoS-ICMP
80,6,20,1480,20,0,0,0,DoS-HTTP
0,1,20,840,0,0,0,0,DoS-ICMP
29986,6,4,240,4,0,0,0,PortScan
40512,6,11,638,11,11,0,0,SSH-Bruteforce
80,6,20,1480,20,0,0,0,DoS-HTTP
0,1,20,1200,0,0,0,0,DoS-ICMP
80,6,20,1200,20,0,0,0,DoS-SYN-Flood
80,6,20,1480,20,0,0,0,DoS-HTTP
41806,6,4,240,4,0,0,0,PortScan
22,6,20,1200,20,0,0,0,SSH-Bruteforce
45348,6,9,522,9,9,0,0,SSH-Bruteforce
0,1,20,1200,0,0,0,0,DoS-ICMP
80,17,20,1200,0,0,0,0,DoS-UDP
80,17,20,1200,0,0,0,0,DoS-UDP
0,1,20,1200,0,0,0,0,DoS-ICMP
22700,6,2,120,2,0,0,0,PortScan
22,6,20,1200,1,0,19,0,SSH-Bruteforce
80,17,20,1200,0,0,0,0,DoS-UDP
80,17,20,1200,0,0,0,0,DoS-UDP
80,6,20,1200,20,0,0,0,DoS-SYN-Flood
80,6,20,1480,20,0,0,0,DoS-HTTP
17180,6,2,120,2,0,0,0,PortScan
56073,6,7,406,7,7,0,0,SSH-Bruteforce
22,6,20,1200,20,0,0,0,SSH-Bruteforce
43998,6,4,240,4,0,0,0,PortScan
0,1,20,1200,0,0,0,0,DoS-ICMP
22,6,20,1200,20,0,0,0,SSH-Bruteforce
48613,6,6,348,6,6,0,0,SSH-Bruteforce
80,6,20,1200,20,0,0,0,DoS-SYN-Flood
80,6,20,1480,20,0,0,0,DoS-HTTP
22,6,20,1200,0,0,20,0,SSH-Bruteforce
45447,17,20,27980,0,0,0,0,BENIGN
80,6,20,1480,20,0,0,0,DoS-HTTP
80,17,20,1200,0,0,0,0,DoS-UDP
80,17,20,1200,0,0,0,0,DoS-UDP
80,6,20,1480,20,0,0,0,DoS-HTTP
44964,6,9,522,9,9,0,0,SSH-Bruteforce
4397,6,6,360,6,0,0,0,PortScan
0,1,20,1200,0,0,0,0,DoS-ICMP
13096,6,12,696,12,12,0,0,SSH-Bruteforce
0,1,20,840,0,0,0,0,DoS-ICMP
80,17,20,1200,0,0,0,0,DoS-UDP
80,17,20,1200,0,0,0,0,DoS-UDP
42777,6,6,348,6,6,0,0,SSH-Bruteforce
80,17,20,1200,0,0,0,0,DoS-UDP
36520,17,20,27980,0,0,0,0,BENIGN
38212,6,4,240,4,0,0,0,PortScan
80,17,20,1200,0,0,0,0,DoS-UDP
0,1,20,1200,0,0,0,0,DoS-ICMP
59804,6,1,85,0,1,0,1,BENIGN
0,1,20,1200,0,0,0,0,DoS-ICMP
80,17,20,1200,0,0,0,0,DoS-UDP
54829,17,20,27980,0,0,0,0,BENIGN
12875,6,9,522,9,9,0,0,SSH-Bruteforce
0,1,20,840,0,0,0,0,DoS-ICMP
80,6,20,1480,20,0,0,0,DoS-HTTP
8718,6,7,406,7,7,0,0,SSH-Bruteforce
0,1,20,840,0,0,0,0,DoS-ICMP
80,17,20,1200,0,0,0,0,DoS-UDP
80,6,20,1480,20,0,0,0,DoS-HTTP
80,6,20,1480,20,0,0,0,DoS-HTTP
0,1,20,1200,0,0,0,0,DoS-ICMP
80,6,20,1480,20,0,0,0,DoS-HTTP
50686,6,2,120,2,0,0,0,PortScan
22,6,20,1200,20,0,0,0,SSH-Bruteforce
80,6,20,1200,20,0,0,0,DoS-SYN-Flood
80,6,20,1200,20,0,0,0,DoS-SYN-Flood
80,6,20,1200,20,0,0,0,DoS-SYN-Flood
22,6,20,1200,20,0,0,0,SSH-Bruteforce
0,1,20,840,0,0,0,0,DoS-ICMP
52146,6,2,120,2,0,0,0,PortScan
443,17,20,7021,0,0,0,0,BENIGN
80,17,20,1200,0,0,0,0,DoS-UDP
80,17,20,1200,0,0,0,0,DoS-UDP
0,1,20,840,0,0,0,0,DoS-ICMP
80,17,20,1200,0,0,0,0,DoS-UDP
80,6,20,1200,20,0,0,0,DoS-SYN-Flood
80,17,20,1200,0,0,0,0,DoS-UDP
36319,6,10,580,10,10,0,0,SSH-Bruteforce
80,6,20,1200,20,0,0,0,DoS-SYN-Flood
22,6,20,1200,20,0,0,0,SSH-Bruteforce
51751,6,6,348,6,6,0,0,SSH-Bruteforce
80,6,20,1480,20,0,0,0,DoS-HTTP
80,17,20,1200,0,0,0,0,DoS-UDP
80,17,20,1200,0,0,0,0,DoS-UDP
80,17,20,1200,0,0,0,0,DoS-UDP
0,1,20,1200,0,0,0,0,DoS-ICMP
80,17,20,1200,0,0,0,0,DoS-UDP
43992,17,20,27980,0,0,0,0,BENIGN
80,6,20,1480,20,0,0,0,DoS-HTTP
36520,17,20,27980,0,0,0,0,BENIGN
80,6,20,1200,20,0,0,0,DoS-SYN-Flood
80,6,20,1480,20,0,0,0,DoS-HTTP
22,6,20,1200,0,0,20,0,SSH-Bruteforce
80,17,20,1200,0,0,0,0,DoS-UDP
19469,6,2,120,2,0,0,0,PortScan
80,17,20,1200,0,0,0,0,DoS-UDP
0,1,20,1200,0,0,0,0,DoS-ICMP
80,6,20,1200,20,0,0,0,DoS-SYN-Flood
80,6,20,1480,20,0,0,0,DoS-HTTP
44165,6,2,120,2,0,0,0,PortScan
80,6,20,1480,20,0,0,0,DoS-HTTP
80,6,20,1480,20,0,0,0,DoS-HTTP
80,17,20,1200,0,0,0,0,DoS-UDP
80,17,20,1200,0,0,0,0,DoS-UDP
80,6,20,1200,20,0,0,0,DoS-SYN-Flood
80,6,20,5864,2,18,0,0,BENIGN
0,1,20,1200,0,0,0,0,DoS-ICMP
61717,6,5,290,5,5,0,0,SSH-Bruteforce
22,6,20,1200,20,0,0,0,SSH-Bruteforce
0,1,20,1200,0,0,0,0,DoS-ICMP
10304,6,4,240,4,0,0,0,PortScan
14510,6,4,240,4,0,0,0,PortScan
80,6,20,1480,20,0,0,0,DoS-HTTP
56693,6,10,580,10,10,0,0,SSH-Bruteforce
47974,6,2,120,2,0,0,0,PortScan
26728,6,4,240,4,0,0,0,PortScan
0,1,20,1200,0,0,0,0,DoS-ICMP
80,6,20,1480,20,0,0,0,DoS-HTTP
80,6,20,1200,20,0,0,0,DoS-SYN-Flood
34913,6,2,120,2,0,0,0,PortScan
22,6,20,1200,0,0,20,0,SSH-Bruteforce
80,6,20,1480,20,0,0,0,DoS-HTTP
0,1,20,1200,0,0,0,0,DoS-ICMP
80,17,20,1200,0,0,0,0,DoS-UDP
80,6,20,1200,20,0,0,0,DoS-SYN-Flood
0,1,20,840,0,0,0,0,DoS-ICMP
80,6,20,1200,20,0,0,0,DoS-SYN-Flood
80,6,20,1480,20,0,0,0,DoS-HTTP
80,6,20,1480,20,0,0,0,DoS-HTTP
80,6,20,1480,20,0,0,0,DoS-HTTP
80,17,20,1200,0,0,0,0,DoS-UDP
80,6,20,1480,20,0,0,0,DoS-HTTP
0,1,20,1200,0,0,0,0,DoS-ICMP
80,6,20,1200,20,0,0,0,DoS-SYN-Flood
0,1,20,1200,0,0,0,0,DoS-ICMP
22,6,20,1200,1,0,19,0,SSH-Bruteforce
65000,6,7,406,7,7,0,0,SSH-Bruteforce
45424,6,20,1433,0,20,0,0,BENIGN
53933,6,4,240,4,0,0,0,PortScan
80,6,20,1480,20,0,0,0,DoS-HTTP
80,17,20,1200,0,0,0,0,DoS-UDP
45447,17,20,7515,0,0,0,0,BENIGN
80,6,20,1480,20,0,0,0,DoS-HTTP
0,1,20,840,0,0,0,0,DoS-ICMP
36520,17,20,27980,0,0,0,0,BENIGN
80,6,20,1200,20,0,0,0,DoS-SYN-Flood
80,6,20,1200,20,0,0,0,DoS-SYN-Flood
80,6,20,1200,20,0,0,0,DoS-SYN-Flood
0,1,20,840,0,0,0,0,DoS-ICMP
39819,6,4,240,4,0,0,0,PortScan
80,6,20,1200,20,0,0,0,DoS-SYN-Flood
80,17,20,1200,0,0,0,0,DoS-UDP
0,1,20,840,0,0,0,0,DoS-ICMP
80,6,20,1480,20,0,0,0,DoS-HTTP
80,6,20,1200,20,0,0,0,DoS-SYN-Flood
80,17,20,1200,0,0,0,0,DoS-UDP
80,6,20,1480,20,0,0,0,DoS-HTTP
80,6,20,1480,20,0,0,0,DoS-HTTP
0,1,20,1200,0,0,0,0,DoS-ICMP
443,6,20,1200,0,20,0,0,BENIGN
0,1,20,840,0,0,0,0,DoS-ICMP
80,6,20,1480,20,0,0,0,DoS-HTTP
49683,6,2,120,2,0,0,0,PortScan
64779,6,2,120,2,0,0,0,PortScan
80,6,20,1480,20,0,0,0,DoS-HTTP
0,1,20,1200,0,0,0,0,DoS-ICMP
10344,6,4,240,4,0,0,0,PortScan
80,6,20,1480,20,0,0,0,DoS-HTTP
31664,6,9,522,9,9,0,0,SSH-Bruteforce
33240,6,20,29200,0,20,0,0,BENIGN
9526,6,4,240,4,0,0,0,PortScan
0,1,20,840,0,0,0,0,DoS-ICMP
40400,6,15,1753,1,15,0,1,BENIGN
80,6,20,1480,20,0,0,0,DoS-HTTP
51496,6,4,240,4,0,0,0,PortScan
80,6,20,1480,20,0,0,0,DoS-HTTP
44452,6,8,464,8,8,0,0,SSH-Bruteforce
80,6,20,1200,20,0,0,0,DoS-SYN-Flood
443,17,8,897,0,0,0,0,BENIGN
80,17,20,1200,0,0,0,0,DoS-UDP
0,1,20,840,0,0,0,0,DoS-ICMP
61909,6,5,290,5,5,0,0,SSH-Bruteforce
63727,6,2,120,2,0,0,0,PortScan
0,1,20,840,0,0,0,0,DoS-ICMP
80,6,20,1200,20,0,0,0,DoS-SYN-Flood
24754,6,6,348,6,6,0,0,SSH-Bruteforce
40031,6,8,464,8,8,0,0,SSH-Bruteforce
53308,6,20,21067,0,20,0,0,BENIGN
22,6,20,1200,20,0,0,0,SSH-Bruteforce
80,6,20,1480,20,0,0,0,DoS-HTTP
80,17,20,1200,0,0,0,0,DoS-UDP
80,17,20,1200,0,0,0,0,DoS-UDP
80,6,20,1480,20,0,0,0,DoS-HTTP
0,1,20,840,0,0,0,0,DoS-ICMP
80,6,20,1200,20,0,0,0,DoS-SYN-Flood
80,6,20,1480,20,0,0,0,DoS-HTTP
60886,6,20,29140,0,20,0,0,BENIGN
80,17,20,1200,0,0,0,0,DoS-UDP
0,1,20,840,0,0,0,0,DoS-ICMP
20570,6,2,120,2,0,0,0,PortScan
0,1,20,840,0,0,0,0,DoS-ICMP
22,6,20,1200,20,0,0,0,SSH-Bruteforce
80,17,20,1200,0,0,0,0,DoS-UDP
22,6,20,1200,20,0,0,0,SSH-Bruteforce
56973,6,7,406,7,7,0,0,SSH-Bruteforce
80,6,20,1200,20,0,0,0,DoS-SYN-Flood
22,6,20,1200,20,0,0,0,SSH-Bruteforce
80,6,20,1200,20,0,0,0,DoS-SYN-Flood
80,6,20,1480,20,0,0,0,DoS-HTTP
80,6,20,1200,20,0,0,0,DoS-SYN-Flood
80,6,20,1480,20,0,0,0,DoS-HTTP
80,6,20,1480,20,0,0,0,DoS-HTTP
22,6,20,1200,6,0,14,0,SSH-Bruteforce
22,6,20,1200,20,0,0,0,SSH-Bruteforce
33240,6,20,28780,0,20,0,0,BENIGN
80,6,20,1480,20,0,0,0,DoS-HTTP
43011,6,7,406,7,7,0,0,SSH-Bruteforce
80,17,20,1200,0,0,0,0,DoS-UDP
80,6,20,1480,20,0,0,0,DoS-HTTP
80,6,20,1480,20,0,0,0,DoS-HTTP
80,6,20,1200,20,0,0,0,DoS-SYN-Flood
63070,6,4,232,4,4,0,0,SSH-Bruteforce
80,17,20,1200,0,0,0,0,DoS-UDP
60516,6,20,29500,0,20,0,0,BENIGN
80,6,20,1200,20,0,0,0,DoS-SYN-Flood
80,17,20,1200,0,0,0,0,DoS-UDP
34586,6,2,120,2,0,0,0,PortScan
0,1,20,840,0,0,0,0,DoS-ICMP
80,6,20,1200,20,0,0,0,DoS-SYN-Flood
0,1,20,1200,0,0,0,0,DoS-ICMP
80,17,20,1200,0,0,0,0,DoS-UDP
0,1,20,1200,0,0,0,0,DoS-ICMP
80,17,20,1200,0,0,0,0,DoS-UDP
80,17,20,1200,0,0,0,0,DoS-UDP
45644,6,2,120,2,0,0,0,PortScan
16763,6,6,348,6,6,0,0,SSH-Bruteforce
80,17,20,1200,0,0,0,0,DoS-UDP
36520,17,20,27980,0,0,0,0,BENIGN
80,6,20,1200,20,0,0,0,DoS-SYN-Flood
0,1,20,1200,0,0,0,0,DoS-ICMP
0,1,20,1200,0,0,0,0,DoS-ICMP
53648,6,4,240,4,0,0,0,PortScan
80,6,20,1480,20,0,0,0,DoS-HTTP
0,1,20,1200,0,0,0,0,DoS-ICMP
10638,6,4,240,4,0,0,0,PortScan
80,6,20,1480,20,0,0,0,DoS-HTTP
80,6,20,1480,20,0,0,0,DoS-HTTP
443,6,20,1200,0,20,0,0,BENIGN
80,6,20,1200,20,0,0,0,DoS-SYN-Flood
10160,6,6,348,6,6,0,0,SSH-Bruteforce
48553,6,2,120,2,0,0,0,PortScan
80,6,20,1480,20,0,0,0,DoS-HTTP
0,1,20,1200,0,0,0,0,DoS-ICMP
80,6,20,1480,20,0,0,0,DoS-HTTP
0,1,20,1200,0,0,0,0,DoS-ICMP
33454,6,2,120,2,0,0,0,PortScan
3384,6,4,240,4,0,0,0,PortScan
43259,6,4,240,4,0,0,0,PortScan
80,17,20,1200,0,0,0,0,DoS-UDP
80,17,20,1200,0,0,0,0,DoS-UDP
54829,17,20,27980,0,0,0,0,BENIGN
0,1,20,1200,0,0,0,0,DoS-ICMP
43433,6,4,240,4,0,0,0,PortScan
59804,6,20,17384,0,20,0,0,BENIGN
80,6,20,1480,20,0,0,0,DoS-HTTP
80,17,20,1200,0,0,0,0,DoS-UDP
23382,6,7,406,7,7,0,0,SSH-Bruteforce
80,6,20,1200,20,0,0,0,DoS-SYN-Flood
80,6,20,1200,20,0,0,0,DoS-SYN-Flood
2323,6,4,240,4,0,0,0,PortScan
80,6,20,1480,20,0,0,0,DoS-HTTP
80,6,20,1200,20,0,0,0,DoS-SYN-Flood
80,6,20,1480,20,0,0,0,DoS-HTTP
1806,6,4,240,4,0,0,0,PortScan
54829,17,20,20292,0,0,0,0,BENIGN
36203,6,2,120,2,0,0,0,PortScan
80,6,20,1480,20,0,0,0,DoS-HTTP
0,1,20,840,0,0,0,0,DoS-ICMP
80,6,20,1200,20,0,0,0,DoS-SYN-Flood
80,6,20,1480,20,0,0,0,DoS-HTTP
80,17,20,1200,0,0,0,0,DoS-UDP
51479,6,7,406,7,7,0,0,SSH-Bruteforce
56685,6,2,120,2,0,0,0,PortScan
60744,6,3,174,3,3,0,0,SSH-Bruteforce
80,6,20,1200,20,0,0,0,DoS-SYN-Flood
80,17,20,1200,0,0,0,0,DoS-UDP
0,1,20,840,0,0,0,0,DoS-ICMP
52764,6,13,754,13,13,0,0,SSH-Bruteforce
80,17,20,1200,0,0,0,0,DoS-UDP
516,6,6,348,6,6,0,0,SSH-Bruteforce
11381,6,6,348,6,6,0,0,SSH-Bruteforce
0,1,20,1200,0,0,0,0,DoS-ICMP
80,17,20,1200,0,0,0,0,DoS-UDP
42714,6,4,240,4,0,0,0,PortScan
23236,6,4,240,4,0,0,0,PortScan
80,6,20,1200,20,0,0,0,DoS-SYN-Flood
80,6,20,1480,20,0,0,0,DoS-HTTP
25391,6,4,240,4,0,0,0,PortScan
22,6,20,1200,0,0,20,0,SSH-Bruteforce
0,1,20,840,0,0,0,0,DoS-ICMP
43992,17,20,27980,0,0,0,0,BENIGN
19028,6,6,348,6,6,0,0,SSH-Bruteforce
80,6,20,1200,20,0,0,0,DoS-SYN-Flood
0,1,20,840,0,0,0,0,DoS-ICMP
0,1,20,1200,0,0,0,0,DoS-ICMP
80,17,20,1200,0,0,0,0,DoS-UDP
80,17,20,1200,0,0,0,0,DoS-UDP
45760,6,5,290,5,5,0,0,SSH-Bruteforce
0,1,20,1200,0,0,0,0,DoS-ICMP
0,1,20,840,0,0,0,0,DoS-ICMP
80,6,20,1480,20,0,0,0,DoS-HTTP
80,6,20,1200,20,0,0,0,DoS-SYN-Flood
443,17,20,10685,0,0,0,0,BENIGN
0,1,20,1200,0,0,0,0,DoS-ICMP
80,6,20,1200,20,0,0,0,DoS-SYN-Flood
80,6,20,1200,20,0,0,0,DoS-SYN-Flood
80,6,20,1200,20,0,0,0,DoS-SYN-Flood
35751,6,2,120,2,0,0,0,PortScan
0,1,20,840,0,0,0,0,DoS-ICMP
80,6,20,1200,20,0,0,0,DoS-SYN-Flood
31915,6,2,120,2,0,0,0,PortScan
0,1,20,1200,0,0,0,0,DoS-ICMP
80,17,20,1200,0,0,0,0,DoS-UDP
80,17,20,1200,0,0,0,0,DoS-UDP
45424,6,20,28820,0,20,0,0,BENIGN
0,1,20,1200,0,0,0,0,DoS-ICMP
80,6,20,1200,20,0,0,0,DoS-SYN-Flood
80,17,20,1200,0,0,0,0,DoS-UDP
0,1,20,1200,0,0,0,0,DoS-ICMP
80,17,20,1200,0,0,0,0,DoS-UDP
55743,6,2,120,2,0,0,0,PortScan
5400,6,6,360,6,0,0,0,PortScan
80,17,20,1200,0,0,0,0,DoS-UDP
19128,6,6,348,6,6,0,0,SSH-Bruteforce
22,6,20,1200,0,0,20,0,SSH-Bruteforce
80,6,20,1200,20,0,0,0,DoS-SYN-Flood
80,6,20,1200,20,0,0,0,DoS-SYN-Flood
19643,6,7,406,7,7,0,0,SSH-Bruteforce
80,6,20,1200,20,0,0,0,DoS-SYN-Flood
80,17,20,1200,0,0,0,0,DoS-UDP
80,6,20,1200,20,0,0,0,DoS-SYN-Flood
42548,6,5,290,5,5,0,0,SSH-Bruteforce
0,1,20,840,0,0,0,0,DoS-ICMP
60606,6,8,464,8,8,0,0,SSH-Bruteforce
80,6,20,1200,20,0,0,0,DoS-SYN-Flood
0,1,20,840,0,0,0,0,DoS-ICMP
0,1,20,1200,0,0,0,0,DoS-ICMP
80,6,20,1200,20,0,0,0,DoS-SYN-Flood
80,6,20,1200,20,0,0,0,DoS-SYN-Flood
0,1,20,840,0,0,0,0,DoS-ICMP
22,6,20,1200,20,0,0,0,SSH-Bruteforce
80,17,20,1200,0,0,0,0,DoS-UDP
80,6,20,1200,20,0,0,0,DoS-SYN-Flood
18952,6,7,406,7,7,0,0,SSH-Bruteforce
60886,6,20,29080,0,20,0,0,BENIGN
767,6,4,240,4,0,0,0,PortScan
80,6,20,1200,20,0,0,0,DoS-SYN-Flood
22,6,20,1200,20,0,0,0,SSH-Bruteforce
80,6,20,1200,20,0,0,0,DoS-SYN-Flood
80,6,20,1480,20,0,0,0,DoS-HTTP
80,6,20,1480,20,0,0,0,DoS-HTTP
80,6,20,1200,20,0,0,0,DoS-SYN-Flood
0,1,20,840,0,0,0,0,DoS-ICMP
0,1,20,840,0,0,0,0,DoS-ICMP
0,1,20,840,0,0,0,0,DoS-ICMP
80,6,20,1480,20,0,0,0,DoS-HTTP
80,17,20,1200,0,0,0,0,DoS-UDP
80,6,20,1480,20,0,0,0,DoS-HTTP
21958,6,7,406,7,7,0,0,SSH-Bruteforce
80,6,20,1480,20,0,0,0,DoS-HTTP
0,1,20,1200,0,0,0,0,DoS-ICMP
80,17,20,1200,0,0,0,0,DoS-UDP
7137,6,6,360,6,0,0,0,PortScan
80,6,20,1200,20,0,0,0,DoS-SYN-Flood
80,6,20,1480,20,0,0,0,DoS-HTTP
47294,6,6,348,6,6,0,0,SSH-Bruteforce
80,6,20,1200,20,0,0,0,DoS-SYN-Flood
54829,17,20,27980,0,0,0,0,BENIGN
0,1,20,840,0,0,0,0,DoS-ICMP
80,6,20,1200,20,0,0,0,DoS-SYN-Flood
80,6,20,1480,20,0,0,0,DoS-HTTP
36520,17,20,27980,0,0,0,0,BENIGN
0,1,20,1200,0,0,0,0,DoS-ICMP
38321,6,9,522,9,9,0,0,SSH-Bruteforce
7686,6,7,406,7,7,0,0,SSH-Bruteforce
53767,6,9,522,9,9,0,0,SSH-Bruteforce
80,6,20,1480,20,0,0,0,DoS-HTTP
80,6,20,1480,20,0,0,0,DoS-HTTP
80,6,20,1480,20,0,0,0,DoS-HTTP
80,6,20,1200,20,0,0,0,DoS-SYN-Flood
46398,17,20,27980,0,0,0,0,BENIGN
60394,17,20,27975,0,0,0,0,BENIGN
28569,6,9,522,9,9,0,0,SSH-Bruteforce
8992,6,4,240,4,0,0,0,PortScan
80,6,20,1200,20,0,0,0,DoS-SYN-Flood
443,6,20,1218,0,20,0,0,BENIGN
80,6,20,1200,20,0,0,0,DoS-SYN-Flood
34824,6,6,348,6,6,0,0,SSH-Bruteforce
80,6,20,1480,20,0,0,0,DoS-HTTP
80,6,20,1200,20,0,0,0,DoS-SYN-Flood
80,6,20,1480,20,0,0,0,DoS-HTTP
16132,6,4,240,4,0,0,0,PortScan
80,17,20,1200,0,0,0,0,DoS-UDP
80,17,20,1200,0,0,0,0,DoS-UDP
33047,6,4,232,4,4,0,0,SSH-Bruteforce
80,6,20,1200,20,0,0,0,DoS-SYN-Flood
80,6,20,1480,20,0,0,0,DoS-HTTP
0,1,20,1200,0,0,0,0,DoS-ICMP
80,6,20,1200,20,0,0,0,DoS-SYN-Flood
56590,6,2,120,2,0,0,0,PortScan
5297,6,4,240,4,0,0,0,PortScan
23757,6,7,406,7,7,0,0,SSH-Bruteforce
22,6,20,1200,20,0,0,0,SSH-Bruteforce
80,17,20,1200,0,0,0,0,DoS-UDP
15635,6,8,464,8,8,0,0,SSH-Bruteforce
60874,6,5,290,5,5,0,0,SSH-Bruteforce
80,6,20,1200,20,0,0,0,DoS-SYN-Flood
80,6,20,1480,20,0,0,0,DoS-HTTP
38393,6,2,120,2,0,0,0,PortScan
0,1,20,840,0,0,0,0,DoS-ICMP
80,17,20,1200,0,0,0,0,DoS-UDP
80,6,20,1480,20,0,0,0,DoS-HTTP
80,17,20,1200,0,0,0,0,DoS-UDP
47484,6,9,522,9,9,0,0,SSH-Bruteforce
80,17,20,1200,0,0,0,0,DoS-UDP
0,1,20,1200,0,0,0,0,DoS-ICMP
80,17,20,1200,0,0,0,0,DoS-UDP
80,17,20,1200,0,0,0,0,DoS-UDP
26132,6,2,120,2,0,0,0,PortScan
22,6,20,1200,20,0,0,0,SSH-Bruteforce
33117,6,4,240,4,0,0,0,PortScan
22,6,20,1200,0,0,20,0,SSH-Bruteforce
80,17,20,1200,0,0,0,0,DoS-UDP
22,6,20,1200,0,0,20,0,SSH-Bruteforce
80,6,20,1480,20,0,0,0,DoS-HTTP
0,1,20,1200,0,0,0,0,DoS-ICMP
0,1,20,1200,0,0,0,0,DoS-ICMP
80,6,20,1200,20,0,0,0,DoS-SYN-Flood
36268,17,20,27980,0,0,0,0,BENIGN
80,6,20,1480,20,0,0,0,DoS-HTTP
80,17,20,1200,0,0,0,0,DoS-UDP
59804,6,20,17894,0,20,0,0,BENIGN
42977,6,4,240,4,0,0,0,PortScan
80,17,20,1200,0,0,0,0,DoS-UDP
80,6,20,1480,20,0,0,0,DoS-HTTP
80,6,20,1200,20,0,0,0,DoS-SYN-Flood
60866,6,4,240,4,0,0,0,PortScan
38923,6,7,406,7,7,0,0,SSH-Bruteforce
80,17,20,1200,0,0,0,0,DoS-UDP
80,17,20,1200,0,0,0,0,DoS-UDP
36520,17,20,27980,0,0,0,0,BENIGN
42958,6,4,240,4,0,0,0,PortScan
0,1,20,1200,0,0,0,0,DoS-ICMP
0,1,20,1200,0,0,0,0,DoS-ICMP
0,1,20,1200,0,0,0,0,DoS-ICMP
80,6,20,1480,20,0,0,0,DoS-HTTP
80,17,20,1200,0,0,0,0,DoS-UDP
80,6,20,1200,20,0,0,0,DoS-SYN-Flood
80,17,20,1200,0,0,0,0,DoS-UDP
6934,6,3,174,3,3,0,0,SSH-Bruteforce
37554,6,2,120,2,0,0,0,PortScan
0,1,20,1200,0,0,0,0,DoS-ICMP
19126,6,7,406,7,7,0,0,SSH-Bruteforce
0,1,20,1200,0,0,0,0,DoS-ICMP
80,17,20,1200,0,0,0,0,DoS-UDP
17147,6,2,120,2,0,0,0,PortScan
80,6,20,1200,20,0,0,0,DoS-SYN-Flood
0,1,20,840,0,0,0,0,DoS-ICMP
80,6,20,1200,20,0,0,0,DoS-SYN-Flood
80,6,20,1200,20,0,0,0,DoS-SYN-Flood
80,17,20,1200,0,0,0,0,DoS-UDP
22,6,20,1200,0,0,20,0,SSH-Bruteforce
80,17,20,1200,0,0,0,0,DoS-UDP
80,6,20,1480,20,0,0,0,DoS-HTTP
80,17,20,1200,0,0,0,0,DoS-UDP
29678,6,2,120,2,0,0,0,PortScan
80,6,20,1200,20,0,0,0,DoS-SYN-Flood
80,17,20,1200,0,0,0,0,DoS-UDP
80,6,20,1480,20,0,0,0,DoS-HTTP
80,6,20,1200,20,0,0,0,DoS-SYN-Flood
80,6,20,1480,20,0,0,0,DoS-HTTP
80,6,20,1200,20,0,0,0,DoS-SYN-Flood
45928,6,2,120,2,0,0,0,PortScan
80,17,20,1200,0,0,0,0,DoS-UDP
80,6,20,1480,20,0,0,0,DoS-HTTP
18328,6,7,406,7,7,0,0,SSH-Bruteforce
0,1,20,1200,0,0,0,0,DoS-ICMP
80,6,20,1200,20,0,0,0,DoS-SYN-Flood
80,6,20,1200,20,0,0,0,DoS-SYN-Flood
41396,6,4,240,4,0,0,0,PortScan
80,6,20,1200,20,0,0,0,DoS-SYN-Flood
24789,6,4,240,4,0,0,0,PortScan
0,1,20,1200,0,0,0,0,DoS-ICMP
80,17,20,1200,0,0,0,0,DoS-UDP
47593,6,2,120,2,0,0,0,PortScan
3135,6,4,240,4,0,0,0,PortScan
36520,17,20,27980,0,0,0,0,BENIGN
0,1,20,840,0,0,0,0,DoS-ICMP
60886,6,20,18506,0,20,0,0,BENIGN
80,6,20,1200,20,0,0,0,DoS-SYN-Flood
44508,6,7,406,7,7,0,0,SSH-Bruteforce
80,6,20,1480,20,0,0,0,DoS-HTTP
0,1,20,840,0,0,0,0,DoS-ICMP
36520,17,20,27980,0,0,0,0,BENIGN
80,6,20,1200,20,0,0,0,DoS-SYN-Flood
60886,6,20,29020,0,20,0,0,BENIGN
80,6,20,1200,20,0,0,0,DoS-SYN-Flood
0,1,20,1200,0,0,0,0,DoS-ICMP
80,6,20,1480,20,0,0,0,DoS-HTTP
80,6,20,1480,20,0,0,0,DoS-HTTP
80,17,20,1200,0,0,0,0,DoS-UDP
80,17,20,1200,0,0,0,0,DoS-UDP
0,1,20,1200,0,0,0,0,DoS-ICMP
0,1,20,840,0,0,0,0,DoS-ICMP
0,1,20,840,0,0,0,0,DoS-ICMP
80,6,20,1200,20,0,0,0,DoS-SYN-Flood
29607,6,4,240,4,0,0,0,PortScan
0,1,20,1200,0,0,0,0,DoS-ICMP
61296,6,2,120,2,0,0,0,PortScan
80,6,20,1480,20,0,0,0,DoS-HTTP
36520,17,20,27980,0,0,0,0,BENIGN
15605,6,2,120,2,0,0,0,PortScan
22,6,20,1200,0,0,20,0,SSH-Bruteforce
24530,6,2,120,2,0,0,0,PortScan
45424,6,20,3248,0,20,0,0,BENIGN
80,6,20,1200,20,0,0,0,DoS-SYN-Flood
80,17,20,1200,0,0,0,0,DoS-UDP
27996,6,8,464,8,8,0,0,SSH-Bruteforce
0,1,20,840,0,0,0,0,DoS-ICMP
0,1,20,840,0,0,0,0,DoS-ICMP
80,6,20,1480,20,0,0,0,DoS-HTTP
0,1,20,1200,0,0,0,0,DoS-ICMP
80,17,20,1200,0,0,0,0,DoS-UDP
44558,6,11,5373,1,11,0,1,BENIGN
65014,6,5,290,5,5,0,0,SSH-Bruteforce
59439,6,2,120,2,0,0,0,PortScan
43148,6,2,120,2,0,0,0,PortScan
80,6,20,1480,20,0,0,0,DoS-HTTP
80,17,20,1200,0,0,0,0,DoS-UDP
80,6,20,1200,20,0,0,0,DoS-SYN-Flood
80,6,20,1200,20,0,0,0,DoS-SYN-Flood
24606,6,4,240,4,0,0,0,PortScan
0,1,20,1200,0,0,0,0,DoS-ICMP
38621,6,4,240,4,0,0,0,PortScan
14079,6,4,240,4,0,0,0,PortScan
0,1,20,1200,0,0,0,0,DoS-ICMP
80,6,20,1480,20,0,0,0,DoS-HTTP
22,6,20,1200,0,0,20,0,SSH-Bruteforce
443,17,20,1509,0,0,0,0,BENIGN
80,17,20,1200,0,0,0,0,DoS-UDP
0,1,20,840,0,0,0,0,DoS-ICMP
0,1,20,840,0,0,0,0,DoS-ICMP
80,6,20,1200,20,0,0,0,DoS-SYN-Flood
80,6,20,1480,20,0,0,0,DoS-HTTP
22,6,20,1200,7,0,13,0,SSH-Bruteforce
0,1,20,1200,0,0,0,0,DoS-ICMP
0,1,20,840,0,0,0,0,DoS-ICMP
53308,6,20,29080,0,20,0,0,BENIGN
80,6,20,1480,20,0,0,0,DoS-HTTP
80,6,20,1200,20,0,0,0,DoS-SYN-Flood
80,17,20,1200,0,0,0,0,DoS-UDP
80,6,20,1200,20,0,0,0,DoS-SYN-Flood
38654,6,2,120,2,0,0,0,PortScan
0,1,20,840,0,0,0,0,DoS-ICMP
12279,6,7,406,7,7,0,0,SSH-Bruteforce
443,6,20,1200,0,20,0,0,BENIGN
36520,17,20,27980,0,0,0,0,BENIGN
24597,6,7,406,7,7,0,0,SSH-Bruteforce
80,17,20,1200,0,0,0,0,DoS-UDP
60886,6,20,22361,0,20,0,0,BENIGN
22,6,20,1200,1,0,19,0,SSH-Bruteforce
80,6,20,1480,20,0,0,0,DoS-HTTP
20937,6,2,120,2,0,0,0,PortScan
80,6,20,1200,20,0,0,0,DoS-SYN-Flood
0,1,20,1200,0,0,0,0,DoS-ICMP
80,6,20,1480,20,0,0,0,DoS-HTTP
80,17,20,1200,0,0,0,0,DoS-UDP
39840,6,4,240,4,0,0,0,PortScan
80,6,20,1480,20,0,0,0,DoS-HTTP
30753,6,8,464,8,8,0,0,SSH-Bruteforce
0,1,20,1200,0,0,0,0,DoS-ICMP
80,17,20,1200,0,0,0,0,DoS-UDP
0,1,20,840,0,0,0,0,DoS-ICMP
80,17,20,1200,0,0,0,0,DoS-UDP
6956,6,6,348,6,6,0,0,SSH-Bruteforce
36520,17,20,27980,0,0,0,0,BENIGN
0,1,20,1200,0,0,0,0,DoS-ICMP
80,17,20,1200,0,0,0,0,DoS-UDP
80,17,20,1200,0,0,0,0,DoS-UDP
80,6,20,1480,20,0,0,0,DoS-HTTP
0,1,20,840,0,0,0,0,DoS-ICMP
80,6,20,1480,20,0,0,0,DoS-HTTP
80,17,20,1200,0,0,0,0,DoS-UDP
1722,6,6,348,6,6,0,0,SSH-Bruteforce
80,6,20,1480,20,0,0,0,DoS-HTTP
61411,6,4,240,4,0,0,0,PortScan
80,17,20,1200,0,0,0,0,DoS-UDP
23547,6,6,348,6,6,0,0,SSH-Bruteforce
53278,6,20,30280,0,20,0,0,BENIGN
80,6,20,1200,20,0,0,0,DoS-SYN-Flood
0,1,20,1200,0,0,0,0,DoS-ICMP
0,1,20,840,0,0,0,0,DoS-ICMP
80,17,20,1200,0,0,0,0,DoS-UDP
33240,6,20,29200,0,20,0,0,BENIGN
0,1,20,1200,0,0,0,0,DoS-ICMP
80,6,20,1480,20,0,0,0,DoS-HTTP
13810,6,10,580,10,10,0,0,SSH-Bruteforce
80,6,20,1480,20,0,0,0,DoS-HTTP
53296,6,20,30280,0,20,0,0,BENIGN
80,6,20,1480,20,0,0,0,DoS-HTTP
80,6,20,1480,20,0,0,0,DoS-HTTP
0,1,20,1200,0,0,0,0,DoS-ICMP
80,6,20,1480,20,0,0,0,DoS-HTTP
80,17,20,1200,0,0,0,0,DoS-UDP
80,6,20,1480,20,0,0,0,DoS-HTTP
18997,6,2,120,2,0,0,0,PortScan
80,17,20,1200,0,0,0,0,DoS-UDP
0,1,20,1200,0,0,0,0,DoS-ICMP
80,6,20,1480,20,0,0,0,DoS-HTTP
80,6,20,1200,20,0,0,0,DoS-SYN-Flood
80,6,20,1200,20,0,0,0,DoS-SYN-Flood
80,6,20,1200,20,0,0,0,DoS-SYN-Flood
28887,6,2,120,2,0,0,0,PortScan
80,6,20,1200,20,0,0,0,DoS-SYN-Flood
0,1,20,1200,0,0,0,0,DoS-ICMP
50822,6,4,240,4,0,0,0,PortScan
0,1,20,1200,0,0,0,0,DoS-ICMP
80,17,20,1200,0,0,0,0,DoS-UDP
51140,6,9,522,9,9,0,0,SSH-Bruteforce
80,6,20,1480,20,0,0,0,DoS-HTTP
80,17,20,1200,0,0,0,0,DoS-UDP
22,6,20,1200,2,0,18,0,SSH-Bruteforce
62589,6,2,120,2,0,0,0,PortScan
80,6,20,1480,20,0,0,0,DoS-HTTP
42592,6,4,240,4,0,0,0,PortScan
42370,6,11,5374,1,11,0,1,BENIGN
80,17,20,1200,0,0,0,0,DoS-UDP
80,6,20,1200,20,0,0,0,DoS-SYN-Flood
22,6,20,1200,20,0,0,0,SSH-Bruteforce
36520,17,20,27980,0,0,0,0,BENIGN
80,6,20,1480,20,0,0,0,DoS-HTTP
80,17,20,1200,0,0,0,0,DoS-UDP
0,1,20,1200,0,0,0,0,DoS-ICMP
80,6,20,1480,20,0,0,0,DoS-HTTP
80,6,20,1480,20,0,0,0,DoS-HTTP
16471,6,2,120,2,0,0,0,PortScan
80,6,20,1200,20,0,0,0,DoS-SYN-Flood
80,17,20,1200,0,0,0,0,DoS-UDP
12413,6,8,464,8,8,0,0,SSH-Bruteforce
80,17,20,1200,0,0,0,0,DoS-UDP
58968,6,7,406,7,7,0,0,SSH-Bruteforce
80,6,20,1480,20,0,0,0,DoS-HTTP
33240,6,20,29140,0,20,0,0,BENIGN
80,17,20,1200,0,0,0,0,DoS-UDP
443,6,20,1200,0,20,0,0,BENIGN
80,6,20,1200,20,0,0,0,DoS-SYN-Flood
52156,6,4,240,4,0,0,0,PortScan
22,6,20,1200,20,0,0,0,SSH-Bruteforce
80,17,20,1200,0,0,0,0,DoS-UDP
25769,6,2,120,2,0,0,0,PortScan
80,17,20,1200,0,0,0,0,DoS-UDP
80,6,20,1200,20,0,0,0,DoS-SYN-Flood
80,6,20,1480,20,0,0,0,DoS-HTTP
59550,6,2,120,2,0,0,0,PortScan
0,1,20,1200,0,0,0,0,DoS-ICMP
22,6,20,1200,20,0,0,0,SSH-Bruteforce
80,17,20,1200,0,0,0,0,DoS-UDP
7341,6,4,240,4,0,0,0,PortScan
80,6,20,1480,20,0,0,0,DoS-HTTP
80,17,20,1200,0,0,0,0,DoS-UDP
80,17,20,1200,0,0,0,0,DoS-UDP
80,6,20,1480,20,0,0,0,DoS-HTTP
0,1,20,840,0,0,0,0,DoS-ICMP
80,6,20,1200,20,0,0,0,DoS-SYN-Flood
80,6,20,1200,20,0,0,0,DoS-SYN-Flood
22,6,20,1200,0,0,20,0,SSH-Bruteforce
10876,6,8,464,8,8,0,0,SSH-Bruteforce
80,6,20,1200,20,0,0,0,DoS-SYN-Flood
80,6,20,1480,20,0,0,0,DoS-HTTP
23301,6,5,290,5,5,0,0,SSH-Bruteforce
0,1,20,1200,0,0,0,0,DoS-ICMP
80,17,20,1200,0,0,0,0,DoS-UDP
80,17,20,1200,0,0,0,0,DoS-UDP
80,6,20,1480,20,0,0,0,DoS-HTTP
80,6,20,1480,20,0,0,0,DoS-HTTP
443,6,20,4809,0,20,0,0,BENIGN
80,6,20,1480,20,0,0,0,DoS-HTTP
80,17,20,1200,0,0,0,0,DoS-UDP
24061,6,6,348,6,6,0,0,SSH-Bruteforce
80,6,20,1200,20,0,0,0,DoS-SYN-Flood
80,6,20,1480,20,0,0,0,DoS-HTTP
3892,6,4,240,4,0,0,0,PortScan
22,6,20,1200,20,0,0,0,SSH-Bruteforce
80,6,20,1480,20,0,0,0,DoS-HTTP
80,6,20,1200,20,0,0,0,DoS-SYN-Flood
80,17,20,1200,0,0,0,0,DoS-UDP
80,6,20,1200,20,0,0,0,DoS-SYN-Flood
22,6,20,1200,20,0,0,0,SSH-Bruteforce
0,1,20,1200,0,0,0,0,DoS-ICMP
22,6,20,1200,15,0,5,0,SSH-Bruteforce
0,1,20,1200,0,0,0,0,DoS-ICMP
80,6,20,1200,20,0,0,0,DoS-SYN-Flood
22,6,20,1200,6,0,14,0,SSH-Bruteforce
0,1,20,1200,0,0,0,0,DoS-ICMP
0,1,20,840,0,0,0,0,DoS-ICMP
80,17,20,1200,0,0,0,0,DoS-UDP
0,1,20,1200,0,0,0,0,DoS-ICMP
3972,6,4,240,4,0,0,0,PortScan
18009,6,2,120,2,0,0,0,PortScan
5007,6,9,522,9,9,0,0,SSH-Bruteforce
80,6,20,1200,20,0,0,0,DoS-SYN-Flood
62017,6,8,464,8,8,0,0,SSH-Bruteforce
0,1,20,840,0,0,0,0,DoS-ICMP
44702,6,4,240,4,0,0,0,PortScan
80,6,20,1480,20,0,0,0,DoS-HTTP
5637,6,4,240,4,0,0,0,PortScan
80,6,20,1200,20,0,0,0,DoS-SYN-Flood
80,17,20,1200,0,0,0,0,DoS-UDP
80,6,20,1200,20,0,0,0,DoS-SYN-Flood
80,6,20,1200,20,0,0,0,DoS-SYN-Flood
80,17,20,1200,0,0,0,0,DoS-UDP
80,17,20,1200,0,0,0,0,DoS-UDP
0,1,20,1200,0,0,0,0,DoS-ICMP
80,17,20,1200,0,0,0,0,DoS-UDP
80,6,20,1200,20,0,0,0,DoS-SYN-Flood
80,6,20,1200,20,0,0,0,DoS-SYN-Flood
2701,6,6,360,6,0,0,0,PortScan
80,6,20,1480,20,0,0,0,DoS-HTTP
0,1,20,840,0,0,0,0,DoS-ICMP
80,17,20,1200,0,0,0,0,DoS-UDP
80,6,20,1200,20,0,0,0,DoS-SYN-Flood
0,1,20,840,0,0,0,0,DoS-ICMP
25339,6,7,406,7,7,0,0,SSH-Bruteforce
0,1,20,840,0,0,0,0,DoS-ICMP
0,1,20,1200,0,0,0,0,DoS-ICMP
0,1,20,840,0,0,0,0,DoS-ICMP
80,6,20,1480,20,0,0,0,DoS-HTTP
24435,6,4,240,4,0,0,0,PortScan
80,6,20,1480,20,0,0,0,DoS-HTTP
80,17,20,1200,0,0,0,0,DoS-UDP
36520,17,20,27980,0,0,0,0,BENIGN
45531,6,4,240,4,0,0,0,PortScan
80,17,20,1200,0,0,0,0,DoS-UDP
594,6,4,240,4,0,0,0,PortScan
22,6,20,1200,20,0,0,0,SSH-Bruteforce
80,17,20,1200,0,0,0,0,DoS-UDP
25317,6,4,240,4,0,0,0,PortScan
80,17,20,1200,0,0,0,0,DoS-UDP
80,6,20,1480,20,0,0,0,DoS-HTTP
80,6,20,1480,20,0,0,0,DoS-HTTP
80,17,20,1200,0,0,0,0,DoS-UDP
0,1,20,840,0,0,0,0,DoS-ICMP
0,1,20,1200,0,0,0,0,DoS-ICMP
80,17,20,1200,0,0,0,0,DoS-UDP
80,17,20,1200,0,0,0,0,DoS-UDP
324,6,10,580,10,10,0,0,SSH-Bruteforce
0,1,20,840,0,0,0,0,DoS-ICMP
0,1,20,1200,0,0,0,0,DoS-ICMP
9314,6,6,360,6,0,0,0,PortScan
53308,6,20,29140,0,20,0,0,BENIGN
22,6,20,1200,0,0,20,0,SSH-Bruteforce
36520,17,20,27980,0,0,0,0,BENIGN
80,17,20,1200,0,0,0,0,DoS-UDP
33240,6,20,29080,0,20,0,0,BENIGN
45013,6,8,464,8,8,0,0,SSH-Bruteforce
62750,6,6,348,6,6,0,0,SSH-Bruteforce
80,6,20,1480,20,0,0,0,DoS-HTTP
0,1,20,840,0,0,0,0,DoS-ICMP
80,6,20,1480,20,0,0,0,DoS-HTTP
80,17,20,1200,0,0,0,0,DoS-UDP
19555,6,2,120,2,0,0,0,PortScan
22,6,20,1200,12,0,8,0,SSH-Bruteforce
80,17,20,1200,0,0,0,0,DoS-UDP
0,1,20,840,0,0,0,0,DoS-ICMP
80,6,20,1480,20,0,0,0,DoS-HTTP
80,6,20,1480,20,0,0,0,DoS-HTTP
0,1,20,1200,0,0,0,0,DoS-ICMP
80,6,20,1200,20,0,0,0,DoS-SYN-Flood
4781,6,6,360,6,0,0,0,PortScan
80,6,20,1480,20,0,0,0,DoS-HTTP
18198,6,2,120,2,0,0,0,PortScan
0,1,20,840,0,0,0,0,DoS-ICMP
24780,6,2,120,2,0,0,0,PortScan
80,6,20,1200,20,0,0,0,DoS-SYN-Flood
36520,17,20,27980,0,0,0,0,BENIGN
0,1,20,840,0,0,0,0,DoS-ICMP
57732,6,2,120,2,0,0,0,PortScan
80,6,20,1480,20,0,0,0,DoS-HTTP
0,1,20,840,0,0,0,0,DoS-ICMP
80,17,20,1200,0,0,0,0,DoS-UDP
0,1,20,1200,0,0,0,0,DoS-ICMP
64576,6,2,120,2,0,0,0,PortScan
80,6,20,1200,20,0,0,0,DoS-SYN-Flood
0,1,20,840,0,0,0,0,DoS-ICMP
0,1,20,1200,0,0,0,0,DoS-ICMP
80,6,20,1480,20,0,0,0,DoS-HTTP
90,6,4,240,4,0,0,0,PortScan
80,17,20,1200,0,0,0,0,DoS-UDP
45424,6,20,7165,0,20,0,0,BENIGN
57266,6,5,290,5,5,0,0,SSH-Bruteforce
0,1,20,840,0,0,0,0,DoS-ICMP
80,17,20,1200,0,0,0,0,DoS-UDP
52728,6,11,638,11,11,0,0,SSH-Bruteforce
80,17,20,1200,0,0,0,0,DoS-UDP
80,6,20,1200,20,0,0,0,DoS-SYN-Flood
80,6,20,1200,20,0,0,0,DoS-SYN-Flood
80,6,20,1480,20,0,0,0,DoS-HTTP
33240,6,20,28840,0,20,0,0,BENIGN
80,6,20,1200,20,0,0,0,DoS-SYN-Flood
80,17,20,1200,0,0,0,0,DoS-UDP
80,17,20,1200,0,0,0,0,DoS-UDP
80,6,20,1200,20,0,0,0,DoS-SYN-Flood
80,6,20,1480,20,0,0,0,DoS-HTTP
48303,6,8,464,8,8,0,0,SSH-Bruteforce
80,6,20,1480,20,0,0,0,DoS-HTTP
35430,6,9,522,9,9,0,0,SSH-Bruteforce
22,6,20,1200,20,0,0,0,SSH-Bruteforce
50472,6,7,406,7,7,0,0,SSH-Bruteforce
42087,6,2,120,2,0,0,0,PortScan
50341,17,6,3384,0,0,0,0,BENIGN
15566,6,6,348,6,6,0,0,SSH-Bruteforce
36520,17,20,27980,0,0,0,0,BENIGN
60219,6,6,348,6,6,0,0,SSH-Bruteforce
8860,6,4,240,4,0,0,0,PortScan
80,6,20,1480,20,0,0,0,DoS-HTTP
80,17,20,1200,0,0,0,0,DoS-UDP
80,17,20,1200,0,0,0,0,DoS-UDP
2981,6,4,240,4,0,0,0,PortScan
80,6,20,1480,20,0,0,0,DoS-HTTP
0,1,20,840,0,0,0,0,DoS-ICMP
0,1,20,840,0,0,0,0,DoS-ICMP
80,6,20,1480,20,0,0,0,DoS-HTTP
80,17,20,1200,0,0,0,0,DoS-UDP
26322,6,7,406,7,7,0,0,SSH-Bruteforce
0,1,20,840,0,0,0,0,DoS-ICMP
34591,6,9,522,9,9,0,0,SSH-Bruteforce
0,1,20,840,0,0,0,0,DoS-ICMP
0,1,20,840,0,0,0,0,DoS-ICMP
13769,6,14,812,14,14,0,0,SSH-Bruteforce
80,6,20,1200,20,0,0,0,DoS-SYN-Flood
80,6,20,1200,20,0,0,0,DoS-SYN-Flood
46859,6,2,120,2,0,0,0,PortScan
61154,6,4,240,4,0,0,0,PortScan
80,6,20,1480,20,0,0,0,DoS-HTTP
24465,6,2,120,2,0,0,0,PortScan
0,1,20,1200,0,0,0,0,DoS-ICMP
48049,6,2,120,2,0,0,0,PortScan
24055,6,6,348,6,6,0,0,SSH-Bruteforce
53258,6,20,30279,0,20,0,0,BENIGN
33923,6,11,638,11,11,0,0,SSH-Bruteforce
0,1,20,840,0,0,0,0,DoS-ICMP
0,1,20,840,0,0,0,0,DoS-ICMP
80,17,20,1200,0,0,0,0,DoS-UDP
80,6,20,1200,20,0,0,0,DoS-SYN-Flood
80,6,20,1480,20,0,0,0,DoS-HTTP
80,17,20,1200,0,0,0,0,DoS-UDP
0,1,20,840,0,0,0,0,DoS-ICMP
22,6,20,1200,20,0,0,0,SSH-Bruteforce
80,6,20,1200,20,0,0,0,DoS-SYN-Flood
80,17,20,1200,0,0,0,0,DoS-UDP
49935,6,2,120,2,0,0,0,PortScan
4017,6,8,464,8,8,0,0,SSH-Bruteforce
22,6,20,1200,0,0,20,0,SSH-Bruteforce
80,6,20,1480,20,0,0,0,DoS-HTTP
22,6,20,1200,2,0,18,0,SSH-Bruteforce
80,6,20,1200,20,0,0,0,DoS-SYN-Flood
80,17,20,1200,0,0,0,0,DoS-UDP
80,6,20,1200,20,0,0,0,DoS-SYN-Flood
1554,6,6,348,6,6,0,0,SSH-Bruteforce
29574,6,2,120,2,0,0,0,PortScan
80,6,20,1480,20,0,0,0,DoS-HTTP
0,1,20,1200,0,0,0,0,DoS-ICMP
14273,6,8,464,8,8,0,0,SSH-Bruteforce
22,6,20,1200,0,0,20,0,SSH-Bruteforce
0,1,20,840,0,0,0,0,DoS-ICMP
22,6,20,1200,20,0,0,0,SSH-Bruteforce
80,17,20,1200,0,0,0,0,DoS-UDP
0,1,20,840,0,0,0,0,DoS-ICMP
60056,6,4,240,4,0,0,0,PortScan
0,1,20,1200,0,0,0,0,DoS-ICMP
80,6,20,1200,20,0,0,0,DoS-SYN-Flood
80,17,20,1200,0,0,0,0,DoS-UDP
80,6,20,1480,20,0,0,0,DoS-HTTP
30191,6,7,406,7,7,0,0,SSH-Bruteforce
0,1,20,840,0,0,0,0,DoS-ICMP
80,6,20,1200,20,0,0,0,DoS-SYN-Flood
80,6,20,1480,20,0,0,0,DoS-HTTP
80,17,20,1200,0,0,0,0,DoS-UDP
30700,6,4,240,4,0,0,0,PortScan
80,6,20,1200,20,0,0,0,DoS-SYN-Flood
22,6,20,1200,0,0,20,0,SSH-Bruteforce
51266,6,2,120,2,0,0,0,PortScan
80,6,20,1480,20,0,0,0,DoS-HTTP
80,6,20,1480,20,0,0,0,DoS-HTTP
24150,6,2,120,2,0,0,0,PortScan
80,6,20,1480,20,0,0,0,DoS-HTTP
80,6,20,1480,20,0,0,0,DoS-HTTP
80,6,20,1200,20,0,0,0,DoS-SYN-Flood
0,1,20,1200,0,0,0,0,DoS-ICMP
80,6,20,1200,20,0,0,0,DoS-SYN-Flood
56317,6,2,120,2,0,0,0,PortScan
25523,6,2,120,2,0,0,0,PortScan
80,17,20,1200,0,0,0,0,DoS-UDP
80,17,20,1200,0,0,0,0,DoS-UDP
36790,6,4,240,4,0,0,0,PortScan
80,17,20,1200,0,0,0,0,DoS-UDP
80,6,20,1200,20,0,0,0,DoS-SYN-Flood
41308,17,20,27980,0,0,0,0,BENIGN
443,6,20,17223,0,20,0,0,BENIGN
80,6,20,1480,20,0,0,0,DoS-HTTP
56499,6,7,406,7,7,0,0,SSH-Bruteforce
80,6,20,1200,20,0,0,0,DoS-SYN-Flood
0,1,20,840,0,0,0,0,DoS-ICMP
0,1,20,840,0,0,0,0,DoS-ICMP
80,6,20,1200,20,0,0,0,DoS-SYN-Flood
61588,6,4,240,4,0,0,0,PortScan
80,6,20,1480,20,0,0,0,DoS-HTTP
80,6,20,1200,20,0,0,0,DoS-SYN-Flood
60811,6,2,120,2,0,0,0,PortScan
14191,6,4,240,4,0,0,0,PortScan
80,17,20,1200,0,0,0,0,DoS-UDP
17564,6,4,240,4,0,0,0,PortScan
80,17,20,1200,0,0,0,0,DoS-UDP
33240,6,20,29440,0,20,0,0,BENIGN
80,6,20,1480,20,0,0,0,DoS-HTTP
19658,6,8,464,8,8,0,0,SSH-Bruteforce
80,6,20,1480,20,0,0,0,DoS-HTTP
0,1,20,840,0,0,0,0,DoS-ICMP
22,6,20,1200,9,0,11,0,SSH-Bruteforce
80,6,20,1200,20,0,0,0,DoS-SYN-Flood
80,17,20,1200,0,0,0,0,DoS-UDP
80,6,20,1480,20,0,0,0,DoS-HTTP
9092,6,4,240,4,0,0,0,PortScan
0,1,20,840,0,0,0,0,DoS-ICMP
0,1,20,1200,0,0,0,0,DoS-ICMP
17802,6,2,120,2,0,0,0,PortScan
43806,6,6,348,6,6,0,0,SSH-Bruteforce
19534,6,6,348,6,6,0,0,SSH-Bruteforce
80,6,20,1480,20,0,0,0,DoS-HTTP
80,17,20,1200,0,0,0,0,DoS-UDP
22,6,20,1200,20,0,0,0,SSH-Bruteforce
20067,6,4,240,4,0,0,0,PortScan
22,6,20,1200,20,0,0,0,SSH-Bruteforce
80,17,20,1200,0,0,0,0,DoS-UDP
80,17,20,1200,0,0,0,0,DoS-UDP
80,17,20,1200,0,0,0,0,DoS-UDP
18597,6,2,120,2,0,0,0,PortScan
0,1,20,840,0,0,0,0,DoS-ICMP
80,17,20,1200,0,0,0,0,DoS-UDP
12335,6,6,360,6,0,0,0,PortScan
80,6,20,1200,20,0,0,0,DoS-SYN-Flood
61282,6,6,348,6,6,0,0,SSH-Bruteforce
80,6,20,1480,20,0,0,0,DoS-HTTP
80,6,20,1480,20,0,0,0,DoS-HTTP
22,6,20,1200,20,0,0,0,SSH-Bruteforce
80,6,20,1200,20,0,0,0,DoS-SYN-Flood
80,6,20,1200,20,0,0,0,DoS-SYN-Flood
0,1,20,1200,0,0,0,0,DoS-ICMP
80,17,20,1200,0,0,0,0,DoS-UDP
80,6,20,1200,20,0,0,0,DoS-SYN-Flood
80,6,20,1480,20,0,0,0,DoS-HTTP
80,6,20,1480,20,0,0,0,DoS-HTTP
80,6,20,1200,20,0,0,0,DoS-SYN-Flood
80,6,20,1480,20,0,0,0,DoS-HTTP
0,1,20,840,0,0,0,0,DoS-ICMP
80,6,20,1200,20,0,0,0,DoS-SYN-Flood
80,17,20,1200,0,0,0,0,DoS-UDP
0,1,20,1200,0,0,0,0,DoS-ICMP
80,6,20,1200,20,0,0,0,DoS-SYN-Flood
33240,6,20,29140,0,20,0,0,BENIGN
80,6,20,1480,20,0,0,0,DoS-HTTP
36520,17,20,27980,0,0,0,0,BENIGN
80,17,20,1200,0,0,0,0,DoS-UDP
0,1,20,1200,0,0,0,0,DoS-ICMP
80,6,20,1480,20,0,0,0,DoS-HTTP
47548,6,4,240,4,0,0,0,PortScan
80,6,20,1200,20,0,0,0,DoS-SYN-Flood
0,1,20,1200,0,0,0,0,DoS-ICMP
80,6,20,1200,20,0,0,0,DoS-SYN-Flood
80,17,20,1200,0,0,0,0,DoS-UDP
2752,6,8,464,8,8,0,0,SSH-Bruteforce
0,1,20,1200,0,0,0,0,DoS-ICMP
0,1,20,840,0,0,0,0,DoS-ICMP
35510,6,2,120,2,0,0,0,PortScan
80,6,20,1200,20,0,0,0,DoS-SYN-Flood
80,6,20,1200,20,0,0,0,DoS-SYN-Flood
48290,6,2,120,2,0,0,0,PortScan
80,6,20,1480,20,0,0,0,DoS-HTTP
80,6,20,1200,20,0,0,0,DoS-SYN-Flood
80,6,20,1200,20,0,0,0,DoS-SYN-Flood
80,17,20,1200,0,0,0,0,DoS-UDP
80,6,20,1200,20,0,0,0,DoS-SYN-Flood
80,6,20,1200,20,0,0,0,DoS-SYN-Flood
80,6,20,1200,20,0,0,0,DoS-SYN-Flood
23566,6,2,120,2,0,0,0,PortScan
0,1,20,840,0,0,0,0,DoS-ICMP
80,6,20,1200,20,0,0,0,DoS-SYN-Flood
24949,6,2,120,2,0,0,0,PortScan
55256,6,8,464,8,8,0,0,SSH-Bruteforce
22,6,20,1200,0,0,20,0,SSH-Bruteforce
42192,6,2,120,2,0,0,0,PortScan
1037,6,6,348,6,6,0,0,SSH-Bruteforce
80,17,20,1200,0,0,0,0,DoS-UDP
32649,6,4,240,4,0,0,0,PortScan
36520,17,20,27980,0,0,0,0,BENIGN
22,6,20,1200,20,0,0,0,SSH-Bruteforce
80,6,20,1480,20,0,0,0,DoS-HTTP
80,17,20,1200,0,0,0,0,DoS-UDP
80,17,20,1200,0,0,0,0,DoS-UDP
80,6,20,1480,20,0,0,0,DoS-HTTP
80,6,20,1200,20,0,0,0,DoS-SYN-Flood
80,17,20,1200,0,0,0,0,DoS-UDP
80,6,20,1480,20,0,0,0,DoS-HTTP
0,1,20,840,0,0,0,0,DoS-ICMP
80,6,20,1480,20,0,0,0,DoS-HTTP
0,1,20,1200,0,0,0,0,DoS-ICMP
80,17,20,1200,0,0,0,0,DoS-UDP
50562,6,8,464,8,8,0,0,SSH-Bruteforce
45325,6,2,120,2,0,0,0,PortScan
22,6,20,1200,12,0,8,0,SSH-Bruteforce
80,6,20,1480,20,0,0,0,DoS-HTTP
5705,6,8,464,8,8,0,0,SSH-Bruteforce
80,6,20,1480,20,0,0,0,DoS-HTTP
80,6,20,1200,20,0,0,0,DoS-SYN-Flood
80,6,20,1480,20,0,0,0,DoS-HTTP
80,6,20,1200,20,0,0,0,DoS-SYN-Flood
45009,6,9,522,9,9,0,0,SSH-Bruteforce
46681,6,2,120,2,0,0,0,PortScan
32772,6,2,120,2,0,0,0,PortScan
80,6,20,1200,20,0,0,0,DoS-SYN-Flood
80,6,20,1200,20,0,0,0,DoS-SYN-Flood
80,6,20,1480,20,0,0,0,DoS-HTTP
1589,6,5,290,5,5,0,0,SSH-Bruteforce
80,17,20,1200,0,0,0,0,DoS-UDP
22,6,20,1200,20,0,0,0,SSH-Bruteforce
80,6,20,1480,20,0,0,0,DoS-HTTP
80,6,20,1480,20,0,0,0,DoS-HTTP
80,6,20,1480,20,0,0,0,DoS-HTTP
0,1,20,840,0,0,0,0,DoS-ICMP
80,6,20,1480,20,0,0,0,DoS-HTTP
22,6,20,1200,18,0,2,0,SSH-Bruteforce
51792,6,2,120,2,0,0,0,PortScan
80,17,20,1200,0,0,0,0,DoS-UDP
80,6,20,1480,20,0,0,0,DoS-HTTP
47094,17,20,26854,0,0,0,0,BENIGN
80,6,20,1480,20,0,0,0,DoS-HTTP
80,6,20,1480,20,0,0,0,DoS-HTTP
41368,6,2,120,2,0,0,0,PortScan
9182,6,7,406,7,7,0,0,SSH-Bruteforce
0,1,20,840,0,0,0,0,DoS-ICMP
80,6,20,1480,20,0,0,0,DoS-HTTP
0,1,20,840,0,0,0,0,DoS-ICMP
0,1,20,1200,0,0,0,0,DoS-ICMP
80,6,20,1200,20,0,0,0,DoS-SYN-Flood
80,6,20,1200,20,0,0,0,DoS-SYN-Flood
0,1,20,840,0,0,0,0,DoS-ICMP
23323,6,5,290,5,5,0,0,SSH-Bruteforce
10815,6,5,290,5,5,0,0,SSH-Bruteforce
42371,6,2,120,2,0,0,0,PortScan
80,6,20,1480,20,0,0,0,DoS-HTTP
10544,6,6,348,6,6,0,0,SSH-Bruteforce
80,17,20,1200,0,0,0,0,DoS-UDP
27776,6,2,120,2,0,0,0,PortScan
0,1,20,1200,0,0,0,0,DoS-ICMP
80,6,20,1200,20,0,0,0,DoS-SYN-Flood
80,6,20,1200,20,0,0,0,DoS-SYN-Flood
0,1,20,840,0,0,0,0,DoS-ICMP
0,1,20,1200,0,0,0,0,DoS-ICMP
80,6,20,1480,20,0,0,0,DoS-HTTP
80,6,20,1480,20,0,0,0,DoS-HTTP
80,6,20,1480,20,0,0,0,DoS-HTTP
80,17,20,1200,0,0,0,0,DoS-UDP
28962,6,2,120,2,0,0,0,PortScan
80,6,20,1200,20,0,0,0,DoS-SYN-Flood
22,6,20,1200,4,0,16,0,SSH-Bruteforce
0,1,20,1200,0,0,0,0,DoS-ICMP
80,6,20,1480,20,0,0,0,DoS-HTTP
45424,6,20,2853,0,20,0,0,BENIGN
80,6,20,1480,20,0,0,0,DoS-HTTP
80,17,20,1200,0,0,0,0,DoS-UDP
80,6,20,1480,20,0,0,0,DoS-HTTP
58760,6,7,406,7,7,0,0,SSH-Bruteforce
443,6,9,690,0,9,0,1,BENIGN
60993,6,2,120,2,0,0,0,PortScan
52439,6,4,240,4,0,0,0,PortScan
0,1,20,1200,0,0,0,0,DoS-ICMP
80,6,20,1480,20,0,0,0,DoS-HTTP
80,17,20,1200,0,0,0,0,DoS-UDP
80,6,20,1200,20,0,0,0,DoS-SYN-Flood
80,17,20,1200,0,0,0,0,DoS-UDP
22,6,20,1200,20,0,0,0,SSH-Bruteforce
80,17,20,1200,0,0,0,0,DoS-UDP
46072,6,9,522,9,9,0,0,SSH-Bruteforce
80,6,20,1200,20,0,0,0,DoS-SYN-Flood
22,6,20,1200,20,0,0,0,SSH-Bruteforce
29736,6,7,406,7,7,0,0,SSH-Bruteforce
0,1,20,840,0,0,0,0,DoS-ICMP
13537,6,10,580,10,10,0,0,SSH-Bruteforce
80,6,20,1480,20,0,0,0,DoS-HTTP
36520,17,20,27980,0,0,0,0,BENIGN
80,6,20,1200,20,0,0,0,DoS-SYN-Flood
80,17,20,1200,0,0,0,0,DoS-UDP
80,17,20,1200,0,0,0,0,DoS-UDP
80,6,20,1200,20,0,0,0,DoS-SYN-Flood
80,6,20,1480,20,0,0,0,DoS-HTTP
80,6,20,1480,20,0,0,0,DoS-HTTP
80,17,20,1200,0,0,0,0,DoS-UDP
80,6,20,1200,20,0,0,0,DoS-SYN-Flood
0,1,20,840,0,0,0,0,DoS-ICMP
80,17,20,1200,0,0,0,0,DoS-UDP
80,6,20,1200,20,0,0,0,DoS-SYN-Flood
80,17,20,1200,0,0,0,0,DoS-UDP
0,1,20,840,0,0,0,0,DoS-ICMP
80,6,20,1200,20,0,0,0,DoS-SYN-Flood
80,6,20,1480,20,0,0,0,DoS-HTTP
0,1,20,840,0,0,0,0,DoS-ICMP
55265,6,7,406,7,7,0,0,SSH-Bruteforce
0,1,20,1200,0,0,0,0,DoS-ICMP
80,6,20,1200,20,0,0,0,DoS-SYN-Flood
0,1,20,1200,0,0,0,0,DoS-ICMP
8107,6,8,464,8,8,0,0,SSH-Bruteforce
7004,6,6,360,6,0,0,0,PortScan
80,17,20,1200,0,0,0,0,DoS-UDP
80,17,20,1200,0,0,0,0,DoS-UDP
0,1,20,1200,0,0,0,0,DoS-ICMP
80,17,20,1200,0,0,0,0,DoS-UDP
80,6,20,1200,20,0,0,0,DoS-SYN-Flood
50071,6,2,120,2,0,0,0,PortScan
80,17,20,1200,0,0,0,0,DoS-UDP
10414,6,4,240,4,0,0,0,PortScan
0,1,20,840,0,0,0,0,DoS-ICMP
80,6,20,1200,20,0,0,0,DoS-SYN-Flood
10955,6,4,240,4,0,0,0,PortScan
0,1,20,1200,0,0,0,0,DoS-ICMP
16905,6,7,406,7,7,0,0,SSH-Bruteforce
80,17,20,1200,0,0,0,0,DoS-UDP
80,6,20,1200,20,0,0,0,DoS-SYN-Flood
80,6,20,1480,20,0,0,0,DoS-HTTP
0,1,20,1200,0,0,0,0,DoS-ICMP
1456,6,4,240,4,0,0,0,PortScan
80,6,20,1200,20,0,0,0,DoS-SYN-Flood
0,1,20,840,0,0,0,0,DoS-ICMP
0,1,20,840,0,0,0,0,DoS-ICMP
80,6,20,1480,20,0,0,0,DoS-HTTP
80,6,20,1200,20,0,0,0,DoS-SYN-Flood
14424,6,4,240,4,0,0,0,PortScan
80,17,20,1200,0,0,0,0,DoS-UDP
22,6,20,1200,20,0,0,0,SSH-Bruteforce
0,1,20,840,0,0,0,0,DoS-ICMP
36520,17,20,27980,0,0,0,0,BENIGN
80,17,20,1200,0,0,0,0,DoS-UDP
80,6,20,1200,20,0,0,0,DoS-SYN-Flood
80,6,20,1200,20,0,0,0,DoS-SYN-Flood
63749,6,2,120,2,0,0,0,PortScan
20027,6,4,240,4,0,0,0,PortScan
80,6,20,1200,20,0,0,0,DoS-SYN-Flood
80,6,20,1480,20,0,0,0,DoS-HTTP
40635,6,8,464,8,8,0,0,SSH-Bruteforce
56412,6,7,406,7,7,0,0,SSH-Bruteforce
9947,6,4,240,4,0,0,0,PortScan
80,6,20,1480,20,0,0,0,DoS-HTTP
80,6,20,1480,20,0,0,0,DoS-HTTP
80,6,20,1480,20,0,0,0,DoS-HTTP
80,6,20,1200,20,0,0,0,DoS-SYN-Flood
20583,6,2,120,2,0,0,0,PortScan
53968,6,4,240,4,0,0,0,PortScan
80,6,20,1480,20,0,0,0,DoS-HTTP
0,1,20,840,0,0,0,0,DoS-ICMP
80,6,20,1200,20,0,0,0,DoS-SYN-Flood
80,6,20,1200,20,0,0,0,DoS-SYN-Flood
0,1,20,1200,0,0,0,0,DoS-ICMP
64715,6,4,240,4,0,0,0,PortScan
27476,6,4,240,4,0,0,0,PortScan
80,6,20,1200,20,0,0,0,DoS-SYN-Flood
33772,6,8,464,8,8,0,0,SSH-Bruteforce
80,6,20,1480,20,0,0,0,DoS-HTTP
80,17,20,1200,0,0,0,0,DoS-UDP
80,6,20,1200,20,0,0,0,DoS-SYN-Flood
80,6,20,1480,20,0,0,0,DoS-HTTP
80,17,20,1200,0,0,0,0,DoS-UDP
4609,6,6,348,6,6,0,0,SSH-Bruteforce
5616,6,6,360,6,0,0,0,PortScan
31507,6,7,406,7,7,0,0,SSH-Bruteforce
80,6,20,1480,20,0,0,0,DoS-HTTP
0,1,20,1200,0,0,0,0,DoS-ICMP
80,6,20,1200,20,0,0,0,DoS-SYN-Flood
0,1,20,840,0,0,0,0,DoS-ICMP
40575,6,8,464,8,8,0,0,SSH-Bruteforce
0,1,20,1200,0,0,0,0,DoS-ICMP
39902,17,20,27980,0,0,0,0,BENIGN
11928,6,4,240,4,0,0,0,PortScan
80,6,20,1200,20,0,0,0,DoS-SYN-Flood
41581,6,2,120,2,0,0,0,PortScan
80,6,20,1200,20,0,0,0,DoS-SYN-Flood
0,1,20,1200,0,0,0,0,DoS-ICMP
0,1,20,1200,0,0,0,0,DoS-ICMP
80,17,20,1200,0,0,0,0,DoS-UDP
0,1,20,1200,0,0,0,0,DoS-ICMP
80,6,20,1480,20,0,0,0,DoS-HTTP
44785,6,8,464,8,8,0,0,SSH-Bruteforce
0,1,20,840,0,0,0,0,DoS-ICMP
0,1,20,840,0,0,0,0,DoS-ICMP
0,1,20,840,0,0,0,0,DoS-ICMP
80,6,20,1200,20,0,0,0,DoS-SYN-Flood
80,17,20,1200,0,0,0,0,DoS-UDP
21994,6,2,120,2,0,0,0,PortScan
58536,6,2,120,2,0,0,0,PortScan
32842,6,6,348,6,6,0,0,SSH-Bruteforce
36520,17,20,27980,0,0,0,0,BENIGN
80,17,20,1200,0,0,0,0,DoS-UDP
54498,6,2,120,2,0,0,0,PortScan
3656,6,6,348,6,6,0,0,SSH-Bruteforce
60886,6,20,28660,0,20,0,0,BENIGN
80,6,20,1200,20,0,0,0,DoS-SYN-Flood
80,17,20,1200,0,0,0,0,DoS-UDP
80,17,20,1200,0,0,0,0,DoS-UDP
13815,6,11,638,11,11,0,0,SSH-Bruteforce
51590,6,1,54,0,1,1,0,BENIGN
80,17,20,1200,0,0,0,0,DoS-UDP
48047,6,2,120,2,0,0,0,PortScan
35472,6,6,348,6,6,0,0,SSH-Bruteforce
984,6,6,348,6,6,0,0,SSH-Bruteforce
80,17,20,1200,0,0,0,0,DoS-UDP
80,6,20,1200,20,0,0,0,DoS-SYN-Flood
0,1,20,1200,0,0,0,0,DoS-ICMP
21062,6,2,120,2,0,0,0,PortScan
80,6,20,1480,20,0,0,0,DoS-HTTP
32782,6,2,120,2,0,0,0,PortScan
80,6,20,1200,20,0,0,0,DoS-SYN-Flood
53835,6,7,406,7,7,0,0,SSH-Bruteforce
80,6,20,1480,20,0,0,0,DoS-HTTP
80,17,20,1200,0,0,0,0,DoS-UDP
51716,6,4,240,4,0,0,0,PortScan
46471,6,11,638,11,11,0,0,SSH-Bruteforce
80,6,20,1200,20,0,0,0,DoS-SYN-Flood
0,1,20,1200,0,0,0,0,DoS-ICMP
80,17,20,1200,0,0,0,0,DoS-UDP
80,6,20,1200,20,0,0,0,DoS-SYN-Flood
80,6,20,1480,20,0,0,0,DoS-HTTP
60024,6,4,240,4,0,0,0,PortScan
80,17,20,1200,0,0,0,0,DoS-UDP
0,1,20,1200,0,0,0,0,DoS-ICMP
80,6,20,1480,20,0,0,0,DoS-HTTP
0,1,20,840,0,0,0,0,DoS-ICMP
80,6,20,1200,20,0,0,0,DoS-SYN-Flood
80,6,20,1480,20,0,0,0,DoS-HTTP
0,1,20,1200,0,0,0,0,DoS-ICMP
80,6,20,1200,20,0,0,0,DoS-SYN-Flood
31434,6,2,120,2,0,0,0,PortScan
80,6,20,1200,20,0,0,0,DoS-SYN-Flood
80,17,20,1200,0,0,0,0,DoS-UDP
80,6,20,1200,20,0,0,0,DoS-SYN-Flood
48934,6,2,120,2,0,0,0,PortScan
80,17,20,1200,0,0,0,0,DoS-UDP
80,6,20,1200,20,0,0,0,DoS-SYN-Flood
15049,6,6,348,6,6,0,0,SSH-Bruteforce
80,6,20,1480,20,0,0,0,DoS-HTTP
80,6,20,1200,20,0,0,0,DoS-SYN-Flood
0,1,20,840,0,0,0,0,DoS-ICMP
80,17,20,1200,0,0,0,0,DoS-UDP
26009,6,4,240,4,0,0,0,PortScan
9700,6,10,580,10,10,0,0,SSH-Bruteforce
22,6,20,1200,0,0,20,0,SSH-Bruteforce
0,1,20,1200,0,0,0,0,DoS-ICMP
33793,6,4,240,4,0,0,0,PortScan
80,17,20,1200,0,0,0,0,DoS-UDP
80,6,20,1200,20,0,0,0,DoS-SYN-Flood
26604,6,5,290,5,5,0,0,SSH-Bruteforce
80,17,20,1200,0,0,0,0,DoS-UDP
80,6,20,1480,20,0,0,0,DoS-HTTP
0,1,20,1200,0,0,0,0,DoS-ICMP
18737,6,2,120,2,0,0,0,PortScan
80,6,20,1480,20,0,0,0,DoS-HTTP
80,6,20,1480,20,0,0,0,DoS-HTTP
22,6,20,1200,0,0,20,0,SSH-Bruteforce
80,17,20,1200,0,0,0,0,DoS-UDP
54829,17,20,27980,0,0,0,0,BENIGN
80,6,20,1200,20,0,0,0,DoS-SYN-Flood
22,6,20,1200,20,0,0,0,SSH-Bruteforce
80,6,20,1480,20,0,0,0,DoS-HTTP
44039,6,6,348,6,6,0,0,SSH-Bruteforce
60886,6,20,28979,0,20,0,0,BENIGN
16986,6,10,580,10,10,0,0,SSH-Bruteforce
80,6,20,1200,20,0,0,0,DoS-SYN-Flood
56631,6,4,240,4,0,0,0,PortScan
80,6,20,1200,20,0,0,0,DoS-SYN-Flood
80,6,20,1200,20,0,0,0,DoS-SYN-Flood
0,1,20,840,0,0,0,0,DoS-ICMP
22,6,20,1200,14,0,6,0,SSH-Bruteforce
9965,6,6,360,6,0,0,0,PortScan
32110,6,10,580,10,10,0,0,SSH-Bruteforce
80,6,20,1480,20,0,0,0,DoS-HTTP
80,17,20,1200,0,0,0,0,DoS-UDP
0,1,20,1200,0,0,0,0,DoS-ICMP
64193,6,2,120,2,0,0,0,PortScan
80,17,20,1200,0,0,0,0,DoS-UDP
80,6,20,1480,20,0,0,0,DoS-HTTP
80,17,20,1200,0,0,0,0,DoS-UDP
80,17,20,1200,0,0,0,0,DoS-UDP
80,17,20,1200,0,0,0,0,DoS-UDP
80,6,20,1480,20,0,0,0,DoS-HTTP
80,6,20,1480,20,0,0,0,DoS-HTTP
80,6,20,1480,20,0,0,0,DoS-HTTP
443,17,20,1504,0,0,0,0,BENIGN
43992,17,20,27980,0,0,0,0,BENIGN
22,6,20,1200,20,0,0,0,SSH-Bruteforce
0,1,20,1200,0,0,0,0,DoS-ICMP
36520,17,20,27980,0,0,0,0,BENIGN
0,1,20,1200,0,0,0,0,DoS-ICMP
80,6,20,1480,20,0,0,0,DoS-HTTP
80,6,20,1480,20,0,0,0,DoS-HTTP
18274,6,7,406,7,7,0,0,SSH-Bruteforce
80,6,20,1200,20,0,0,0,DoS-SYN-Flood
3988,6,4,240,4,0,0,0,PortScan
80,6,20,1480,20,0,0,0,DoS-HTTP
80,6,20,1200,20,0,0,0,DoS-SYN-Flood
31141,6,4,240,4,0,0,0,PortScan
22,6,20,1200,8,0,12,0,SSH-Bruteforce
0,1,20,1200,0,0,0,0,DoS-ICMP
0,1,20,1200,0,0,0,0,DoS-ICMP
80,6,20,1480,20,0,0,0,DoS-HTTP
46631,6,4,240,4,0,0,0,PortScan
0,1,20,840,0,0,0,0,DoS-ICMP
57273,6,6,348,6,6,0,0,SSH-Bruteforce
26181,6,4,240,4,0,0,0,PortScan
27455,6,7,406,7,7,0,0,SSH-Bruteforce
80,6,20,1480,20,0,0,0,DoS-HTTP
80,6,20,1480,20,0,0,0,DoS-HTTP
80,6,20,1200,20,0,0,0,DoS-SYN-Flood
80,6,20,1480,20,0,0,0,DoS-HTTP
80,6,20,1200,20,0,0,0,DoS-SYN-Flood
80,6,20,1200,20,0,0,0,DoS-SYN-Flood
80,6,20,1200,20,0,0,0,DoS-SYN-Flood
80,6,20,1200,20,0,0,0,DoS-SYN-Flood
32352,6,11,638,11,11,0,0,SSH-Bruteforce
0,1,20,840,0,0,0,0,DoS-ICMP
80,6,20,1480,20,0,0,0,DoS-HTTP
36520,17,20,27980,0,0,0,0,BENIGN
8096,6,2,116,2,2,0,0,SSH-Bruteforce
80,17,20,1200,0,0,0,0,DoS-UDP
80,17,20,1200,0,0,0,0,DoS-UDP
80,17,20,1200,0,0,0,0,DoS-UDP
0,1,20,1200,0,0,0,0,DoS-ICMP
80,6,20,1200,20,0,0,0,DoS-SYN-Flood
80,17,20,1200,0,0,0,0,DoS-UDP
15424,6,4,240,4,0,0,0,PortScan
80,6,20,1480,20,0,0,0,DoS-HTTP
80,6,20,1480,20,0,0,0,DoS-HTTP
80,17,20,1200,0,0,0,0,DoS-UDP
0,1,20,840,0,0,0,0,DoS-ICMP
80,17,20,1200,0,0,0,0,DoS-UDP
80,6,20,1480,20,0,0,0,DoS-HTTP
49962,6,3,180,3,0,0,0,PortScan
80,6,20,1200,20,0,0,0,DoS-SYN-Flood
80,6,20,1200,20,0,0,0,DoS-SYN-Flood
0,1,20,1200,0,0,0,0,DoS-ICMP
80,6,20,1200,20,0,0,0,DoS-SYN-Flood
0,1,20,840,0,0,0,0,DoS-ICMP
80,6,20,1200,20,0,0,0,DoS-SYN-Flood
22,6,20,1200,20,0,0,0,SSH-Bruteforce
22,6,20,1200,2,0,18,0,SSH-Bruteforce
80,6,20,1480,20,0,0,0,DoS-HTTP
0,1,20,1200,0,0,0,0,DoS-ICMP
80,6,20,1480,20,0,0,0,DoS-HTTP
80,17,20,1200,0,0,0,0,DoS-UDP
53567,6,11,638,11,11,0,0,SSH-Bruteforce
0,1,20,840,0,0,0,0,DoS-ICMP
80,6,20,1200,20,0,0,0,DoS-SYN-Flood
37691,6,12,696,12,12,0,0,SSH-Bruteforce
36520,17,20,27980,0,0,0,0,BENIGN
0,1,20,840,0,0,0,0,DoS-ICMP
80,6,20,1200,20,0,0,0,DoS-SYN-Flood
80,17,20,1200,0,0,0,0,DoS-UDP
80,17,20,1200,0,0,0,0,DoS-UDP
0,1,20,1200,0,0,0,0,DoS-ICMP
80,6,20,1200,20,0,0,0,DoS-SYN-Flood
40235,6,7,406,7,7,0,0,SSH-Bruteforce
22,6,20,1200,20,0,0,0,SSH-Bruteforce
57816,6,2,120,2,0,0,0,PortScan
0,1,20,840,0,0,0,0,DoS-ICMP
80,6,20,1480,20,0,0,0,DoS-HTTP
80,6,20,1480,20,0,0,0,DoS-HTTP
80,6,20,1200,20,0,0,0,DoS-SYN-Flood
80,6,20,1200,20,0,0,0,DoS-SYN-Flood
47159,6,4,240,4,0,0,0,PortScan
80,17,20,1200,0,0,0,0,DoS-UDP
36664,6,2,120,2,0,0,0,PortScan
20916,6,2,120,2,0,0,0,PortScan
80,6,20,1480,20,0,0,0,DoS-HTTP
80,17,20,1200,0,0,0,0,DoS-UDP
39415,6,2,120,2,0,0,0,PortScan
54431,6,4,240,4,0,0,0,PortScan
80,6,20,1480,20,0,0,0,DoS-HTTP
80,17,20,1200,0,0,0,0,DoS-UDP
80,6,20,1200,20,0,0,0,DoS-SYN-Flood
80,6,20,1480,20,0,0,0,DoS-HTTP
16523,6,4,240,4,0,0,0,PortScan
64406,6,2,120,2,0,0,0,PortScan
80,17,20,1200,0,0,0,0,DoS-UDP
18065,6,8,464,8,8,0,0,SSH-Bruteforce
27945,6,2,120,2,0,0,0,PortScan
80,6,20,1200,20,0,0,0,DoS-SYN-Flood
46026,6,2,120,2,0,0,0,PortScan
80,6,20,1200,20,0,0,0,DoS-SYN-Flood
64315,6,6,348,6,6,0,0,SSH-Bruteforce
11117,6,4,240,4,0,0,0,PortScan
80,6,20,1480,20,0,0,0,DoS-HTTP
80,17,20,1200,0,0,0,0,DoS-UDP
80,17,20,1200,0,0,0,0,DoS-UDP
0,1,20,1200,0,0,0,0,DoS-ICMP
80,6,20,1200,20,0,0,0,DoS-SYN-Flood
62693,6,2,120,2,0,0,0,PortScan
58273,6,2,120,2,0,0,0,PortScan
34857,6,6,348,6,6,0,0,SSH-Bruteforce
80,6,20,1480,20,0,0,0,DoS-HTTP
0,1,20,1200,0,0,0,0,DoS-ICMP
0,1,20,840,0,0,0,0,DoS-ICMP
80,6,20,1200,20,0,0,0,DoS-SYN-Flood
80,17,20,1200,0,0,0,0,DoS-UDP
0,1,20,1200,0,0,0,0,DoS-ICMP
80,6,20,1200,20,0,0,0,DoS-SYN-Flood
26720,6,4,240,4,0,0,0,PortScan
80,17,20,1200,0,0,0,0,DoS-UDP
80,6,20,1200,20,0,0,0,DoS-SYN-Flood
301,6,4,240,4,0,0,0,PortScan
80,17,20,1200,0,0,0,0,DoS-UDP
45424,6,2,120,2,0,0,0,PortScan
751,6,4,240,4,0,0,0,PortScan
25649,6,2,120,2,0,0,0,PortScan
80,6,20,1200,20,0,0,0,DoS-SYN-Flood
36520,17,20,27980,0,0,0,0,BENIGN
59177,6,9,522,9,9,0,0,SSH-Bruteforce
37504,6,9,522,9,9,0,0,SSH-Bruteforce
43992,17,20,27980,0,0,0,0,BENIGN
80,6,20,1480,20,0,0,0,DoS-HTTP
30260,6,4,240,4,0,0,0,PortScan
443,6,20,1200,0,20,0,0,BENIGN
36520,17,20,27980,0,0,0,0,BENIGN
58307,6,2,120,2,0,0,0,PortScan
44564,6,11,5373,1,11,0,0,BENIGN
0,1,20,840,0,0,0,0,DoS-ICMP
80,6,20,1200,20,0,0,0,DoS-SYN-Flood
80,17,20,1200,0,0,0,0,DoS-UDP
38089,6,8,464,8,8,0,0,SSH-Bruteforce
945,6,4,240,4,0,0,0,PortScan
80,6,20,1480,20,0,0,0,DoS-HTTP
80,17,20,1200,0,0,0,0,DoS-UDP
80,6,20,1200,20,0,0,0,DoS-SYN-Flood
80,6,20,1480,20,0,0,0,DoS-HTTP
80,17,20,1200,0,0,0,0,DoS-UDP
0,1,20,840,0,0,0,0,DoS-ICMP
80,6,20,1480,20,0,0,0,DoS-HTTP
80,17,20,1200,0,0,0,0,DoS-UDP
0,1,20,840,0,0,0,0,DoS-ICMP
11582,6,4,240,4,0,0,0,PortScan
80,6,20,1200,20,0,0,0,DoS-SYN-Flood
32996,17,2,590,0,0,0,0,BENIGN
80,6,20,1480,20,0,0,0,DoS-HTTP
45424,6,20,4851,1,20,0,0,BENIGN
53805,6,4,240,4,0,0,0,PortScan
35805,6,9,522,9,9,0,0,SSH-Bruteforce
0,1,20,840,0,0,0,0,DoS-ICMP
34816,6,1,54,0,1,1,0,BENIGN
39266,6,2,120,2,0,0,0,PortScan
24730,6,7,406,7,7,0,0,SSH-Bruteforce
0,1,20,840,0,0,0,0,DoS-ICMP
443,6,4,291,0,4,0,1,BENIGN
50910,6,8,464,8,8,0,0,SSH-Bruteforce
14524,6,9,522,9,9,0,0,SSH-Bruteforce
23849,6,2,120,2,0,0,0,PortScan
443,6,20,1200,0,20,0,0,BENIGN
16462,6,2,120,2,0,0,0,PortScan
35527,6,4,232,4,4,0,0,SSH-Bruteforce
80,6,20,1480,20,0,0,0,DoS-HTTP
47466,6,2,120,2,0,0,0,PortScan
80,17,20,1200,0,0,0,0,DoS-UDP
18409,6,4,240,4,0,0,0,PortScan
61406,6,2,120,2,0,0,0,PortScan
80,6,20,1480,20,0,0,0,DoS-HTTP
80,17,20,1200,0,0,0,0,DoS-UDP
80,6,20,1200,20,0,0,0,DoS-SYN-Flood
53,17,20,1683,0,0,0,0,BENIGN
22,6,20,1200,0,0,20,0,SSH-Bruteforce
80,17,20,1200,0,0,0,0,DoS-UDP
0,1,20,840,0,0,0,0,DoS-ICMP
61601,6,2,120,2,0,0,0,PortScan
33240,6,20,29260,0,20,0,0,BENIGN
80,6,20,1480,20,0,0,0,DoS-HTTP
48897,6,4,232,4,4,0,0,SSH-Bruteforce
21967,6,4,240,4,0,0,0,PortScan
80,6,20,1480,20,0,0,0,DoS-HTTP
80,6,20,1480,20,0,0,0,DoS-HTTP
0,1,20,840,0,0,0,0,DoS-ICMP
80,17,20,1200,0,0,0,0,DoS-UDP
36845,6,2,120,2,0,0,0,PortScan
0,1,20,840,0,0,0,0,DoS-ICMP
0,1,20,840,0,0,0,0,DoS-ICMP
22,6,20,1200,11,0,9,0,SSH-Bruteforce
35039,6,2,120,2,0,0,0,PortScan
80,6,20,1480,20,0,0,0,DoS-HTTP
80,6,20,1480,20,0,0,0,DoS-HTTP
80,6,20,1200,20,0,0,0,DoS-SYN-Flood
0,1,20,1200,0,0,0,0,DoS-ICMP
50428,6,4,240,4,0,0,0,PortScan
80,6,20,1200,20,0,0,0,DoS-SYN-Flood
80,6,20,1200,20,0,0,0,DoS-SYN-Flood
80,6,20,1480,20,0,0,0,DoS-HTTP
80,17,20,1200,0,0,0,0,DoS-UDP
4524,6,7,406,7,7,0,0,SSH-Bruteforce
80,6,20,1480,20,0,0,0,DoS-HTTP
80,17,20,1200,0,0,0,0,DoS-UDP
80,6,20,1480,20,0,0,0,DoS-HTTP
80,6,20,1200,20,0,0,0,DoS-SYN-Flood
22457,6,11,638,11,11,0,0,SSH-Bruteforce
80,17,20,1200,0,0,0,0,DoS-UDP
0,1,20,840,0,0,0,0,DoS-ICMP
80,17,20,1200,0,0,0,0,DoS-UDP
80,17,20,1200,0,0,0,0,DoS-UDP
42477,6,7,406,7,7,0,0,SSH-Bruteforce
80,6,20,1200,20,0,0,0,DoS-SYN-Flood
80,6,20,1200,20,0,0,0,DoS-SYN-Flood
0,1,20,1200,0,0,0,0,DoS-ICMP
0,1,20,1200,0,0,0,0,DoS-ICMP
0,1,20,840,0,0,0,0,DoS-ICMP
0,1,20,840,0,0,0,0,DoS-ICMP
80,17,20,1200,0,0,0,0,DoS-UDP
22,6,20,1200,0,0,20,0,SSH-Bruteforce
22,6,20,1200,15,0,5,0,SSH-Bruteforce
22,6,20,1200,4,0,16,0,SSH-Bruteforce
80,6,20,1200,20,0,0,0,DoS-SYN-Flood
80,6,20,1480,20,0,0,0,DoS-HTTP
0,1,20,840,0,0,0,0,DoS-ICMP
80,6,20,1480,20,0,0,0,DoS-HTTP
80,6,20,1480,20,0,0,0,DoS-HTTP
0,1,20,840,0,0,0,0,DoS-ICMP
80,17,20,1200,0,0,0,0,DoS-UDP
80,6,20,1480,20,0,0,0,DoS-HTTP
50825,6,2,120,2,0,0,0,PortScan
14285,6,6,348,6,6,0,0,SSH-Bruteforce
29606,6,2,120,2,0,0,0,PortScan
28768,6,2,120,2,0,0,0,PortScan
32867,6,2,120,2,0,0,0,PortScan
80,17,20,1200,0,0,0,0,DoS-UDP
8392,6,6,360,6,0,0,0,PortScan
80,6,20,1200,20,0,0,0,DoS-SYN-Flood
80,6,20,1200,20,0,0,0,DoS-SYN-Flood
36520,17,20,27980,0,0,0,0,BENIGN
80,6,20,1200,20,0,0,0,DoS-SYN-Flood
80,17,20,1200,0,0,0,0,DoS-UDP
764,6,4,232,4,4,0,0,SSH-Bruteforce
31266,6,4,240,4,0,0,0,PortScan
80,6,20,1200,20,0,0,0,DoS-SYN-Flood
80,17,20,1200,0,0,0,0,DoS-UDP
80,6,20,1480,20,0,0,0,DoS-HTTP
22,6,20,1200,20,0,0,0,SSH-Bruteforce
80,6,20,1200,20,0,0,0,DoS-SYN-Flood
61095,6,2,120,2,0,0,0,PortScan
0,1,20,1200,0,0,0,0,DoS-ICMP
0,1,20,840,0,0,0,0,DoS-ICMP
12053,6,7,406,7,7,0,0,SSH-Bruteforce
80,17,20,1200,0,0,0,0,DoS-UDP
80,17,20,1200,0,0,0,0,DoS-UDP
80,6,20,1480,20,0,0,0,DoS-HTTP
80,6,20,1480,20,0,0,0,DoS-HTTP
80,6,20,1200,20,0,0,0,DoS-SYN-Flood
34046,6,2,120,2,0,0,0,PortScan
443,6,20,1200,0,20,0,0,BENIGN
53258,6,20,29726,0,20,0,0,BENIGN
80,6,20,1480,20,0,0,0,DoS-HTTP
0,1,20,840,0,0,0,0,DoS-ICMP
80,17,20,1200,0,0,0,0,DoS-UDP
80,6,20,1200,20,0,0,0,DoS-SYN-Flood
80,6,20,1480,20,0,0,0,DoS-HTTP
0,1,20,840,0,0,0,0,DoS-ICMP
80,17,20,1200,0,0,0,0,DoS-UDP
6098,6,9,522,9,9,0,0,SSH-Bruteforce
6197,6,4,240,4,0,0,0,PortScan
80,17,20,1200,0,0,0,0,DoS-UDP
80,6,20,1200,20,0,0,0,DoS-SYN-Flood
22079,6,4,240,4,0,0,0,PortScan
80,6,20,1480,20,0,0,0,DoS-HTTP
6299,6,10,580,10,10,0,0,SSH-Bruteforce
12929,6,9,522,9,9,0,0,SSH-Bruteforce
80,6,20,1480,20,0,0,0,DoS-HTTP
20290,6,4,240,4,0,0,0,PortScan
80,17,20,1200,0,0,0,0,DoS-UDP
0,1,20,840,0,0,0,0,DoS-ICMP
80,17,20,1200,0,0,0,0,DoS-UDP
80,17,20,1200,0,0,0,0,DoS-UDP
80,17,20,1200,0,0,0,0,DoS-UDP
80,6,20,1480,20,0,0,0,DoS-HTTP
0,1,20,1200,0,0,0,0,DoS-ICMP
80,17,20,1200,0,0,0,0,DoS-UDP
15713,6,4,240,4,0,0,0,PortScan
0,1,20,1200,0,0,0,0,DoS-ICMP
7132,6,5,290,5,5,0,0,SSH-Bruteforce
59291,6,4,240,4,0,0,0,PortScan
80,6,20,1200,20,0,0,0,DoS-SYN-Flood
0,1,20,1200,0,0,0,0,DoS-ICMP
80,17,20,1200,0,0,0,0,DoS-UDP
0,1,20,1200,0,0,0,0,DoS-ICMP
12154,6,6,348,6,6,0,0,SSH-Bruteforce
80,6,20,1200,20,0,0,0,DoS-SYN-Flood
0,1,20,1200,0,0,0,0,DoS-ICMP
80,17,20,1200,0,0,0,0,DoS-UDP
0,1,20,840,0,0,0,0,DoS-ICMP
22,6,20,1200,20,0,0,0,SSH-Bruteforce
55663,6,6,348,6,6,0,0,SSH-Bruteforce
80,6,20,1200,20,0,0,0,DoS-SYN-Flood
0,1,20,1200,0,0,0,0,DoS-ICMP
80,17,20,1200,0,0,0,0,DoS-UDP
60199,6,2,120,2,0,0,0,PortScan
0,1,20,840,0,0,0,0,DoS-ICMP
0,1,20,840,0,0,0,0,DoS-ICMP
80,17,20,1200,0,0,0,0,DoS-UDP
53272,6,20,29080,0,20,0,0,BENIGN
22411,6,10,580,10,10,0,0,SSH-Bruteforce
80,6,20,1200,20,0,0,0,DoS-SYN-Flood
80,6,20,1200,20,0,0,0,DoS-SYN-Flood
80,6,20,1200,20,0,0,0,DoS-SYN-Flood
0,1,20,840,0,0,0,0,DoS-ICMP
80,6,20,1480,20,0,0,0,DoS-HTTP
34997,6,11,638,11,11,0,0,SSH-Bruteforce
61809,6,2,120,2,0,0,0,PortScan
45121,6,9,522,9,9,0,0,SSH-Bruteforce
7756,6,6,348,6,6,0,0,SSH-Bruteforce
80,17,20,1200,0,0,0,0,DoS-UDP
59256,6,11,638,11,11,0,0,SSH-Bruteforce
0,1,20,1200,0,0,0,0,DoS-ICMP
22,6,20,1200,20,0,0,0,SSH-Bruteforce
36520,17,20,27980,0,0,0,0,BENIGN
80,6,20,1480,20,0,0,0,DoS-HTTP
80,6,20,1200,20,0,0,0,DoS-SYN-Flood
35695,6,4,240,4,0,0,0,PortScan
0,1,20,840,0,0,0,0,DoS-ICMP
0,1,20,1200,0,0,0,0,DoS-ICMP
2175,6,5,290,5,5,0,0,SSH-Bruteforce
80,6,20,1200,20,0,0,0,DoS-SYN-Flood
40684,6,4,240,4,0,0,0,PortScan
42946,6,2,120,2,0,0,0,PortScan
51877,6,2,120,2,0,0,0,PortScan
80,6,20,1480,20,0,0,0,DoS-HTTP
80,6,20,1200,20,0,0,0,DoS-SYN-Flood
34137,6,2,120,2,0,0,0,PortScan
80,6,20,1200,20,0,0,0,DoS-SYN-Flood
22,6,20,1200,0,0,20,0,SSH-Bruteforce
20291,6,6,348,6,6,0,0,SSH-Bruteforce
80,17,20,1200,0,0,0,0,DoS-UDP
80,6,20,1200,20,0,0,0,DoS-SYN-Flood
0,1,20,1200,0,0,0,0,DoS-ICMP
22,6,20,1200,0,0,20,0,SSH-Bruteforce
0,1,20,840,0,0,0,0,DoS-ICMP
80,6,20,1200,20,0,0,0,DoS-SYN-Flood
61938,6,4,232,4,4,0,0,SSH-Bruteforce
80,17,20,1200,0,0,0,0,DoS-UDP
80,17,20,1200,0,0,0,0,DoS-UDP
80,6,20,1480,20,0,0,0,DoS-HTTP
80,17,20,1200,0,0,0,0,DoS-UDP
22,6,20,1200,0,0,20,0,SSH-Bruteforce
18595,6,2,120,2,0,0,0,PortScan
80,17,20,1200,0,0,0,0,DoS-UDP
53514,6,2,120,2,0,0,0,PortScan
0,1,20,1200,0,0,0,0,DoS-ICMP
80,6,20,1480,20,0,0,0,DoS-HTTP
0,1,20,1200,0,0,0,0,DoS-ICMP
22,6,20,1200,20,0,0,0,SSH-Bruteforce
56542,6,4,240,4,0,0,0,PortScan
17403,6,5,290,5,5,0,0,SSH-Bruteforce
14678,6,9,522,9,9,0,0,SSH-Bruteforce
80,6,20,1200,20,0,0,0,DoS-SYN-Flood
29407,6,2,120,2,0,0,0,PortScan
0,1,20,840,0,0,0,0,DoS-ICMP
0,1,20,840,0,0,0,0,DoS-ICMP
80,17,20,1200,0,0,0,0,DoS-UDP
36520,17,20,27980,0,0,0,0,BENIGN
80,17,20,1200,0,0,0,0,DoS-UDP
52406,6,6,348,6,6,0,0,SSH-Bruteforce
0,1,20,840,0,0,0,0,DoS-ICMP
0,1,20,1200,0,0,0,0,DoS-ICMP
18290,6,4,240,4,0,0,0,PortScan
21447,6,2,120,2,0,0,0,PortScan
22,6,20,1200,0,0,20,0,SSH-Bruteforce
0,1,20,840,0,0,0,0,DoS-ICMP
80,6,20,1480,20,0,0,0,DoS-HTTP
0,1,20,840,0,0,0,0,DoS-ICMP
80,6,20,1200,20,0,0,0,DoS-SYN-Flood
18244,6,4,240,4,0,0,0,PortScan
11788,6,6,348,6,6,0,0,SSH-Bruteforce
80,6,20,1480,20,0,0,0,DoS-HTTP
80,6,20,1480,20,0,0,0,DoS-HTTP
80,6,20,1200,20,0,0,0,DoS-SYN-Flood
0,1,20,1200,0,0,0,0,DoS-ICMP
80,6,20,1200,20,0,0,0,DoS-SYN-Flood
80,6,20,1480,20,0,0,0,DoS-HTTP
80,17,20,1200,0,0,0,0,DoS-UDP
53137,6,2,120,2,0,0,0,PortScan
48888,6,6,348,6,6,0,0,SSH-Bruteforce
22,6,20,1200,1,0,19,0,SSH-Bruteforce
46398,17,13,18045,0,0,0,0,BENIGN
80,17,20,1200,0,0,0,0,DoS-UDP
80,6,20,1200,20,0,0,0,DoS-SYN-Flood
53359,6,6,348,6,6,0,0,SSH-Bruteforce
22,6,20,1200,20,0,0,0,SSH-Bruteforce
33240,6,20,29380,0,20,0,0,BENIGN
37589,6,4,240,4,0,0,0,PortScan
13455,6,4,240,4,0,0,0,PortScan
0,1,20,1200,0,0,0,0,DoS-ICMP
80,17,20,1200,0,0,0,0,DoS-UDP
0,1,20,1200,0,0,0,0,DoS-ICMP
80,6,20,1480,20,0,0,0,DoS-HTTP
80,6,20,1480,20,0,0,0,DoS-HTTP
36602,6,7,406,7,7,0,0,SSH-Bruteforce
22,6,20,1200,0,0,20,0,SSH-Bruteforce
80,17,20,1200,0,0,0,0,DoS-UDP
80,6,20,1480,20,0,0,0,DoS-HTTP
38422,6,8,464,8,8,0,0,SSH-Bruteforce
33325,6,2,120,2,0,0,0,PortScan
25409,6,6,348,6,6,0,0,SSH-Bruteforce
80,6,20,1200,20,0,0,0,DoS-SYN-Flood
63564,6,3,174,3,3,0,0,SSH-Bruteforce
80,6,20,1200,20,0,0,0,DoS-SYN-Flood
8507,6,5,290,5,5,0,0,SSH-Bruteforce
80,17,20,1200,0,0,0,0,DoS-UDP
44909,6,8,464,8,8,0,0,SSH-Bruteforce
80,17,20,1200,0,0,0,0,DoS-UDP
0,1,20,1200,0,0,0,0,DoS-ICMP
22,6,20,1200,0,0,20,0,SSH-Bruteforce
80,6,20,1200,20,0,0,0,DoS-SYN-Flood
80,6,20,1480,20,0,0,0,DoS-HTTP
0,1,20,1200,0,0,0,0,DoS-ICMP
63299,6,8,464,8,8,0,0,SSH-Bruteforce
80,17,20,1200,0,0,0,0,DoS-UDP
80,17,20,1200,0,0,0,0,DoS-UDP
80,17,20,1200,0,0,0,0,DoS-UDP
45424,6,20,27582,0,20,0,0,BENIGN
80,6,20,1200,20,0,0,0,DoS-SYN-Flood
80,17,20,1200,0,0,0,0,DoS-UDP
22954,6,7,406,7,7,0,0,SSH-Bruteforce
0,1,20,1200,0,0,0,0,DoS-ICMP
0,1,20,1200,0,0,0,0,DoS-ICMP
22,6,20,1200,0,0,20,0,SSH-Bruteforce
0,1,20,840,0,0,0,0,DoS-ICMP
80,6,20,1480,20,0,0,0,DoS-HTTP
80,17,20,1200,0,0,0,0,DoS-UDP
0,1,20,1200,0,0,0,0,DoS-ICMP
80,6,20,1200,20,0,0,0,DoS-SYN-Flood
53308,6,20,29080,0,20,0,0,BENIGN
80,6,20,1200,20,0,0,0,DoS-SYN-Flood
39259,6,7,406,7,7,0,0,SSH-Bruteforce
80,6,20,1200,20,0,0,0,DoS-SYN-Flood
80,17,20,1200,0,0,0,0,DoS-UDP
80,17,20,1200,0,0,0,0,DoS-UDP
36520,17,20,27980,0,0,0,0,BENIGN
80,6,20,1200,20,0,0,0,DoS-SYN-Flood
0,1,20,840,0,0,0,0,DoS-ICMP
0,1,20,1200,0,0,0,0,DoS-ICMP
80,6,20,1200,20,0,0,0,DoS-SYN-Flood
80,6,20,1480,20,0,0,0,DoS-HTTP
80,17,20,1200,0,0,0,0,DoS-UDP
0,1,20,840,0,0,0,0,DoS-ICMP
80,6,20,1480,20,0,0,0,DoS-HTTP
80,17,20,1200,0,0,0,0,DoS-UDP
11585,6,4,240,4,0,0,0,PortScan
48151,6,2,120,2,0,0,0,PortScan
28721,6,4,240,4,0,0,0,PortScan
80,6,20,1480,20,0,0,0,DoS-HTTP
80,6,20,1480,20,0,0,0,DoS-HTTP
80,6,20,1200,20,0,0,0,DoS-SYN-Flood
56551,6,4,240,4,0,0,0,PortScan
0,1,20,840,0,0,0,0,DoS-ICMP
59160,6,4,240,4,0,0,0,PortScan
80,17,20,1200,0,0,0,0,DoS-UDP
80,17,20,1200,0,0,0,0,DoS-UDP
80,17,20,1200,0,0,0,0,DoS-UDP
45734,6,2,120,2,0,0,0,PortScan
80,17,20,1200,0,0,0,0,DoS-UDP
80,17,20,1200,0,0,0,0,DoS-UDP
55043,6,2,120,2,0,0,0,PortScan
80,6,20,1480,20,0,0,0,DoS-HTTP
0,1,20,840,0,0,0,0,DoS-ICMP
9145,6,6,360,6,0,0,0,PortScan
80,6,20,1480,20,0,0,0,DoS-HTTP
80,6,20,1200,20,0,0,0,DoS-SYN-Flood
47638,6,2,120,2,0,0,0,PortScan
17057,6,2,120,2,0,0,0,PortScan
22,6,20,1200,20,0,0,0,SSH-Bruteforce
80,17,20,1200,0,0,0,0,DoS-UDP
0,1,20,840,0,0,0,0,DoS-ICMP
60886,6,20,30000,0,20,0,0,BENIGN
80,6,20,1200,20,0,0,0,DoS-SYN-Flood
80,6,20,1200,20,0,0,0,DoS-SYN-Flood
55572,6,2,120,2,0,0,0,PortScan
80,6,20,1200,20,0,0,0,DoS-SYN-Flood
16244,6,4,240,4,0,0,0,PortScan
80,6,20,1480,20,0,0,0,DoS-HTTP
56694,6,11,638,11,11,0,0,SSH-Bruteforce
80,6,20,1200,20,0,0,0,DoS-SYN-Flood
13439,6,4,240,4,0,0,0,PortScan
0,1,20,1200,0,0,0,0,DoS-ICMP
80,17,20,1200,0,0,0,0,DoS-UDP
0,1,20,1200,0,0,0,0,DoS-ICMP
22,6,20,1200,20,0,0,0,SSH-Bruteforce
80,17,20,1200,0,0,0,0,DoS-UDP
0,1,20,840,0,0,0,0,DoS-ICMP
35516,6,2,120,2,0,0,0,PortScan
80,6,20,1480,20,0,0,0,DoS-HTTP
80,17,20,1200,0,0,0,0,DoS-UDP
80,17,20,1200,0,0,0,0,DoS-UDP
80,6,20,1480,20,0,0,0,DoS-HTTP
80,6,20,1200,20,0,0,0,DoS-SYN-Flood
7913,6,6,348,6,6,0,0,SSH-Bruteforce
0,1,20,1200,0,0,0,0,DoS-ICMP
19359,6,9,522,9,9,0,0,SSH-Bruteforce
80,6,20,1200,20,0,0,0,DoS-SYN-Flood
8885,6,6,348,6,6,0,0,SSH-Bruteforce
80,6,20,1480,20,0,0,0,DoS-HTTP
80,17,20,1200,0,0,0,0,DoS-UDP
80,6,20,1200,20,0,0,0,DoS-SYN-Flood
80,17,20,1200,0,0,0,0,DoS-UDP
0,1,20,840,0,0,0,0,DoS-ICMP
0,1,20,840,0,0,0,0,DoS-ICMP
80,17,20,1200,0,0,0,0,DoS-UDP
80,17,20,1200,0,0,0,0,DoS-UDP
35488,6,8,464,8,8,0,0,SSH-Bruteforce
80,6,20,1480,20,0,0,0,DoS-HTTP
80,17,20,1200,0,0,0,0,DoS-UDP
53595,6,4,240,4,0,0,0,PortScan
20393,6,2,120,2,0,0,0,PortScan
5355,17,4,284,0,0,0,0,DoS-HTTP
22,6,20,1200,20,0,0,0,SSH-Bruteforce
38892,6,2,120,2,0,0,0,PortScan
20978,6,4,240,4,0,0,0,PortScan
80,6,20,1200,20,0,0,0,DoS-SYN-Flood
1140,6,6,348,6,6,0,0,SSH-Bruteforce
80,6,20,1200,20,0,0,0,DoS-SYN-Flood
80,6,20,1200,20,0,0,0,DoS-SYN-Flood
6855,6,4,240,4,0,0,0,PortScan
80,6,20,1200,20,0,0,0,DoS-SYN-Flood
80,17,20,1200,0,0,0,0,DoS-UDP
14659,6,9,522,9,9,0,0,SSH-Bruteforce
80,6,20,1200,20,0,0,0,DoS-SYN-Flood
32879,6,4,240,4,0,0,0,PortScan
22,6,20,1200,0,0,20,0,SSH-Bruteforce
0,1,20,1200,0,0,0,0,DoS-ICMP
80,6,20,1200,20,0,0,0,DoS-SYN-Flood
0,1,20,840,0,0,0,0,DoS-ICMP
61188,6,5,290,5,5,0,0,SSH-Bruteforce
64587,6,2,120,2,0,0,0,PortScan
0,1,20,840,0,0,0,0,DoS-ICMP
0,1,20,1200,0,0,0,0,DoS-ICMP
80,6,20,1480,20,0,0,0,DoS-HTTP
53258,6,20,29380,0,20,0,0,BENIGN
80,6,20,1480,20,0,0,0,DoS-HTTP
0,1,20,840,0,0,0,0,DoS-ICMP
0,1,20,1200,0,0,0,0,DoS-ICMP
15291,6,4,240,4,0,0,0,PortScan
22,6,20,1200,20,0,0,0,SSH-Bruteforce
53320,6,12,696,12,12,0,0,SSH-Bruteforce
80,6,20,1480,20,0,0,0,DoS-HTTP
22,6,20,1200,20,0,0,0,SSH-Bruteforce
0,1,20,840,0,0,0,0,DoS-ICMP
80,17,20,1200,0,0,0,0,DoS-UDP
29854,6,4,240,4,0,0,0,PortScan
37920,6,10,580,10,10,0,0,SSH-Bruteforce
80,17,20,1200,0,0,0,0,DoS-UDP
0,1,20,840,0,0,0,0,DoS-ICMP
80,6,20,1480,20,0,0,0,DoS-HTTP
80,6,20,1200,20,0,0,0,DoS-SYN-Flood
80,6,20,1200,20,0,0,0,DoS-SYN-Flood
21146,6,10,580,10,10,0,0,SSH-Bruteforce
22421,6,2,120,2,0,0,0,PortScan
49730,6,2,120,2,0,0,0,PortScan
80,6,20,1200,20,0,0,0,DoS-SYN-Flood
80,17,20,1200,0,0,0,0,DoS-UDP
80,6,20,1480,20,0,0,0,DoS-HTTP
0,1,20,840,0,0,0,0,DoS-ICMP
80,6,20,1200,20,0,0,0,DoS-SYN-Flood
80,6,20,1200,20,0,0,0,DoS-SYN-Flood
80,6,20,1200,20,0,0,0,DoS-SYN-Flood
80,6,20,1200,20,0,0,0,DoS-SYN-Flood
80,6,20,1480,20,0,0,0,DoS-HTTP
44878,6,2,120,2,0,0,0,PortScan
22,6,20,1200,20,0,0,0,SSH-Bruteforce
52124,6,7,406,7,7,0,0,SSH-Bruteforce
0,1,20,1200,0,0,0,0,DoS-ICMP
0,1,20,840,0,0,0,0,DoS-ICMP
80,6,20,1200,20,0,0,0,DoS-SYN-Flood
17819,6,2,120,2,0,0,0,PortScan
54829,17,20,27980,0,0,0,0,BENIGN
80,6,20,1480,20,0,0,0,DoS-HTTP
80,6,20,1200,20,0,0,0,DoS-SYN-Flood
80,6,20,1200,20,0,0,0,DoS-SYN-Flood
80,6,20,1480,20,0,0,0,DoS-HTTP
80,6,20,1200,20,0,0,0,DoS-SYN-Flood
80,6,20,1480,20,0,0,0,DoS-HTTP
59646,6,20,29320,0,20,0,0,BENIGN
11016,6,4,240,4,0,0,0,PortScan
4490,6,9,522,9,9,0,0,SSH-Bruteforce
80,6,20,1200,20,0,0,0,DoS-SYN-Flood
28856,6,2,120,2,0,0,0,PortScan
45424,6,20,18799,0,20,0,0,BENIGN
80,6,20,1480,20,0,0,0,DoS-HTTP
53272,6,20,29200,0,20,0,0,BENIGN
22,6,20,1200,0,0,20,0,SSH-Bruteforce
0,1,20,840,0,0,0,0,DoS-ICMP
28243,6,2,120,2,0,0,0,PortScan
31023,6,2,120,2,0,0,0,PortScan
64981,6,2,120,2,0,0,0,PortScan
22,6,20,1200,0,0,20,0,SSH-Bruteforce
19725,6,4,240,4,0,0,0,PortScan
0,1,20,1200,0,0,0,0,DoS-ICMP
443,6,20,3857,0,20,0,0,BENIGN
0,1,20,840,0,0,0,0,DoS-ICMP
0,1,20,1200,0,0,0,0,DoS-ICMP
80,6,20,1200,20,0,0,0,DoS-SYN-Flood
1835,6,4,240,4,0,0,0,PortScan
20432,6,5,290,5,5,0,0,SSH-Bruteforce
80,17,20,1200,0,0,0,0,DoS-UDP
19549,6,4,240,4,0,0,0,PortScan
80,6,20,1200,20,0,0,0,DoS-SYN-Flood
80,6,20,1200,20,0,0,0,DoS-SYN-Flood
0,1,20,840,0,0,0,0,DoS-ICMP
80,17,20,1200,0,0,0,0,DoS-UDP
80,6,20,1480,20,0,0,0,DoS-HTTP
80,17,20,1200,0,0,0,0,DoS-UDP
13466,6,11,638,11,11,0,0,SSH-Bruteforce
5409,6,7,406,7,7,0,0,SSH-Bruteforce
68,17,1,342,0,0,0,0,BENIGN
80,6,20,1200,20,0,0,0,DoS-SYN-Flood
35367,17,2,510,0,0,0,0,BENIGN
80,6,20,1480,20,0,0,0,DoS-HTTP
59649,6,2,120,2,0,0,0,PortScan
42370,6,2,120,2,0,0,0,PortScan
41819,6,2,120,2,0,0,0,PortScan
80,6,20,1480,20,0,0,0,DoS-HTTP
80,6,20,1480,20,0,0,0,DoS-HTTP
80,6,20,1200,20,0,0,0,DoS-SYN-Flood
80,6,20,1200,20,0,0,0,DoS-SYN-Flood
28360,6,9,522,9,9,0,0,SSH-Bruteforce
80,6,20,1200,20,0,0,0,DoS-SYN-Flood
21068,6,7,406,7,7,0,0,SSH-Bruteforce
25440,6,6,348,6,6,0,0,SSH-Bruteforce
24770,6,7,406,7,7,0,0,SSH-Bruteforce
80,6,20,1200,20,0,0,0,DoS-SYN-Flood
0,1,20,840,0,0,0,0,DoS-ICMP
80,17,20,1200,0,0,0,0,DoS-UDP
0,1,20,840,0,0,0,0,DoS-ICMP
80,6,20,1200,20,0,0,0,DoS-SYN-Flood
56714,6,1,54,0,1,1,0,BENIGN
80,6,20,1200,20,0,0,0,DoS-SYN-Flood
80,6,20,1200,20,0,0,0,DoS-SYN-Flood
80,6,20,1480,20,0,0,0,DoS-HTTP
80,17,20,1200,0,0,0,0,DoS-UDP
22,6,20,1200,0,0,20,0,SSH-Bruteforce
35766,6,10,580,10,10,0,0,SSH-Bruteforce
12638,6,4,240,4,0,0,0,PortScan
0,1,20,840,0,0,0,0,DoS-ICMP
22,6,20,1200,20,0,0,0,SSH-Bruteforce
0,1,20,840,0,0,0,0,DoS-ICMP
42376,6,9,522,9,9,0,0,SSH-Bruteforce
80,6,20,1200,20,0,0,0,DoS-SYN-Flood
80,17,20,1200,0,0,0,0,DoS-UDP
80,17,20,1200,0,0,0,0,DoS-UDP
80,17,20,1200,0,0,0,0,DoS-UDP
80,6,20,1480,20,0,0,0,DoS-HTTP
80,6,20,1480,20,0,0,0,DoS-HTTP
0,1,20,840,0,0,0,0,DoS-ICMP
80,6,20,1480,20,0,0,0,DoS-HTTP
80,6,20,1480,20,0,0,0,DoS-HTTP
80,6,20,1480,20,0,0,0,DoS-HTTP
9899,6,10,580,10,10,0,0,SSH-Bruteforce
0,1,20,840,0,0,0,0,DoS-ICMP
0,1,20,840,0,0,0,0,DoS-ICMP
0,1,20,840,0,0,0,0,DoS-ICMP
80,6,20,1200,20,0,0,0,DoS-SYN-Flood
13149,6,4,240,4,0,0,0,PortScan
1003,6,6,360,6,0,0,0,PortScan
443,6,20,1200,0,20,0,0,BENIGN
80,17,20,1200,0,0,0,0,DoS-UDP
55879,6,7,406,7,7,0,0,SSH-Bruteforce
9559,6,6,360,6,0,0,0,PortScan
80,6,20,1480,20,0,0,0,DoS-HTTP
80,17,20,1200,0,0,0,0,DoS-UDP
39902,17,20,27980,0,0,0,0,BENIGN
80,6,20,1480,20,0,0,0,DoS-HTTP
39902,17,20,27980,0,0,0,0,BENIGN
80,6,20,1200,20,0,0,0,DoS-SYN-Flood
57622,6,2,120,2,0,0,0,PortScan
46398,17,20,27980,0,0,0,0,BENIGN
80,6,20,1200,20,0,0,0,DoS-SYN-Flood
60886,6,20,26391,0,20,0,0,BENIGN
10738,6,6,360,6,0,0,0,PortScan
80,6,20,1200,20,0,0,0,DoS-SYN-Flood
80,6,20,1200,20,0,0,0,DoS-SYN-Flood
23039,6,4,240,4,0,0,0,PortScan
36520,17,20,27333,0,0,0,0,BENIGN
80,17,20,1200,0,0,0,0,DoS-UDP
50108,6,11,638,11,11,0,0,SSH-Bruteforce
80,6,20,1480,20,0,0,0,DoS-HTTP
80,17,20,1200,0,0,0,0,DoS-UDP
80,17,20,1200,0,0,0,0,DoS-UDP
46280,6,4,240,4,0,0,0,PortScan
42200,6,2,120,2,0,0,0,PortScan
80,6,20,1480,20,0,0,0,DoS-HTTP
7948,6,4,240,4,0,0,0,PortScan
0,1,20,840,0,0,0,0,DoS-ICMP
22,6,20,1200,18,0,2,0,SSH-Bruteforce
36048,6,9,522,9,9,0,0,SSH-Bruteforce
8381,6,4,240,4,0,0,0,PortScan
39830,6,2,120,2,0,0,0,PortScan
80,6,20,1200,20,0,0,0,DoS-SYN-Flood
80,17,20,1200,0,0,0,0,DoS-UDP
80,17,20,1200,0,0,0,0,DoS-UDP
80,6,20,1480,20,0,0,0,DoS-HTTP
80,6,20,1200,20,0,0,0,DoS-SYN-Flood
80,6,20,1200,20,0,0,0,DoS-SYN-Flood
80,17,20,1200,0,0,0,0,DoS-UDP
80,6,20,1200,20,0,0,0,DoS-SYN-Flood
11253,6,6,360,6,0,0,0,PortScan
80,17,20,1200,0,0,0,0,DoS-UDP
80,17,20,1200,0,0,0,0,DoS-UDP
33240,6,20,29020,0,20,0,0,BENIGN
80,17,20,1200,0,0,0,0,DoS-UDP
22,6,20,1200,0,0,20,0,SSH-Bruteforce
0,1,20,840,0,0,0,0,DoS-ICMP
80,17,20,1200,0,0,0,0,DoS-UDP
43678,17,20,27980,0,0,0,0,BENIGN
22,6,20,1200,15,0,5,0,SSH-Bruteforce
64880,6,2,120,2,0,0,0,PortScan
0,1,20,1200,0,0,0,0,DoS-ICMP
1089,6,7,406,7,7,0,0,SSH-Bruteforce
55271,6,2,120,2,0,0,0,PortScan
0,1,20,840,0,0,0,0,DoS-ICMP
80,6,20,1480,20,0,0,0,DoS-HTTP
80,6,20,1480,20,0,0,0,DoS-HTTP
80,6,20,1480,20,0,0,0,DoS-HTTP
80,17,20,1200,0,0,0,0,DoS-UDP
80,6,20,1200,20,0,0,0,DoS-SYN-Flood
22,6,20,1200,1,0,19,0,SSH-Bruteforce
80,6,20,1200,20,0,0,0,DoS-SYN-Flood
22,6,20,1200,3,0,17,0,SSH-Bruteforce
80,6,20,1480,20,0,0,0,DoS-HTTP
80,6,20,1480,20,0,0,0,DoS-HTTP
80,6,20,1480,20,0,0,0,DoS-HTTP
80,6,20,1480,20,0,0,0,DoS-HTTP
80,6,20,1480,20,0,0,0,DoS-HTTP
22,6,20,1200,0,0,20,0,SSH-Bruteforce
80,6,20,1480,20,0,0,0,DoS-HTTP
39902,17,20,27980,0,0,0,0,BENIGN
80,6,20,1480,20,0,0,0,DoS-HTTP
80,17,20,1200,0,0,0,0,DoS-UDP
37128,6,7,406,7,7,0,0,SSH-Bruteforce
37630,6,10,580,10,10,0,0,SSH-Bruteforce
14643,6,6,348,6,6,0,0,SSH-Bruteforce
8330,6,7,406,7,7,0,0,SSH-Bruteforce
34955,6,2,120,2,0,0,0,PortScan
38521,6,8,464,8,8,0,0,SSH-Bruteforce
0,1,20,1200,0,0,0,0,DoS-ICMP
32452,6,7,406,7,7,0,0,SSH-Bruteforce
80,6,20,1480,20,0,0,0,DoS-HTTP
0,1,20,840,0,0,0,0,DoS-ICMP
80,17,20,1200,0,0,0,0,DoS-UDP
80,6,20,1200,20,0,0,0,DoS-SYN-Flood
35543,6,2,120,2,0,0,0,PortScan
53,17,20,1548,0,0,0,0,BENIGN
80,6,20,1480,20,0,0,0,DoS-HTTP
998,6,4,240,4,0,0,0,PortScan
0,1,20,840,0,0,0,0,DoS-ICMP
80,17,20,1200,0,0,0,0,DoS-UDP
80,6,20,1480,20,0,0,0,DoS-HTTP
27059,6,6,348,6,6,0,0,SSH-Bruteforce
80,17,20,1200,0,0,0,0,DoS-UDP
80,17,20,1200,0,0,0,0,DoS-UDP
80,6,20,1200,20,0,0,0,DoS-SYN-Flood
80,6,20,1200,20,0,0,0,DoS-SYN-Flood
80,6,20,1480,20,0,0,0,DoS-HTTP
80,17,20,1200,0,0,0,0,DoS-UDP
36491,6,7,406,7,7,0,0,SSH-Bruteforce
3407,6,9,522,9,9,0,0,SSH-Bruteforce
31296,6,6,348,6,6,0,0,SSH-Bruteforce
0,1,20,840,0,0,0,0,DoS-ICMP
52158,6,2,120,2,0,0,0,PortScan
80,6,20,1480,20,0,0,0,DoS-HTTP
80,17,20,1200,0,0,0,0,DoS-UDP
80,17,20,1200,0,0,0,0,DoS-UDP
80,6,20,1200,20,0,0,0,DoS-SYN-Flood
80,6,20,1480,20,0,0,0,DoS-HTTP
0,1,20,840,0,0,0,0,DoS-ICMP
80,6,20,1480,20,0,0,0,DoS-HTTP
41308,17,20,27980,0,0,0,0,BENIGN
0,1,20,1200,0,0,0,0,DoS-ICMP
0,1,20,1200,0,0,0,0,DoS-ICMP
80,6,20,1480,20,0,0,0,DoS-HTTP
80,6,20,1200,20,0,0,0,DoS-SYN-Flood
0,1,20,1200,0,0,0,0,DoS-ICMP
80,6,20,1200,20,0,0,0,DoS-SYN-Flood
80,6,20,1200,20,0,0,0,DoS-SYN-Flood
59998,6,2,120,2,0,0,0,PortScan
80,17,20,1200,0,0,0,0,DoS-UDP
80,6,20,1480,20,0,0,0,DoS-HTTP
13639,6,4,240,4,0,0,0,PortScan
0,1,20,1200,0,0,0,0,DoS-ICMP
15819,6,4,240,4,0,0,0,PortScan
33240,6,20,29080,0,20,0,0,BENIGN
0,1,20,840,0,0,0,0,DoS-ICMP
54041,6,5,290,5,5,0,0,SSH-Bruteforce
0,1,20,1200,0,0,0,0,DoS-ICMP
36249,6,11,638,11,11,0,0,SSH-Bruteforce
0,1,20,1200,0,0,0,0,DoS-ICMP
80,6,20,1480,20,0,0,0,DoS-HTTP
80,6,20,1480,20,0,0,0,DoS-HTTP
46329,6,4,240,4,0,0,0,PortScan
80,6,20,1480,20,0,0,0,DoS-HTTP
80,6,20,1200,20,0,0,0,DoS-SYN-Flood
80,17,20,1200,0,0,0,0,DoS-UDP
40506,6,10,580,10,10,0,0,SSH-Bruteforce
80,17,20,1200,0,0,0,0,DoS-UDP
80,6,20,1200,20,0,0,0,DoS-SYN-Flood
80,17,20,1200,0,0,0,0,DoS-UDP
59646,6,20,28780,0,20,0,0,BENIGN
80,17,20,1200,0,0,0,0,DoS-UDP
0,1,20,1200,0,0,0,0,DoS-ICMP
80,6,20,1200,20,0,0,0,DoS-SYN-Flood
80,17,20,1200,0,0,0,0,DoS-UDP
0,1,20,840,0,0,0,0,DoS-ICMP
53415,6,2,120,2,0,0,0,PortScan
0,1,20,1200,0,0,0,0,DoS-ICMP
80,6,20,1200,20,0,0,0,DoS-SYN-Flood
80,6,20,1200,20,0,0,0,DoS-SYN-Flood
80,6,20,1200,20,0,0,0,DoS-SYN-Flood
49990,6,4,240,4,0,0,0,PortScan
0,1,20,840,0,0,0,0,DoS-ICMP
48592,6,6,348,6,6,0,0,SSH-Bruteforce
36520,17,20,27980,0,0,0,0,BENIGN
80,6,20,1480,20,0,0,0,DoS-HTTP
34305,6,5,290,5,5,0,0,SSH-Bruteforce
36520,17,20,27980,0,0,0,0,BENIGN
80,6,20,1480,20,0,0,0,DoS-HTTP
80,6,20,1200,20,0,0,0,DoS-SYN-Flood
80,6,20,1200,20,0,0,0,DoS-SYN-Flood
443,6,20,2187,0,20,0,0,BENIGN
80,17,20,1200,0,0,0,0,DoS-UDP
39118,6,2,120,2,0,0,0,PortScan
80,17,20,1200,0,0,0,0,DoS-UDP
80,6,20,1200,20,0,0,0,DoS-SYN-Flood
0,1,20,1200,0,0,0,0,DoS-ICMP
80,6,20,1200,20,0,0,0,DoS-SYN-Flood
80,6,20,1200,20,0,0,0,DoS-SYN-Flood
0,1,20,840,0,0,0,0,DoS-ICMP
80,17,20,1200,0,0,0,0,DoS-UDP
62339,6,4,240,4,0,0,0,PortScan
56686,6,1,54,0,1,1,0,BENIGN
0,1,20,840,0,0,0,0,DoS-ICMP
80,17,20,1200,0,0,0,0,DoS-UDP
80,6,20,1200,20,0,0,0,DoS-SYN-Flood
80,17,20,1200,0,0,0,0,DoS-UDP
0,1,20,1200,0,0,0,0,DoS-ICMP
80,17,20,1200,0,0,0,0,DoS-UDP
80,6,20,1480,20,0,0,0,DoS-HTTP
80,6,20,1200,20,0,0,0,DoS-SYN-Flood
0,1,20,840,0,0,0,0,DoS-ICMP
0,1,20,1200,0,0,0,0,DoS-ICMP
80,6,20,1480,20,0,0,0,DoS-HTTP
63823,6,4,240,4,0,0,0,PortScan
1165,6,4,240,4,0,0,0,PortScan
36520,17,20,27980,0,0,0,0,BENIGN
80,17,20,1200,0,0,0,0,DoS-UDP
80,17,20,1200,0,0,0,0,DoS-UDP
36520,17,20,27980,0,0,0,0,BENIGN
20100,6,4,240,4,0,0,0,PortScan
0,1,20,840,0,0,0,0,DoS-ICMP
0,1,20,1200,0,0,0,0,DoS-ICMP
55938,6,2,120,2,0,0,0,PortScan
80,17,20,1200,0,0,0,0,DoS-UDP
80,6,20,1200,20,0,0,0,DoS-SYN-Flood
53308,6,20,29440,0,20,0,0,BENIGN
59149,6,4,240,4,0,0,0,PortScan
29301,6,2,120,2,0,0,0,PortScan
80,6,20,1200,20,0,0,0,DoS-SYN-Flood
36520,17,20,27980,0,0,0,0,BENIGN
0,1,20,840,0,0,0,0,DoS-ICMP
80,6,20,1200,20,0,0,0,DoS-SYN-Flood
80,6,20,1200,20,0,0,0,DoS-SYN-Flood
43902,6,4,240,4,0,0,0,PortScan
80,17,20,1200,0,0,0,0,DoS-UDP
54829,6,7,406,7,7,0,0,SSH-Bruteforce
0,1,20,1200,0,0,0,0,DoS-ICMP
80,6,20,1480,20,0,0,0,DoS-HTTP
39184,6,6,348,6,6,0,0,SSH-Bruteforce
80,6,20,1480,20,0,0,0,DoS-HTTP
0,1,20,840,0,0,0,0,DoS-ICMP
0,1,20,1200,0,0,0,0,DoS-ICMP
22,6,20,1200,20,0,0,0,SSH-Bruteforce
33725,6,2,120,2,0,0,0,PortScan
80,6,20,1200,20,0,0,0,DoS-SYN-Flood
80,6,20,1200,20,0,0,0,DoS-SYN-Flood
80,6,20,1480,20,0,0,0,DoS-HTTP
43017,6,7,406,7,7,0,0,SSH-Bruteforce
80,6,20,1200,20,0,0,0,DoS-SYN-Flood
0,1,20,840,0,0,0,0,DoS-ICMP
80,17,20,1200,0,0,0,0,DoS-UDP
80,6,20,1200,20,0,0,0,DoS-SYN-Flood
80,6,20,1200,20,0,0,0,DoS-SYN-Flood
0,1,20,1200,0,0,0,0,DoS-ICMP
0,1,20,1200,0,0,0,0,DoS-ICMP
80,6,20,1200,20,0,0,0,DoS-SYN-Flood
80,6,20,1200,20,0,0,0,DoS-SYN-Flood
80,6,20,1480,20,0,0,0,DoS-HTTP
80,6,20,1200,20,0,0,0,DoS-SYN-Flood
80,6,20,1480,20,0,0,0,DoS-HTTP
80,6,20,1480,20,0,0,0,DoS-HTTP
22,6,20,1200,0,0,20,0,SSH-Bruteforce
0,1,20,840,0,0,0,0,DoS-ICMP
80,6,20,1480,20,0,0,0,DoS-HTTP
0,1,20,840,0,0,0,0,DoS-ICMP
48406,6,7,406,7,7,0,0,SSH-Bruteforce
33240,6,20,28780,0,20,0,0,BENIGN
